604
601
617
615
612
614
612
608
602
598
606
604
598
607
611
607
604
607
601
604
608
604
608
612
604
599
617
608
599
602
614
617
610
599
603
604
599
605
610
605
603
603
607
598
602
611
612
612
614
598
609
611
612
608
601
597
608
600
603
603
610
603
599
606
606
604
604
606
607
605
612
609
605
603
604
603
610
616
599
602
604
605
601
613
604
602
599
605
604
606
615
601
613
611
601
594
610
592
611
606
600
608
607
603
601
612
605
607
607
601
609
595
599
599
596
604
609
600
604
606
602
603
604
600
605
608
599
606
607
601
609
595
606
600
600
611
609
610
606
606
604
611
604
600
610
600
610
598
610
610
605
601
603
609
616
606
604
599
605
599
606
601
606
599
612
601
613
603
610
609
610
609
598
610
602
617
605
598
607
604
607
606
615
605
610
604
604
606
595
602
601
602
609
609
601
609
605
607
607
606
604
604
600
603
608
604
597
609
606
615
606
617
604
604
605
603
601
603
608
611
614
607
609
606
604
605
609
608
604
603
598
601
606
608
612
596
602
605
607
604
609
603
599
610
607
613
609
596
611
599
603
608
612
604
603
623
612
613
610
606
611
603
603
604
605
616
612
612
609
605
605
603
599
604
614
612
611
605
601
601
605
614
598
607
609
610
609
610
600
614
618
609
610
617
617
611
609
617
618
618
607
611
609
605
611
604
631
626
624
621
606
614
618
616
624
604
614
620
607
614
625
621
627
623
615
616
620
634
621
621
624
618
611
616
625
619
629
636
627
625
637
630
628
635
626
631
625
624
628
639
618
633
627
652
641
632
625
641
637
634
625
635
660
644
651
643
648
662
648
652
641
657
659
642
668
642
649
680
658
651
669
656
667
679
696
696
678
680
672
682
677
694
675
704
694
711
688
700
728
709
731
715
743
745
712
741
724
721
739
766
759
752
761
783
782
801
788
841
799
784
831
814
818
827
831
835
847
855
862
857
865
901
916
966
904
908
966
1007
922
979
1029
1015
1009
1004
1065
1022
1092
1090
1065
1117
1144
1184
1134
1179
1227
1192
1210
1243
1253
1289
1306
1286
1277
1354
1391
1405
1427
1417
1376
1460
1570
1462
1538
1489
1565
1595
1610
1594
1575
1722
1652
1756
1726
1754
1784
1762
1859
1767
1877
1948
1935
1844
1916
2050
1943
2033
2178
2082
2062
2032
2114
2142
2138
2189
2260
2301
2258
2188
2275
2273
2365
2321
2346
2277
2493
2361
2400
2457
2561
2606
2584
2581
2619
2633
2710
2654
2716
2718
2704
2661
2843
2673
2900
2886
2885
2962
2925
2984
2894
3036
3025
2969
3047
3145
3200
3036
3075
3203
3112
3221
3155
3346
3267
3199
3274
3346
3476
3173
3335
3378
3324
3339
3440
3392
3572
3401
3540
3510
3585
3568
3505
3617
3618
3658
3525
3636
3644
3705
3713
3622
3581
3731
3765
3809
3743
3851
3831
3918
3811
3921
3940
4057
3952
3970
3913
3935
3940
3881
3921
3976
3935
3948
4108
3929
4106
4035
4104
4030
4056
4147
4144
4167
4216
4262
4293
4237
4246
4308
4192
4265
4172
4288
4182
4227
4249
4317
4321
4411
4427
4421
4402
4472
4536
4622
4565
4589
4651
4506
4499
4665
4648
4542
4684
4605
4666
4784
4655
4707
4625
4772
4812
4767
4865
4817
4706
4798
4814
4805
4774
4917
4868
4844
4969
4821
4921
5038
4931
4915
4990
4972
4957
4889
4955
4852
4907
4965
5179
5047
5105
5016
5087
5093
4913
5078
5122
5147
5019
5030
5076
5040
5158
5042
5118
5157
4880
4972
5055
4868
4927
5145
5074
4984
5030
4817
5064
5235
5096
4916
4979
4876
4987
5041
5093
4919
4995
4895
5098
4949
5098
4913
4898
4879
4859
4860
4813
4651
4793
4787
4665
4799
4813
4683
4814
4774
4724
4766
4727
4679
4683
4675
4522
4700
4433
4496
4622
4405
4546
4458
4468
4453
4424
4445
4406
4414
4342
4328
4308
4239
4191
4378
4280
4214
4198
4190
4196
3943
4077
4067
3973
3904
3980
3983
3985
3921
4001
3848
3785
3812
3700
3707
3776
3633
3708
3621
3656
3583
3669
3623
3395
3544
3648
3469
3444
3465
3423
3328
3180
3279
3348
3237
3134
3171
3147
3116
3109
3100
3127
3005
3023
2929
2827
2886
2868
2900
2905
2770
2697
2720
2710
2678
2730
2562
2590
2593
2616
2506
2502
2505
2462
2431
2448
2450
2403
2368
2257
2266
2299
2274
2179
2192
2193
2108
2124
2170
2123
2006
1960
2089
1964
1904
2011
1964
1895
1859
1929
1848
1873
1884
1855
1869
1776
1867
1751
1754
1698
1736
1761
1710
1687
1641
1598
1614
1557
1628
1568
1537
1549
1508
1494
1505
1499
1449
1475
1425
1429
1426
1422
1419
1439
1423
1328
1359
1320
1328
1245
1335
1271
1262
1280
1242
1261
1183
1245
1203
1217
1175
1164
1181
1148
1217
1182
1179
1223
1121
1106
1138
1073
1071
1101
1119
1040
1065
1079
1073
1084
1057
1044
1074
1050
1049
1032
1001
1034
988
927
958
981
994
974
1005
988
950
938
953
887
950
918
924
887
931
902
900
913
883
907
900
904
867
863
856
903
872
892
834
864
888
830
829
816
831
842
831
860
831
816
825
817
818
812
811
815
817
766
801
796
785
784
789
774
794
759
770
801
773
787
777
761
753
757
742
765
769
764
749
766
753
746
759
756
722
744
745
726
737
726
733
735
721
748
719
742
736
715
747
740
730
708
715
707
706
697
684
699
684
675
705
686
687
708
689
682
690
714
690
693
682
676
688
687
675
685
691
677
687
673
693
704
672
662
661
673
666
674
671
676
663
671
674
683
690
670
667
663
672
671
666
663
654
657
649
652
635
657
635
650
672
656
640
639
645
665
641
629
673
644
641
646
644
657
676
650
652
639
656
640
649
649
640
634
644
635
633
629
634
637
637
648
667
635
630
642
636
627
643
642
640
647
632
625
632
638
620
635
626
624
635
636
624
637
624
654
635
629
616
632
631
637
635
638
638
620
616
642
638
622
643
626
623
636
645
617
628
638
631
619
623
621
630
628
624
621
615
619
632
621
612
623
632
609
621
612
615
616
635
616
620
613
617
621
624
617
617
618
617
620
610
619
609
627
616
624
604
611
616
610
603
611
617
615
613
617
619
621
606
608
601
607
616
611
612
608
611
608
609
620
612
617
611
612
622
613
618
616
602
616
619
612
610
605
611
603
616
614
616
606
605
607
607
608
611
605
611
617
615
604
616
598
611
600
603
622
611
605
606
610
603
610
607
608
604
607
610
610
613
599
605
603
604
606
604
611
609
603
601
601
608
608
605
601
625
605
602
609
597
608
614
604
606
602
595
606
606
590
601
607
602
605
611
605
608
610
596
607
601
615
610
606
617
601
604
606
618
609
609
594
609
606
596
604
601
600
612
611
601
608
601
607
612
601
611
