614
621
639
631
636
630
627
630
630
624
624
626
621
626
628
626
621
641
632
621
612
627
630
639
623
633
634
623
642
617
617
628
631
625
637
630
613
635
619
647
627
628
628
624
623
639
637
632
631
643
640
633
621
635
649
638
629
623
635
633
626
622
638
646
632
625
635
639
633
646
631
637
649
649
654
630
647
638
635
648
628
643
652
641
635
634
629
639
641
632
653
639
629
643
628
640
649
633
630
643
651
639
647
639
648
649
646
638
660
647
655
666
649
650
631
650
642
675
656
650
658
674
667
642
651
670
661
673
647
648
652
662
655
662
648
658
647
658
653
660
645
667
659
657
656
645
671
648
659
658
652
656
681
640
674
655
665
683
658
665
669
673
665
670
691
683
668
659
669
664
666
674
681
659
675
684
696
678
661
683
661
684
704
675
679
697
680
666
681
668
680
677
698
706
678
681
678
684
673
691
674
695
679
708
706
697
686
683
690
680
699
709
687
699
672
700
706
697
695
721
703
691
734
707
731
711
742
723
735
718
697
733
717
741
721
741
712
751
731
756
767
733
749
769
759
738
764
733
766
750
738
775
755
795
785
754
752
784
741
774
791
796
778
786
778
760
765
823
755
813
775
798
787
779
807
810
830
794
774
826
777
835
797
822
809
819
811
858
829
839
845
860
857
843
857
853
868
861
869
888
890
881
878
870
880
906
919
870
906
899
881
940
872
924
882
914
903
917
929
911
937
949
960
952
925
957
978
961
1000
966
1002
952
1004
964
1002
1043
1008
1041
995
1050
1030
1050
1050
1033
1024
1056
1033
1087
1092
1080
1064
1066
1077
1089
1151
1170
1136
1138
1125
1129
1165
1162
1197
1158
1203
1135
1213
1161
1133
1210
1246
1253
1208
1243
1269
1296
1291
1294
1320
1254
1310
1278
1320
1383
1377
1347
1336
1362
1329
1344
1403
1460
1453
1426
1407
1506
1470
1479
1543
1478
1504
1526
1595
1500
1540
1494
1569
1665
1592
1629
1705
1688
1635
1671
1775
1706
1721
1699
1750
1758
1825
1805
1850
1836
1944
1891
1888
1984
1939
1948
1955
1955
2006
2112
2134
2065
2046
2205
2192
2296
2343
2301
2287
2274
2410
2404
2434
2497
2426
2559
2447
2572
2628
2715
2772
2790
2788
2814
2774
2928
2913
2892
2996
3128
3011
3044
3138
3305
3294
3248
3212
3358
3415
3502
3496
3670
3607
3599
3717
3837
3797
3954
3944
3981
4095
4032
4131
4201
4303
4332
4426
4477
4311
4465
4561
4779
4848
4855
5051
5113
5167
5279
5445
5426
5383
5551
5619
5893
5917
5884
6105
6303
6128
6298
6399
6461
6620
6870
6804
6879
7103
7286
7347
7403
7452
7615
7754
7745
8121
8252
8218
8448
8496
8667
8876
9075
9149
9427
9490
9834
10094
10197
10227
10486
10784
11105
10959
11431
11419
11506
11792
12058
12224
12298
12414
12683
12988
13151
13399
13482
13763
14099
14385
14505
14995
15264
15106
15346
15726
16041
16069
16020
16624
16476
17101
17093
17447
17652
18349
17968
18106
18751
18643
19187
19694
19744
19975
20183
20607
21246
21146
21294
21697
21968
22048
22382
22524
22709
22730
23612
23439
23574
24240
24379
24408
24634
25561
25242
25711
26207
26355
26538
26843
27103
27440
27375
27995
28012
28143
28627
28905
28916
29243
29502
29725
29845
29807
30503
30620
30838
31467
31581
31967
31957
32710
32740
33370
33584
33636
34197
34238
34662
34635
34441
35211
35121
35132
35738
35460
35996
35996
36202
37056
37094
37800
37587
37893
37432
38558
38592
38849
39408
39163
39476
39413
39590
39394
40279
40555
40323
40839
40720
40706
40684
41030
41815
41627
42020
42275
42490
42356
42924
42851
43239
43345
43809
44056
43657
43967
44173
43861
43850
44279
44338
44304
44817
44943
45184
45228
45201
45601
45545
45351
45823
45947
46508
46115
46785
46431
47072
46804
47143
47100
46727
46910
47089
47531
46796
46882
47553
47586
47029
47535
47201
47499
47321
47731
48309
48222
48020
48068
48131
48567
48642
48730
48068
48417
48238
48455
48445
48188
48742
47955
48314
48716
48591
48534
48345
48803
48327
48680
48351
48050
48752
48395
48658
48749
48981
48518
48568
48408
48650
48223
48088
48340
47907
48167
48192
47604
47798
47704
48321
47802
47306
47722
47607
48009
47616
47982
47547
47462
47842
47687
47509
47332
47570
46964
46920
46895
46797
46767
46565
45928
46305
45973
45888
45794
45395
45992
45512
45132
46049
45663
45975
45506
45306
45101
44818
44785
45001
44576
44706
44564
44102
43574
43875
43232
43549
43220
42642
42548
42239
41896
41896
41978
41591
41821
41380
41046
41568
41367
41390
40690
40924
40787
40489
40686
40199
39923
40374
40368
39257
39557
39015
39212
39267
38231
37889
37596
37642
37867
37632
37121
37506
37287
36669
36681
36905
36712
36431
36571
36415
36050
35980
35671
35907
35543
35747
35314
34667
34346
34586
34375
33977
33703
33136
33183
33153
32783
33020
32771
32300
32456
32060
32078
31858
32301
31626
31273
31423
31185
31013
30677
30437
30465
30364
30426
29797
29598
29292
29181
28933
28854
28518
28382
28394
27952
27692
27892
27552
27198
26976
26972
26831
26929
26850
26574
26312
25992
25853
25918
25549
25482
24962
24777
24974
24686
24675
24116
23869
23758
23548
23608
22601
23431
22866
22804
22675
22547
22382
21960
22212
21923
22054
21670
21546
21474
21382
21303
21220
20971
20919
20536
20474
20239
20183
20123
19885
19899
19312
19356
19028
19286
18718
18520
18216
18467
18473
18256
18099
18097
17851
17792
17686
17497
17508
17171
17179
17281
17230
16963
16735
16539
16435
16333
16081
16053
15705
15375
15664
15409
15429
15118
14897
14718
14484
14688
14471
14346
14474
14315
14386
14087
14311
13917
13884
13498
13583
13766
13473
13406
13039
12917
13062
12685
12720
12513
12642
12216
12299
12051
11804
11692
11751
11737
11630
11620
11380
11192
11105
11087
10860
10708
10897
11004
10777
10529
10208
10240
10140
10340
9939
10131
9684
9941
9867
9364
9485
9229
9149
9198
9069
9025
9181
9020
8681
8698
8602
8356
8475
8392
8245
8243
8453
8175
8085
8131
8061
7898
7794
7726
7515
7764
7465
7487
7432
7424
7336
7370
7160
7056
6897
6942
6736
6935
6878
6669
6716
6552
6438
6425
6452
6441
6389
6233
6302
6237
6036
6092
6107
6038
5801
5916
5674
5664
5842
5582
5602
5531
5404
5528
5191
5382
5296
5199
5184
5252
5244
5066
5005
4853
4907
4904
4764
4716
4765
4780
4777
4506
4541
4448
4537
4410
4423
4424
4555
4318
4173
4186
4072
4085
3910
3943
4056
3898
3808
3904
3729
3845
3741
3680
3513
3651
3673
3620
3590
3310
3554
3549
3522
3407
3490
3320
3440
3348
3346
3192
3226
3165
3183
3099
3055
3047
3172
3059
2922
2951
2986
2924
2894
2883
2706
2871
2664
2710
2708
2680
2705
2722
2645
2636
2584
2487
2461
2603
2485
2567
2505
2496
2391
2528
2344
2405
2456
2416
2360
2366
2365
2270
2300
2290
2286
2235
2101
2108
2184
2137
2095
2137
2010
2071
2019
2049
2073
2028
1951
1903
1960
1889
1902
1960
1815
1957
1841
1834
1758
1885
1820
1818
1759
1775
1778
1760
1744
1664
1691
1648
1584
1597
1605
1612
1614
1673
1655
1573
1604
1508
1536
1566
1432
1479
1518
1477
1520
1568
1430
1430
1519
1491
1441
1456
1382
1451
1389
1360
1371
1369
1328
1401
1308
1294
1276
1271
1259
1296
1266
1304
1302
1237
1271
1260
1233
1202
1169
1181
1216
1194
1184
1180
1166
1192
1167
1138
1184
1173
1128
1136
1144
1105
1131
1174
1149
1111
1080
1060
1059
1008
1050
1095
1036
1077
1076
1077
1031
1018
1021
990
1002
975
978
1030
1033
971
1011
1006
970
982
976
940
977
