630
631
638
635
627
646
636
605
633
621
635
641
622
624
644
636
640
631
628
632
629
619
634
619
631
626
641
639
640
643
646
628
628
624
647
628
640
636
634
648
626
629
642
638
641
637
635
632
632
629
649
648
634
649
639
627
655
652
639
630
653
646
646
633
631
657
652
647
640
640
649
647
655
655
633
652
642
633
649
644
655
645
644
640
642
645
643
652
659
641
657
654
665
657
655
650
653
645
659
636
669
670
647
671
654
663
671
659
657
661
648
650
661
656
638
652
659
655
672
655
653
669
663
682
665
647
646
668
655
654
676
686
674
682
668
656
675
665
663
662
677
666
680
693
658
681
675
678
684
687
678
666
688
684
680
681
653
684
690
675
691
681
695
699
694
691
691
683
673
679
682
696
692
721
718
690
689
696
690
689
694
681
707
711
696
695
687
737
736
712
733
722
680
715
709
698
741
746
713
718
704
714
724
710
738
725
787
732
752
732
719
734
765
750
757
757
736
778
744
744
745
768
747
766
769
764
745
726
764
762
766
766
769
749
785
776
786
770
773
761
778
796
811
789
777
786
779
795
809
815
820
810
795
784
851
825
835
812
842
817
829
849
832
864
856
827
839
839
880
853
848
817
843
884
849
857
816
865
853
887
894
897
840
912
908
924
914
931
917
934
940
887
928
944
907
966
923
947
917
924
947
964
967
950
946
948
975
989
982
955
994
989
992
1010
990
1063
1062
1076
1029
1021
1042
1069
1065
1092
1080
1050
1095
1096
1107
1114
1097
1098
1105
1104
1128
1103
1148
1192
1198
1159
1151
1123
1170
1143
1192
1167
1166
1220
1226
1221
1308
1206
1273
1280
1261
1233
1285
1305
1257
1309
1337
1356
1336
1370
1414
1330
1361
1329
1335
1330
1423
1432
1447
1501
1436
1449
1496
1485
1542
1531
1466
1557
1523
1487
1531
1537
1530
1511
1547
1601
1615
1624
1633
1580
1679
1679
1740
1730
1732
1795
1679
1784
1833
1888
1855
1857
1860
1907
1900
1909
1903
1969
1974
1986
2040
1973
2088
2051
2160
2146
2095
2149
2062
2174
2101
2141
2155
2291
2313
2411
2265
2366
2398
2385
2420
2523
2492
2560
2692
2612
2651
2605
2726
2724
2749
2684
2846
2858
2806
2918
3049
3093
2971
3088
3115
3176
3335
3261
3429
3374
3402
3448
3540
3486
3639
3580
3702
3605
3872
3859
3870
4039
3998
4060
4024
4068
4202
4318
4310
4445
4244
4485
4669
4849
4668
4575
4719
4776
4920
5039
5017
5185
5263
5253
5522
5520
5413
5585
5638
5818
5969
6021
6010
6042
6210
6246
6371
6448
6365
6698
6760
6780
6901
6971
7224
7222
7400
7426
7585
7670
7867
8048
8248
8103
8578
8537
8668
8495
9083
8925
9072
9299
9339
9559
9566
9903
9986
10166
10340
10597
10943
10982
10998
11284
11525
11640
12055
12143
12366
12686
12529
12971
12784
13255
13379
13277
13945
13786
14218
14446
14696
14854
15439
15485
15653
16073
16259
16548
16673
16691
16947
17635
17543
17885
17821
18237
18339
18573
18977
19242
19312
19794
19671
20346
20552
21114
21325
21629
21931
22032
22266
22525
22913
23212
23303
23705
23588
23780
24062
24498
24735
24879
25251
25759
25804
26068
26794
26746
27291
27934
28174
27929
28340
29074
28854
29279
29059
29524
30205
29817
30341
30472
31153
31064
31667
31530
31696
32081
32491
32894
32653
33571
33818
34421
34858
34727
35075
35342
35806
36039
36868
37100
37103
37166
37022
37240
37435
38536
38614
38244
38851
39278
39406
39569
40161
40361
40246
40892
41615
42168
42011
42183
42771
42411
43026
42945
42995
43492
43453
43707
43984
44485
44647
44626
44818
45690
46203
46065
45953
46434
46493
47004
47376
47479
47408
47296
47954
48011
48141
48360
48876
48637
48906
49166
49065
49620
50146
50062
49306
50368
50571
50768
50582
51254
51486
51310
51573
52067
51710
52306
52136
52814
52640
52690
53392
53002
52757
53189
52767
52700
53180
53276
53760
53614
53830
53488
53580
54788
54521
55023
54736
54983
54785
54959
55453
55461
55327
55244
55755
55402
55802
55425
55499
55687
55392
55689
55615
55700
56191
56131
56040
55979
56032
55714
56337
56526
56364
56199
56403
56494
56481
56102
56811
55949
56450
56243
56647
56836
56365
56176
56140
56284
56023
56153
56142
56284
55919
56276
56094
56313
56147
57060
56210
56563
56176
55818
55889
55815
55292
55500
55659
55140
55196
54909
54977
54736
54807
55241
54980
55149
54619
55205
54237
54462
54695
54097
54426
54168
53988
54035
53785
53283
53160
53360
52795
52887
52865
52343
52857
52249
52213
52007
51652
51145
50962
50638
50926
50835
51114
50763
50148
50269
50578
49992
50324
50230
49647
49814
50249
49423
49175
49274
48709
48572
48332
48261
47382
47426
47414
46979
47149
46906
46926
46332
46694
46489
46610
46202
45572
45731
45979
45454
45479
45303
45403
45438
44884
44415
44211
44112
43549
43112
43283
42726
42441
42721
41746
41541
41716
41616
41499
41021
41172
41288
41065
40977
40910
40885
40486
40146
40108
39795
39817
39307
39283
38971
38532
38621
37985
37760
37591
37398
37113
36696
37030
36327
35943
36125
35921
35525
35354
35166
35342
34819
34717
34617
34802
34348
34262
34271
34116
33145
33536
32731
32844
32598
32475
32217
31675
31417
31519
31609
30924
30457
30657
30045
30042
30210
29762
29488
29856
29379
29082
29185
29189
28737
28776
28729
28271
27979
27947
28039
27569
27328
26783
26678
26870
26580
26405
26060
25869
25316
25184
25187
25272
25196
24744
25013
24436
24283
23852
24452
23818
23927
23652
23516
23505
23053
23403
23067
22706
23013
22508
22301
22010
21907
21552
21452
21134
21193
21216
20582
20589
20564
20608
20023
19809
20039
19779
19677
19996
19554
19306
19248
19108
18735
18871
18718
18359
18545
17810
18139
17851
17894
17519
17256
17163
17233
17299
16716
16787
16460
16294
15779
15996
15775
15961
15576
15407
15450
15059
15157
14912
14954
14883
14600
14580
14257
14369
14080
14160
13717
13668
13387
13493
13472
13304
12996
12797
12758
12619
12367
12624
12580
12059
12072
12092
12011
11955
11793
11561
11703
11322
11499
11348
11101
11181
11189
10946
10611
10863
10560
10827
10735
10497
10329
10145
10211
9957
9969
9764
9483
9653
9437
9344
9480
9263
9179
9135
9408
8908
8816
8834
8753
8673
8683
8645
8468
8258
8312
8378
8357
8183
8092
7949
7856
7902
7737
7647
7642
7439
7444
7445
7086
6983
6966
7108
6996
6989
6853
6933
6575
6523
6535
6441
6591
6420
6407
6286
6260
6221
6085
6112
5946
5679
5893
5826
5866
5786
5668
5439
5495
5533
5529
5372
5442
5201
5320
5321
5116
4961
5019
4927
4939
4918
4754
4871
4799
4739
4644
4587
4498
4661
4561
4479
4416
4353
4359
4161
4285
4267
4104
4243
4129
4055
3872
4104
3931
3840
3843
3900
3724
3751
3592
3629
3514
3591
3643
3541
3517
3529
3426
3441
3327
3379
3353
3455
3286
3023
3182
3223
3099
3026
3043
3117
2997
3046
2924
3042
3007
2991
2891
2892
2858
2937
2733
2662
2547
2708
2643
2663
2598
2584
2580
2492
2499
2553
2513
2506
2518
2517
2610
2370
2409
2384
2353
2242
2332
2253
2244
2218
2243
2266
2290
2106
2111
2079
2091
2105
2019
2067
2096
2033
2034
1993
2034
1920
1858
1964
1915
1879
1890
1899
1921
1894
1777
1812
1771
1769
1711
1743
1766
1705
1729
1678
1751
1726
1668
1709
1623
1638
1604
1593
1592
1547
1557
1541
1580
1565
1543
1534
1506
1501
1385
1466
1479
1452
1450
1447
1463
1439
1445
1376
1438
1400
1379
1375
1340
1330
1331
1355
1317
1302
1310
1255
1236
1250
1266
1215
1243
1235
1191
1212
1229
1177
1146
1195
1149
1150
1205
1153
1151
1184
1194
1172
1118
1148
1218
1134
1089
