631
630
638
640
620
631
634
639
616
624
627
627
628
634
639
628
607
615
628
633
634
634
627
638
639
633
627
628
633
641
661
633
635
623
640
632
633
629
639
641
658
652
638
648
639
644
653
650
647
653
654
658
639
653
663
636
636
625
654
648
654
644
650
640
650
644
650
633
628
641
650
657
649
655
662
653
656
659
644
644
652
650
662
636
662
648
664
659
653
670
667
666
652
682
656
649
668
665
656
668
648
674
661
677
661
664
688
669
649
671
654
669
680
668
674
667
683
676
668
674
656
678
644
666
683
671
698
671
678
706
701
673
665
685
692
688
666
702
680
682
671
705
674
706
716
712
671
686
690
698
681
688
700
682
690
705
702
711
683
716
720
702
725
696
719
708
720
722
710
700
733
747
707
722
736
734
727
733
748
721
711
772
757
745
733
758
720
755
762
741
754
748
772
716
753
778
754
761
767
772
784
760
758
752
775
787
767
754
779
801
797
774
783
818
794
774
807
788
797
822
802
821
794
800
801
783
826
820
844
835
854
835
811
845
855
809
831
840
845
851
842
839
833
833
892
892
858
889
846
855
921
846
848
873
876
885
871
880
887
880
890
917
911
914
898
893
889
924
932
905
963
970
933
958
949
930
937
924
973
971
1004
935
963
978
995
999
1004
977
988
982
963
1024
1086
996
1063
1041
1022
1018
1039
1067
1063
1141
1081
1063
1084
1085
1104
1101
1108
1082
1135
1116
1150
1092
1154
1160
1116
1142
1183
1192
1160
1119
1142
1167
1185
1227
1226
1214
1217
1253
1200
1173
1248
1263
1213
1308
1271
1345
1292
1269
1281
1269
1313
1327
1351
1330
1401
1368
1379
1409
1401
1356
1384
1383
1519
1408
1474
1429
1475
1471
1459
1562
1562
1482
1488
1595
1512
1521
1604
1543
1590
1576
1518
1531
1542
1631
1608
1651
1638
1646
1677
1669
1702
1672
1735
1724
1750
1841
1784
1852
1814
1883
1827
1944
1835
1977
1874
1970
2000
1845
1898
1956
2037
2074
2101
2132
2082
2062
2085
2179
2216
2157
2178
2187
2272
2262
2282
2266
2294
2370
2362
2410
2382
2417
2453
2476
2428
2452
2561
2462
2607
2649
2731
2648
2688
2759
2763
2842
2938
2865
2974
2923
3024
2929
3068
3144
3114
3179
3234
3161
3372
3199
3446
3527
3538
3575
3592
3585
3757
3749
3755
3952
3898
3894
3830
3915
4152
4061
4187
4218
4209
4311
4227
4344
4329
4413
4552
4694
4606
4789
4855
4877
4915
5071
5019
5221
5141
5092
5186
5330
5354
5539
5605
5503
5525
5749
5911
5986
5967
6100
6274
6299
6296
6413
6475
6464
6738
6723
6651
6895
6895
7118
7151
7323
7453
7601
7502
7699
7732
7885
7866
8014
8385
8390
8319
8446
8656
8974
8906
9259
9052
9405
9220
9476
9808
9605
9937
10040
10378
10654
10593
10927
10841
11347
11343
11483
11848
11783
12127
12280
12554
12469
12366
12871
13030
13099
13532
13380
13530
13805
13973
14273
14530
14762
15307
15010
15795
15802
16039
16242
16455
16668
16787
16889
17126
17082
17533
17567
18265
18251
18183
18932
19150
19217
19462
19759
20323
20387
20835
20525
21328
21203
21597
21918
22238
22271
22514
22966
22923
23439
23626
23606
24093
23627
24306
24515
25452
25561
25904
25892
26165
26529
26997
27037
27052
27621
27873
28000
28083
28259
28689
28959
29256
28950
29683
29974
30276
30777
30751
30784
31021
31428
32124
32362
32520
32821
33115
33752
33528
34327
34533
34622
35300
34719
35353
35395
35062
35948
36564
36536
36681
37133
37571
37919
38379
38651
38598
39036
39779
39664
40079
39777
40518
40445
40700
40881
40818
41521
41537
41827
41560
42216
42379
42344
42391
43589
44155
43916
43516
44713
44247
44933
45209
45336
45784
46012
46644
46398
46758
46428
46646
46741
46709
47138
46826
47810
48047
48043
48172
48780
48311
49456
49424
49781
49717
49972
50190
50536
50257
51125
50674
51105
51323
50720
51123
51504
51155
51082
51767
51923
51767
51560
52462
52151
53043
52793
52928
53342
53437
53866
53978
54065
54354
54189
54812
53954
55254
54932
54703
54897
54414
55048
54544
55755
55071
54988
55757
55073
55609
55841
55460
56083
56450
56326
56426
56641
57134
56305
56571
56743
57074
56624
57094
56151
56963
56743
57280
56893
57513
56884
56607
57102
56975
56783
57372
57077
57162
57601
57452
57042
57350
57998
57423
57823
57469
57257
57238
57198
57275
57629
57253
56989
56504
57327
56815
56528
56290
56339
55832
56844
56167
56572
56355
56536
56927
56980
56834
56597
56345
57054
55942
56951
56802
56631
55708
55987
55080
54945
55320
54520
55367
55323
54897
54141
54087
54224
54202
54727
54406
54554
53950
53974
54286
54004
53963
54111
53384
53703
53357
53560
53109
52892
52619
52391
52561
52266
51764
51642
51675
51497
51352
50925
51755
51289
50910
50381
50495
50406
50571
50853
49983
50765
50144
49898
49968
49701
49731
49132
49181
49251
48646
48874
48280
47933
47918
47104
47396
47857
46996
46920
46776
46877
46105
46276
45732
46429
45738
45949
45923
45427
45498
45655
44616
44918
44597
44209
43947
44424
43289
43580
43136
42256
42758
42674
42851
42330
41807
41265
41331
40929
41249
41159
40993
40691
40631
40530
40173
40247
40010
39539
39800
39692
39317
38610
38724
38502
38349
37879
37093
36967
37381
36589
36662
36135
36351
36093
36034
35947
35485
35234
35758
34860
35145
35252
34894
34540
34852
34149
34354
33934
33890
33399
33152
33241
32908
32930
32693
32632
32038
31657
32073
31400
31898
30899
30945
31183
30712
30501
30197
30497
30074
30088
29673
29409
29422
29729
29001
28933
28842
28767
28610
28322
28214
27874
27596
27544
26995
26753
26662
26433
26354
26819
26252
25805
25602
25414
25427
25216
25174
25117
25170
24984
24610
24710
24178
24231
23888
24314
24304
23953
23116
23314
22877
22865
22881
22587
22241
22321
22186
21852
21496
20997
21258
21465
20867
21024
20771
20202
20631
20201
20043
19981
20229
19495
19451
19486
18845
19472
19014
18860
18662
18380
18146
18320
17945
18029
17666
17668
17115
16852
17014
16644
16883
16470
16477
16268
15957
16136
15960
16131
15475
15337
15594
15282
15427
15438
15255
15098
14766
14991
14761
14625
14231
14297
14078
13718
13785
13869
13772
13449
13209
13427
13149
13307
12849
13043
12863
12627
12608
12564
12255
12183
12104
12014
12269
11944
11890
11900
11727
11589
11487
11534
11095
11393
11194
11134
10983
10956
10676
10327
10377
10452
10261
10147
10309
10071
9824
9790
9892
9636
9381
9541
9368
9332
9228
9097
9073
8970
8982
9098
8797
8808
8610
8525
8449
8583
8189
8136
8252
7879
7785
7903
7728
7524
7723
7508
7478
7269
7419
7261
7235
7007
7127
6943
6938
6748
6732
6732
6698
6711
6565
6403
6388
6474
6353
6319
6164
6231
6110
6056
5943
5862
5870
5901
5697
5710
5575
5614
5576
5413
5535
5221
5289
5289
5350
5211
5219
5292
4960
4969
4761
5082
4732
4758
4824
4617
4787
4788
4579
4526
4625
4521
4388
4315
4440
4409
4287
4248
4273
4281
4326
4150
4051
3995
3936
3824
3902
3938
3875
3708
3807
3634
3737
3627
3627
3592
3473
3666
3519
3478
3584
3505
3420
3371
3311
3346
3267
3258
3164
3076
3185
3231
3128
3115
2953
3046
2955
2896
2913
2822
2943
2856
2824
2817
2764
2741
2676
2628
2633
2609
2565
2611
2643
2477
2611
2470
2551
2426
2436
2456
2289
2371
2428
2442
2227
2332
2391
2393
2191
2284
2262
2207
2047
2153
2165
2107
2135
2140
2214
2055
2034
2009
1970
1943
1931
2032
1933
1891
1960
1941
1995
1877
1817
1787
1760
1784
1741
1814
1716
1751
1797
1666
1753
1692
1657
1628
1679
1616
1708
1683
1677
1619
1568
1561
1555
1568
1534
1464
1564
1531
1495
1539
1493
1527
1494
1447
1455
1424
1358
1418
