614
611
616
609
618
618
620
611
600
608
598
614
602
621
616
617
601
619
603
599
613
620
614
613
604
612
621
605
620
617
617
612
621
607
614
616
611
605
624
613
610
613
602
609
611
604
618
613
611
618
615
612
613
609
614
622
608
606
614
611
602
607
614
604
618
615
615
616
613
615
619
607
617
612
601
626
610
611
601
614
609
607
613
620
612
604
613
620
617
607
608
621
615
609
604
609
617
623
619
610
604
606
603
621
616
610
605
612
616
618
611
616
611
617
615
615
610
614
619
616
610
612
605
604
611
616
610
615
611
614
625
615
618
617
614
612
609
614
613
612
611
618
607
609
613
608
608
613
610
602
610
615
612
609
613
612
608
624
607
603
613
612
607
610
599
615
605
618
606
619
607
613
624
618
615
608
610
628
627
603
613
603
613
614
614
612
612
621
616
613
622
621
606
613
615
611
612
616
611
612
620
617
612
615
618
616
629
622
624
615
616
611
608
608
609
620
625
634
610
612
625
621
627
621
622
623
624
626
624
614
630
619
609
621
624
613
624
624
619
635
610
603
618
616
627
606
618
627
618
624
621
617
630
634
620
620
624
616
629
605
628
626
636
636
622
628
622
620
633
614
621
628
611
616
636
634
626
637
619
625
630
628
631
610
627
636
640
636
619
634
616
634
633
632
628
633
650
625
631
635
630
618
632
627
634
626
636
632
632
644
634
642
651
646
655
640
629
642
644
647
655
663
657
646
651
645
654
659
636
654
655
654
664
654
667
669
673
673
673
664
672
665
657
671
671
671
693
673
688
682
685
680
671
676
697
693
693
723
681
698
682
717
711
733
736
716
701
702
703
725
730
738
763
736
748
740
750
778
761
776
762
768
778
786
756
808
808
818
813
810
815
816
834
819
847
849
889
837
868
895
896
877
898
905
936
916
889
927
941
932
987
976
1029
1019
1021
1050
1046
1070
1059
1061
1101
1137
1164
1169
1152
1145
1229
1131
1239
1267
1305
1273
1378
1371
1418
1322
1374
1472
1469
1453
1528
1531
1589
1627
1656
1676
1718
1794
1798
1733
1833
1875
1959
1935
2038
1962
2111
2089
2094
2278
2264
2279
2388
2300
2348
2555
2430
2455
2520
2662
2685
2730
2644
2854
2838
2952
2862
2974
3079
3059
3090
3229
3239
3226
3411
3417
3395
3363
3500
3572
3721
3589
3777
3724
3608
3975
4005
4059
4139
4178
4157
4244
4228
4432
4351
4405
4471
4466
4578
4702
4720
4750
4772
4779
4799
5041
4927
5111
5134
5142
5356
5335
5223
5371
5485
5322
5455
5524
5554
5671
5644
5751
5745
5854
5925
6041
5911
6126
6128
6157
6150
6197
6471
6355
6454
6556
6686
6722
6555
6723
6698
6716
6779
6789
7095
7049
7168
6944
7032
7319
7155
7133
7309
7385
7314
7250
7595
7499
7701
7674
7509
7478
7687
7730
7712
7636
7852
7825
7847
7935
7881
8080
7859
7994
8054
8065
8009
8491
8443
8137
8448
8392
8410
8502
8593
8429
8556
8512
8650
8687
8541
8644
8716
8805
8908
8719
8941
8729
8917
8803
8891
8843
9176
9130
9170
9300
9165
9139
9219
9349
9171
9284
8994
9437
9348
9418
9255
9328
9394
9394
9598
9511
9776
9580
9951
9852
10027
9955
9768
10131
10103
10133
10173
10196
10147
10088
10106
10166
10260
10268
10057
10190
10302
10623
10477
10187
10383
10409
10655
10568
10686
10603
10569
10718
10644
10708
10796
10704
10741
10786
11000
10850
10749
10809
10913
10911
11108
10833
10880
10896
10973
11123
10874
10906
11006
10848
11022
11184
11054
11273
11004
10850
11137
11066
10747
10913
11022
11029
10890
11217
11141
11029
11020
10919
10837
11042
10686
10976
11032
10846
11033
11021
11171
10968
11025
10716
10842
10779
10678
10612
10638
10436
10600
10289
10814
10541
10450
10302
10545
10466
10526
10350
10305
10152
10433
10266
10262
10223
10413
10255
10148
10144
9846
9855
9858
9813
9822
9686
9772
9544
9492
9403
9583
9435
9542
9626
9375
9388
9192
9498
9276
9090
9292
8956
9342
8725
8938
8652
8967
8684
8626
8577
8517
8643
8442
8373
8157
8023
8190
8240
8299
8144
7976
7864
7866
7746
7657
7794
7561
7573
7504
7305
7194
7197
7360
7060
7024
6978
6908
6991
6626
6875
6694
6609
6767
6647
6457
6488
6277
6392
6155
6267
6211
6161
5923
5953
5784
5919
5702
5577
5543
5505
5368
5396
5354
5284
5172
5199
5170
5010
5082
5064
4943
4838
4767
4869
4774
4767
4669
4563
4502
4411
4411
4232
4215
4302
4172
4143
3954
3884
3958
3986
3903
3894
3860
3745
3802
3697
3666
3662
3494
3455
3588
3504
3504
3366
3353
3315
3329
3128
3223
3069
3096
3087
2986
2981
3039
2840
2931
2988
2799
2833
2773
2701
2609
2635
2678
2573
2530
2659
2570
2519
2503
2490
2419
2360
2400
2343
2245
2322
2226
2256
2211
2208
2256
2166
2094
2034
2078
2039
2075
2044
1997
1960
1999
1934
2034
1887
1917
1841
1821
1875
1743
1706
1730
1768
1785
1788
1694
1692
1634
1625
1658
1592
1667
1602
1553
1557
1566
1568
1567
1503
1468
1495
1470
1459
1443
1484
1387
1492
1386
1372
1359
1410
1408
1377
1372
1330
1352
1310
1253
1323
1284
1237
1235
1215
1206
1216
1277
1234
1231
1214
1179
1209
1174
1143
1181
1176
1128
1173
1166
1139
1167
1146
1074
1112
1113
1137
1151
1080
1094
1084
1044
1035
1062
1093
1069
1007
1037
1070
1048
1043
1041
1009
995
1001
1012
997
978
923
951
997
943
951
933
939
972
924
953
956
905
904
909
927
878
911
867
911
886
900
856
870
902
891
904
857
856
847
839
844
852
851
857
839
867
846
852
865
822
811
815
848
811
819
818
807
803
824
802
826
813
795
777
806
788
793
765
780
784
796
776
764
792
788
760
780
744
770
773
746
750
758
752
745
724
744
752
761
753
743
735
751
735
734
757
737
740
759
744
734
734
739
755
721
730
716
725
723
705
732
700
717
691
689
706
711
707
716
696
709
707
699
729
702
691
681
691
711
678
702
682
701
711
709
693
679
684
706
697
692
702
682
703
679
689
684
683
688
697
679
670
666
661
686
672
666
678
673
666
683
679
663
654
673
663
670
668
652
679
661
661
673
657
649
675
670
659
647
664
648
646
664
653
677
676
650
637
665
656
640
657
648
656
657
632
648
658
656
649
652
636
664
654
643
664
638
649
649
642
632
646
638
639
648
632
638
638
636
636
638
643
622
639
640
644
634
642
624
635
639
641
642
636
628
628
620
632
627
650
632
636
627
628
623
619
635
625
633
641
636
623
635
615
637
625
628
632
613
624
637
622
622
647
629
623
631
619
621
635
616
627
628
637
621
626
633
621
621
630
625
623
622
620
612
613
610
609
641
623
630
607
623
626
629
610
612
619
608
609
620
616
631
617
620
611
613
624
622
618
606
616
603
614
608
618
627
630
598
615
627
617
612
608
609
630
618
615
614
627
618
614
606
613
610
620
620
610
624
617
619
