654
655
641
637
641
647
653
646
637
653
650
660
653
639
651
632
669
644
665
679
669
652
649
667
664
663
658
657
643
649
658
675
664
665
651
660
671
684
671
658
659
648
667
669
656
668
681
663
665
669
667
662
681
684
684
668
678
675
659
659
672
685
685
690
704
669
669
694
682
679
676
684
701
695
686
693
680
680
698
692
690
686
697
715
702
707
685
692
679
704
699
693
700
697
705
713
698
699
703
682
714
731
702
706
729
699
727
725
747
684
713
707
706
719
731
710
731
728
725
728
692
747
726
739
714
751
726
760
741
771
759
761
728
760
743
751
751
757
742
761
756
749
787
774
759
761
733
775
758
800
787
819
785
806
786
801
807
782
807
817
774
789
793
850
805
811
761
820
773
836
825
810
799
806
863
820
806
849
810
836
844
825
836
843
841
865
851
858
854
876
844
844
828
891
879
843
883
887
933
915
906
900
907
875
869
870
896
894
930
935
935
921
933
968
882
960
918
913
928
945
926
896
964
964
987
959
995
982
988
960
934
999
951
955
993
1016
989
980
1030
1020
1037
1011
1018
1028
1026
1068
995
1027
1063
1013
1036
1061
1075
1015
1029
1124
1091
1097
1098
1132
1103
1090
1177
1063
1113
1199
1103
1095
1116
1173
1168
1146
1115
1223
1228
1177
1169
1190
1207
1233
1195
1210
1226
1232
1216
1232
1223
1233
1223
1299
1245
1233
1225
1280
1341
1326
1295
1364
1286
1341
1331
1312
1359
1304
1304
1363
1407
1366
1395
1388
1421
1414
1433
1450
1423
1430
1429
1452
1438
1426
1461
1450
1514
1518
1501
1513
1557
1518
1554
1577
1514
1534
1600
1555
1605
1628
1599
1642
1609
1562
1639
1665
1716
1706
1646
1719
1713
1733
1714
1615
1748
1739
1741
1729
1798
1763
1814
1829
1899
1825
1905
1915
1818
1926
1957
1900
1883
1835
1883
1917
1977
1966
1959
2011
2032
2093
2120
2051
2096
2102
2115
2152
2134
2149
2207
2303
2223
2200
2211
2261
2335
2177
2309
2394
2335
2374
2455
2489
2395
2432
2498
2525
2456
2545
2509
2472
2580
2598
2636
2696
2651
2703
2806
2783
2709
2793
2784
2865
2861
2834
2900
2952
2874
2952
2959
3041
3094
2992
3071
3198
3304
3234
3228
3403
3348
3413
3443
3437
3470
3539
3557
3576
3585
3791
3775
3692
3824
3826
3909
3948
3996
4015
4158
4189
4277
4261
4279
4345
4429
4371
4504
4631
4562
4709
4748
4723
4571
4922
4788
4818
4785
5098
5101
5094
5225
5140
5337
5361
5607
5618
5564
5664
5689
5766
5942
5939
6048
5910
5959
6093
6024
6052
6255
6248
6441
6532
6438
6427
6780
6891
6987
7061
7030
6928
7268
7092
7446
7300
7307
7627
7539
7497
7618
7815
7733
8141
8121
8070
8034
8127
8233
8633
8672
8536
8691
8708
8888
8841
8905
9206
9042
9377
9515
9400
9614
9709
10184
9983
10224
10075
10489
10598
10886
10949
11078
11322
11455
11401
11427
11625
11726
11969
11901
12159
12244
12351
12541
12811
13074
13247
13243
13588
13904
13669
14036
14074
14534
14798
14545
14786
15323
15136
15418
15659
15578
15765
16252
16320
16581
16407
16823
16690
16938
17394
17556
17541
18060
17809
18420
18280
18810
18977
19305
19276
19533
19784
19644
20115
19877
20373
20504
20456
20976
21027
21316
21308
21741
21937
22386
22356
22733
22861
23282
23419
23487
24048
23657
24452
24114
24419
24541
24596
24767
25376
25302
25698
25755
26176
26153
26831
26951
26995
27258
27983
28188
27804
28421
28668
28492
28848
29007
29334
29171
29662
29792
30241
30181
30675
30937
31086
31301
31480
31775
32057
32059
32843
32888
32884
33758
33612
34364
34082
34234
34398
34232
34649
34979
34956
35247
35149
35161
36048
35678
35906
36598
36941
37332
37714
37278
38172
37649
38210
37997
38625
38887
39173
39464
39156
40153
39747
39980
40112
40507
40045
40336
41043
40933
41197
41193
41436
41057
42114
42208
42624
42564
42670
43245
43196
43503
43904
43695
44414
43909
43896
44790
44177
44425
44410
44415
44761
44828
44745
45453
45015
45664
45664
46117
46038
46093
46517
46227
46768
46742
47464
47121
46807
47742
47174
47807
47328
47649
48006
47858
48185
47999
48223
48463
48280
48663
49247
49429
48758
49180
49381
49180
49494
49469
49932
50067
49643
50309
49935
50081
50379
49952
50085
50410
50004
50521
49821
50540
50364
50643
50660
50995
50619
50354
50990
51157
51273
51375
51956
51998
51535
52038
51435
52025
52294
51910
51715
51883
51637
51511
52306
51646
51770
51256
51558
51358
51628
51489
51747
51612
52273
52387
52316
52264
51873
52014
51931
51939
52477
51791
52112
52239
51940
52229
51510
51612
51186
51034
50741
50716
50742
51287
51080
51650
51009
51136
51444
51195
51643
51326
50996
51284
51306
51096
50977
51249
50731
50816
50597
50531
50613
50578
50948
50405
49837
49942
49399
49985
49552
50087
49115
49574
49447
50060
49440
49259
49525
49460
49917
49352
49457
49420
49221
49695
49205
48633
48827
48539
47992
48608
48214
48141
48067
47671
47255
47014
47440
47566
47750
47339
47139
47194
47252
47259
47187
47416
46724
46977
46995
46089
46287
46440
46242
46077
46061
45377
45748
45518
44763
44859
44575
44457
45451
43862
44118
43937
44025
43372
43750
43347
43643
43356
43422
42817
43451
43250
43120
42816
42787
42453
42210
41858
41826
41691
41210
41158
40771
40576
40412
40347
39993
40034
40045
39651
40056
39980
39566
39460
39596
39008
39004
38730
38843
38708
38789
38564
38524
38333
38057
37927
37981
37189
37819
37317
37027
36920
36681
36437
36234
36151
35924
35382
35943
35647
35687
34798
35441
34786
35347
35135
35182
34960
34738
34448
34551
34576
33821
34518
33785
33332
33659
33150
33328
32907
32543
32427
32477
32439
31910
31732
31710
31540
31521
31140
30996
31019
31036
30935
30988
30095
30510
29903
30136
29826
29665
29874
29808
29477
29320
28949
28454
28704
28306
28486
28227
28142
27797
27915
26942
26925
26964
27326
26745
27020
26637
26284
26134
26140
25830
25819
25429
25526
25421
25620
25485
24871
25013
24322
24167
24179
24269
23793
23696
23597
23441
23271
23412
22887
22569
22680
22529
22119
22168
22613
22180
21909
21675
21612
21576
21290
21191
21218
21316
21192
20922
20808
20829
20875
20640
20403
20039
20089
19919
19919
19763
19627
19215
19047
18800
18866
18789
18752
18444
18544
18012
18116
18266
17646
17645
17505
17594
17712
17811
17451
17077
17062
17017
16793
16885
16713
16583
16384
16023
16256
16557
15885
15993
15445
15501
15337
15529
15224
14974
14847
15060
14675
14625
14477
14343
14417
14170
14135
13722
13858
14120
13638
13573
13491
13381
13272
13269
13156
13070
12944
12868
12840
12627
12254
12229
12120
11960
12247
12018
11847
11709
11625
11473
11351
11034
11268
11285
11088
11077
10901
10894
10909
10761
10545
10421
10714
10137
10137
10428
10400
9921
10207
9846
9832
9563
9630
9914
9525
9275
9263
9173
9044
8735
8794
8760
8858
8708
8705
8460
8506
8598
8522
8120
8215
8113
8125
8225
7811
7965
7988
7822
7849
7720
7809
7544
7574
7503
7362
7504
7486
7248
7248
7091
7115
7069
6918
6775
6648
6602
6469
6491
6535
6539
6708
6368
6431
6221
5992
6015
5996
6159
6088
6027
6129
5957
5989
5801
5809
5905
5635
5519
5744
5523
5436
5462
5248
5298
5311
5255
4941
5078
4980
4864
4924
4771
5001
4816
4772
4784
4791
4558
4578
4567
4478
4553
4355
4491
4628
4392
4298
4203
4376
4223
3944
4037
4060
3947
4117
4008
4028
4038
3833
3899
3846
3732
3676
3658
3643
3592
3548
3681
3689
3570
3519
3472
3381
3330
3303
3282
3406
3258
3395
3363
3129
3222
3163
2964
3057
2982
3088
3067
3196
2926
3121
2898
2906
2808
2837
2892
2692
2731
2790
2681
2666
2764
2717
2601
2558
2631
2591
2436
2574
2564
2446
2449
2450
2495
2443
2414
2437
2333
2240
2262
