600
610
604
598
608
604
604
602
603
602
604
609
598
595
604
596
607
609
596
605
603
594
604
605
604
603
607
604
598
608
606
604
602
598
602
594
602
597
601
598
597
605
600
607
605
603
600
593
600
609
604
607
607
604
601
595
593
595
603
603
614
592
603
604
604
602
600
596
602
598
597
598
611
611
604
603
605
601
601
602
604
605
598
607
604
612
600
610
595
598
603
602
596
606
597
612
604
610
605
604
600
600
609
604
606
601
601
605
604
607
607
599
600
603
603
604
600
602
603
602
598
605
600
604
600
603
599
602
599
603
604
596
592
596
602
589
600
598
610
605
614
593
600
597
605
603
604
604
605
606
602
602
613
597
601
601
599
605
598
604
593
601
606
597
601
603
604
602
601
604
602
606
605
603
603
603
597
604
599
607
601
602
601
602
599
604
607
601
601
594
603
603
600
596
604
610
601
598
597
601
604
602
601
602
597
595
600
604
600
605
607
596
610
600
595
605
596
604
605
599
609
600
608
608
601
598
595
604
603
609
599
604
597
602
602
602
597
606
600
598
602
601
604
604
614
597
608
600
601
603
598
599
608
604
594
603
599
600
608
591
602
593
612
591
598
611
603
602
602
593
606
608
607
610
599
597
609
603
596
605
602
604
601
604
590
607
602
599
601
611
589
605
603
602
611
593
602
605
600
605
608
604
601
613
600
602
594
596
603
602
608
597
598
599
604
604
596
606
606
613
601
609
601
607
617
605
601
603
603
599
602
594
598
610
608
599
599
603
590
603
603
594
605
604
602
604
605
604
602
596
606
594
608
598
605
595
595
606
613
594
603
609
602
600
595
596
604
603
615
609
595
604
605
610
605
602
604
597
605
606
604
602
608
607
605
603
602
608
604
605
616
605
597
611
604
611
611
609
609
610
599
611
600
604
599
603
595
607
603
607
611
610
605
623
603
607
609
613
615
616
607
608
606
611
612
611
615
629
612
614
607
596
614
632
620
619
621
616
623
624
612
643
626
630
637
623
623
641
634
632
632
642
644
651
649
633
640
633
653
636
650
640
656
661
648
633
650
670
640
659
656
655
670
676
666
665
671
673
670
672
680
669
687
683
676
676
666
663
684
684
673
665
674
699
705
695
680
676
698
707
694
696
711
718
698
701
716
715
722
705
697
714
734
675
719
715
718
736
716
740
736
727
754
742
731
717
743
729
719
760
748
733
735
734
733
737
728
750
754
767
758
777
750
753
765
763
742
776
773
783
773
751
750
765
770
769
793
763
806
754
767
792
770
773
774
788
812
807
813
772
793
790
784
782
772
814
826
794
799
806
832
784
798
835
796
812
810
788
799
818
823
812
844
804
816
797
818
849
826
850
817
812
826
837
857
861
828
801
840
839
832
855
863
865
819
851
866
839
831
848
855
850
820
819
862
871
850
853
840
832
871
858
833
901
876
829
860
864
836
870
852
867
875
858
874
881
871
891
856
848
873
858
877
889
890
884
884
880
842
864
876
854
897
876
882
909
845
879
892
860
904
858
876
896
890
872
922
885
883
906
875
906
901
896
885
905
902
910
919
884
916
905
838
876
885
883
874
904
882
908
891
943
907
863
886
863
872
891
849
867
878
926
894
895
874
904
878
882
903
905
864
874
879
871
888
855
858
852
886
850
912
889
892
886
841
882
850
842
895
805
848
869
852
836
848
836
867
847
869
875
846
818
865
844
821
815
779
842
835
817
833
840
838
831
821
815
828
805
799
776
812
780
785
809
792
784
802
788
803
780
802
816
788
791
787
779
822
785
769
762
755
777
761
780
786
753
750
751
758
746
751
736
744
752
744
747
726
739
762
772
742
742
741
715
720
767
701
722
714
734
705
741
717
741
727
717
703
715
703
706
701
709
707
716
692
679
695
685
714
699
701
692
683
692
704
679
674
670
677
682
695
689
696
677
654
668
664
664
674
657
662
668
661
668
658
658
663
665
664
652
658
660
668
662
652
664
644
643
648
656
644
644
630
649
653
637
646
647
624
639
623
659
651
621
645
643
646
633
635
644
634
634
649
639
635
625
629
636
631
629
641
623
631
627
628
634
623
635
618
637
628
626
632
628
626
623
639
623
625
614
624
644
641
621
629
629
616
625
623
622
626
633
627
616
608
612
624
621
627
617
613
618
615
622
610
619
623
611
619
618
606
616
619
626
611
622
613
613
618
613
621
615
616
612
609
611
616
602
612
614
600
605
610
616
605
618
615
619
617
601
607
599
605
607
610
617
609
615
608
609
610
596
610
611
612
618
609
604
611
604
603
596
597
608
609
606
611
607
608
607
610
611
608
595
612
609
599
605
607
609
609
612
610
605
602
608
601
606
611
606
595
604
605
605
611
603
610
617
608
606
600
616
605
611
600
603
610
605
613
611
614
608
602
601
598
604
609
607
607
607
606
608
604
601
608
610
609
599
604
615
614
598
606
604
611
620
604
607
607
600
603
595
603
607
598
613
609
605
600
602
604
597
592
603
610
601
605
597
603
601
603
603
598
602
604
606
610
597
615
606
595
606
607
599
609
600
606
596
598
610
602
606
608
596
598
602
600
602
605
607
607
597
601
604
602
598
606
605
594
608
605
601
600
597
597
604
606
597
606
597
597
607
594
605
599
603
603
598
605
606
600
600
597
603
602
602
602
603
604
605
597
608
606
593
605
606
600
594
600
596
602
603
605
600
601
602
597
609
601
600
596
602
598
609
607
604
604
612
600
603
601
612
606
603
608
600
602
598
599
602
602
606
601
608
603
590
611
603
599
607
605
608
600
595
613
601
608
606
606
602
598
596
605
605
602
594
594
601
598
596
600
595
606
593
608
600
605
605
595
602
593
603
598
603
605
597
600
595
601
616
596
609
597
596
604
600
601
597
602
604
610
603
604
606
603
601
603
606
602
599
603
593
601
605
612
599
601
604
601
610
598
607
605
603
606
602
606
592
605
602
599
600
607
601
604
604
604
605
602
595
597
597
603
602
598
592
599
598
603
598
594
596
592
600
599
597
604
602
598
598
