601
598
606
610
613
598
600
605
606
611
599
601
598
598
602
604
607
601
595
600
603
600
603
599
605
601
598
601
599
600
601
614
609
604
597
615
600
593
595
599
597
600
599
598
601
588
604
598
599
600
598
599
595
608
603
595
597
605
594
610
598
603
594
608
605
604
594
597
599
602
597
600
607
608
600
613
596
608
603
602
603
591
595
596
596
603
603
599
599
595
595
595
596
601
604
601
601
606
592
599
599
600
598
609
600
598
598
605
600
609
602
614
603
611
605
603
600
603
608
602
606
608
599
602
608
606
608
603
605
605
598
603
607
601
591
601
605
603
606
596
598
601
598
597
598
602
602
598
593
602
596
603
596
607
600
605
595
594
601
598
603
601
591
606
602
607
600
603
601
607
607
599
595
610
605
606
601
606
599
602
599
596
596
600
601
602
598
592
598
597
604
602
607
599
606
603
606
604
613
598
594
603
602
609
612
595
611
588
601
607
602
598
597
601
608
607
603
601
602
602
591
610
603
606
599
601
602
593
601
590
605
599
599
604
607
604
607
603
601
614
613
601
601
602
605
606
604
599
608
601
604
598
612
608
604
604
605
607
602
608
605
602
598
601
616
601
599
603
607
608
597
610
598
607
602
611
609
604
602
612
605
606
606
610
610
603
602
606
604
606
607
605
608
609
604
602
609
611
603
614
610
603
623
601
613
612
616
602
623
618
611
616
615
615
611
613
609
620
611
616
632
613
612
611
621
618
613
608
615
619
618
615
613
623
626
629
638
636
636
624
638
626
637
630
627
633
657
653
658
652
654
646
655
641
681
658
656
672
675
668
675
686
689
668
683
675
693
690
679
709
702
737
739
720
729
734
716
748
769
738
764
791
800
849
803
825
818
862
849
828
870
872
883
881
899
916
967
977
970
1010
1050
1062
1044
1077
1101
1141
1145
1167
1201
1222
1216
1262
1345
1315
1432
1405
1452
1515
1564
1557
1652
1690
1694
1779
1738
1899
1874
2049
2125
2170
2140
2241
2281
2372
2402
2514
2672
2640
2776
2892
2963
3078
3112
3186
3287
3448
3533
3566
3572
3748
3795
4063
4064
4213
4257
4293
4346
4374
4459
4575
4696
4511
4608
4727
4842
4767
4749
4886
4795
4693
4679
4779
4574
4672
4538
4681
4616
4600
4565
4472
4486
4120
4354
4358
4137
3991
3987
3921
3951
3753
3737
3610
3575
3429
3550
3456
3327
3326
3225
3281
3231
3121
3153
3005
3083
2977
2903
2911
2715
2758
2777
2700
2553
2534
2496
2625
2416
2382
2412
2356
2253
2367
2322
2267
2228
2199
2178
2097
2191
2116
2060
2052
2067
2044
1929
1981
1882
1937
1908
1940
1903
1936
1937
1866
1905
1790
1801
1817
1796
1841
1684
1678
1711
1647
1669
1712
1608
1564
1623
1552
1650
1650
1579
1533
1508
1548
1530
1531
1556
1531
1513
1436
1458
1463
1449
1410
1340
1374
1400
1375
1414
1294
1324
1345
1305
1333
1303
1302
1367
1284
1347
1252
1240
1261
1226
1230
1267
1273
1256
1161
1243
1140
1199
1150
1172
1160
1103
1182
1165
1148
1139
1060
1102
1104
1115
1115
1081
1101
1029
1064
1092
1030
1048
1036
1012
998
1006
1036
1004
1003
1020
983
1018
973
975
993
984
941
966
972
956
945
942
959
950
919
920
916
891
919
868
898
912
866
892
860
929
884
859
887
850
865
880
845
860
889
845
832
857
842
840
870
828
821
826
836
804
850
808
809
802
789
816
817
786
821
820
806
789
796
780
788
785
815
795
784
800
742
777
751
778
741
773
765
758
797
759
749
793
775
754
744
755
725
731
756
723
733
735
732
722
724
729
710
740
723
728
731
709
713
736
741
701
731
707
692
717
693
711
711
689
720
699
717
711
696
692
701
698
707
686
690
699
688
685
696
718
707
678
698
703
688
663
681
672
686
669
694
659
688
677
672
682
668
668
672
668
690
680
674
669
667
689
684
663
658
685
674
661
682
660
659
649
659
673
652
681
664
664
654
691
680
666
668
669
649
653
666
653
653
669
660
648
654
644
649
649
661
654
648
633
651
648
645
663
638
666
650
656
648
643
631
648
645
628
644
641
639
650
655
655
642
642
635
643
636
650
639
647
628
633
639
622
644
633
636
641
630
631
645
627
621
615
624
625
635
638
648
629
627
641
635
641
638
616
633
639
624
629
623
637
636
640
642
625
626
629
625
618
629
631
629
633
623
638
628
612
627
640
639
629
628
625
620
630
622
625
613
624
629
623
628
622
623
621
624
639
618
619
624
621
624
616
629
628
625
610
632
629
621
618
628
625
616
620
623
609
614
626
614
608
625
623
620
612
623
622
618
616
616
629
606
606
613
623
623
630
617
606
609
615
616
616
619
615
621
620
627
611
616
615
602
603
610
605
610
621
611
621
614
607
614
608
620
614
595
616
609
615
612
602
605
612
616
614
615
602
617
606
608
604
613
611
617
611
606
619
611
606
603
608
611
619
601
609
612
607
618
610
611
609
616
621
614
617
612
613
611
610
613
611
613
610
627
611
609
607
612
605
604
604
606
605
612
605
615
611
598
616
609
598
599
621
608
598
607
601
611
617
600
595
618
612
603
604
613
609
618
606
599
610
610
609
601
611
602
607
601
603
599
606
608
605
612
599
609
600
604
607
605
607
607
611
604
606
603
607
598
619
602
603
603
605
609
604
605
601
603
605
604
594
601
606
604
610
605
602
607
594
606
600
599
602
609
600
605
602
611
606
606
598
605
607
598
606
603
593
609
603
603
612
601
608
599
603
604
596
608
606
607
614
609
610
605
595
614
601
606
603
601
602
612
608
606
598
598
593
602
600
605
602
603
599
603
604
601
597
602
602
604
602
601
606
600
593
607
600
602
601
602
597
604
602
611
608
597
601
599
596
595
603
604
594
604
596
602
609
597
605
605
604
590
603
596
613
602
606
610
605
613
607
600
607
597
607
603
590
598
597
597
598
596
606
600
598
603
605
609
603
603
601
598
601
601
608
606
602
602
607
605
601
608
595
608
604
606
599
594
599
606
600
606
595
599
601
601
598
598
592
596
608
606
602
604
599
595
597
608
600
598
604
597
606
602
598
600
608
599
600
592
593
604
602
612
606
603
605
611
596
603
603
607
601
595
603
607
594
605
608
598
602
602
596
603
593
607
603
610
596
604
606
592
603
601
596
599
597
602
602
598
598
596
592
602
594
601
594
604
597
604
