607
608
612
605
609
605
605
600
614
606
603
609
611
597
606
605
607
603
610
601
599
602
610
601
606
612
605
605
624
614
617
615
620
614
616
602
597
611
604
592
602
613
603
609
605
603
607
605
613
600
598
605
597
607
607
602
600
595
595
597
604
600
591
608
597
600
601
603
600
603
593
602
608
597
611
602
605
595
595
600
600
610
603
600
615
602
599
606
611
602
604
601
595
608
605
602
611
606
596
601
603
600
596
604
596
608
607
602
599
604
593
605
605
599
603
596
606
601
594
599
600
599
601
597
598
597
598
593
606
594
596
599
599
607
603
606
606
601
609
599
601
605
605
598
599
595
606
604
597
600
611
594
606
598
607
598
596
599
600
600
599
608
599
590
600
600
598
601
604
609
604
606
596
596
599
602
598
597
603
602
596
596
598
592
599
604
607
601
601
596
600
593
601
600
598
597
607
603
605
601
603
609
604
600
609
604
597
614
605
608
608
609
605
597
606
600
609
603
602
602
600
605
589
614
598
599
602
601
603
601
595
599
602
603
608
613
595
602
602
600
598
606
596
593
607
603
600
607
604
597
603
607
598
600
602
602
610
600
600
602
609
606
597
600
613
600
600
601
602
606
592
612
600
621
604
605
607
605
607
599
615
606
612
605
602
610
616
619
602
609
611
611
603
603
602
603
605
596
611
603
609
601
606
607
600
609
610
611
609
607
604
605
613
611
608
609
617
610
615
613
609
621
610
626
615
619
608
614
618
618
618
617
628
621
621
629
636
636
620
633
627
632
621
626
633
623
636
639
646
627
630
644
640
638
649
655
639
654
651
649
655
658
658
677
661
662
668
687
684
680
685
675
698
703
697
702
699
716
741
727
715
712
749
747
742
766
763
760
792
776
809
805
789
823
906
853
845
864
900
897
905
950
920
957
983
1000
1001
995
1009
1035
1090
1104
1079
1168
1165
1185
1247
1291
1270
1322
1367
1417
1414
1441
1491
1568
1627
1580
1704
1743
1790
1765
1844
1875
1982
2051
2102
2158
2218
2299
2481
2457
2392
2517
2623
2656
2780
2815
2940
2906
3012
2998
3164
3262
3322
3331
3444
3406
3409
3639
3583
3628
3623
3706
3706
3761
3757
3717
3753
3649
3712
3778
3642
3603
3698
3713
3705
3605
3554
3543
3576
3459
3433
3382
3284
3380
3168
3185
3066
3100
3026
2941
2972
2992
2947
2855
2798
2711
2710
2618
2520
2571
2381
2354
2423
2445
2418
2270
2256
2252
2246
2236
2164
2175
2115
2070
2136
2143
2153
1938
2021
2065
1890
2011
1919
1942
1909
1888
1917
1811
1676
1809
1748
1808
1721
1754
1748
1766
1686
1637
1691
1619
1691
1615
1681
1659
1620
1574
1632
1577
1577
1590
1601
1523
1527
1548
1468
1468
1476
1490
1426
1461
1441
1481
1420
1348
1421
1423
1397
1350
1352
1347
1385
1355
1337
1308
1366
1302
1243
1277
1281
1298
1323
1267
1245
1326
1277
1198
1203
1205
1186
1230
1211
1151
1148
1130
1139
1125
1174
1148
1158
1147
1078
1047
1095
1083
1139
1093
1074
1103
1025
1023
1087
1057
1042
1022
1055
1024
986
987
1042
959
966
974
984
999
1012
995
974
989
963
946
899
953
940
920
934
929
930
931
932
917
889
920
919
913
923
906
866
868
856
880
866
896
829
853
875
843
832
808
827
840
851
819
825
771
813
842
803
826
813
831
804
790
761
784
812
789
782
818
784
806
792
781
770
757
783
807
785
764
778
803
745
809
742
751
747
751
731
741
740
726
740
722
749
736
724
745
752
736
733
724
731
745
733
727
719
715
707
718
715
710
727
692
695
700
716
721
706
696
717
697
699
709
686
708
715
702
699
706
670
698
728
692
670
683
696
679
671
682
676
692
669
656
688
673
667
660
664
652
681
671
664
669
658
682
654
674
674
670
658
677
653
648
663
671
669
651
659
656
670
657
656
675
662
654
659
651
655
672
652
671
652
662
644
658
643
662
658
646
669
643
644
645
662
650
645
654
651
644
643
637
649
645
648
639
653
647
647
637
635
633
628
643
638
658
646
633
628
636
648
639
617
639
635
643
637
633
638
641
622
630
633
631
639
619
637
633
630
627
635
638
646
637
631
632
627
640
625
647
633
635
615
623
630
625
616
625
639
622
631
631
624
626
629
635
637
623
629
612
638
638
617
624
628
619
633
623
631
618
627
612
620
608
623
626
640
628
615
613
618
614
624
608
626
620
628
601
618
613
621
631
617
612
624
617
621
626
621
626
609
617
621
614
621
622
618
616
627
629
611
617
615
614
607
613
608
612
614
614
618
612
612
621
617
619
613
619
614
608
611
608
619
597
618
610
607
603
616
608
614
619
615
613
625
619
609
613
609
607
611
612
606
625
602
610
612
614
612
608
611
613
612
605
597
613
615
611
621
610
614
610
613
602
612
602
608
612
606
609
605
607
613
619
616
618
617
612
607
614
615
616
607
607
619
606
611
615
604
610
603
610
602
610
604
615
604
612
612
603
606
608
602
605
616
612
607
614
598
600
608
605
606
603
606
606
587
606
605
604
600
613
611
610
607
604
611
601
602
612
607
595
608
603
608
606
614
614
616
600
616
615
601
615
613
608
610
608
601
607
617
601
603
605
612
618
604
610
598
602
605
596
607
604
597
606
603
605
595
608
601
609
613
604
610
605
595
605
602
597
604
594
609
605
595
594
607
597
605
597
602
613
604
603
604
609
598
602
601
606
601
605
595
603
605
603
607
596
596
600
598
609
596
608
606
600
608
611
599
601
597
611
606
605
604
601
606
601
602
604
597
604
605
602
597
605
598
599
604
600
606
603
601
602
604
595
609
596
609
607
602
614
601
609
604
605
610
607
604
610
600
611
602
591
594
603
596
595
601
599
603
611
595
603
603
595
601
598
606
597
603
594
604
599
607
602
596
602
600
596
593
602
610
611
615
599
603
597
598
602
610
605
603
600
604
610
606
599
600
596
609
602
599
604
600
599
602
590
598
600
600
597
608
606
588
599
601
596
601
602
598
601
602
603
601
591
602
598
597
602
603
597
596
596
602
604
607
603
605
598
607
597
609
604
598
607
607
596
604
604
593
601
602
604
609
603
604
599
599
601
603
603
602
595
599
599
601
597
598
602
600
604
592
597
599
592
595
605
603
597
597
606
599
599
600
598
594
596
597
596
601
602
602
597
601
603
602
603
595
599
