600
611
608
595
604
607
604
605
608
602
601
597
602
595
597
601
607
597
593
612
599
598
609
598
607
610
606
609
611
607
623
607
610
610
598
603
608
604
604
599
604
602
607
599
609
608
603
603
603
597
598
602
599
603
601
608
599
598
601
599
603
604
604
603
605
598
612
609
594
604
605
598
609
608
602
605
597
593
611
604
609
611
600
593
598
612
598
604
594
595
606
604
606
609
602
602
600
610
607
607
590
596
589
600
603
597
606
601
596
605
610
610
605
615
597
595
606
601
600
596
608
597
601
610
602
609
601
597
616
601
596
605
599
598
593
609
598
599
607
599
601
607
595
597
608
600
591
603
608
607
602
608
598
611
601
606
602
598
597
596
604
600
604
605
604
604
602
609
609
603
595
604
604
596
598
601
598
602
607
597
600
615
594
607
606
593
605
597
617
601
598
612
611
598
609
606
600
618
597
600
607
605
600
611
602
599
607
607
601
613
593
603
602
602
603
598
595
600
608
598
613
600
600
606
594
602
615
600
611
604
604
611
608
603
605
606
601
609
614
602
604
605
607
604
608
611
606
605
612
598
611
602
596
601
606
602
604
606
601
605
608
613
601
601
621
598
619
606
606
609
609
602
598
597
603
599
607
599
603
610
602
600
602
609
610
609
615
612
605
607
614
615
613
610
611
610
620
602
607
610
619
620
616
609
622
602
603
616
611
617
616
613
612
612
610
622
618
610
608
621
618
620
621
623
621
628
631
623
621
628
624
644
639
647
642
646
647
640
647
640
629
647
652
647
646
652
649
656
649
673
667
666
668
674
681
693
669
678
688
687
687
692
702
709
720
708
717
731
713
725
730
752
769
766
761
774
761
744
812
769
843
795
790
806
865
864
869
887
888
938
929
899
950
949
1006
982
1032
1043
1024
1100
1088
1146
1167
1181
1173
1234
1206
1325
1270
1322
1379
1364
1436
1426
1565
1525
1557
1655
1721
1650
1758
1855
1860
1920
1985
2052
2078
2254
2192
2369
2356
2506
2485
2712
2636
2949
2938
3075
3079
3207
3330
3502
3494
3566
3725
3706
3899
4096
4156
4311
4213
4505
4551
4745
4703
4937
5009
4995
5122
5144
5269
5322
5350
5387
5520
5443
5431
5490
5454
5406
5456
5418
5245
5383
5333
5341
5472
5241
5258
5166
4995
5104
4980
4846
4813
4712
4638
4678
4446
4423
4383
4225
4166
4215
4237
4060
3868
3961
3816
3710
3843
3662
3591
3597
3519
3504
3456
3255
3271
3174
3284
3221
3100
3114
2983
2907
3013
2938
2818
2921
2760
2699
2699
2765
2737
2583
2674
2706
2526
2593
2565
2436
2490
2494
2386
2391
2374
2404
2308
2268
2364
2236
2265
2271
2266
2273
2195
2195
2146
2186
2117
2090
2105
1923
1994
2003
2017
2007
1974
1970
1929
2010
1854
1933
1946
1907
1879
1876
1887
1840
1863
1822
1792
1742
1760
1764
1836
1697
1755
1661
1644
1644
1655
1644
1666
1575
1631
1565
1585
1523
1545
1526
1548
1535
1556
1517
1517
1487
1473
1446
1448
1457
1369
1381
1377
1412
1401
1354
1320
1350
1362
1301
1309
1340
1292
1280
1259
1260
1229
1227
1155
1172
1206
1208
1151
1220
1176
1127
1184
1144
1173
1146
1187
1148
1110
1120
1147
1130
1109
1086
1106
1123
1073
1048
1083
1072
1051
1022
1032
1006
1002
1074
1006
1039
1015
1020
1028
1050
1010
1013
955
1019
962
967
954
955
937
933
920
912
907
934
934
909
924
933
918
904
922
924
943
869
903
873
909
878
877
879
891
891
848
849
843
817
874
837
856
831
852
837
844
787
827
850
835
800
825
802
846
809
821
787
802
778
819
813
805
799
814
776
818
782
777
777
755
744
765
784
787
783
791
754
740
758
772
752
764
770
763
746
759
776
753
738
744
760
729
746
707
753
724
749
706
729
726
716
719
755
736
704
707
724
724
720
719
717
719
740
725
713
714
704
697
683
701
698
698
701
700
700
693
705
690
702
697
685
691
704
691
687
698
696
686
697
673
673
690
704
675
681
668
649
673
698
687
672
660
679
672
677
683
673
651
666
666
658
674
658
677
680
662
661
666
660
671
686
675
657
672
658
662
659
672
661
638
678
654
663
646
650
645
648
674
659
656
656
652
664
641
657
640
657
650
647
654
646
653
646
654
645
660
633
638
658
641
640
643
653
651
656
654
673
645
641
654
646
641
629
650
641
634
619
650
632
638
630
647
627
644
638
627
637
625
630
629
633
630
631
629
626
619
645
637
635
622
643
633
630
625
628
622
629
656
630
625
632
633
616
626
629
629
614
629
640
635
633
622
630
619
622
611
629
631
640
636
611
620
628
612
624
621
604
619
643
618
621
623
624
633
618
633
624
619
622
633
622
631
632
624
620
621
607
629
631
625
619
614
615
625
624
622
638
617
640
618
614
616
625
620
620
618
613
616
617
613
623
613
607
617
608
621
623
625
621
621
615
615
615
617
622
617
604
612
613
620
607
616
613
610
614
611
617
608
609
616
611
617
614
618
626
622
606
615
614
614
604
611
607
615
611
612
611
615
615
602
602
602
616
609
620
606
607
612
608
613
615
607
603
609
606
615
611
614
618
611
612
607
609
606
607
613
599
609
607
606
607
618
623
605
606
617
617
611
604
614
612
602
610
609
609
609
601
612
608
599
615
606
605
604
613
610
611
606
605
626
604
605
605
606
621
613
604
606
602
606
606
603
601
603
610
611
603
605
612
604
612
615
610
607
603
599
613
602
595
613
598
603
606
612
597
609
604
599
610
598
602
602
601
593
613
598
600
598
606
608
603
607
602
599
608
603
609
606
603
602
607
607
600
593
600
597
597
601
607
598
598
607
605
610
600
601
599
601
609
603
598
598
605
602
599
600
608
599
610
602
605
607
602
610
600
603
601
600
601
600
602
600
595
608
603
606
609
608
608
600
596
600
609
602
604
593
605
606
596
600
604
603
594
597
592
600
588
607
605
602
604
602
598
608
598
598
597
600
602
607
599
597
613
600
602
605
600
596
600
606
599
606
607
596
617
599
605
596
594
598
605
598
595
608
601
605
599
608
605
602
608
607
601
605
605
592
598
599
600
598
602
598
607
610
590
598
595
601
607
594
609
605
592
611
598
593
600
605
600
598
595
599
606
597
602
600
599
605
599
599
605
601
602
604
594
603
605
592
598
594
602
608
607
611
600
602
600
602
598
593
605
598
604
597
594
596
603
600
602
605
601
605
603
596
607
