602
606
602
601
604
604
600
610
604
605
607
606
606
608
606
606
604
611
608
607
611
602
605
610
604
618
618
614
617
637
636
609
605
627
607
625
604
608
605
606
605
598
602
604
620
617
613
626
617
607
601
610
599
601
598
608
610
600
595
599
603
598
603
602
599
594
597
592
606
603
606
610
610
613
605
600
605
602
601
598
601
606
601
602
598
604
607
604
606
614
613
605
604
605
603
607
606
613
608
604
606
608
601
606
604
598
598
592
610
612
603
597
610
604
601
593
599
610
605
606
601
605
603
599
600
600
598
604
597
605
599
599
598
602
593
609
603
596
615
604
598
602
607
604
606
599
603
604
605
592
607
598
605
586
599
605
602
608
599
605
603
610
598
597
604
600
598
596
600
596
599
602
610
602
608
608
597
608
601
596
609
596
609
611
606
611
601
605
605
597
598
611
603
594
595
603
603
598
605
598
606
607
595
607
608
603
603
613
611
605
603
610
600
604
607
605
609
604
601
608
597
601
599
604
599
620
607
609
608
603
600
601
600
609
604
602
604
607
602
616
616
598
610
612
594
604
610
598
597
602
608
608
592
606
613
598
605
596
596
614
609
608
609
605
607
609
613
607
604
607
604
611
611
604
605
597
606
611
609
605
605
602
605
614
611
616
615
613
609
621
626
614
615
619
617
609
619
616
630
615
617
623
617
619
625
620
626
620
615
618
632
629
635
636
636
619
632
619
631
608
627
628
631
641
637
631
622
634
657
634
631
630
650
651
658
663
666
665
669
675
649
673
672
665
665
685
683
690
681
708
681
698
710
692
704
698
702
733
729
707
748
759
744
732
755
765
763
761
782
799
818
834
844
839
831
862
836
911
894
907
898
881
947
971
930
977
987
1034
1004
1076
1084
1107
1138
1174
1200
1189
1185
1315
1327
1382
1310
1349
1368
1391
1485
1473
1565
1695
1619
1685
1706
1779
1834
1944
1916
2132
2203
2078
2309
2349
2365
2412
2582
2693
2834
2858
3027
2960
3059
3358
3279
3415
3719
3758
3883
3996
4305
4467
4519
4682
4836
4897
5041
5290
5440
5476
5752
5998
6163
6243
6223
6251
6813
6910
7005
7204
7176
7504
7485
7624
7721
7823
7804
7837
7997
7809
7970
7983
7946
8114
7999
7995
7939
7896
8000
7828
7966
7728
7666
7593
7659
7356
7333
7123
7023
6781
6864
6690
6462
6480
6084
6110
6039
5986
5878
5538
5796
5746
5597
5350
5331
5204
5062
4951
5050
4828
4724
4762
4675
4523
4485
4380
4280
4094
4151
4206
4061
4032
3990
3914
3783
3858
3632
3740
3605
3742
3574
3471
3458
3295
3293
3204
3281
3276
3291
3086
3179
3123
3085
2999
3017
3052
3073
2930
2967
2803
2809
2868
2866
2817
2729
2794
2629
2592
2579
2594
2616
2637
2536
2610
2497
2393
2512
2382
2397
2381
2373
2401
2365
2286
2293
2277
2259
2270
2143
2189
2199
2178
2124
2051
2082
2004
2055
2078
2073
1980
1940
2005
2037
1914
1936
1983
1917
1900
1950
1827
1828
1805
1798
1722
1651
1728
1803
1737
1618
1662
1702
1667
1730
1650
1572
1518
1607
1593
1569
1497
1543
1506
1538
1483
1480
1564
1431
1419
1422
1413
1397
1389
1348
1345
1339
1357
1367
1365
1335
1288
1359
1205
1297
1317
1316
1288
1254
1256
1239
1234
1295
1218
1210
1163
1226
1193
1191
1196
1156
1170
1179
1148
1138
1116
1084
1145
1084
1072
1097
1155
1043
1128
1103
1077
1044
1087
1101
1063
1045
1040
1018
1021
1017
1036
1003
1055
1031
992
1024
1016
987
974
958
980
970
975
949
957
968
961
933
915
897
961
949
898
900
915
932
888
891
901
931
884
883
882
860
888
890
839
892
867
890
878
868
869
864
853
862
827
828
850
852
843
825
823
851
848
817
815
859
776
795
805
819
818
806
798
797
807
812
775
808
821
798
767
816
778
806
802
770
789
791
763
775
770
765
779
754
745
752
767
750
752
736
736
759
728
749
745
729
732
741
733
718
741
750
737
737
752
734
727
735
722
723
698
726
732
713
713
718
732
728
721
724
672
721
716
709
708
701
700
709
701
710
682
695
724
705
708
675
678
704
707
693
708
702
692
717
681
691
682
688
692
680
679
676
681
711
682
656
679
661
681
673
671
668
680
692
670
711
668
676
690
648
677
667
653
668
691
656
663
672
658
668
651
658
670
661
678
656
663
664
664
681
656
661
653
670
652
647
668
670
641
675
644
659
668
644
653
665
656
652
661
657
655
674
667
658
639
646
649
654
638
649
658
665
652
636
678
651
643
632
640
635
648
654
645
652
633
632
647
647
625
667
630
642
646
642
645
649
644
631
629
654
636
636
648
639
644
623
634
638
638
624
620
633
636
626
645
640
628
635
628
648
614
632
626
622
635
613
626
634
628
627
634
634
622
631
630
627
630
627
638
624
630
614
628
633
630
619
615
624
618
626
631
624
629
621
644
621
615
628
628
617
636
611
627
617
616
627
628
629
625
623
617
629
616
624
629
618
626
613
630
629
628
617
609
616
622
621
618
611
622
619
623
619
624
612
620
630
613
608
620
612
615
617
622
613
608
615
620
614
626
612
612
625
629
611
616
610
616
609
615
615
612
613
615
617
618
612
602
612
616
613
611
620
611
618
616
610
609
605
618
601
618
607
616
615
610
614
619
620
607
625
609
613
612
612
614
612
604
613
614
612
621
613
601
614
615
608
603
615
611
614
618
604
604
617
613
604
612
611
602
606
606
601
618
610
603
607
605
606
620
616
619
612
609
621
616
606
611
612
610
613
601
604
612
616
614
602
615
607
607
613
604
617
605
607
603
607
612
603
606
605
598
619
614
610
603
608
615
605
605
596
602
602
604
603
601
610
604
602
609
607
606
600
610
606
601
608
600
603
603
600
601
607
600
611
614
602
609
606
606
607
606
611
598
604
600
610
604
604
595
608
608
598
598
599
594
592
603
603
607
601
606
603
595
597
610
603
607
603
597
603
602
610
604
601
608
598
614
600
606
596
607
603
603
608
607
605
614
606
604
592
606
599
596
603
609
602
601
602
601
592
593
600
598
592
596
599
601
604
597
601
609
602
601
602
607
606
610
589
601
607
600
607
600
595
599
601
597
593
595
602
596
599
607
603
608
605
595
598
607
602
602
604
605
598
606
602
599
600
600
605
603
597
606
613
602
611
605
608
610
609
607
604
606
598
605
603
615
601
612
606
601
597
609
594
608
611
595
597
610
600
603
609
604
601
602
606
604
602
605
