612
609
605
595
608
606
597
610
606
604
605
600
603
599
606
605
601
605
604
595
608
602
602
605
602
602
611
614
608
610
613
595
608
599
609
605
604
605
607
602
613
598
608
606
610
607
612
603
602
608
603
600
604
602
601
603
605
603
597
607
597
609
603
601
598
595
603
603
606
597
600
597
595
604
596
604
593
606
597
601
609
594
602
615
597
596
604
600
601
601
604
612
609
607
596
602
609
613
602
609
602
602
609
591
613
604
602
595
604
601
600
604
595
606
610
603
603
611
598
600
602
604
597
600
596
598
596
611
591
591
598
601
612
605
611
610
611
596
605
602
599
602
597
602
598
610
597
601
603
601
603
601
602
605
606
608
613
602
600
608
602
611
596
602
606
598
600
612
597
605
602
602
609
605
614
606
602
602
597
607
600
594
606
605
607
605
610
597
609
601
598
602
598
599
606
602
605
604
609
597
597
605
613
607
596
605
600
599
603
607
608
607
602
601
606
605
607
604
601
599
617
605
605
596
596
618
601
604
606
603
604
603
607
603
608
593
610
617
599
606
618
593
601
610
615
615
599
602
610
597
604
612
605
611
605
602
612
609
603
607
607
602
605
614
608
611
613
607
610
612
603
609
622
618
609
612
618
603
607
612
605
602
608
609
614
614
614
612
611
619
620
622
603
623
613
615
623
621
624
618
618
611
617
618
631
615
621
623
620
617
635
631
636
625
638
628
629
640
622
623
637
642
646
637
636
653
654
649
636
670
655
657
644
645
659
667
664
677
665
665
661
668
680
668
665
681
665
718
711
690
695
712
716
722
724
748
738
749
764
745
729
765
773
794
768
805
797
809
786
857
866
848
845
860
896
869
919
905
954
964
952
954
1049
1015
1037
1059
1103
1098
1131
1153
1161
1167
1207
1281
1253
1279
1322
1352
1411
1424
1449
1454
1518
1629
1625
1674
1776
1788
1857
1920
1968
2061
2097
2213
2187
2334
2431
2485
2632
2694
2724
2860
2894
3033
3033
3176
3340
3509
3610
3706
3896
3959
4234
4304
4583
4611
4644
5149
5304
5352
5608
5770
5914
6145
6284
6300
6820
6785
7078
7371
7345
7496
7720
7957
8199
8545
8436
8721
8990
8924
8941
9150
9185
9107
9202
9347
9139
9317
9337
9402
9102
9366
9406
9409
9179
9131
8990
8751
8913
8735
8534
8410
8476
8407
8236
7953
7992
7784
7786
7448
7147
7104
7135
6960
6852
6788
6627
6598
6488
6414
6194
6057
5994
6013
5704
5662
5679
5476
5460
5110
5148
5181
5062
4907
4867
4864
4602
4675
4712
4455
4505
4530
4292
4341
4378
4257
4136
3945
4172
3925
3868
3917
3853
3828
3773
3648
3636
3610
3602
3533
3600
3504
3560
3418
3437
3345
3309
3329
3310
3195
3260
3047
3177
3120
3070
2945
2932
2950
2973
2887
2954
2897
2783
2828
2884
2822
2694
2762
2729
2746
2585
2657
2661
2548
2528
2626
2611
2481
2589
2450
2456
2363
2357
2313
2306
2361
2257
2217
2254
2256
2232
2249
2167
2147
2113
2097
2093
2128
2067
2023
2022
2055
1936
1971
1944
1909
1933
1865
1936
1798
1842
1755
1871
1828
1729
1775
1713
1699
1626
1768
1715
1650
1602
1683
1609
1682
1522
1666
1524
1526
1558
1537
1539
1507
1513
1504
1461
1450
1412
1441
1366
1402
1388
1458
1375
1383
1360
1294
1357
1330
1340
1381
1241
1347
1331
1290
1257
1309
1198
1253
1225
1258
1203
1223
1225
1186
1234
1155
1219
1216
1168
1156
1183
1139
1152
1135
1107
1157
1107
1132
1085
1088
1039
1073
1066
1069
1088
1085
1052
1059
1053
1085
1062
1034
1007
1019
1012
1036
988
1018
1007
982
1001
992
967
925
939
975
938
975
932
944
961
941
918
918
909
907
926
892
905
918
894
875
913
869
889
881
908
873
869
879
874
891
813
843
901
842
862
874
831
823
851
856
846
808
835
802
802
829
840
809
797
820
800
787
820
811
820
810
821
835
822
828
792
771
813
760
820
770
779
799
769
787
762
774
786
746
815
770
754
771
743
780
779
759
754
753
718
756
739
742
714
748
722
727
744
726
760
729
737
720
716
735
714
748
733
722
761
743
751
731
729
742
714
748
718
694
716
697
721
748
702
733
720
725
690
716
690
713
704
695
691
687
710
697
704
681
710
708
688
690
703
706
693
706
670
710
698
702
698
687
672
693
679
684
704
680
690
674
667
690
689
657
691
684
691
692
677
676
693
675
665
671
693
661
669
672
675
673
663
662
662
651
656
658
676
642
657
667
674
650
647
670
667
649
667
653
633
647
659
667
658
663
655
657
651
649
637
643
635
642
666
631
664
655
658
659
672
636
646
646
635
653
652
638
644
647
656
653
647
660
654
640
632
650
635
645
642
643
651
645
643
642
624
629
634
624
637
633
640
637
647
647
659
627
642
631
629
630
629
631
633
628
641
629
640
623
625
638
639
621
633
635
628
629
637
627
634
635
618
626
636
629
634
642
627
617
620
629
620
623
622
630
618
629
622
627
621
624
634
624
629
617
616
629
623
629
624
627
647
616
631
629
628
637
627
625
624
612
620
640
617
631
617
622
615
621
622
612
623
612
603
623
623
615
628
616
614
611
623
620
616
616
631
623
633
620
619
618
629
626
612
607
610
624
617
615
619
609
626
605
603
616
608
612
619
608
612
615
617
607
609
613
613
612
612
611
611
613
611
612
603
620
609
612
610
617
609
607
614
606
617
605
616
607
622
618
617
606
610
603
610
611
610
603
602
611
604
606
612
610
615
612
603
614
607
613
613
611
604
613
615
605
606
597
609
610
618
603
611
605
612
610
604
605
610
617
605
602
608
613
605
602
608
604
611
608
610
611
615
600
607
596
599
609
608
606
611
605
604
604
602
609
606
605
611
608
604
603
601
606
603
609
609
597
603
611
609
605
606
607
609
610
611
607
602
611
602
599
598
600
604
606
611
598
603
608
607
605
606
600
604
609
612
604
613
606
606
614
604
610
614
614
606
601
606
597
605
611
608
602
600
609
594
605
600
604
604
608
597
606
605
603
605
605
601
606
606
594
594
599
604
603
609
601
601
610
607
595
607
610
612
596
601
600
602
605
612
609
596
606
598
607
607
603
606
600
601
595
597
597
601
604
603
603
600
604
597
601
593
598
600
605
607
602
608
605
607
608
604
602
602
598
603
597
600
602
603
596
602
595
605
598
597
609
607
596
606
604
592
593
605
590
613
599
603
603
603
595
599
595
602
601
601
604
607
602
598
600
605
601
610
606
597
602
599
600
609
607
