597
602
602
603
602
594
598
600
592
602
604
596
600
594
605
600
604
595
602
600
609
598
601
600
598
599
609
601
602
605
611
604
609
609
603
609
612
595
599
601
602
597
606
609
597
594
601
611
600
592
594
606
600
608
596
606
604
605
604
600
602
589
598
604
596
595
603
603
602
594
602
598
583
599
597
597
601
602
603
607
596
602
598
595
609
598
600
604
600
602
601
599
598
606
592
602
602
607
603
597
612
606
606
602
597
605
603
599
597
603
600
606
600
602
607
602
604
594
603
601
601
597
599
601
606
597
600
603
602
600
598
606
597
596
603
609
592
608
608
598
602
611
598
596
600
603
600
601
598
602
603
579
603
603
603
603
612
597
610
600
609
603
606
603
608
605
606
600
606
604
603
615
603
605
604
607
601
605
611
599
607
598
607
609
598
604
607
602
598
605
601
601
603
608
609
614
597
606
601
600
604
595
606
602
600
595
605
607
600
604
608
601
610
603
610
604
601
601
609
605
607
601
597
601
603
613
604
607
612
602
603
613
605
600
603
597
601
620
609
605
607
612
611
609
607
607
612
610
608
608
606
627
603
625
610
611
614
611
604
608
614
611
617
614
605
608
614
615
605
604
614
611
618
608
609
601
605
599
617
618
620
615
624
606
621
617
610
630
622
623
614
609
615
619
613
621
618
615
631
610
605
612
610
620
621
624
624
621
622
617
640
626
625
652
623
636
639
631
645
641
634
630
655
662
646
645
659
658
648
650
654
667
657
656
679
678
668
686
682
681
693
677
678
698
704
688
694
724
709
714
724
740
730
742
719
717
751
737
754
770
794
755
787
783
814
803
798
795
843
853
889
861
946
900
921
932
978
943
954
1001
980
1033
1064
1070
1073
1090
1165
1170
1215
1172
1191
1210
1259
1248
1306
1392
1369
1438
1462
1472
1507
1558
1683
1676
1703
1768
1892
1966
1901
1934
1995
2140
2244
2268
2289
2433
2543
2638
2661
2868
2978
3052
3042
3215
3279
3405
3459
3724
3770
4056
4196
4214
4492
4676
4776
5025
5160
5403
5367
5635
5847
6090
6311
6398
6472
6838
7258
7402
7248
7514
8123
7868
8470
8490
8660
8771
8989
9129
9360
9357
9650
9734
9775
9787
9773
9941
9784
10044
9794
9823
9779
9901
9943
9966
9774
9907
9636
9420
9236
9497
9057
9040
9080
8914
8705
8522
8462
7965
7887
7834
7907
7630
7573
7582
7357
7138
6967
6879
6892
6506
6658
6460
6435
6300
6161
5882
5882
5764
5823
5533
5609
5412
5382
5116
5249
5221
5035
5070
4952
4694
4855
4817
4783
4530
4671
4495
4494
4408
4258
4242
4297
4080
4077
4083
3869
3991
3889
3813
4038
3777
3769
3738
3796
3575
3573
3604
3527
3472
3405
3470
3432
3486
3442
3364
3312
3396
3153
3072
3139
3054
3058
3128
3154
3178
2986
3053
2953
2989
2981
2855
2851
2891
2715
2755
2781
2693
2714
2755
2608
2608
2614
2554
2567
2512
2421
2426
2439
2525
2427
2374
2397
2410
2292
2331
2330
2241
2218
2217
2148
2129
2144
2082
2117
1948
2051
2026
2066
1914
2038
1898
1924
1985
1942
1917
1905
1807
1823
1755
1810
1812
1731
1768
1801
1717
1702
1719
1713
1624
1650
1581
1635
1686
1560
1574
1598
1595
1579
1575
1525
1502
1513
1528
1514
1461
1428
1459
1482
1481
1452
1439
1462
1351
1355
1345
1379
1353
1332
1332
1286
1338
1329
1313
1317
1274
1284
1233
1236
1260
1246
1158
1229
1223
1214
1171
1235
1216
1210
1174
1163
1200
1153
1129
1123
1120
1152
1076
1117
1100
1084
1097
1069
1020
1069
1020
1027
1023
1090
1023
1041
1062
1043
1002
1033
984
1036
973
982
984
1004
990
1009
976
984
953
989
969
947
965
936
970
900
961
937
950
901
911
907
938
887
910
879
909
866
896
925
869
885
854
865
853
873
887
861
829
871
877
820
859
852
877
817
843
857
825
841
833
879
832
808
810
808
813
782
813
817
822
808
794
799
801
773
804
816
795
817
778
792
813
799
785
769
772
774
766
780
792
780
768
779
770
789
766
752
775
750
766
752
740
781
758
746
758
749
736
738
750
741
724
731
749
750
742
747
740
734
741
695
738
715
722
712
714
722
738
689
712
754
743
699
710
735
717
705
715
726
709
711
724
710
718
712
723
699
707
682
712
700
692
705
701
695
700
678
681
697
681
694
698
692
681
709
686
679
679
693
695
685
689
680
672
682
682
666
677
675
683
661
686
665
666
680
658
690
687
676
667
685
667
669
651
676
684
663
668
667
643
679
652
671
662
658
675
670
666
662
666
633
652
639
672
656
668
644
662
635
659
652
654
646
657
649
672
646
652
650
640
641
658
643
646
663
639
648
658
631
648
645
648
658
657
658
649
647
638
644
642
636
629
649
670
645
630
629
635
631
624
646
648
634
623
635
628
632
635
643
634
629
629
648
632
639
632
648
624
630
632
632
634
634
646
620
635
623
638
646
634
639
626
617
631
616
629
621
629
625
621
630
632
650
627
621
623
620
616
635
628
632
640
621
637
619
616
617
615
621
629
628
619
618
623
617
636
620
615
629
620
610
624
631
618
617
630
614
613
612
622
618
617
628
626
637
614
618
627
614
619
611
616
611
624
622
611
620
621
610
627
608
613
616
622
614
620
624
628
619
590
616
607
610
615
623
614
615
617
615
617
611
617
633
617
617
611
619
617
614
626
610
618
616
614
617
608
615
615
597
605
605
607
618
604
616
613
611
612
606
614
614
608
599
614
601
605
612
605
605
605
610
618
609
609
615
605
612
610
621
606
612
604
607
604
601
607
601
605
611
605
605
606
604
599
605
613
600
607
598
616
604
601
607
606
607
602
604
603
594
592
616
611
607
605
604
600
599
608
611
602
600
610
600
609
608
612
612
604
605
607
604
605
604
605
603
614
613
601
610
612
609
607
611
610
603
603
602
603
601
614
612
602
610
612
608
598
604
594
596
606
610
605
594
603
603
605
602
611
603
608
612
603
599
604
596
602
599
605
610
601
602
603
608
605
600
610
602
600
596
596
606
599
600
607
607
600
599
613
595
601
603
608
610
612
604
601
600
593
601
602
600
607
607
591
595
598
606
603
606
607
600
603
603
608
604
598
601
600
595
598
597
603
605
595
599
598
602
604
601
599
602
608
598
606
600
606
600
592
604
601
600
603
598
605
601
597
594
601
601
600
611
604
593
597
600
599
597
609
603
608
598
595
598
608
595
601
597
602
604
601
598
609
596
600
598
597
592
596
596
592
604
600
603
609
