604
608
614
607
608
607
605
604
600
611
619
607
604
615
603
617
597
608
607
606
606
609
598
614
620
615
624
623
615
650
612
633
624
624
608
604
603
615
614
600
610
605
609
610
615
617
620
619
622
604
609
602
612
599
606
613
599
609
612
607
621
607
606
599
606
598
607
605
604
596
611
590
601
600
601
610
605
601
610
603
607
602
599
610
602
593
607
607
607
605
611
614
604
610
602
598
608
608
602
608
605
608
609
602
605
609
605
596
618
600
598
593
596
601
603
605
606
598
597
597
603
608
600
605
603
598
601
601
597
607
601
601
612
594
603
599
609
595
595
611
602
602
601
597
602
611
605
615
603
606
610
597
598
603
604
604
604
599
603
604
605
602
593
601
615
603
601
594
604
607
606
603
600
612
605
599
611
600
607
608
597
620
612
599
608
594
606
602
608
607
596
609
598
606
606
609
610
599
609
619
604
604
608
595
615
596
608
597
610
603
606
604
611
598
603
617
610
611
613
603
605
602
608
602
613
604
610
612
603
605
595
606
604
607
606
600
609
607
616
612
601
603
608
610
606
614
602
601
606
612
613
611
612
610
608
611
601
608
606
619
619
604
614
612
616
607
621
606
618
615
611
615
617
606
611
611
616
601
604
623
611
619
619
624
633
613
611
617
611
614
614
610
618
611
627
630
617
608
622
616
604
623
622
620
630
627
623
620
624
628
616
615
620
628
621
623
631
620
632
636
636
630
636
630
641
649
633
641
646
650
646
672
654
670
654
655
683
639
676
665
677
673
664
684
672
693
699
678
679
674
688
697
713
727
707
728
712
753
734
747
737
755
768
774
760
770
784
775
810
801
798
807
779
849
837
872
903
891
938
903
925
930
966
995
941
1031
1008
1081
1021
1126
1071
1093
1156
1159
1175
1218
1286
1398
1316
1328
1407
1414
1472
1493
1570
1533
1550
1670
1677
1725
1824
1830
1869
1973
1999
2131
2161
2244
2294
2400
2444
2409
2547
2674
2758
2939
3032
2981
3140
3242
3364
3525
3761
3804
4026
4012
4225
4512
4581
4705
5013
4959
5123
5301
5410
5630
5858
5817
6040
6177
6570
6749
6912
7031
7241
7009
7360
7776
7599
7751
8026
7912
8063
8065
7939
8052
8153
8139
8043
8131
8101
8145
8253
8109
7868
7801
7965
7884
7746
7824
7613
7420
7553
7267
7209
6963
7057
6872
6721
6647
6423
6475
6195
6170
6115
5900
5901
5847
5788
5569
5543
5376
5394
5320
5144
5094
5083
4839
4840
4798
4715
4472
4453
4354
4356
4399
4279
4231
4182
3983
4133
4021
3957
3916
3925
3953
3734
3774
3681
3681
3602
3564
3525
3443
3450
3374
3362
3355
3317
3346
3300
3364
3161
3205
3199
3136
3108
3202
3047
3066
2989
2887
2873
2870
2840
2902
2882
2828
2799
2740
2785
2712
2704
2589
2684
2622
2566
2637
2670
2616
2652
2471
2551
2343
2444
2417
2428
2393
2321
2351
2308
2188
2243
2191
2184
2110
2211
2186
2179
2154
2104
2125
2079
2063
2023
2079
2027
1926
1890
1874
1890
1924
1903
1843
1857
1851
1884
1865
1751
1760
1795
1745
1754
1702
1672
1656
1600
1638
1626
1629
1665
1610
1624
1598
1542
1587
1574
1540
1471
1457
1446
1482
1503
1486
1510
1432
1422
1402
1360
1372
1376
1349
1318
1375
1388
1346
1328
1330
1287
1273
1314
1269
1271
1262
1292
1268
1274
1207
1233
1216
1189
1178
1137
1152
1164
1189
1105
1106
1133
1164
1148
1117
1153
1110
1117
1096
1057
1075
1106
1095
1039
1087
1030
1090
1042
1040
1093
1034
1047
1009
993
1033
965
995
944
956
957
974
962
964
960
960
955
957
961
973
913
959
913
907
934
917
919
941
902
908
870
903
871
939
854
889
901
890
891
823
875
833
869
867
870
856
839
846
847
867
835
841
837
827
805
814
858
829
834
807
809
798
821
813
785
822
813
795
794
783
808
800
833
792
794
829
766
790
820
793
814
787
791
768
760
772
784
750
749
769
758
753
756
753
761
753
764
761
766
754
727
752
771
759
732
705
712
743
739
753
731
728
722
753
727
717
707
745
721
722
719
731
726
719
696
713
740
727
717
735
727
718
714
684
708
690
691
700
679
693
694
722
694
718
706
697
683
680
699
699
692
688
690
699
693
691
709
693
679
666
695
663
679
675
698
677
689
686
693
684
662
680
663
667
704
672
688
668
667
668
677
662
677
672
670
661
672
651
662
651
680
659
669
667
670
667
644
661
658
642
681
666
643
671
658
676
639
674
653
655
648
642
668
648
659
649
651
642
643
657
629
651
665
661
661
649
647
639
633
646
645
640
657
656
642
634
651
649
648
633
659
651
647
636
638
645
651
644
631
643
644
628
636
645
632
654
633
656
649
637
630
647
631
634
628
634
623
630
638
632
632
627
627
626
649
631
626
628
623
623
629
622
635
639
637
632
635
638
637
614
642
618
634
631
633
619
618
648
616
633
639
622
631
628
628
623
620
624
612
627
621
621
631
628
629
621
640
626
630
635
620
620
631
624
607
616
627
620
621
618
630
624
621
621
624
622
615
624
621
628
621
619
621
622
604
620
620
633
621
615
624
614
624
612
622
631
620
619
631
626
616
637
622
623
616
615
615
613
616
613
627
627
616
605
632
624
610
611
607
620
615
618
634
608
612
610
621
620
601
619
616
617
620
614
609
618
627
616
616
620
605
614
618
612
608
613
613
612
616
618
612
604
612
611
612
616
619
613
611
610
603
611
614
609
616
600
603
612
612
620
616
612
604
607
614
617
604
607
603
603
603
605
610
608
607
616
608
609
613
597
611
613
603
608
607
600
602
618
621
606
611
606
604
602
606
609
608
610
607
608
600
610
611
615
610
600
609
609
608
607
603
605
609
602
614
621
611
616
606
596
596
606
606
602
608
603
611
597
607
606
604
612
602
598
617
603
596
600
612
607
605
602
601
607
613
602
610
615
610
607
608
610
602
602
610
602
602
602
610
607
615
610
604
607
615
608
605
601
597
603
599
606
606
599
613
601
599
607
594
596
601
608
605
614
597
607
593
604
614
597
603
605
608
596
603
598
606
595
604
598
599
603
599
596
601
602
601
609
604
594
603
612
596
598
596
598
599
601
595
605
605
603
603
600
602
606
595
600
596
618
601
600
607
600
593
604
605
598
603
607
600
608
603
600
596
592
609
597
604
603
599
607
606
607
603
603
603
595
607
599
605
604
598
593
602
603
596
594
593
599
598
598
601
603
607
597
599
598
602
612
604
607
603
596
