603
600
608
611
612
616
612
614
609
603
604
612
614
618
610
618
615
605
619
611
615
607
612
610
609
610
606
606
613
607
607
616
602
613
616
603
618
608
605
616
613
605
604
604
600
609
604
614
605
600
614
600
608
612
593
606
609
597
607
608
604
611
608
602
613
609
615
615
608
614
607
611
626
614
603
620
605
612
611
614
610
601
611
618
596
608
610
602
603
618
612
602
618
610
605
612
608
603
607
595
607
607
606
598
609
614
612
623
607
610
616
614
605
609
615
606
613
612
609
623
612
604
609
607
602
607
610
605
611
602
607
612
613
611
602
607
611
610
604
608
619
600
601
606
613
614
595
614
619
615
613
608
601
601
605
615
613
615
612
610
607
611
610
604
611
608
617
611
601
607
611
599
618
603
604
610
605
605
605
612
612
610
609
610
611
608
612
607
617
612
612
607
606
604
604
618
604
612
611
615
608
598
605
602
618
602
616
611
609
602
611
606
613
609
608
609
610
603
622
622
615
618
617
615
604
624
619
613
612
612
609
611
610
603
619
614
616
623
618
622
616
607
625
620
617
609
604
615
627
616
613
615
610
624
620
613
611
624
615
612
625
618
618
617
626
634
628
620
620
611
624
632
632
617
618
616
625
625
630
628
629
638
626
627
641
627
628
632
615
620
637
628
637
642
651
611
638
634
646
627
630
648
659
647
629
638
637
633
633
648
646
639
662
638
650
630
649
647
647
659
651
662
651
645
651
645
661
659
664
666
659
669
655
657
657
659
652
672
669
665
667
658
682
679
692
689
683
697
693
671
686
683
662
695
669
688
670
694
687
694
713
712
686
690
727
694
706
709
717
708
712
740
701
733
701
728
721
727
746
749
736
735
727
767
733
777
744
775
766
743
741
784
779
765
791
783
776
804
804
826
808
822
818
788
807
822
824
826
865
837
863
868
868
879
882
876
906
894
921
916
932
966
988
972
1001
956
992
1051
999
1022
1014
1027
1067
1096
1089
1064
1104
1149
1164
1149
1159
1138
1242
1204
1279
1227
1272
1277
1277
1239
1348
1361
1402
1395
1465
1478
1477
1559
1546
1550
1603
1626
1658
1666
1726
1807
1778
1865
1904
1849
1936
1953
1998
2152
2131
2101
2198
2229
2261
2380
2289
2368
2408
2506
2508
2591
2645
2685
2757
2739
2834
2930
3097
3084
3053
3287
3347
3359
3422
3646
3558
3774
3757
3913
3971
3913
4196
4066
4317
4494
4470
4709
4673
4755
4980
5082
5217
5402
5374
5566
5654
5812
5862
6076
6178
6223
6500
6468
6629
6608
6804
7071
7005
7393
7541
7700
7806
7879
8051
8284
8535
8474
8860
9194
9236
9312
9436
9908
9777
9919
10244
10130
10370
10385
10600
10678
10965
11230
11430
11463
11739
11555
12123
12246
12303
12274
12522
12733
13203
13426
13148
13113
13761
13640
13648
13959
14190
14028
14319
14567
14547
14719
15052
14872
15368
15177
15468
15392
15803
16030
16171
16096
16284
16276
16405
16190
16500
16544
16399
16519
16856
16901
17019
16689
17547
16946
17406
17423
17675
17511
17914
17686
17951
17929
17962
17727
18141
18270
18149
18212
18343
18288
17765
18491
18532
18324
18339
18543
18308
18474
18705
18940
18962
18603
19093
18966
19091
19417
19018
19693
19398
19476
19683
19302
19144
19257
19260
19325
19500
19398
19485
19285
19446
19724
19694
19981
19532
19627
19828
19554
19840
19589
19946
19699
19862
19802
19606
19781
19715
19869
19896
19771
20103
20081
19893
19762
20254
20039
19955
20185
20145
20335
20329
20698
20428
20445
20149
19925
20192
20357
20035
19990
20413
20443
20132
20226
20287
20410
20193
20284
20391
20571
20782
19984
20406
20599
20728
20591
20518
20463
20435
20695
20310
20332
20477
20160
20118
20049
20156
19809
20031
20047
19804
20067
19803
19963
19876
19593
19761
19771
19803
19553
19612
19675
19615
19157
19382
19449
19131
19162
18663
18845
18936
18923
18382
18436
18238
18329
18157
18223
18045
17774
17856
17516
17560
17449
17407
17022
17099
17059
16753
16939
16893
16242
16245
16281
16143
15994
15706
15773
15480
15339
15032
15033
15033
14817
14822
14645
14548
14523
14601
14242
13917
13840
13930
13636
13634
13389
13369
13287
13166
12761
12845
12767
12628
12469
12430
11970
11896
12111
11761
11636
11457
11489
11388
11461
11214
10876
11003
10857
10790
10740
10146
10413
10318
10152
9782
9832
9700
9617
9598
9232
9165
9060
9039
8946
8891
8681
8743
8564
8416
8429
8524
8135
8040
8182
8047
7944
8001
7734
7673
7491
7310
7377
7051
6970
7021
6885
6981
6736
6724
6640
6530
6308
6444
6385
6070
6007
6205
6228
5984
5872
5981
5658
5637
5656
5471
5457
5497
5363
5280
5183
5147
5264
4952
4949
4882
4731
4717
4601
4641
4555
4502
4623
4399
4384
4414
4308
4225
4157
4069
4107
4015
4121
4057
3857
3900
3777
3819
3686
3753
3528
3625
3514
3527
3648
3429
3292
3355
3264
3266
3175
3061
3176
3045
3104
3015
3031
3017
3011
2815
2980
2819
2802
2803
2769
2776
2587
2661
2566
2629
2569
2441
2501
2448
2542
2414
2471
2314
2378
2284
2237
2293
2316
2310
2250
2296
2230
2205
2158
2124
2147
1998
2179
2007
1990
2023
2075
2003
1979
1990
1948
1946
1936
1947
1854
1869
1816
1809
1778
1774
1804
1773
1742
1804
1728
1737
1728
1694
1646
1682
1631
1620
1606
1640
1596
1599
1570
1557
1552
1511
1551
1533
1409
1481
1467
1446
1471
1457
1444
1433
1463
1436
1416
1351
1432
1393
1376
1390
1367
1366
1350
1304
1309
1296
1339
1308
1258
1324
1270
1287
1212
1185
1154
1259
1199
1230
1173
1182
1176
1165
1175
1196
1101
1126
1119
1139
1164
1100
1107
1089
1087
1063
1078
1050
1100
1034
1075
1042
1083
1010
1006
1030
1031
1020
1031
1053
980
1042
1044
991
991
975
962
989
973
963
982
950
951
936
962
943
939
960
935
946
908
886
947
927
883
901
870
891
894
913
883
874
856
868
897
890
868
867
883
880
865
849
856
844
838
840
858
830
846
833
847
838
826
825
792
813
800
785
817
789
792
815
768
821
802
780
795
765
764
777
747
764
776
793
756
796
766
778
794
755
784
752
753
735
758
756
764
757
753
748
759
758
748
725
734
726
734
718
756
781
732
730
720
735
731
745
718
755
738
725
685
711
716
698
708
718
690
687
708
705
699
697
721
704
693
699
690
709
701
712
702
718
692
686
694
690
690
671
694
681
691
683
687
677
687
669
662
667
686
677
671
658
664
673
681
659
670
688
682
680
659
676
660
666
670
692
666
675
645
654
678
652
655
643
659
670
672
654
658
647
646
642
655
656
653
660
636
644
652
662
653
652
649
631
665
646
640
658
652
634
657
641
640
643
649
652
659
657
651
638
641
634
637
637
631
652
620
634
650
635
640
651
639
630
634
642
640
636
637
639
628
635
629
632
640
632
635
642
617
619
623
633
622
634
617
626
636
635
633
625
623
630
611
639
620
637
626
624
613
619
611
634
632
613
624
618
624
634
611
631
620
616
611
618
630
625
626
611
616
620
614
617
617
