606
608
616
608
615
619
610
623
614
615
633
615
612
612
615
605
617
626
616
610
606
608
612
603
606
607
605
612
615
614
617
614
614
608
601
618
617
601
610
614
620
621
617
636
617
615
609
615
612
608
615
617
613
615
615
618
615
609
617
614
624
613
619
613
632
617
617
624
613
625
616
609
616
612
620
626
604
617
613
614
606
624
621
613
631
615
620
614
617
620
626
628
625
633
622
620
624
629
617
627
613
625
628
618
637
628
625
630
623
627
616
625
627
637
639
623
614
637
620
630
624
631
627
619
623
627
624
613
638
621
641
639
627
629
633
618
621
643
648
627
628
632
631
639
633
645
621
632
627
626
622
632
635
636
633
629
633
641
626
643
665
637
633
651
639
647
636
632
642
637
630
655
625
638
655
641
639
636
643
639
652
640
635
648
651
657
645
662
647
662
644
661
668
666
663
670
649
671
641
650
662
653
671
670
656
658
638
638
663
665
678
685
667
665
657
648
667
662
667
671
689
664
677
667
682
679
647
700
685
698
683
713
670
692
702
695
695
688
682
688
677
682
693
696
693
699
701
700
695
718
713
725
680
703
682
706
714
737
716
726
722
719
742
742
727
714
748
729
746
721
739
733
732
758
728
725
754
749
724
779
747
752
783
769
770
751
767
788
750
799
790
798
794
785
774
749
771
809
802
794
780
776
811
824
852
827
827
841
824
829
808
829
863
847
846
875
804
826
895
885
906
875
891
884
876
923
908
908
877
885
924
903
935
913
933
934
915
1001
972
930
994
973
910
970
927
953
981
991
1028
1006
991
974
977
966
991
1040
973
1010
1027
1040
1085
1040
1088
1108
1089
1107
1100
1085
1085
1139
1129
1154
1112
1149
1146
1133
1117
1190
1206
1230
1195
1204
1175
1217
1206
1197
1238
1304
1264
1289
1306
1279
1341
1310
1305
1308
1337
1352
1473
1380
1465
1388
1335
1477
1425
1439
1470
1455
1469
1421
1477
1571
1559
1455
1521
1610
1608
1713
1646
1555
1605
1646
1669
1699
1624
1669
1704
1725
1736
1841
1812
1784
1966
1861
1926
1866
1824
1937
1878
1960
2049
2035
2063
2020
2171
2161
2229
2172
2227
2251
2265
2313
2332
2445
2424
2420
2436
2545
2496
2619
2638
2757
2603
2614
2860
2857
2866
2811
2926
2866
2999
3085
3107
3078
3178
3330
3306
3555
3209
3462
3504
3489
3542
3700
3705
3752
3929
3879
3946
4094
4020
4049
4285
4178
4342
4499
4575
4608
4639
4829
5008
4935
5064
5142
5212
5342
5308
5632
5616
5562
5748
5783
5769
5904
6155
5991
6379
6518
6583
6668
6700
6875
7177
7239
7327
7520
7575
7758
7795
7981
8028
8353
8280
8669
8772
8825
8936
9311
9275
9701
9866
9794
10027
10327
10398
10666
10665
11096
11224
11376
11450
11703
11768
11993
12189
12368
12576
12894
13150
12952
13410
13647
14050
14032
14458
14652
15051
15359
15402
15518
15800
16028
15991
16430
16556
16738
16824
16663
17227
17624
17746
18156
18270
18492
19210
19280
19398
19692
19965
20345
20508
20593
21197
21284
21642
21386
21811
21898
22287
22423
22493
22554
23082
23021
23393
23511
24027
24523
24362
24537
25173
25606
25930
25965
25794
26277
26961
26803
27208
27267
27516
27616
27842
27983
28299
28061
28755
29082
28767
29591
29781
30343
30531
30492
30996
31078
31899
32262
31904
32090
32000
33269
32428
33050
33113
33415
33764
34311
33867
34310
34309
34803
35273
35370
35474
35784
35971
35931
35905
36604
36787
36909
37089
37109
37488
37440
37440
37369
38175
38111
38465
38281
39042
38534
38895
39983
39791
40092
40119
40383
40361
40708
40775
41371
41852
40940
41087
41033
41700
42004
41581
41992
42006
43046
41659
42652
42577
42518
42913
42548
43231
43384
43608
43831
43995
44383
44112
44621
43974
44427
44537
44831
44342
44704
44351
44474
44576
44654
44584
44890
44814
45203
44883
44792
44865
45736
46153
45996
45597
46060
45861
46128
45551
46150
46179
46528
46590
46296
45975
46454
45952
46344
46218
45993
45945
45798
46235
46361
46224
46518
45929
46602
46482
46139
46541
46469
46855
46047
46595
46611
46103
46079
46417
45682
46571
45951
46790
46168
45764
45739
46016
45524
46309
45868
45791
45661
45781
45997
45734
46172
45737
46213
45901
45333
45059
45913
45262
45193
45079
44607
44944
45072
44569
44493
44185
44620
44514
43777
44478
43508
43562
44329
44336
43629
43303
44084
43439
43675
43126
43343
43559
43259
42603
42836
42442
42454
41753
42280
41678
41443
41199
41381
40933
41089
40428
40794
40439
40699
40443
40491
39999
40278
39601
39667
39850
39933
39581
39511
39438
38992
38761
38548
38237
38191
38305
37659
37578
37685
37323
37065
37016
36744
36726
37098
36594
36193
36080
35857
35741
35769
35655
34950
35324
35634
35502
35053
35111
34609
34722
34523
33884
34003
33589
32967
33281
32927
32374
32729
32693
31879
32008
31822
31587
31450
31606
31313
30722
30844
30909
30550
30286
30377
29913
29833
30082
29602
29611
29327
28752
28515
29022
28149
28014
27819
27788
27459
27333
27018
26696
26955
26827
26464
26580
26278
25730
25941
25720
25665
25715
25353
25014
25059
24731
24345
24046
23926
24180
23636
23708
23200
22902
22903
23012
22565
22283
22299
22122
21801
22146
21569
21756
21484
21481
21259
21269
21113
20878
21034
20315
20847
19982
20058
19624
19353
19471
19275
19564
19102
18965
18893
18427
18590
18438
18331
17832
18021
17783
17605
17544
17458
17191
17266
17300
17030
16805
16879
16447
16765
16290
16250
16406
16032
15919
15773
15484
15367
15090
14864
14859
14794
14988
14630
14406
14188
14261
14122
13847
13647
13716
13894
13513
13590
13356
13312
13147
13027
12961
12674
12820
12620
12394
12460
12387
12260
12063
11898
11691
11874
11712
11423
11534
11428
11101
10921
11074
11067
10697
10703
10635
10205
10528
10440
10153
10219
10194
9836
10026
9749
9636
9772
9599
9602
9315
9270
9088
9122
8946
8958
8620
8414
8456
8442
8257
8273
8383
8091
8228
8049
7942
7922
7891
7841
7723
7693
7847
7634
7467
7387
7609
7372
7398
7037
7220
7210
6938
6937
6796
6731
6651
6685
6486
6373
6516
6135
6294
6402
6234
6110
5928
6013
6069
5839
5913
5880
5800
5881
5723
5478
5775
5371
5486
5338
5298
5335
5211
5135
5143
5112
5070
5093
5022
4859
4940
4947
4863
4779
4643
4612
4600
4713
4550
4547
4496
4359
4369
4396
4256
4201
4201
4314
4087
4029
4085
4058
3902
3951
3892
3875
3843
3749
3767
3735
3608
3670
3600
3516
3468
3594
3457
3342
3465
3342
3284
3378
3352
3268
3220
3209
3145
3153
3123
3048
3029
3103
2936
3034
3035
3007
2962
2930
2786
2800
2721
2772
2871
2724
2661
2661
2575
2521
2584
2449
2448
2521
2481
2557
2474
2488
2446
2514
2391
2366
2338
2346
2214
2360
2210
2306
2161
2159
2251
2190
2158
2116
2118
2152
2135
2091
2064
2080
2109
2072
1999
1984
1909
1865
1938
1954
1925
1881
1826
1807
1907
1887
1719
1821
1848
1869
1773
1749
1689
1726
1727
1740
1746
1719
1600
1606
1632
1711
1609
1567
1612
1553
1611
1496
1519
1592
1500
1517
1530
1531
1508
1553
1470
1429
1424
1394
1446
1408
1410
1375
1386
1434
1355
1423
1367
1344
1330
1308
1293
1265
1271
1294
1375
1262
1244
1226
1256
1250
1252
1228
1245
1165
1159
1150
1172
1146
1207
1150
1147
1155
1138
1118
1142
1072
1069
1114
1170
1112
1078
1106
1069
1098
1061
1034
1066
1055
1074
1027
1071
1100
1033
995
1008
1020
977
1023
986
978
991
957
986
955
981
941
931
972
926
909
941
920
962
959
922
921
930
910
914
933
