620
617
609
621
620
606
607
607
603
610
609
604
617
607
615
618
618
606
613
620
602
610
620
619
608
622
604
620
611
608
605
626
615
615
619
612
617
603
611
602
598
605
612
615
609
609
619
616
604
619
611
615
617
620
611
616
604
616
610
616
613
618
604
620
608
622
615
603
621
621
616
613
617
612
612
618
622
605
622
617
610
621
613
609
623
605
612
613
607
615
616
613
619
615
606
617
617
616
607
624
613
616
618
620
616
606
628
619
619
612
602
606
624
600
620
611
608
611
608
612
605
621
611
615
616
615
615
610
619
618
613
616
616
610
624
624
611
610
615
606
618
617
611
614
616
621
607
608
610
609
604
609
623
612
626
616
607
611
609
618
625
629
625
610
625
621
615
605
623
611
600
628
615
630
623
624
612
621
612
618
610
629
622
629
621
625
609
624
617
619
619
627
613
614
609
612
617
621
616
635
613
608
631
615
615
626
624
625
620
622
629
620
612
612
633
624
619
631
615
632
631
623
628
635
621
628
630
637
629
607
633
630
630
637
635
628
642
636
627
633
630
629
631
633
636
636
637
632
650
635
633
645
637
642
646
636
644
629
628
640
639
650
648
648
640
644
640
636
649
646
634
656
641
652
646
657
650
659
661
649
668
663
650
649
664
652
668
670
677
674
672
658
666
672
683
659
665
681
656
689
667
673
680
667
694
691
687
691
683
679
681
685
696
696
669
684
701
694
717
700
718
693
703
692
695
694
688
721
723
709
727
701
743
735
728
715
718
742
768
739
755
744
782
754
763
779
765
774
771
752
778
753
786
789
787
789
767
776
808
758
784
784
787
824
806
813
820
803
810
851
803
800
838
860
863
825
865
876
826
856
884
891
860
892
876
898
889
886
922
932
906
900
928
924
916
925
948
953
958
968
948
989
1015
958
1022
984
1031
1018
1059
1043
1018
1038
1054
1110
1073
1087
1120
1081
1164
1107
1106
1139
1203
1169
1190
1186
1195
1205
1265
1256
1250
1242
1292
1335
1337
1347
1350
1455
1399
1396
1448
1397
1483
1441
1536
1560
1554
1580
1581
1662
1623
1640
1731
1700
1745
1780
1852
1879
1854
1888
1906
2023
1944
1979
1966
2153
2217
2213
2151
2206
2229
2297
2283
2422
2465
2482
2482
2490
2516
2624
2673
2751
2747
2805
2852
2874
2897
2972
3113
3045
3128
3205
3225
3398
3310
3417
3446
3618
3749
3642
3822
3818
3866
4044
4054
4204
4300
4387
4423
4370
4409
4604
4701
4773
5010
5037
5329
5228
5404
5565
5382
5700
5986
5847
6129
6081
6281
6527
6579
6472
6777
6962
6973
7122
7211
7509
7641
7728
7857
8251
8195
8359
8625
9029
9048
9193
9274
9400
9570
9927
9990
10022
10413
10840
10623
10840
11093
11078
11416
11261
11840
12162
12613
12289
12923
12710
12997
13289
13520
13851
13733
14071
14270
14467
14843
14839
15034
15197
15522
15616
15697
15928
16570
16498
16726
16742
17143
17779
17630
18094
18139
18364
18615
18861
18861
19353
19329
19468
19448
19857
19995
20009
20379
20554
20397
20635
21104
20987
21545
21952
21881
21971
22461
22598
22474
22567
22810
23043
23303
23144
23340
23351
23545
23654
23936
23929
24233
24300
24288
24881
25008
25010
25235
25650
25696
25538
26157
25798
26070
26227
26397
26695
26733
26576
26474
26871
26674
27135
27146
27227
27424
27320
27849
27533
27913
27968
28141
27768
28005
28604
28428
28660
28329
28529
28145
28759
28642
28737
28922
28670
28595
28952
28667
28883
28704
28684
29484
29445
29192
29287
29443
29585
29385
29043
29493
29813
29544
29666
29591
29759
29458
29653
29646
29590
29790
29867
29608
30026
29768
29628
29668
29929
29967
29676
29679
30670
30109
29678
29848
30035
29412
29991
29783
29918
30041
29645
29998
29933
29588
29431
29116
29171
29779
29751
29479
29305
29855
29638
29684
30167
29823
29694
29752
29582
29648
29158
29228
29726
29507
29481
29283
29298
29413
29260
29237
29117
28652
29010
28650
28849
28852
28908
28613
28789
28221
28178
28497
28682
28565
28389
28047
28173
28262
27593
27816
27537
27502
27265
27186
27149
27169
27020
27010
27131
26737
26582
26598
26565
26546
26605
26215
26344
26027
25955
25696
25620
25804
25344
25436
25061
24553
24445
24589
24450
24447
24095
24165
23970
23730
23908
23207
23248
23176
23230
22855
22757
22570
22698
22350
22549
22480
22172
21827
21500
21261
21587
20914
20902
21070
20849
20378
20057
19947
20146
19830
19546
19204
19470
19501
18997
19076
19032
18451
18610
18575
18319
18236
18185
18055
17762
17682
17276
17001
16941
16788
16746
16477
16252
16296
15610
15912
15845
15672
15402
15225
15157
15268
14756
15021
14687
14590
14770
14390
14355
14204
13739
13836
13557
13525
13444
13197
13299
12957
12820
12747
12573
12414
12274
12338
12020
12023
12132
11835
11685
11429
11450
11448
11192
11027
11125
11094
10899
10448
10546
10643
10257
10249
10113
10080
9902
9655
9674
9556
9504
9340
9293
9020
9093
8817
8920
8644
8620
8780
8477
8366
8484
8197
8021
8299
8208
8079
7733
7832
7507
7499
7378
7457
7326
7186
7131
7090
6671
6731
6802
6889
6751
6544
6584
6424
6412
6339
6318
6251
6254
5994
6094
6108
5736
5799
5693
5744
5558
5762
5507
5500
5374
5300
5210
5270
4970
5203
5074
5083
4916
4773
4775
4820
4657
4629
4662
4621
4640
4613
4493
4432
4466
4234
4285
4268
4215
4270
4196
4154
4147
4020
4033
3942
3828
3847
3841
3773
3638
3706
3519
3713
3612
3524
3588
3498
3361
3394
3390
3285
3385
3315
3280
3207
3185
3142
3114
3089
3131
3058
2926
2960
2987
2845
2851
2834
2934
2739
2866
2806
2730
2833
2769
2697
2722
2594
2610
2581
2536
2595
2433
2503
2541
2426
2327
2507
2425
2401
2301
2235
2265
2274
2255
2202
2176
2114
2143
2068
2075
2098
2140
2058
2069
1930
2034
1962
2012
1956
1998
1941
1829
1889
1862
1965
1855
1870
1848
1792
1764
1773
1788
1729
1833
1687
1657
1702
1660
1639
1672
1610
1666
1670
1550
1564
1599
1559
1673
1552
1562
1481
1474
1579
1546
1496
1525
1528
1459
1510
1491
1452
1391
1423
1421
1375
1366
1391
1368
1382
1341
1377
1351
1382
1304
1332
1375
1273
1250
1299
1258
1315
1247
1265
1202
1244
1200
1206
1254
1200
1155
1193
1220
1164
1129
1169
1127
1173
1125
1112
1161
1143
1059
1137
1094
1111
1137
1035
1063
1046
1074
1025
1080
1048
1020
1057
1078
1040
1048
1019
1030
1023
1014
1008
1005
981
1040
990
1005
978
1002
996
971
976
948
972
957
959
917
958
931
933
913
894
961
892
924
906
886
900
870
941
872
862
885
871
855
878
831
865
886
864
856
863
834
852
849
842
853
828
857
815
849
844
825
840
815
792
820
811
815
777
788
817
788
819
761
791
817
777
797
767
808
778
771
767
783
789
787
773
789
777
758
779
763
735
758
762
768
776
750
733
744
732
755
738
734
731
735
730
723
739
736
722
722
711
728
725
719
715
693
713
691
711
700
711
720
707
715
741
722
691
684
713
696
698
700
730
695
692
692
702
697
702
664
691
687
706
686
703
683
697
668
688
694
689
680
670
674
667
670
681
672
665
674
668
667
684
660
658
692
647
661
659
655
657
659
665
658
665
649
646
654
649
656
653
664
671
668
