630
619
632
632
626
628
637
634
621
635
625
629
626
617
616
628
627
638
630
627
637
628
627
639
624
636
636
632
647
644
633
646
642
642
627
624
644
626
629
624
633
637
642
645
630
651
637
643
625
651
655
636
630
633
639
646
648
630
637
659
639
653
650
655
647
647
667
665
642
638
650
651
661
649
654
675
656
640
665
659
657
654
658
651
673
659
651
668
654
659
643
670
660
668
672
658
665
657
672
667
682
678
675
687
686
691
672
661
673
676
659
691
685
686
688
697
694
667
698
709
692
688
683
680
679
694
705
705
681
704
684
707
710
702
713
717
717
707
697
685
691
694
724
714
707
712
722
718
741
706
727
712
729
720
723
719
720
719
704
753
726
745
775
751
740
744
754
753
745
740
747
745
765
742
767
769
761
769
755
771
777
744
780
792
769
780
765
785
794
770
759
775
755
795
794
790
790
814
809
799
803
794
791
784
820
815
822
813
853
855
821
824
846
846
852
844
830
841
834
882
858
852
875
907
864
876
844
848
895
919
887
880
876
890
921
913
894
901
917
899
881
944
878
955
901
928
966
917
933
942
943
948
970
970
966
957
1003
978
991
980
984
1012
1006
1003
1020
1007
1068
1055
1014
1038
1039
1050
1029
1029
1070
1046
1034
1023
1080
1077
1076
1121
1031
1144
1106
1077
1091
1121
1075
1078
1087
1110
1131
1151
1165
1178
1166
1182
1164
1160
1131
1189
1213
1211
1140
1193
1155
1201
1234
1208
1179
1153
1215
1256
1215
1225
1286
1290
1220
1299
1271
1303
1271
1302
1304
1290
1341
1370
1341
1354
1388
1367
1333
1360
1362
1410
1466
1483
1415
1494
1463
1462
1485
1449
1485
1467
1494
1511
1521
1532
1538
1494
1482
1553
1604
1584
1595
1567
1618
1668
1592
1654
1641
1629
1650
1602
1634
1630
1691
1659
1690
1678
1739
1695
1772
1749
1790
1753
1762
1778
1822
1830
1869
1878
1839
1816
1808
1860
1949
1960
1998
1942
1979
2022
2068
1927
2032
1994
2050
2120
2076
2140
2079
2130
2232
2236
2169
2166
2253
2149
2212
2203
2273
2224
2292
2364
2325
2333
2391
2461
2460
2401
2439
2462
2511
2458
2394
2568
2530
2543
2726
2628
2607
2778
2717
2748
2877
2869
2815
2887
2779
2928
2851
2928
2971
3069
3036
2976
3012
2999
3088
3155
3269
3221
3180
3332
3406
3359
3475
3381
3564
3506
3605
3628
3698
3577
3727
3717
3722
3853
3854
4022
3986
3926
3961
4033
4151
4065
4217
4271
4463
4292
4393
4454
4463
4574
4706
4518
4750
4652
4700
4717
4770
4797
5044
5030
5029
5083
5387
5384
5195
5449
5374
5600
5621
5682
5665
5594
5840
5836
6111
5964
5969
6112
5879
6294
6463
6367
6568
6706
6687
6956
6859
6874
7110
7060
7427
7365
7378
7445
7399
7584
7696
7936
7850
7933
8191
8218
8344
8554
8667
8823
8778
9119
9209
9164
9380
9631
9504
9521
9733
9875
9931
10124
10279
10560
10548
10598
10781
11033
11141
11512
11544
11489
11659
11893
12127
12275
12354
12423
12402
12830
12882
12963
13070
13184
13286
13439
13616
13969
13859
14118
14362
14285
14666
14859
15152
15199
15670
15545
15661
15792
16069
16375
16455
16414
16602
16743
17015
16998
17208
17649
17569
17755
17854
17854
18332
18401
19063
18785
19173
19275
19382
19895
19993
20328
20261
19813
20622
20657
20511
20923
21062
21433
21364
21634
21620
22139
22021
22210
22781
22815
22965
23440
23760
24042
24418
24271
24034
24773
24593
24924
24930
25455
25574
25455
25707
25930
26216
26339
26277
26244
26579
26974
27139
27618
27645
27820
27859
28517
28546
28617
29132
29042
29667
29306
29082
29763
30086
30151
29923
30551
30526
30729
30917
31123
31386
31168
31280
31967
32155
31975
31873
32376
32806
32528
32821
32949
33244
33329
33310
33429
33494
33995
34085
34302
34435
34377
34454
35050
35081
35302
35869
35445
35764
36284
36132
36286
36352
36322
36340
36727
36751
37063
37013
36804
37616
36855
36971
37617
37064
37530
37325
38011
38108
38446
38381
38434
38517
39217
38880
39020
39126
39299
39726
39474
39538
39527
39657
39754
39795
39897
39985
40392
40067
40013
40269
40755
40347
40739
41052
40685
40746
40963
41403
41409
41617
41503
42081
42237
41325
41901
42202
41232
41865
41686
41779
42224
41740
42124
42144
42402
42406
42246
42451
42336
42320
42323
42787
42717
43152
42932
42695
43018
43319
43078
43365
43549
43608
43350
43177
43084
42975
43295
43041
42863
43096
43176
43488
43644
42839
43255
43775
43443
43617
43634
43459
43450
43816
44162
43867
44203
43227
43689
43318
43278
43123
43158
43502
42909
43166
42909
43103
42767
43060
42567
43339
43554
42978
42702
42886
42863
42905
42757
43500
43192
43154
43045
42957
42631
43356
42291
42955
42453
42910
42530
42538
42002
41932
41679
41815
42185
41948
41703
41673
42080
42095
41590
41888
41804
42010
42137
41707
41340
42013
41886
41879
41658
41676
41457
41366
41201
41051
41142
40548
40626
40150
40339
40241
40003
39967
40156
39637
39903
40339
39917
39621
40077
39848
39617
39402
40008
39431
39603
39535
39402
39364
38998
38778
38863
38648
38458
38367
38394
38296
38216
37701
37518
37799
37257
36960
37262
37526
37087
37166
36949
36957
36615
37284
36850
36459
35995
36515
35810
36159
36292
35782
35582
35043
34945
35116
34697
34773
34338
34417
34158
34230
34300
34086
34158
34307
33854
33882
33929
33808
33724
33771
33615
33497
33366
33084
32898
33253
32771
32379
32266
32439
31643
31805
32060
31484
31424
31348
31341
31077
31192
30726
30666
30849
30763
30551
30416
30315
30317
30159
30220
29839
30392
30457
29805
29535
29339
29032
29396
28819
28788
28887
28489
28708
27823
28275
27726
27618
27847
27649
27047
27327
27383
26932
27048
26859
26680
26652
26811
26833
26529
26747
26463
26554
26300
25862
25758
25684
24979
24898
25424
24602
25039
24960
24757
24431
24148
24291
24063
23853
23703
23934
23317
23344
23409
23131
23129
22892
23063
22784
22916
22516
22746
22594
22765
22042
21958
21598
21739
21395
21608
20768
21281
20893
20801
20680
20495
20336
20205
20107
20217
19900
19969
19923
19907
19239
19641
19146
19537
19266
19605
19194
19312
18663
18685
18413
18490
18744
18437
18211
18085
17830
18257
17715
17206
17485
17238
17090
17073
17110
17297
17192
16824
16677
16616
16284
16456
16171
16063
16149
16124
16238
15799
15752
15892
15714
15498
15569
15152
15270
15059
15248
14685
14777
14894
14600
14378
14364
14321
14235
13877
14252
13963
13699
13632
13669
13176
13345
13299
13325
13151
12991
13086
13155
12960
13048
12545
12621
12406
12291
12299
12103
12072
12130
11721
11873
11412
11614
11735
11358
11545
11168
11209
10996
10831
11029
10840
10949
10720
10729
10585
10528
10643
10415
10379
10428
10281
9967
10109
9898
9984
10043
9950
9732
9478
9334
9239
9188
9298
9231
8958
9143
9030
8842
8558
8739
8480
8573
8453
8520
8338
8332
8569
8424
8142
8067
8026
7877
8028
7732
7984
8150
7996
7885
7760
7600
7641
7381
7346
7376
7365
7322
7107
7080
7142
7047
6972
6838
6872
6788
6624
6591
6669
6687
6446
6717
6510
6552
6501
6384
6033
6245
6252
6258
5939
6180
6144
5883
5857
5660
5679
5718
5685
5718
5645
5642
5519
5556
5358
5189
5222
5183
5020
5032
5065
5046
5081
5050
5148
4907
4891
4837
4836
4793
4589
4682
4766
4729
4608
4638
4646
4466
4501
4522
4293
4218
4390
4247
4392
4156
4200
4240
4201
4073
4020
4015
3831
3871
3736
3785
3753
3810
3758
3827
3722
3702
3686
3620
3543
3417
3378
3544
3457
3370
3516
3371
3303
3293
3212
3242
3203
3240
3261
3154
3142
3110
3113
3037
3017
3041
2904
2881
2895
2924
2814
2896
2944
2914
2803
2835
2713
2762
2665
2649
2618
2610
2580
2666
2625
2694
2600
2629
2526
2412
2391
