638
640
635
652
649
648
659
640
646
658
652
668
643
643
655
639
662
657
634
663
651
663
674
655
663
652
657
662
672
659
657
674
664
658
663
663
661
659
678
671
666
678
688
676
688
674
703
674
674
677
672
673
681
683
680
678
680
682
691
683
671
682
689
683
689
702
685
677
689
682
682
697
695
695
692
708
698
695
709
667
700
696
717
696
706
723
724
716
724
722
706
731
736
729
712
719
730
721
743
721
737
729
719
729
736
710
724
735
717
736
727
739
769
746
754
757
763
728
738
759
752
783
773
747
753
752
745
775
776
765
770
790
781
782
784
778
788
802
774
808
767
775
770
774
808
819
794
781
800
809
796
804
843
802
800
815
835
844
824
794
829
828
855
808
824
823
887
856
825
855
874
858
846
853
846
859
874
852
848
857
865
908
854
874
878
896
889
901
898
876
880
915
887
927
923
930
895
937
931
918
940
952
934
920
948
938
913
959
940
952
918
951
937
932
1005
985
995
1012
951
975
1016
1008
994
1011
986
1030
1062
1020
1031
1035
1022
1048
1038
1042
1096
1038
1075
1022
1085
1090
1069
1098
1120
1071
1059
1122
1102
1071
1119
1092
1134
1105
1093
1123
1096
1122
1095
1130
1110
1118
1158
1192
1227
1141
1219
1244
1210
1185
1215
1206
1224
1260
1236
1245
1224
1227
1269
1210
1221
1270
1262
1279
1279
1248
1328
1305
1250
1347
1276
1412
1274
1301
1289
1354
1398
1363
1416
1353
1405
1296
1387
1398
1377
1369
1396
1456
1376
1437
1410
1436
1473
1449
1462
1473
1468
1515
1515
1482
1545
1506
1596
1514
1539
1514
1563
1540
1583
1514
1603
1543
1684
1605
1543
1663
1633
1682
1650
1678
1700
1698
1644
1685
1673
1731
1742
1796
1689
1692
1762
1759
1675
1793
1771
1799
1803
1847
1892
1931
1856
1895
1900
1918
1893
1937
1853
1968
1958
1852
2011
1957
2030
1907
2051
2048
2044
2091
2013
2097
2099
2109
2098
2126
2069
2128
2147
2081
2133
2186
2174
2206
2128
2229
2321
2216
2356
2349
2344
2427
2436
2292
2365
2412
2319
2420
2454
2348
2477
2480
2506
2555
2517
2489
2558
2592
2584
2626
2612
2643
2766
2597
2715
2785
2672
2764
2754
2742
2741
2840
2924
2806
2877
3009
3014
3003
2994
2911
2966
3081
3131
3180
3065
3294
3166
3217
3235
3299
3245
3303
3340
3402
3419
3352
3429
3581
3537
3625
3748
3604
3743
3706
3797
3855
3898
3901
3923
3930
3902
4065
4108
4155
4122
4123
4118
4162
4298
4197
4345
4423
4337
4436
4507
4474
4678
4600
4494
4829
4645
4697
4709
4700
4846
4900
4888
4959
4834
5002
5093
5216
5305
5349
5469
5419
5501
5629
5575
5675
5583
5644
5648
5615
5801
5894
5821
5855
5935
6021
6143
6270
6143
6249
6406
6415
6479
6631
6677
6659
6751
6694
6994
6779
6977
7033
7116
7211
7315
7545
7495
7330
7677
7783
7771
7812
7944
7884
8169
8314
8350
8409
8462
8687
8633
8727
8694
9075
8918
8989
9207
9376
9250
9539
9383
9973
9856
9884
10129
10251
10232
10472
10666
10589
10778
10853
10854
11074
11088
10987
11276
11270
11427
11285
11710
11666
11798
12238
12403
12336
12238
12465
13050
12887
12919
12966
13148
13216
13125
13612
13474
13799
13794
13613
13925
14172
14142
14265
14780
14557
15059
14618
15050
15284
15385
15570
15465
15741
15666
15791
15957
15857
15899
16368
16109
16585
16385
16905
16772
16689
17028
17387
17032
17480
17554
17566
18170
18244
18615
18114
18437
18804
18456
18827
19127
19051
19408
19497
19561
19600
19822
19843
20085
20255
20430
20323
20606
20609
20627
21218
21073
21546
21651
21708
21746
22158
22123
22318
22021
22643
22123
22535
22721
22771
22621
22862
22767
22786
23205
23038
23898
23717
23725
23922
24054
24717
24581
24414
24592
24946
24708
24860
25352
24989
25330
25262
25401
25438
25626
25457
25950
26177
26362
26296
26183
26373
26711
26582
27009
27104
27179
26810
27534
27252
27593
27374
27444
27635
28002
27438
27794
27828
27882
27836
28010
27576
28220
28412
28294
28207
28726
28450
29110
29192
29044
29385
29620
29604
29570
29345
29738
29789
30025
29756
29801
29607
29685
30071
29810
30066
29893
30111
30436
30310
30391
30466
30852
31105
31276
30837
31246
30666
31091
31076
31099
31037
31532
31542
31162
31444
31417
31437
31415
31317
31682
31636
31633
31977
31777
31778
31703
32635
32083
32379
32167
32427
32762
32166
32129
32847
32416
32444
32269
32738
32077
32378
32388
32297
32307
32395
32607
32137
32256
32328
32407
32516
32955
33213
32740
33146
32685
33108
32852
33267
32961
33309
33036
33214
33029
33121
33017
32820
32781
32759
32742
32907
32830
32595
32523
32851
32810
32973
32954
33072
33145
33198
32997
32597
33010
33038
33128
33087
32986
33274
32838
32754
33532
32752
33038
32436
32838
32723
32494
32572
32736
32261
32470
32531
32330
32123
32624
32820
32401
32474
32751
32784
32584
32760
32893
32678
32090
32555
32720
32497
31916
32178
32132
31838
31850
32209
31938
31459
32030
32120
31837
31623
31351
31884
31662
31601
31877
31669
31977
31487
31892
31894
31261
31226
31636
31502
31350
31559
30986
31112
31264
30815
30913
30744
30888
30619
30299
30332
30486
30512
30423
30180
30407
30458
30461
30242
30376
30408
30165
30180
30164
30111
29905
29358
29713
29573
29596
29284
29342
29080
29317
28643
28637
28600
28498
28465
28316
28663
28519
28289
28448
27999
28417
28158
27953
28423
28345
28271
28134
28412
28105
27856
27552
27317
27480
27791
27397
27432
27395
27222
26845
27216
26920
26735
26619
26754
26614
26385
26682
26578
26484
26311
26034
26579
26555
26266
26139
26385
25885
25894
26038
25724
25442
25828
25349
25712
25226
25073
25239
24966
24734
24927
24740
24689
24826
24498
24335
24254
24216
24413
24419
24105
24480
24186
23800
24234
23986
23979
24039
23910
23376
23347
23011
23124
23290
22991
23144
23117
22694
22547
22390
22198
22272
22099
22100
21985
21738
21939
21839
21924
21762
21671
21419
21373
21379
21516
21383
21185
21133
20939
20686
20997
20298
20889
20652
20608
20259
20018
19896
19917
19433
19422
19349
19760
19529
19201
19332
19193
19186
18799
18954
18821
18382
18860
18620
18794
18555
18408
18337
18348
18617
18367
18082
17912
17836
18056
17979
18077
17657
17852
17422
17120
17198
17046
17044
17040
16936
16902
16708
16671
16488
16393
16346
16527
16220
16512
16422
16041
16228
16044
15867
15717
15796
15705
15472
15464
15541
15429
15232
15281
15168
14907
15356
14631
14461
14607
14868
14563
14199
14147
14269
14132
14090
13918
14252
13791
13519
13562
13876
13509
13570
13219
13273
13624
13429
13296
13099
13008
12993
12829
12585
12176
12571
12543
12480
12363
12211
12232
11939
12040
11934
11769
11691
11864
11596
11802
11572
11523
11411
11436
11412
10905
11202
11178
11007
10982
10852
10939
11104
10740
10506
10527
10272
10448
10398
10263
10211
10148
10097
9748
9815
9773
9965
9793
9556
9659
9681
9776
9398
9135
9303
9251
9250
9194
9117
9055
9118
9240
9032
8755
8945
8896
8648
8554
8595
8340
8554
8462
8376
8429
8520
8207
8206
7961
8035
7845
7637
8011
7944
7832
7593
7612
7643
7589
7588
7450
7307
7446
7459
7390
7420
7318
7142
7089
6939
6821
6973
6884
6765
6993
6771
6727
6700
6515
6432
6582
6412
6303
6197
6438
6400
6302
6386
6266
6210
6103
5942
6003
5847
5660
6127
5945
5928
5824
5706
5616
5893
5616
5637
5380
5289
5384
5495
5353
5439
5267
5342
5327
5245
5056
5139
4884
4996
4848
4928
4948
4854
4889
4937
4770
4648
4613
4603
4593
4449
4591
4484
4609
4409
4402
4493
4429
4270
4323
4141
4056
4065
4099
4120
4153
4192
4020
4052
4118
3958
3795
3784
3832
3836
3871
3584
3917
3776
3592
3746
3632
3608
3533
3557
3561
3509
3513
3558
3513
3421
3454
3506
3306
3342
3363
