657
646
644
625
642
635
638
648
635
639
651
633
645
651
647
655
637
643
669
659
642
647
655
648
647
658
662
652
665
654
654
653
645
661
665
671
649
667
651
664
678
639
664
665
669
660
661
669
673
666
672
664
673
655
679
659
651
692
663
681
690
662
671
688
681
674
696
680
676
685
673
683
704
685
692
694
690
708
695
690
698
714
688
696
705
697
681
697
725
684
715
688
709
698
723
709
698
708
721
713
725
714
699
716
727
696
737
760
729
695
740
738
713
745
710
726
753
748
720
739
734
755
727
744
748
742
738
735
767
751
761
746
748
766
780
766
774
761
770
766
781
785
766
794
776
796
774
791
797
765
756
784
787
820
792
790
810
802
800
811
794
786
816
845
829
820
809
852
830
818
825
813
832
818
890
838
843
867
829
886
833
867
846
824
853
865
896
897
859
889
884
865
909
895
870
889
883
917
881
882
928
950
879
922
930
926
901
913
917
925
953
953
932
960
960
967
959
975
979
975
947
969
995
996
1007
969
983
1002
1021
995
993
1022
1020
1000
1007
1070
1096
1046
1028
1018
1116
1060
1066
1035
1072
1098
1114
1090
1127
1089
1057
1085
1101
1096
1093
1095
1140
1173
1171
1148
1143
1120
1137
1157
1205
1248
1211
1166
1196
1145
1240
1225
1197
1157
1239
1202
1229
1259
1206
1263
1246
1216
1268
1264
1313
1245
1300
1351
1333
1275
1314
1360
1368
1380
1319
1385
1357
1387
1324
1360
1404
1428
1445
1437
1450
1421
1460
1465
1424
1473
1489
1487
1494
1534
1413
1499
1492
1547
1577
1534
1570
1589
1568
1587
1640
1608
1637
1625
1543
1666
1655
1718
1668
1707
1614
1710
1658
1700
1761
1709
1769
1820
1812
1816
1782
1765
1840
1782
1745
1741
1799
1872
1829
1876
1796
1916
1870
2066
1936
1952
1945
2057
2022
2004
1996
2027
1962
2086
2050
2095
2061
2076
2079
2135
2183
2070
2241
2150
2159
2155
2191
2240
2188
2142
2260
2292
2207
2347
2377
2397
2347
2269
2397
2443
2511
2411
2502
2519
2547
2543
2516
2621
2703
2544
2625
2625
2589
2689
2741
2636
2635
2652
2706
2776
2739
2797
2806
2907
2869
2909
2902
2982
3031
2994
2971
3133
3062
3073
3027
3105
3155
3183
3241
3212
3160
3353
3377
3403
3365
3411
3587
3459
3637
3494
3526
3753
3717
3790
3638
3617
3893
3855
3938
4004
3848
4051
4101
4106
4244
4263
4244
4245
4333
4378
4444
4564
4329
4680
4538
4641
4627
4771
4674
4768
5011
4893
5041
5036
5209
5049
5266
5286
5387
5318
5412
5510
5554
5542
5635
5734
5732
5653
5766
5774
5905
5972
6054
6153
6140
6369
6356
6332
6563
6705
6638
6750
6601
6856
7015
6817
6977
6990
7125
7195
7271
7391
7449
7477
7550
7822
7840
7888
7936
8043
8154
8216
8313
8512
8428
8737
8764
8734
8897
8926
9034
9179
9361
9290
9705
9439
9811
9985
10229
10193
10426
10312
10439
10789
10645
10791
11174
11392
10870
11357
11490
11510
11798
11761
11937
12064
12458
12276
12486
12915
12998
12890
13292
13252
13293
13630
13834
14309
14001
14129
14404
14375
14779
14706
14792
14944
15038
15189
15453
15827
15785
16315
16370
16274
16597
16866
16928
17023
17479
17300
17738
17612
17827
17883
18021
18439
18618
18855
18625
18933
19152
19526
19642
19578
19916
19957
20334
20675
20530
20583
21182
21285
20923
21499
21552
21620
21866
21965
21807
22307
22371
22539
22794
22864
23352
23654
23698
23714
24215
24133
24523
24727
24751
25322
25548
25278
25447
25868
25938
25824
25886
25943
26061
26481
26662
26926
27294
27693
27474
27758
28110
28472
28410
28553
28860
28985
29238
29124
29676
29553
29523
30126
29944
30227
30144
30343
30399
30398
30925
30834
30788
31547
31738
31473
31879
32011
32212
32485
32309
32780
32818
32480
33355
33349
33569
33393
33699
33673
33677
33805
33691
34389
34513
34650
34923
35003
35004
35552
35777
35675
35758
35832
35987
36498
36506
36201
36284
36992
36500
36779
36899
37149
36899
36824
37172
37168
37494
37476
37470
37894
38184
38032
37962
38326
38700
38757
38918
38840
38827
38696
39001
39398
39394
39346
39338
39489
39235
39599
39683
39830
40347
40251
40335
40249
40457
39801
40327
40462
40750
40765
40802
40645
41148
40889
41210
41387
41326
41766
41662
41537
41284
41064
41480
41352
41560
41663
41678
41560
42121
42066
42017
42032
42072
42366
42485
42503
42390
42627
42830
43100
42875
43208
42497
42901
43289
42514
42962
42731
42750
42683
42599
42896
43051
43359
42836
43204
42877
43731
43210
43600
43218
43279
43288
43193
43117
43776
43677
43448
43450
43507
43063
43223
43184
42933
43448
42687
42677
42572
42476
43461
43168
42646
42334
43161
42839
42596
42877
43204
43070
42996
43090
42791
43310
43039
43158
43118
43202
42314
43069
42327
42892
42866
42742
42369
42139
42468
42145
43060
42433
42380
42014
42334
42334
41864
42333
42145
42236
42382
42504
42774
42897
42288
42789
42040
42187
42225
41793
41771
42223
41877
41138
41508
41026
41282
41570
40794
40859
41127
40700
41513
41055
41028
40812
40899
40675
40555
40662
41035
40408
40543
40771
40512
40473
40377
40332
40119
40144
39493
39706
39333
39559
40082
39349
39070
39385
38935
38643
39167
38871
38606
38859
39016
38778
38321
38999
38630
38268
38356
38236
37936
37630
37346
37700
37816
37878
37228
37098
36584
36711
36907
36741
36380
36219
36579
36174
36172
36008
36101
35838
36110
35957
35902
35856
35960
35972
35810
35864
35595
35102
35478
35230
35024
34539
34571
34854
34254
34590
34193
34044
33766
33882
33885
33534
33757
33456
33778
33206
33649
33195
33395
32771
33288
32913
32987
32985
32585
32722
32445
32706
32521
32385
32218
31972
31822
31690
31336
31142
30935
30841
30998
30941
30611
30801
30805
30322
30336
30389
30695
30242
30088
29705
29980
30076
29938
29948
30054
29471
29445
28838
28478
28708
28488
28304
28916
28176
27910
28023
27684
27186
27417
27723
27338
27187
27396
26870
27007
26781
26525
26480
26578
26373
26560
26183
25886
26243
25780
25758
25469
25521
25356
25149
25056
25054
25081
24306
24464
23988
23952
23999
24112
23676
23717
23442
23234
23381
22966
22935
23254
22752
22989
23070
22833
23114
22809
22453
22048
22481
22150
22037
21817
21767
21610
21107
21449
21369
21029
20660
20721
20554
20603
20700
20347
20307
20395
20091
19973
19635
19937
19949
19851
19389
19403
19563
19282
18982
19285
18898
18908
18795
18684
18529
18639
18442
18341
18331
17768
17892
17830
17934
17336
17554
17478
17304
17057
16837
16995
16720
16609
16167
16512
16787
16230
16260
16075
16113
15889
15946
15439
15964
15891
15541
15539
15216
15346
14916
15026
14615
14504
14281
14474
14567
14317
14001
14067
14033
13662
13658
13588
13587
13549
13619
13380
13492
13173
13150
13166
13075
13074
12862
12951
12724
12740
12415
12587
12507
12098
12037
11832
11845
11518
11798
11794
11451
11568
11355
11197
11230
11025
11187
10907
10842
10752
10883
10869
10916
10378
10491
10376
10324
10163
10236
10247
10046
10023
9950
9817
9939
9768
9641
9372
9556
9622
9604
9625
9289
9330
9051
9023
8983
8984
8700
8892
8574
8607
8783
8615
8595
8491
8435
8265
8228
8235
8064
8032
8151
7890
7945
8117
7991
7566
7599
7684
7520
7397
7346
7339
7562
7315
7366
7211
7246
6872
6691
6827
6725
6732
6608
6719
6815
6933
6467
6386
6328
6342
6345
6081
6288
6258
6273
6195
6264
6232
5786
5947
5774
5756
5778
5783
5539
5557
5532
5565
5694
5522
5425
5244
5389
5239
5023
5240
5046
5090
5084
5082
5050
4931
4830
4936
4788
4803
4709
4738
4701
4694
4632
4538
4753
4480
4525
4605
4398
4417
4323
4299
4423
4212
4165
4267
4087
4189
4135
4007
3782
3773
3981
3831
3810
3779
3894
3735
3679
3642
3624
3497
3624
3755
3664
3379
3612
3491
3569
3400
3448
3265
3425
3339
