658
643
674
661
661
666
668
666
652
678
666
663
655
673
659
663
677
675
649
664
691
669
671
671
695
678
686
671
690
681
703
684
673
670
678
660
679
693
664
689
684
696
686
685
705
688
707
687
692
707
700
701
675
692
688
673
715
705
688
701
705
710
713
710
714
708
717
723
713
729
685
715
714
711
732
722
711
733
721
715
735
723
744
759
736
737
740
736
737
754
709
725
770
741
761
735
735
749
729
766
766
750
752
773
771
762
765
780
762
776
758
758
770
749
804
779
755
801
793
789
783
824
783
819
791
808
830
785
808
817
836
814
818
807
822
821
814
819
792
804
844
789
845
833
838
854
850
888
829
843
868
884
909
873
828
875
891
874
835
899
896
874
876
887
880
907
893
915
912
894
904
896
946
916
901
925
887
938
929
921
927
920
951
938
936
956
958
964
958
950
949
946
974
925
990
997
993
1005
1034
1025
964
1009
995
990
1023
982
1027
1061
1036
1043
1012
1016
1062
1013
1084
1039
1032
1089
1071
1084
1117
1052
1044
1074
1075
1135
1127
1121
1120
1185
1125
1148
1185
1134
1172
1177
1173
1146
1181
1159
1169
1184
1209
1218
1166
1201
1211
1289
1202
1203
1235
1201
1298
1321
1297
1221
1243
1252
1326
1271
1305
1234
1302
1299
1285
1397
1333
1349
1307
1399
1336
1350
1380
1329
1360
1399
1445
1438
1401
1400
1420
1414
1414
1419
1435
1431
1472
1511
1458
1471
1432
1573
1552
1486
1510
1501
1523
1518
1524
1571
1567
1577
1585
1579
1509
1609
1610
1643
1557
1572
1622
1576
1742
1678
1669
1677
1697
1702
1693
1726
1743
1722
1812
1786
1870
1823
1802
1775
1839
1836
1786
1765
1866
1877
1837
1893
1840
2006
1953
1963
1990
2037
1978
1987
1960
1970
2020
1968
2077
2057
2020
2075
2070
1985
2009
2046
2215
2134
2141
2184
2183
2197
2253
2205
2173
2245
2189
2287
2272
2183
2250
2270
2297
2366
2338
2356
2392
2462
2382
2482
2430
2451
2564
2508
2474
2478
2494
2503
2457
2551
2598
2599
2628
2736
2700
2628
2699
2799
2744
2687
2602
2795
2784
2794
2880
2923
3022
2967
2818
2938
2888
3071
3027
2981
3047
3062
3029
3183
3077
3175
3180
3185
3302
3232
3259
3226
3474
3206
3411
3501
3491
3532
3500
3639
3622
3592
3613
3774
3646
3743
3663
3822
3851
3809
3876
3929
4019
3938
4121
4095
4089
4081
4307
4216
4327
4374
4415
4346
4632
4485
4471
4816
4701
4714
4890
4798
4792
4910
4879
4934
4996
5064
5134
5049
5195
5313
5352
5371
5489
5552
5577
5780
5670
5583
5491
5738
5776
5835
5865
5600
6020
5970
5982
6059
6083
6284
6173
6146
6325
6467
6443
6502
6583
6593
6717
6909
6736
6898
6800
6977
6849
7201
7102
7145
6965
7263
7295
7515
7459
7665
7789
7717
7795
7988
7889
7788
8043
8047
8006
8022
8497
8252
8359
8423
8520
8691
8670
8706
8778
9068
9055
9368
9267
9609
9422
9698
9741
9835
9836
9853
10063
9818
10466
10321
10415
10534
10735
10635
10944
10978
10695
11237
11296
11344
11405
11483
11817
12134
12024
12351
12246
12293
12533
12688
12657
12661
12637
13018
12956
13143
13415
13188
13538
13591
13689
14117
14095
14134
14410
14821
14854
14957
14958
15064
15287
15505
15591
15509
15582
15921
15864
15857
16008
16474
16142
16653
16696
16933
17144
17344
17507
17277
17775
17722
17898
18437
18013
18277
18373
18622
18542
18861
19114
19185
19196
19391
19493
19817
20050
19977
19960
20463
20469
20723
20802
21132
21421
21500
21563
22056
21774
22177
22547
22218
22324
22543
22826
22724
22869
23076
23393
23469
23474
23866
23660
23902
24634
24135
24880
24560
24927
24735
25315
25773
25590
25798
25595
25589
26033
25810
26185
26258
27044
26602
27088
26944
27055
27074
27142
27397
27948
28105
27637
28724
28109
28252
28670
28430
29012
28872
28708
29075
29057
29367
29246
29391
29593
29292
29672
29740
30012
30282
30268
30294
30783
31116
31141
30759
31293
31230
31055
31571
31287
31689
31390
31881
31426
31460
31937
31816
32368
31550
31993
32552
32444
32538
32868
32988
32881
33021
33089
33407
33349
33660
33513
33547
33778
33513
34049
33871
33821
34191
33855
34078
34281
34535
34247
34120
34283
34838
34675
34777
34671
34604
34851
34913
35261
35367
35346
35345
35392
35558
35510
35579
35836
35314
35551
35647
35843
35720
35887
35647
35880
36047
35951
35820
36141
36428
36652
36769
36662
37040
36324
36703
36922
36903
36802
36850
36560
37050
36996
36931
36663
36632
36447
36823
37031
36405
37316
36737
36872
37084
36887
37427
37368
37327
37454
37515
36961
37881
37148
37793
37127
37881
37583
37346
37005
37402
37277
36980
37112
36782
37089
36867
37174
37001
36785
37091
37470
37653
37616
37389
37589
37469
37736
37381
37605
37425
37809
37555
37235
37057
37190
37151
37486
37116
37218
36681
36887
37275
36711
36422
37156
36837
37232
37157
37065
36883
37172
36952
37231
37280
37593
37088
37338
36888
37079
37041
37137
36544
36670
36958
36970
36975
36662
36334
36354
36572
36374
36687
35968
36479
36356
36346
36260
35993
36655
36464
36441
36698
36622
36437
36330
36415
35935
36292
35998
36178
35857
35967
35866
35467
35428
35711
35872
35211
34851
34797
34590
35139
35091
35102
35272
35399
34974
35236
35011
34849
34685
34932
34487
34318
34527
34021
34362
33873
34120
33812
33646
33490
33643
33624
33698
33230
33252
33579
33515
33503
32976
33103
33279
32758
32705
32880
33232
32912
33344
32967
32517
33140
32620
32449
32587
32282
32370
32311
32183
31798
31635
31838
31857
31520
31678
31397
31222
31435
31079
30988
31152
31154
31146
30897
31017
31223
30734
30963
30902
30512
30771
30293
30811
30586
30307
30224
29940
29973
29707
29608
29438
29379
29715
29480
29291
29263
28974
28676
28683
29327
28392
28969
28768
28351
28727
28753
28356
28774
28270
28162
28511
28191
28086
28264
28139
27581
26997
27272
26967
26779
27017
26844
26992
26428
26602
26484
26312
26350
26249
26441
25891
25857
25822
25325
25938
25684
25484
25367
25628
25037
25637
25417
24927
24966
24449
24277
24100
24457
24452
24166
23726
23758
23639
23590
23592
23311
23454
23330
23133
22940
22839
22889
22846
22723
22760
22563
22874
22738
22529
21999
21952
22078
22173
21835
22094
21973
21857
21771
21366
21332
21176
20736
20794
20935
20749
20546
20395
20666
20040
20115
20149
20341
20066
20161
19908
19558
19726
19763
19900
19853
19549
19361
19225
19306
19470
19323
18852
19000
18970
18649
18459
18394
18209
18299
17938
17849
17935
17851
17611
17950
17733
17451
17400
17117
17157
17002
16975
17095
16781
16862
16899
16298
16463
16408
16437
16304
16007
16112
15660
15838
15853
15711
15379
15247
14981
15336
15118
14901
14768
14808
14696
14607
14575
14175
14099
14202
14298
14048
14346
14115
14100
13930
13806
13401
13414
13807
13541
13611
13407
13145
13226
12897
12916
12694
12748
12685
12594
12527
12327
12408
12223
11867
11794
11762
11979
11907
11556
11630
11331
11809
11416
11555
11219
11211
11351
11144
11009
11333
11201
11044
11025
10815
10890
10637
10581
10088
10299
10388
10287
10537
10182
10283
10304
10090
9883
9919
9837
9698
9630
9405
9496
9484
9701
9319
9403
9398
9006
8957
9097
8876
8892
8882
8933
8893
8697
8629
8305
8619
8276
8191
8282
8343
8327
8109
8129
8031
8018
7706
7727
7794
7707
7703
7620
7736
7640
7680
7417
7463
7113
6957
7044
7168
7310
7006
7053
7191
6928
6932
6795
6730
6632
6619
6641
6480
6559
6554
6404
6428
6345
6169
6238
6160
6094
5998
5978
6000
5984
5981
5814
5943
5904
5723
5535
5557
5562
5428
5328
5425
5320
5326
5480
5442
5418
5302
5309
5244
5021
4796
5070
4921
4800
5007
5028
4981
4956
4708
4674
4728
4613
4642
4615
4591
4448
4609
4497
4321
4154
4219
4217
4238
4245
4282
4212
4157
4204
4195
4046
4114
4154
3973
3792
3749
