629
624
638
630
631
637
642
638
633
634
629
655
620
644
637
636
621
650
635
621
635
652
637
645
632
641
638
653
644
639
630
650
647
632
622
646
651
641
648
617
635
653
652
653
641
640
645
647
648
636
647
639
665
654
643
650
648
632
662
655
648
655
640
650
648
679
665
647
644
673
665
648
669
658
663
680
653
672
671
657
678
665
674
648
666
671
657
671
676
669
659
676
683
671
672
679
696
669
662
674
687
679
671
687
677
686
666
680
693
666
689
670
669
682
691
686
682
701
697
687
698
698
674
706
688
670
702
711
714
676
692
693
694
703
717
682
699
742
727
693
687
701
743
695
709
726
696
726
748
714
711
711
690
721
716
717
750
720
720
730
724
737
716
745
739
743
741
739
739
737
742
751
750
746
760
734
748
728
730
756
758
782
739
773
777
762
771
757
747
803
781
756
777
792
784
817
786
797
791
800
810
784
823
812
816
797
824
837
817
808
828
859
842
832
834
795
808
868
853
833
838
812
849
850
879
838
883
883
869
907
872
824
873
866
884
820
870
853
901
866
875
915
884
887
879
920
900
945
921
943
955
893
951
943
936
937
940
978
962
989
929
981
952
940
964
977
1028
1022
1007
987
974
995
993
984
1012
1028
987
999
1073
1008
1038
1061
1065
1022
1015
1012
1097
1070
1060
1086
1084
1083
1126
1072
1082
1088
1148
1110
1089
1092
1158
1120
1129
1130
1118
1190
1142
1151
1221
1126
1165
1212
1197
1183
1129
1261
1247
1292
1225
1269
1230
1245
1276
1321
1295
1274
1372
1293
1334
1306
1368
1345
1356
1365
1386
1370
1407
1286
1342
1384
1407
1439
1423
1456
1479
1455
1488
1404
1475
1464
1509
1486
1513
1537
1585
1494
1539
1512
1621
1586
1579
1525
1570
1592
1566
1673
1619
1641
1631
1605
1697
1735
1681
1771
1718
1692
1777
1799
1696
1800
1819
1843
1803
1844
1838
1865
1825
1882
1891
1876
1951
2012
1941
1980
2013
2109
1963
2041
2111
2033
2133
2184
2130
2191
2142
2229
2157
2256
2205
2238
2221
2315
2318
2297
2365
2407
2377
2412
2454
2497
2478
2450
2535
2625
2513
2572
2630
2679
2713
2708
2773
2799
2773
2784
2900
2945
2978
2998
3015
3071
3068
3278
2978
3203
3188
3318
3269
3297
3358
3394
3453
3562
3499
3767
3677
3808
3744
3791
3879
3887
3961
4050
3993
4110
3962
4098
4197
4167
4262
4371
4404
4547
4488
4590
4402
4582
4706
4766
4824
4969
4913
5014
5147
5044
4878
5076
5170
5115
5202
5305
5416
5391
5512
5462
5566
5755
5759
5787
5813
6047
5840
5950
6072
6110
6284
6314
6392
6391
6499
6496
6520
6841
6771
6806
6844
6964
7042
7164
7232
7372
7605
7528
7558
7724
7580
7562
7852
7807
7825
7823
8198
8360
8203
8275
8479
8512
8763
8914
8986
9107
9256
9136
9566
9483
9571
9744
9939
10062
10206
9982
10320
10616
10806
10432
10664
10906
11017
11230
11385
11454
11948
11579
12171
12308
12299
12741
12634
12640
12827
12888
13232
13046
13577
13700
13793
13989
14227
14047
14600
14439
14717
14825
14913
15320
15470
15694
15674
15793
16303
16290
16508
16761
17189
17124
17377
17575
17644
17569
18079
18292
18173
18372
18618
18907
18810
19208
19449
19835
20029
20014
20509
20249
20956
21210
21340
21497
21392
21933
22008
22062
22382
22019
22903
23038
22996
23233
23306
23476
24065
23847
24297
24715
24864
25255
25730
25832
25965
26304
26130
26483
26412
26667
26986
26953
27355
27660
27599
28397
28449
28451
28547
29122
28885
29238
29852
30029
30424
30124
30589
30912
30854
31270
31864
31900
31730
32561
32373
32582
33028
32693
33052
32815
33448
33222
33618
34084
34421
34245
34558
34837
34904
35452
35518
35863
36255
36222
36220
36577
36507
36910
36982
37179
37035
37941
37510
37653
38017
38228
38086
38158
38716
38555
39447
39409
39891
39683
40048
39647
40113
40346
40085
40666
40720
40678
40778
40820
41218
40683
41442
41501
41730
41047
41453
41767
42099
42334
42642
42819
42876
43322
42718
43405
43602
43259
43935
43913
44143
43773
44960
43802
44504
44362
43644
44675
44670
44826
44452
45236
44625
45265
45549
45338
45774
45958
46149
45892
46285
46287
46475
46265
46160
46334
46570
46321
47016
46120
46879
46329
46743
46242
46628
46692
46517
46984
47164
47167
47243
47120
47625
47749
47439
47852
47385
48145
47601
47930
48415
47830
47784
48305
47777
47902
47330
47582
47449
47793
47983
47618
47794
47886
47766
48281
48261
48486
48587
48438
48217
47920
48037
48749
48652
48249
47926
48253
48133
47971
47694
47998
47698
47325
48283
47568
47053
47556
47194
47432
47161
47241
47189
47428
47497
47358
47697
46993
47694
47675
47322
47803
47424
47329
47254
46986
46849
46934
46795
46611
46260
46018
46466
46122
45704
45832
46081
46499
46162
45703
46540
45678
45808
45838
45205
45772
45715
45249
45839
45533
45968
45433
45330
45358
45244
45066
44425
44192
44437
44500
44755
44193
43657
43974
44016
43736
43032
43371
43452
43797
43346
43991
44005
43179
43155
43312
42379
43028
42644
42688
42802
42006
41972
41847
41129
41488
41510
41424
40865
41303
40692
40670
40400
40484
40493
40421
40178
39987
39958
39577
39804
39774
39819
39661
39335
39176
39243
38876
38817
38439
38322
37987
37489
37889
37489
37149
37076
36888
36738
37038
36671
36609
36222
36621
36372
36089
36297
35981
35853
36108
35698
35602
35577
35464
35135
35114
34728
34626
34735
34593
33862
34206
33920
33474
33422
33442
33161
33038
33104
32719
32350
32322
32531
32121
31907
32174
32039
31883
31359
31516
31560
31608
31292
30771
31027
31015
30457
30230
30122
29882
30114
29760
29656
28888
29325
28565
28830
28675
28445
28816
28340
28401
28152
28069
27995
28192
27507
27597
27581
26995
26870
27138
27190
26926
26461
26770
26290
26042
25509
25851
25621
25262
25104
25077
25081
25052
24522
24261
24435
24332
24358
24251
23833
23301
23390
23183
22969
23212
23068
22950
22744
22462
22651
22495
22383
21698
21871
21494
21436
21500
21125
21243
20790
20546
20452
20234
20063
20105
19938
19789
19736
19633
19616
19404
19425
19384
18966
18943
18810
18792
18865
18684
18654
18315
18586
18336
18108
17950
17453
17526
17667
17556
17185
17150
16799
16668
16803
16569
16684
16236
16312
16101
16211
15887
16008
15573
15624
15490
15418
15375
15318
15368
15115
15055
14827
14950
14887
14369
14454
14178
14411
14245
13946
13938
13885
13857
13537
13333
13667
13452
13253
12955
13018
12817
12388
12523
12382
12612
12618
12301
12436
12293
12132
11649
11827
11713
11852
11721
11531
11650
11181
11146
11067
10870
10777
10704
10603
10794
10618
10611
10289
10457
10150
9893
9806
9790
9773
9802
9799
9685
9459
9269
9393
9508
9180
9034
8996
9036
8839
8975
8828
8750
8595
8516
8559
8349
8398
8343
8293
8162
7944
8127
7953
7732
7781
7697
7467
7550
7779
7480
7404
7249
7166
7095
7004
7113
7158
6938
6846
6834
6820
6821
6783
6664
6677
6558
6540
6340
6385
6167
6383
6148
6031
6266
6199
6007
5955
5955
5879
5743
5558
5707
5589
5777
5637
5467
5391
5585
5432
5296
5096
5210
5089
5166
5278
5114
5210
4951
4807
4905
4787
4885
4732
4641
4889
4642
4613
4581
4436
4385
4383
4335
4408
4255
4323
4347
4302
4181
4185
4135
3970
3992
4002
3961
4064
3848
3893
3888
3907
3817
3741
3735
3683
3575
3496
3567
3547
3549
3559
3484
3493
3348
3351
3367
3290
3199
3189
3148
3201
3133
3042
3057
3035
3046
3000
3021
2962
2907
2926
2840
2898
2901
2918
2941
2800
2799
2735
2794
2663
2546
2623
2589
2630
2672
2556
2546
2483
2426
2481
2360
2421
2438
2416
2363
2347
2426
2321
2284
2254
2220
2204
2198
2205
2110
2133
2114
2260
2159
2148
1995
2043
2056
2003
1969
