666
658
669
652
659
651
660
645
665
660
672
662
664
658
656
676
669
661
685
674
668
667
673
673
668
661
669
674
682
674
682
679
680
701
687
656
677
711
689
688
686
707
702
698
703
706
718
699
693
689
681
697
709
699
692
714
706
683
707
705
696
714
710
708
715
704
722
708
725
731
707
750
705
724
728
720
746
727
754
735
737
716
744
717
716
734
725
742
729
740
702
736
725
761
746
721
759
734
744
760
742
771
762
767
770
761
751
745
759
764
792
806
778
792
790
803
782
814
786
805
774
810
792
813
812
778
797
789
827
812
788
814
821
829
816
812
830
797
811
846
832
864
894
829
842
837
846
844
881
872
864
863
854
872
865
886
861
863
868
856
869
875
872
896
828
898
892
947
891
917
884
920
894
912
932
912
918
902
925
931
936
924
948
920
910
962
981
957
949
942
957
916
972
1003
974
988
1015
948
971
1029
1005
1016
1042
987
959
982
1021
1012
1025
1083
1022
1007
1071
1027
1064
1046
1061
1043
1051
1038
1049
1089
1107
1106
1088
1106
1110
1131
1144
1154
1101
1143
1147
1143
1129
1158
1185
1143
1149
1173
1147
1180
1133
1153
1215
1178
1245
1231
1232
1248
1226
1278
1270
1215
1255
1249
1248
1276
1248
1280
1258
1270
1293
1317
1333
1298
1297
1305
1331
1304
1376
1315
1383
1357
1390
1335
1359
1371
1350
1410
1453
1423
1404
1458
1422
1418
1392
1430
1475
1508
1512
1427
1413
1511
1509
1477
1489
1552
1520
1547
1558
1560
1484
1594
1570
1579
1613
1614
1667
1656
1585
1623
1601
1646
1670
1625
1738
1641
1766
1721
1738
1695
1760
1733
1748
1750
1710
1802
1786
1788
1767
1848
1793
1833
1948
1821
1838
1823
1912
1907
1903
1912
2071
1937
1974
2015
1894
1986
2072
1922
2053
2008
2040
2036
1964
2082
2144
2110
2067
2084
2077
2124
2152
2245
2218
2206
2221
2202
2211
2249
2296
2279
2321
2310
2299
2353
2320
2366
2361
2317
2407
2451
2348
2435
2438
2450
2419
2481
2442
2518
2585
2570
2632
2617
2679
2650
2667
2646
2753
2778
2734
2703
2863
2794
2763
2723
2949
2801
2851
2882
3041
2989
2996
3068
3062
3021
3003
3102
3021
3197
3157
3214
3266
3229
3267
3379
3403
3444
3292
3410
3388
3354
3464
3584
3544
3531
3654
3766
3755
3704
3834
3952
3923
3908
3928
3910
4159
4148
4149
4225
4177
4192
4340
4400
4375
4552
4590
4586
4625
4760
4842
4815
4861
4842
4787
4896
5077
5129
5036
5054
5048
5179
5097
5319
5316
5350
5509
5627
5571
5548
5508
5771
5691
5855
5760
5895
5974
6052
6005
5998
6065
6127
6172
6100
6335
6353
6413
6476
6362
6525
6573
6575
6856
6671
6773
6957
6859
6953
6961
6934
7100
7433
7223
7182
7446
7318
7604
7487
7767
7591
7767
7782
7830
7781
7760
7768
7912
8181
8276
8316
8325
8441
8434
8585
8723
8511
8604
8662
8735
8963
8985
9152
9240
9337
9290
9524
9704
9849
9634
9974
9849
10018
10111
9927
10429
10490
10339
10540
10689
10904
10873
10978
10956
11209
11427
11526
11787
11699
11853
12054
12188
12149
12166
12403
12353
12468
12761
12560
12607
12970
12969
13041
13054
13308
13569
13535
14016
13871
14019
14339
14510
14305
14383
14547
14808
14912
15142
15076
15083
15444
15667
15543
15916
16118
16178
16604
16553
16429
16774
17013
17026
17144
17252
17530
17491
17670
17613
18251
17953
17860
18193
18331
18692
18638
19045
18853
18898
19285
19436
19551
20063
20035
19907
20329
20657
20464
20682
21035
20826
21253
21385
21690
21648
21393
22074
22206
22164
22165
22161
22556
22720
23001
23152
23347
23781
23877
23440
23920
24312
24166
24576
24705
24983
24883
25015
25451
25193
25298
25415
25754
25809
25760
25994
26141
26412
26477
26643
26881
26990
27242
27227
27543
27610
28022
27859
28043
27898
27911
28448
28235
28653
28784
28360
28717
28779
28901
29125
29426
29534
29435
29446
30107
30331
29788
30131
30311
30802
31042
30091
30564
30970
31075
31057
31030
31300
31326
31272
31804
31672
31706
31571
31976
31792
31952
31954
32039
32536
32550
32207
33102
32873
33710
33254
33180
33134
33695
33784
33209
33569
33211
33383
34215
34186
33822
33722
33617
33755
33690
34468
34424
34315
34672
34709
34375
34956
34667
34835
34859
34929
35177
35157
35506
35345
35114
35509
35344
35182
35595
35280
35400
35417
35863
35896
36087
36136
35195
36302
36425
35978
36585
36565
36499
36419
36610
36863
36301
36685
36691
36830
36351
36620
36908
36577
36189
36628
36688
36596
36628
37039
36841
36782
36862
37373
36778
37449
36950
37214
37540
37580
37310
36993
37732
37581
37465
37335
37059
37142
37054
37323
36848
36961
37124
37107
36851
37214
37047
37093
37180
37381
37223
37250
36993
37310
36950
37333
37506
37630
37493
37532
37382
37449
37134
37494
37422
37162
37449
37413
36721
36816
37139
36732
36806
36583
37079
37181
37005
37279
36550
37334
37427
37072
37492
37503
36937
37243
37465
37335
36956
37352
36623
36943
37204
36874
36622
36537
35874
36690
36261
36675
36648
36704
36283
36354
36607
36481
36432
36774
36688
36431
36445
36741
36636
36466
36153
36460
36299
36002
36038
36132
35774
35810
35638
35775
35618
35226
35301
35174
34806
34988
35010
35028
35492
34943
34712
34770
35318
35155
34739
34576
34887
34458
34553
34713
34496
34372
34020
34519
34068
34046
34210
33316
33621
33434
33019
33266
33637
33576
33290
33479
33296
33042
33488
33032
33325
32765
33163
32976
33062
32894
32734
32591
32559
32564
32450
32452
32420
32293
31824
31916
31486
32123
31887
31549
31723
31959
31097
31580
31027
31067
31430
31169
31291
31183
30993
31504
30714
31051
30881
30770
30828
30975
30197
30476
30417
30337
29922
29961
29509
29881
29768
29708
29506
29158
28978
29041
28691
28994
29203
28614
28631
29063
29038
28961
28596
28358
28532
28306
28494
28320
28257
27914
27848
27593
27488
27327
27195
27538
27397
26652
26715
26704
26378
26607
26215
26445
26017
26586
26104
25859
25588
25658
25722
25366
25474
25761
25769
25635
24840
25468
25010
25100
24989
24372
24220
24568
24249
24425
24350
23692
23704
23946
23390
23454
23709
23335
23052
23285
23090
22884
22929
22955
22261
22340
22802
22544
22603
22244
22248
22139
22309
22125
21942
21793
21800
21676
21483
21423
21597
20968
20826
20997
20563
20365
20723
20794
20476
20638
20016
19992
20038
20037
19837
19805
19731
19808
19555
19749
19308
19478
19342
19429
19168
19038
18945
18862
18401
18640
18568
18249
18485
18248
18061
18028
17710
17919
17468
17537
17703
17702
17129
17044
17037
17080
16940
16803
17059
16786
16907
16613
16602
16207
15910
16423
16247
16029
15891
15674
15526
15579
15661
15426
15196
15172
15127
15031
14942
14484
14719
14950
14430
14235
14253
14102
14157
14086
14150
14052
13931
13846
13879
13780
13562
13307
13447
13426
13160
13292
13064
13056
12598
12644
12482
12678
12431
12632
12516
12443
12060
12089
11862
11731
11483
11921
11877
11592
11480
11387
11587
11204
10995
11072
11062
11129
10822
10824
10982
11058
10902
10805
10570
10779
10558
10556
10437
9970
10231
10082
9969
10345
9923
10085
9925
9740
9675
9456
9520
9141
9308
9339
9280
9277
9092
9184
9216
8952
8878
8725
9040
8579
8426
8664
8706
8495
8467
8320
8467
8310
8176
8312
8345
8081
7979
8007
7821
7880
7713
7659
7523
7589
7487
7326
7429
7548
7419
7271
7227
7182
6964
7031
7035
7007
6970
6965
6864
6854
6865
6584
6574
6478
6409
6063
6268
6316
6293
6259
6130
6250
6201
6033
5939
5780
5922
5771
5606
5835
5895
5688
5639
5924
5597
5482
5614
5347
5299
5155
5253
5270
5150
5299
5227
5193
5099
5029
5173
4873
4807
4908
4648
4657
4741
4844
4689
4550
4747
4554
4542
4532
4407
4603
4422
4505
4506
4363
4170
4202
4191
4044
4123
4056
3991
4296
3957
4039
4028
3965
3900
3891
3817
3791
3704
