659
675
662
659
682
648
653
668
657
659
655
673
678
689
675
674
658
675
678
671
673
670
675
673
649
674
697
685
679
662
678
666
689
673
669
665
658
683
660
669
685
681
712
694
717
689
690
683
694
681
684
678
713
701
689
704
709
680
723
702
706
714
709
711
733
707
717
705
722
714
714
709
738
722
719
718
729
729
704
733
742
714
716
739
743
727
706
735
745
761
722
724
719
731
737
740
731
752
741
752
736
751
741
746
716
768
756
763
760
738
762
783
778
739
777
773
783
772
781
758
757
764
744
789
781
826
799
799
806
770
806
817
791
794
804
828
802
842
838
776
810
791
820
801
850
836
856
856
844
856
849
839
840
848
795
851
837
842
852
847
875
842
886
861
878
896
862
882
891
874
850
881
886
894
853
850
915
864
898
900
898
899
871
915
926
912
896
929
910
938
955
934
954
975
948
925
974
960
1007
976
950
972
995
1001
1019
1008
967
985
992
971
1011
1002
1048
1025
1026
1061
976
995
995
1004
1039
1048
1110
996
1053
1021
1106
1104
1086
1076
1068
1136
1079
1123
1093
1102
1100
1166
1098
1134
1123
1148
1117
1096
1140
1149
1172
1254
1135
1192
1226
1167
1209
1194
1249
1236
1155
1181
1179
1181
1285
1243
1237
1267
1255
1287
1259
1251
1274
1283
1294
1299
1280
1276
1316
1347
1368
1384
1353
1338
1304
1326
1353
1318
1376
1424
1404
1368
1415
1388
1437
1399
1393
1347
1432
1447
1412
1472
1406
1470
1458
1518
1510
1455
1466
1516
1551
1613
1502
1543
1577
1523
1606
1512
1591
1548
1661
1612
1646
1664
1701
1728
1624
1610
1661
1690
1713
1686
1654
1727
1664
1755
1776
1771
1849
1794
1825
1823
1742
1864
1881
1800
1845
1877
1866
1916
1892
1973
1859
1993
1913
1934
1995
2007
1946
2042
1930
1932
1981
2055
1998
2113
2106
2065
2205
2088
2089
2042
2128
2213
2150
2124
2203
2214
2249
2197
2201
2282
2310
2375
2268
2307
2335
2314
2379
2285
2355
2368
2452
2410
2439
2472
2522
2438
2646
2611
2516
2522
2647
2670
2667
2665
2677
2663
2795
2746
2764
2853
2734
2801
2816
2796
2855
2893
2889
2915
3005
3135
3030
3087
3102
3057
3075
3138
3281
3283
3258
3352
3272
3206
3387
3377
3532
3554
3474
3484
3650
3623
3679
3585
3844
3869
3894
3889
4086
3939
3929
4085
4105
4082
4209
4119
4301
4224
4591
4502
4436
4642
4771
4650
4760
4808
4870
4864
4929
4933
5000
5038
5213
5139
5116
5211
5229
5231
5513
5531
5645
5487
5622
5822
5690
5831
5839
5871
5861
5983
5995
6113
5961
6051
6245
6285
6341
6395
6240
6371
6514
6500
6638
6762
6809
6928
6813
6738
6790
6951
6987
6817
7181
6992
7116
7318
7003
7234
7487
7364
7356
7751
7574
7635
7711
7839
7915
7824
7926
8003
8226
8151
8176
8315
8440
8554
8329
8577
8821
8504
8788
9065
8878
9067
9402
9326
9454
9507
9523
9677
9705
9857
9695
10203
9958
10163
10301
10286
10156
10509
10340
10649
10916
10737
10831
11119
11107
11406
11296
11707
11649
11697
11944
11847
12157
12435
12461
12483
12428
12477
12591
12828
13017
12955
13320
13168
13435
13546
13609
13680
14064
13922
14147
14515
14697
14549
14806
14812
15176
14949
15122
15191
15205
15539
15225
15759
16090
15997
16099
16570
16481
16844
16883
16991
17294
17207
17505
17689
17870
18123
18188
18561
18479
18588
18503
18657
18640
19001
19350
19393
19554
19601
19619
20066
20120
20312
20484
20309
20956
20800
21172
21384
21536
21779
21707
21762
21914
22398
22323
22666
22744
22597
22931
23044
23371
23264
23733
23946
23783
24383
24203
24565
24593
24912
25037
25072
25407
25771
25691
26189
25909
25816
25929
25903
26416
26261
26830
26745
26911
27381
27226
27497
27707
28089
28049
28199
28417
28657
29170
28921
28649
29169
29102
29617
29203
29583
29805
29971
29473
29892
29929
30461
30382
30379
30734
30901
31125
30918
31255
31173
31627
31508
31548
31918
31911
32259
32131
32250
32584
32483
32314
32128
32672
33252
32587
32999
33308
33103
33257
33083
33565
33895
33682
34003
33797
34641
34597
34654
34669
34470
34635
34778
34729
34855
35018
35213
35235
35275
34928
35331
35782
35508
35682
35752
35900
36024
36198
35986
36509
36279
36601
36539
36920
36604
36326
36705
36682
36550
37061
36635
37378
37032
36823
37027
37451
36908
37448
37325
37395
37447
37696
37854
37824
37670
38010
38400
38238
38332
38064
37991
38375
38465
37984
38539
38229
37863
38175
38276
38138
38175
38333
38223
38624
38490
38466
38738
39205
38509
39042
39310
38736
39282
38581
39156
39038
39174
39185
39338
39204
39294
38710
38949
38437
38891
38876
39090
38653
38637
39015
38371
38842
38636
38843
39315
38864
39005
39443
39124
38941
39435
39007
39357
39367
39269
38982
38964
39517
39136
39387
38543
39103
38802
38535
38485
38739
38674
38547
38862
39000
38869
39050
38751
38872
38994
39186
38936
39273
39226
38970
39085
38851
38861
38977
39347
38412
38888
38286
38359
37963
38105
38450
38295
38068
38874
38379
38256
37826
38078
38550
37808
37770
37992
38163
38251
38684
37618
37637
38372
37757
37831
37972
37853
37261
37018
37107
37336
37734
37263
36849
36849
36816
36811
36726
36284
36562
36714
36926
36710
36906
36707
36187
36428
36389
36594
36257
36240
36278
36085
36077
35727
35444
35836
35696
35067
35403
34887
34457
34422
34429
34963
34705
34321
34460
34187
34166
34394
34468
34380
34578
34278
34459
34277
34071
34112
34069
33629
34223
33608
33632
33640
33250
33413
32883
32587
32786
32698
32697
32850
32384
32310
32369
32366
32318
32401
32333
32450
32363
31936
32786
31965
32255
31759
31905
31670
31935
31352
31668
31021
30803
30973
30864
30770
30592
30470
30264
30236
30265
30188
30040
29741
29946
30002
30121
29406
29487
29505
29804
29186
29473
29271
29149
28898
29432
29170
28226
29103
28553
28315
27829
27943
27748
27938
28292
27710
27392
27312
27038
26904
27167
26992
26755
26899
26343
26687
26203
26331
26282
26199
26085
26281
25713
26030
25714
25564
25430
25230
25072
24888
25010
24988
24797
24861
24347
24016
23732
23893
23805
24083
23596
23500
23497
23294
23372
23049
23353
23178
22465
23055
23018
22741
22772
22566
22720
22399
22332
22431
22068
22072
21848
21749
21706
21664
21101
21135
20961
20835
20875
20662
20675
20716
20354
20554
20057
20248
19908
19652
19721
19716
20116
19861
19748
19419
19404
19384
19124
19169
19259
19198
18829
18903
18699
18762
18601
18338
18015
17702
17797
17914
17613
17511
17652
17625
17574
17132
17075
17215
17069
17164
17180
16835
16674
16457
16507
16180
15877
15868
16129
16103
16169
16001
15585
15666
15563
15328
14822
14817
15037
14842
14961
14608
14632
14650
14384
14226
14169
13977
14048
13971
13840
13941
13610
13919
13629
13730
13372
13210
13117
13406
13183
13167
13153
12802
12958
12727
12313
12289
12431
12406
12389
11876
12005
11708
11661
11589
11467
11721
11435
11313
11211
11260
11182
11251
11218
10894
10861
10901
10758
10679
10614
10524
10736
10572
10406
10061
10406
10300
10028
10101
10024
9908
10004
9768
9862
9869
9578
9488
9526
9454
9223
9063
8991
8970
9005
9102
8982
8743
8776
8740
8639
8753
8340
8558
8444
8386
8383
8504
8155
8170
8033
8023
7883
7766
7772
7707
7737
7835
7629
7522
7418
7189
7172
7329
7196
7309
7136
7059
7224
7153
6996
6862
6918
6747
6511
6523
6743
6656
6526
6556
6518
6524
6184
6122
6262
6344
5920
5969
6117
6119
5905
5976
5969
5875
5748
5657
5594
5438
5441
5376
5533
5462
5285
5363
5342
5178
5389
5252
5126
4960
4965
5109
4984
4984
4889
5027
4928
4846
4664
4859
4681
4494
4503
4560
4545
4536
4648
4299
4482
4393
4111
4146
4190
4138
4227
4107
4032
4091
4088
3936
3890
4088
3869
3865
3777
3811
3772
3862
3824
3715
3757
3549
3622
3560
3497
3498
