646
652
671
675
675
671
661
670
649
668
661
653
656
657
666
684
649
687
671
680
674
672
674
697
668
653
672
685
662
691
679
688
689
677
670
703
683
662
678
689
707
681
669
699
686
692
697
694
724
689
698
694
718
702
694
687
702
689
717
694
692
718
693
706
698
702
716
720
697
690
702
715
706
725
719
721
733
702
726
733
737
723
711
733
763
719
745
737
718
743
758
748
742
734
742
728
730
746
741
754
750
774
737
748
767
768
760
746
760
758
760
753
766
765
765
778
771
812
785
768
764
774
801
799
803
793
775
786
766
835
808
793
798
785
776
817
802
783
813
848
829
813
822
790
822
820
846
849
831
836
853
842
834
833
897
857
865
842
848
871
861
855
855
838
864
898
929
901
892
887
861
903
933
922
894
895
878
909
912
940
917
919
931
894
937
897
910
968
912
931
962
972
961
960
980
972
945
972
1022
986
975
1005
969
1013
1044
983
1022
997
1037
1039
1006
1032
1013
1024
1053
1019
1070
1011
1033
1056
1048
1041
1038
1076
1050
1096
1123
1086
1057
1130
1076
1097
1067
1071
1147
1150
1137
1174
1128
1171
1118
1151
1152
1186
1198
1191
1150
1138
1178
1271
1168
1189
1165
1207
1210
1192
1236
1241
1228
1255
1233
1271
1242
1249
1258
1261
1272
1255
1261
1241
1222
1341
1277
1369
1302
1381
1333
1353
1309
1379
1335
1392
1314
1352
1386
1432
1421
1419
1461
1408
1397
1414
1463
1418
1468
1426
1488
1466
1547
1512
1473
1559
1434
1585
1567
1611
1624
1570
1540
1538
1535
1670
1566
1627
1600
1656
1609
1641
1660
1623
1698
1655
1729
1664
1683
1644
1681
1710
1725
1797
1730
1834
1742
1875
1821
1831
1842
1863
1798
1917
1866
1833
1876
1850
1925
1875
1928
1939
1884
1919
1880
2000
1960
1961
2027
2068
2080
2109
1969
2077
2092
2103
2095
2189
2170
2142
2172
2138
2115
2177
2187
2191
2262
2290
2307
2242
2226
2424
2338
2388
2420
2393
2456
2283
2436
2448
2420
2312
2386
2500
2538
2516
2549
2534
2566
2577
2576
2466
2634
2708
2684
2690
2831
2701
2862
2788
2842
2799
2808
2918
2865
2937
2909
2888
2954
2970
2981
3101
2970
3152
3125
3157
3117
3126
3268
3302
3348
3297
3282
3409
3400
3261
3391
3519
3558
3626
3641
3698
3768
3813
3805
3804
3869
3967
3930
3931
4130
4167
4098
4132
4244
4215
4368
4360
4506
4488
4595
4593
4578
4722
4873
4928
4870
4867
4930
5122
4947
5168
5200
5254
5323
5171
5404
5343
5370
5583
5566
5628
5665
5677
5722
5813
6014
5750
6013
5969
6048
5912
6027
6195
6290
6129
6296
6280
6196
6466
6531
6694
6676
6679
6737
6794
6740
6944
6861
6933
6915
7165
7225
7215
7225
7247
7448
7535
7590
7562
7788
7635
7819
7795
7838
7974
7925
7862
7913
8156
7946
8386
8236
8294
8366
8448
8342
8626
8576
8915
8705
9079
9122
9068
9286
9556
9575
9408
9533
9802
9734
9845
9897
10019
10111
10399
10346
10461
10402
10563
10582
10497
10896
11025
11014
11221
11543
11475
11597
11632
12009
11834
12005
12122
12155
12370
12460
12533
12597
12635
12772
12683
12944
12892
12992
13358
13267
13636
13608
13615
13991
14052
14377
14227
14390
14456
14817
15340
15000
15202
15215
15317
15042
15606
15654
15829
15921
15951
16047
16758
16628
16890
17097
16798
17391
17129
17265
17510
17828
17968
18247
18172
18336
18254
18192
18423
18903
19124
18983
19365
19188
19180
19542
19851
20157
19855
20096
20238
20959
20995
21179
21487
21453
21601
21865
21984
22152
22269
21749
22428
22448
22570
22668
23050
22971
23460
23331
23477
23848
23965
24474
24313
24592
24841
24793
24989
25330
25186
25227
25476
25422
26003
25895
26058
25829
26085
26343
26275
26806
26837
27050
27405
27140
27524
27458
27909
27824
28259
28208
28633
28800
28721
28522
29390
28987
29310
29317
29478
29410
29745
29563
29997
29717
30192
30357
30710
30948
30658
30804
30891
30975
31185
31452
31620
31582
31239
31448
31713
31788
32115
32285
31533
31901
32456
32309
32458
32238
32721
32911
32815
33231
32930
33047
33636
33546
33826
34225
33750
34163
33984
34361
34572
34337
34298
33973
34696
34375
34359
34921
34900
34433
34616
34786
34898
35189
35332
35612
35503
35741
35630
35568
35894
35762
35915
35910
36008
36264
35799
36523
36025
36495
36217
36371
36531
36412
36443
36566
36867
36396
36824
36698
36653
37019
37364
37011
37380
37237
37220
37110
37355
37837
38128
37426
37768
37428
37387
37328
37224
36973
37504
37505
37316
37434
37794
37665
37907
37506
37980
38351
37928
38163
38031
37982
38354
38176
38498
38267
38292
37988
37910
37659
38101
38145
38084
37936
37916
37655
37573
38015
37489
37955
38455
38095
38057
38210
37905
38290
37670
38547
38134
38266
38197
38310
37834
38185
38197
37987
37484
37832
37864
38119
37651
38144
37657
37636
38065
37728
37912
38192
37728
38518
37957
38163
37642
37818
38347
38391
38181
38567
37809
37884
37591
37857
38001
37756
37631
37801
37340
37449
37456
36897
37597
37125
37693
36821
37100
37330
37402
36791
36939
37334
37239
37761
36947
37332
37170
37198
37156
36851
36931
36554
36927
36745
36550
35931
36578
36608
36470
36514
35995
35842
35471
35995
35681
35583
36335
36105
36045
35801
36161
35752
35759
36001
35374
35451
35675
35795
35151
34833
34903
35060
34344
34814
34564
34582
34477
34460
33322
34041
34187
34023
33963
33802
34008
33538
34034
33538
33820
33843
33736
33972
33273
33576
33782
33162
33234
33154
33030
33163
32986
32703
32589
32774
32429
31945
32373
32688
31949
32419
31796
31970
31831
31749
31721
31731
31392
31638
31738
31756
31283
31546
31499
31766
31310
31082
31331
31196
30784
30840
30491
30842
30520
30113
30045
30073
29918
29804
29614
29606
29374
29068
29467
29300
29429
29212
29088
29442
29100
28940
29011
28691
28780
28597
28821
28642
28430
28375
28108
27832
28070
27672
27565
27579
27327
26943
26599
26743
26449
27058
26858
26424
26770
26535
26654
26123
26284
26211
26032
26102
26082
25716
25697
25019
25589
25557
25137
25200
24517
24768
24793
24284
24178
24283
24298
23811
23613
23924
23601
23553
23166
23525
23331
23474
22882
22752
22905
22771
23265
22685
22445
22784
22581
22701
22178
22109
22228
21755
21796
21692
21702
21626
21500
21257
21288
20781
20912
20834
20671
20439
20568
20491
20116
20140
20345
19957
20024
19844
19602
19887
19905
19717
19492
19196
19617
19063
19357
19087
18907
18886
19194
18720
18686
18504
18115
18100
17896
18017
17925
17965
17879
17979
17523
17339
17502
17141
16844
17089
16964
16949
16940
16805
16697
16695
16377
16320
16232
16078
15954
16210
15883
15432
15851
15949
15145
15330
15162
15153
15194
15185
15026
14738
14712
14569
14328
14310
14000
14387
14165
14122
13978
13926
14045
13661
13788
13609
13400
13436
13062
13315
13213
13284
12953
12902
12741
12725
12469
12578
12542
12511
12213
11970
12044
12172
11935
11606
11443
11595
11627
11557
11345
11500
11325
10976
11132
10998
11003
10920
10734
10659
10886
11013
10896
10660
10372
10499
10683
10196
10135
10105
10149
10115
10089
10091
9860
10040
9584
9583
9570
9462
9591
9105
9263
9182
9108
8991
9149
9189
9028
8845
8662
8614
8771
8689
8691
8597
8576
8417
8256
8250
8245
8293
8146
8088
8155
8005
7874
7852
7828
7798
7520
7375
7313
7625
7498
7298
7219
7464
7307
7199
6929
6872
6860
6976
6740
6852
6768
6861
6851
6627
6684
6618
6573
6332
6462
6064
6131
6200
6102
6216
6099
6211
6068
5831
5834
5759
5675
5496
5485
5667
5705
5510
5549
5719
5498
5383
5321
5203
5360
5241
5071
5120
5113
5182
5112
5195
4959
4774
4863
4788
4729
4721
4726
4692
4602
4676
4607
4473
4434
4404
4423
4240
4284
4456
4387
4138
4388
4112
4207
4097
4156
4060
4020
3984
3783
3962
3958
3874
3999
3898
3880
3903
3619
3623
3598
