599
608
605
606
609
603
607
608
609
616
610
599
604
603
593
607
601
609
609
596
593
604
602
602
605
611
596
608
611
604
610
605
609
602
605
608
604
609
590
601
601
602
600
609
600
605
608
608
601
607
606
602
604
605
601
620
606
606
609
595
610
600
608
605
599
604
611
605
608
599
596
604
611
597
612
604
606
606
612
600
610
603
594
612
603
598
610
613
608
612
606
602
602
604
609
616
602
604
598
601
613
599
601
601
605
607
592
599
603
595
602
600
608
592
611
612
605
605
608
610
597
604
607
611
604
612
605
617
602
596
605
591
601
594
597
603
610
605
601
602
616
605
607
605
604
602
605
604
612
604
597
609
594
608
605
598
607
608
602
598
601
596
605
603
599
595
613
603
606
602
610
602
604
601
601
592
603
597
608
608
599
599
605
601
595
603
598
603
612
602
605
611
594
607
601
597
601
608
594
605
596
602
610
602
604
602
594
605
597
594
595
602
588
605
607
601
604
596
601
600
598
599
609
607
601
596
605
597
603
599
599
602
602
603
600
599
599
602
606
609
593
599
599
599
597
595
607
605
595
602
606
600
608
599
604
609
605
603
604
615
601
606
598
599
608
610
603
602
597
604
604
607
606
603
606
609
601
618
602
611
594
609
612
601
603
599
604
604
599
602
607
599
600
607
602
606
600
597
598
599
599
611
598
607
607
597
603
605
605
604
592
603
617
597
599
599
595
606
608
610
606
611
600
605
610
600
613
609
614
611
609
608
603
606
597
613
600
603
604
605
619
600
608
608
605
606
610
612
613
610
604
603
620
605
603
605
622
600
612
605
613
604
604
614
611
610
618
621
608
617
618
610
610
617
600
608
602
611
615
610
616
615
619
620
617
613
612
617
609
625
603
614
621
618
617
621
629
620
620
617
616
621
628
624
625
630
617
629
621
627
628
648
634
627
628
621
642
631
646
631
642
623
648
655
656
656
648
656
660
646
656
681
666
651
675
649
677
671
659
656
660
680
675
684
687
696
712
692
703
696
703
725
724
708
736
746
761
734
747
757
768
742
770
818
791
787
813
807
786
808
784
873
784
838
847
872
877
860
905
864
880
896
935
947
951
959
956
956
964
1024
1011
1038
1050
1034
1068
1099
1063
1108
1159
1121
1140
1185
1221
1215
1209
1243
1301
1228
1296
1320
1343
1364
1398
1418
1365
1374
1436
1447
1469
1515
1497
1512
1510
1574
1588
1616
1574
1717
1684
1651
1653
1739
1704
1706
1773
1800
1874
1850
1916
1921
1956
1869
1967
1973
1939
2036
1979
2078
2055
2098
2078
2100
2084
2179
2189
2210
2296
2203
2170
2264
2206
2223
2345
2275
2421
2306
2286
2277
2392
2311
2368
2356
2337
2431
2469
2432
2404
2443
2460
2505
2540
2418
2500
2481
2509
2615
2566
2498
2532
2503
2562
2579
2701
2568
2614
2632
2560
2632
2612
2593
2703
2579
2615
2676
2691
2570
2733
2631
2636
2611
2707
2674
2755
2734
2630
2664
2760
2659
2743
2733
2703
2767
2647
2583
2653
2612
2786
2762
2779
2747
2706
2901
2724
2804
2750
2892
2733
2753
2658
2773
2903
2825
2860
2789
2939
2856
2861
2825
2929
2844
2794
2794
2895
2962
2870
3009
2925
2996
3012
2947
2927
2944
3075
3092
3036
3144
3007
3015
3023
3019
2992
3042
3089
3052
2996
3102
2979
3041
3077
3156
3190
3162
3131
3172
3241
3043
3055
3167
3130
3113
3124
3116
3128
3049
3049
3040
3124
3104
3081
3067
3009
3125
3097
3020
3124
2993
3050
2940
3028
3083
2816
2919
2904
2846
2837
2798
2804
2850
2661
2807
2713
2750
2795
2720
2655
2631
2703
2650
2543
2615
2556
2598
2556
2503
2482
2443
2505
2448
2421
2363
2344
2361
2322
2272
2139
2194
2256
2227
2145
2090
2182
2112
2070
2116
2066
1977
1948
2027
2013
1975
1938
1966
1995
1891
1868
1920
1876
1797
1831
1787
1726
1746
1769
1753
1709
1572
1672
1626
1691
1669
1597
1619
1629
1603
1545
1592
1582
1580
1596
1458
1539
1477
1359
1437
1484
1437
1451
1390
1446
1394
1364
1413
1395
1294
1340
1280
1333
1311
1323
1257
1310
1237
1268
1218
1225
1211
1175
1196
1119
1197
1150
1124
1128
1101
1114
1147
1071
1054
1049
1026
1035
1053
1068
1040
1026
1014
1016
1039
1001
996
959
989
974
958
948
954
914
955
983
921
937
919
921
893
927
915
896
858
857
887
872
819
887
881
889
844
859
827
839
821
853
836
839
814
818
795
803
797
803
819
785
778
787
781
800
795
795
777
777
792
781
763
745
762
774
735
745
733
769
748
742
755
731
724
732
740
718
713
722
718
710
715
718
731
716
713
727
697
734
690
703
682
705
693
706
680
691
676
678
692
689
674
673
691
674
678
669
674
675
683
679
693
662
689
636
649
687
690
658
678
681
663
663
674
672
658
654
674
668
672
657
665
683
669
667
648
664
673
644
657
643
662
665
647
648
654
650
656
656
655
650
637
649
636
650
653
648
646
647
621
632
623
633
629
655
647
641
647
647
629
637
643
634
647
639
625
645
633
642
643
636
631
658
634
625
644
648
641
648
639
643
626
637
629
623
624
636
627
633
638
627
627
633
623
625
645
617
628
615
631
621
623
623
632
623
627
614
609
607
619
621
610
621
619
626
627
619
620
607
628
613
617
622
614
622
602
610
621
623
621
618
623
623
613
620
627
628
612
610
623
617
604
611
619
615
614
619
613
619
614
613
624
606
619
612
614
607
614
613
621
621
607
609
611
616
618
611
605
628
617
609
612
605
605
602
613
622
615
617
610
608
612
600
606
601
603
618
606
620
600
615
604
607
614
609
616
615
612
611
608
613
617
610
615
611
600
615
598
603
608
608
609
604
593
608
612
608
610
611
603
602
610
609
603
595
602
602
606
605
609
600
603
608
606
600
601
605
603
614
607
611
605
602
610
610
602
608
599
604
603
595
602
603
612
612
608
603
608
615
612
606
598
613
604
598
602
599
601
616
608
599
603
599
595
604
605
599
605
607
613
607
612
606
606
614
598
604
604
601
603
599
602
597
605
598
607
598
602
598
597
602
609
606
604
613
603
609
606
602
611
608
600
600
605
600
601
609
604
608
610
612
597
606
609
605
599
606
605
604
601
606
606
606
602
601
595
606
605
594
598
595
607
603
599
603
597
601
610
596
605
609
603
611
615
600
608
594
609
595
597
602
608
607
607
604
602
612
602
598
607
608
605
607
597
606
603
609
605
602
594
609
605
606
601
605
599
603
600
606
599
600
600
602
599
601
606
598
606
603
608
