598
602
606
597
608
602
603
600
600
599
596
598
597
602
596
608
601
594
600
603
603
602
598
607
601
600
606
606
606
597
598
598
598
598
603
614
607
605
606
601
599
604
603
605
600
599
602
596
606
595
592
600
603
602
598
599
603
599
607
607
591
601
603
606
604
608
603
605
602
601
592
598
598
591
600
605
601
593
605
607
601
598
609
598
604
606
599
602
606
604
602
609
599
604
599
596
597
603
592
604
598
595
604
606
602
604
597
602
602
598
601
596
601
593
599
606
600
597
611
605
603
604
607
603
604
608
602
597
604
603
605
606
604
605
601
603
599
604
606
601
604
593
606
601
607
596
602
598
606
597
599
595
602
593
592
598
600
601
607
592
599
599
595
596
595
599
605
603
602
596
606
597
601
602
599
605
603
602
606
603
601
599
604
601
604
597
605
607
600
601
601
598
601
609
595
593
595
595
605
603
600
598
610
600
605
601
595
608
601
596
611
599
597
598
595
607
601
600
594
603
605
601
602
604
605
603
604
611
611
598
604
596
609
605
602
603
602
598
610
602
608
614
607
604
604
593
607
595
596
607
614
607
608
613
611
604
596
598
607
605
601
603
594
603
605
597
599
596
598
602
603
594
602
603
604
606
618
599
608
609
599
612
603
599
602
603
611
603
597
600
596
602
603
597
600
599
604
611
609
599
605
600
606
605
603
597
602
610
606
611
609
600
613
608
601
607
609
613
600
605
607
613
601
609
604
602
611
601
604
611
602
601
611
605
600
599
616
614
614
604
608
611
619
619
620
617
614
613
610
633
616
620
631
618
635
617
610
626
616
629
624
636
637
621
630
629
619
631
646
651
634
640
628
636
628
637
644
648
634
649
651
651
660
670
681
664
662
689
679
689
683
683
688
696
706
710
714
701
742
721
739
732
737
750
756
771
760
752
780
753
797
842
801
778
845
912
892
887
912
912
956
939
967
933
963
1001
1000
1020
1059
1078
1076
1089
1140
1144
1128
1231
1265
1275
1318
1268
1412
1426
1461
1445
1508
1553
1614
1653
1581
1639
1668
1761
1760
1847
1881
1852
1995
1995
1927
2032
2073
2114
2192
2116
2157
2270
2182
2260
2191
2267
2211
2252
2235
2225
2284
2258
2192
2160
2302
2206
2175
2219
2191
2142
2205
2179
2160
2000
1934
1990
2073
1917
2005
1881
1874
1839
1822
1751
1715
1717
1672
1677
1619
1659
1566
1553
1571
1502
1478
1467
1524
1512
1427
1474
1410
1405
1419
1417
1365
1335
1351
1376
1377
1323
1316
1286
1271
1253
1235
1218
1179
1192
1159
1182
1176
1157
1165
1150
1145
1177
1112
1131
1110
1115
1080
1122
1091
1059
1065
1095
1066
1066
1018
1071
976
1051
1039
1001
1052
1028
1041
1018
1019
1015
995
991
1003
957
951
1032
958
926
966
966
922
983
956
934
941
913
893
911
893
899
871
898
927
879
949
892
875
874
893
869
902
856
828
810
844
835
861
873
864
835
848
822
828
832
847
796
801
790
802
796
804
800
802
797
803
788
804
774
790
806
751
792
787
766
759
748
779
762
756
748
768
747
736
768
766
763
758
735
721
737
725
726
727
743
717
725
690
720
730
727
724
742
710
710
728
707
697
717
709
726
691
705
699
673
692
690
659
703
695
692
692
702
699
693
690
675
671
690
675
704
681
691
674
708
673
685
667
655
691
674
679
673
681
691
679
682
668
674
669
648
676
669
657
650
644
661
651
665
666
675
654
660
652
654
652
655
650
652
640
655
643
647
638
677
633
631
644
661
641
652
649
637
635
650
632
647
640
647
645
643
633
630
635
636
639
643
638
643
632
635
637
632
627
649
632
635
646
641
631
632
625
634
625
632
628
637
616
623
638
640
635
630
628
647
631
624
634
635
632
631
627
636
620
622
624
615
615
629
618
638
615
612
619
624
622
624
625
627
615
619
627
630
618
635
625
619
623
627
618
614
610
629
612
606
608
618
613
611
632
615
621
626
608
618
624
631
615
618
619
616
613
618
623
613
611
616
614
611
601
607
611
607
622
619
608
605
607
604
616
620
618
617
612
616
631
610
618
621
619
615
615
614
621
620
615
626
616
607
610
619
614
623
612
613
625
614
612
623
609
608
615
616
603
614
608
611
618
611
611
619
614
610
616
604
608
638
595
614
602
609
615
620
613
608
614
611
615
611
612
608
607
603
608
611
616
610
606
613
615
606
611
606
599
604
611
606
610
603
616
596
601
615
611
610
610
603
612
608
604
610
616
603
612
609
600
609
606
612
604
601
601
605
598
608
607
606
600
610
595
605
604
606
601
607
607
608
613
607
616
607
608
602
609
601
599
603
601
612
599
606
601
608
607
608
599
612
606
604
598
605
601
610
599
605
611
601
604
606
597
615
594
607
602
614
594
606
604
608
602
607
608
606
601
608
605
611
602
602
611
601
613
611
601
606
605
608
599
612
600
600
598
602
603
600
605
603
597
596
595
611
604
604
602
595
600
606
603
599
612
605
610
601
604
606
612
604
611
585
603
607
602
612
602
602
601
598
604
605
606
604
599
610
602
604
608
601
611
607
602
609
598
606
597
601
605
593
613
603
611
594
611
601
607
596
595
592
595
607
608
607
603
603
603
603
602
602
606
610
598
597
610
602
598
606
599
603
602
609
598
590
601
601
602
604
595
592
605
602
599
599
594
606
606
606
597
610
602
591
599
599
600
604
596
605
603
608
603
603
605
598
598
612
605
606
601
597
593
593
603
598
600
598
591
590
599
607
601
601
597
595
598
606
601
603
605
603
599
610
605
604
600
600
593
608
602
599
605
597
599
601
601
597
599
601
599
602
597
595
597
600
596
600
602
597
599
608
605
605
607
595
598
606
601
603
601
596
599
597
611
598
606
598
598
601
597
599
603
598
605
596
588
603
599
611
596
604
605
604
601
599
598
601
605
598
597
595
595
599
611
601
601
605
609
602
607
601
603
602
593
616
604
603
598
606
599
603
600
596
601
597
600
597
605
601
602
593
605
602
600
601
602
596
607
597
597
606
596
602
600
605
597
594
602
602
605
601
605
603
602
604
600
603
600
599
600
602
600
607
602
599
604
601
604
612
601
603
597
612
606
592
603
604
597
604
597
607
598
596
598
594
611
599
596
598
601
601
