605
608
604
604
596
601
598
601
603
600
595
607
606
596
601
596
600
606
602
601
604
603
600
599
609
599
601
604
617
602
594
598
595
598
600
595
603
613
611
595
600
601
602
601
604
596
607
603
605
603
598
600
597
604
606
608
606
605
608
601
603
605
600
597
601
594
602
605
598
595
598
601
603
598
601
604
604
602
593
598
615
600
610
597
600
612
601
600
605
599
595
606
600
601
603
597
597
600
602
600
606
602
610
599
592
601
600
609
603
599
601
609
606
600
596
605
602
595
604
594
610
597
602
602
607
602
602
603
602
597
587
603
599
598
598
604
605
605
602
592
600
599
603
597
599
600
598
606
602
593
605
597
599
595
598
597
596
601
590
598
601
598
602
592
594
596
593
595
600
600
601
597
604
601
597
604
596
601
604
597
604
603
604
599
600
601
597
602
595
598
598
599
604
597
602
603
595
606
597
593
597
595
601
604
594
604
599
600
604
598
600
598
600
596
600
595
598
602
604
600
598
596
591
606
597
598
603
595
606
600
600
599
602
599
605
602
604
605
597
603
604
602
595
608
601
601
603
594
608
600
599
604
605
597
602
601
597
603
606
602
611
600
601
600
605
607
595
601
611
603
602
600
599
602
599
594
599
597
598
598
609
601
603
609
599
606
609
609
610
613
609
601
610
601
602
600
596
602
609
594
598
603
606
608
594
613
603
602
606
603
603
601
606
604
615
603
605
609
599
612
614
600
611
620
607
614
613
614
614
612
610
600
607
624
609
612
623
623
609
621
615
616
618
617
610
633
625
626
630
635
636
638
631
631
649
634
629
633
648
655
647
674
671
666
665
668
672
660
675
661
687
662
679
669
691
676
698
708
688
712
716
734
728
727
747
726
750
753
734
758
792
794
798
800
834
811
856
819
852
862
884
876
948
912
945
929
951
965
928
997
991
1055
1065
1075
1060
1169
1097
1171
1194
1229
1301
1259
1304
1343
1427
1409
1463
1516
1556
1571
1608
1660
1704
1873
1794
1845
1954
2041
2089
2146
2238
2337
2419
2448
2508
2575
2537
2679
2750
2857
2948
2983
3123
3183
3229
3373
3517
3553
3561
3563
3790
3819
3946
3836
3836
4082
3930
3953
4045
4054
4127
4115
4052
4274
4331
4174
4122
4113
4006
4184
3944
3920
3829
3884
3691
3853
3761
3622
3594
3586
3576
3293
3268
3302
3243
3238
3174
3137
3031
2991
3007
2918
2880
2740
2669
2614
2670
2540
2551
2523
2435
2481
2383
2424
2326
2226
2247
2095
2195
2194
2094
2072
2089
2033
2033
1997
1913
1988
1941
1863
1867
1809
1792
1804
1736
1790
1811
1753
1609
1652
1667
1656
1694
1626
1611
1593
1545
1540
1592
1483
1500
1468
1469
1536
1458
1451
1433
1474
1385
1433
1405
1365
1394
1353
1348
1369
1326
1361
1263
1265
1324
1279
1308
1302
1266
1252
1257
1248
1201
1233
1230
1137
1216
1204
1147
1100
1167
1155
1170
1099
1160
1179
1135
1132
1125
1131
1102
1079
1133
1085
1101
1048
1042
1053
1025
993
1013
1041
1027
1010
1041
1018
1010
982
993
984
944
971
911
970
983
942
931
976
938
980
922
955
887
898
922
917
918
867
918
896
905
887
876
894
888
828
861
852
836
848
871
847
827
843
840
843
798
836
824
830
829
855
830
822
805
828
802
820
775
783
825
795
781
805
784
828
758
779
790
770
770
776
781
761
777
749
762
764
742
753
763
751
737
750
742
748
740
759
735
739
736
733
753
734
746
729
707
745
721
708
721
723
700
715
754
738
696
722
693
719
687
705
689
696
714
692
697
716
702
686
691
692
677
691
689
682
687
692
679
662
679
665
679
668
672
674
683
684
678
698
666
651
676
672
676
678
661
660
666
674
665
669
670
667
661
663
663
654
661
668
658
650
663
653
674
656
660
654
670
650
650
644
648
640
660
644
675
642
658
652
662
650
645
661
655
653
638
645
648
644
646
642
635
635
642
629
654
670
630
644
651
638
644
644
629
621
647
639
643
637
648
640
660
644
644
631
645
649
641
650
638
628
633
644
637
630
633
634
643
636
629
627
635
640
631
623
630
649
627
616
624
617
624
624
651
619
631
621
630
621
622
629
624
626
646
624
630
633
623
626
628
624
630
631
626
627
614
623
634
623
615
608
618
616
618
621
620
620
612
615
618
630
647
627
631
612
623
610
625
618
617
621
612
612
614
618
619
629
622
621
619
626
606
621
612
611
621
613
620
606
613
621
617
625
623
626
622
608
609
616
618
614
617
610
617
612
612
612
607
610
623
611
610
613
624
613
611
612
608
613
614
613
622
609
607
615
611
618
604
615
615
608
600
610
607
606
629
621
613
606
618
607
617
617
608
611
607
606
621
601
615
606
613
610
611
605
615
609
607
611
609
597
606
602
602
613
612
611
602
618
604
607
603
603
606
610
611
602
610
607
600
594
610
601
601
607
611
604
605
610
607
604
616
608
606
604
610
613
594
601
610
599
609
604
609
601
598
605
604
598
607
607
593
599
599
613
612
601
610
603
602
604
601
608
606
609
598
601
606
603
607
602
611
607
593
605
603
594
607
608
601
601
601
598
598
603
595
610
599
594
598
609
600
605
604
596
603
595
604
599
599
593
602
587
613
604
603
610
600
607
601
596
600
607
610
615
599
606
607
597
605
593
605
597
604
606
606
605
600
599
602
600
604
602
604
601
604
601
605
607
603
605
604
602
596
605
600
598
605
609
600
603
598
600
603
603
600
596
603
602
599
601
600
606
604
605
605
597
607
602
602
607
600
604
604
600
611
601
599
602
604
602
594
601
599
609
603
604
598
604
601
602
605
601
601
604
607
600
601
603
606
592
601
613
607
606
606
601
600
604
610
604
602
600
596
596
596
604
598
597
607
601
592
601
595
608
601
593
594
603
612
602
603
610
591
604
605
607
601
599
605
600
608
605
601
597
607
596
603
595
593
604
600
601
600
597
599
600
590
597
603
600
598
604
603
592
596
598
595
606
584
611
598
589
602
596
601
601
607
603
601
597
604
605
597
599
587
593
601
604
599
599
603
597
595
602
597
597
600
599
602
597
598
600
603
597
596
602
608
600
605
601
591
601
600
599
595
607
597
603
595
602
599
598
598
598
594
598
602
594
592
603
606
611
598
599
602
602
605
595
594
599
599
587
601
604
601
603
589
602
595
601
603
599
