605
607
601
606
602
602
605
602
598
599
598
596
602
605
608
600
600
605
598
602
605
598
599
604
606
594
596
602
606
606
602
602
596
601
596
600
602
602
598
602
597
599
608
596
599
604
597
606
602
599
592
602
599
602
603
603
611
601
602
605
599
606
598
601
604
603
605
601
598
598
605
596
600
595
595
595
598
595
596
603
596
594
600
604
595
606
600
588
595
597
596
598
602
605
604
610
602
600
604
597
605
601
596
603
606
602
603
593
601
603
599
594
594
598
593
595
600
605
596
598
608
594
587
602
593
600
603
610
596
609
603
606
598
603
598
602
600
605
598
597
603
597
602
612
600
601
600
610
599
603
603
610
595
603
603
588
604
591
595
593
595
597
601
604
594
609
600
593
596
594
599
607
602
618
597
603
598
602
603
595
599
606
606
591
606
602
603
599
601
604
601
605
602
599
601
599
600
602
601
603
598
601
602
600
603
598
602
608
604
602
604
599
599
604
597
598
595
594
603
596
604
610
601
600
605
603
604
604
606
598
605
601
601
597
606
608
594
602
604
609
597
605
604
613
598
600
611
607
605
611
601
603
601
601
600
595
601
602
595
600
605
608
601
606
607
601
608
592
596
592
597
609
590
600
606
595
598
595
597
598
605
597
609
601
597
606
600
607
613
606
605
606
599
613
604
600
608
604
606
599
597
602
602
609
606
614
608
605
598
608
605
599
607
609
611
611
613
611
620
606
605
606
617
612
614
615
622
613
603
614
620
604
614
611
604
620
614
606
614
609
613
616
615
617
609
613
624
610
630
623
619
629
624
630
637
625
630
637
630
625
634
629
656
652
625
642
651
640
658
634
653
672
637
659
670
671
646
675
669
669
689
682
695
695
676
700
672
701
688
709
712
715
751
714
723
740
754
747
763
756
759
766
814
811
796
814
857
875
836
847
893
893
881
896
908
965
981
940
1015
1057
1034
1070
1130
1077
1136
1115
1158
1179
1162
1236
1275
1326
1241
1339
1409
1449
1443
1518
1497
1643
1648
1753
1738
1744
1800
1844
1855
1985
1916
2025
2195
2107
2228
2206
2339
2399
2416
2438
2462
2625
2645
2653
2717
2718
2623
2897
2709
2820
2705
2754
2821
2864
2781
2788
2938
2789
2846
2848
2830
2777
2862
2739
2739
2685
2655
2564
2537
2483
2446
2492
2425
2325
2322
2260
2288
2321
2192
2220
2209
2040
2125
1995
2050
1995
1991
1949
1893
1905
1947
1736
1770
1727
1766
1697
1726
1678
1654
1666
1605
1637
1680
1606
1512
1490
1523
1507
1501
1523
1474
1384
1428
1403
1357
1429
1368
1373
1422
1414
1380
1359
1343
1351
1300
1336
1303
1225
1327
1284
1332
1183
1278
1232
1249
1263
1191
1199
1202
1192
1174
1212
1151
1153
1145
1115
1113
1191
1088
1125
1125
1084
1092
1074
1095
1065
1073
1055
1059
1032
1039
988
1037
1034
1018
1041
1009
1006
973
970
988
1016
1030
973
1009
943
949
982
957
988
949
916
917
915
944
903
926
919
898
912
920
904
916
926
860
864
870
891
888
866
846
877
836
855
852
868
839
845
838
811
834
826
814
816
804
852
844
822
788
806
803
808
811
772
774
755
787
762
802
783
775
774
763
782
738
761
721
737
788
773
761
763
733
736
728
732
755
735
732
751
750
744
720
717
747
728
723
717
721
725
720
725
722
718
725
735
702
685
710
698
691
716
716
717
724
679
704
688
708
698
682
698
684
679
684
705
655
682
694
702
684
673
650
679
695
657
672
690
688
675
674
665
676
670
662
662
659
672
680
641
653
660
667
659
674
657
667
660
672
648
648
643
630
645
651
662
641
650
666
638
654
639
664
640
654
660
669
655
652
654
643
669
651
660
652
646
671
648
642
647
664
646
639
648
644
631
632
656
639
637
661
637
631
648
631
637
626
616
622
621
620
648
633
631
633
629
623
624
635
634
627
628
630
631
624
632
611
625
627
620
644
633
623
627
622
635
636
624
628
625
614
634
637
626
623
615
629
636
621
619
620
638
627
624
620
635
623
626
626
626
621
621
620
628
613
615
613
623
612
625
627
621
628
626
613
618
618
621
623
617
623
612
620
613
621
619
622
604
614
624
609
609
613
611
614
615
621
623
619
621
631
625
620
613
612
617
611
622
611
615
611
616
610
613
613
616
611
616
609
615
617
618
611
613
607
627
626
609
610
613
603
614
607
611
616
607
623
610
610
612
614
622
612
611
613
618
610
619
624
612
599
612
607
620
610
611
617
618
615
612
608
618
608
612
603
608
601
611
608
616
616
600
608
596
603
612
602
608
610
611
613
604
608
601
611
608
614
605
603
607
606
611
601
607
608
602
602
601
598
607
606
609
605
611
609
610
606
599
619
613
607
610
607
604
612
607
600
603
603
607
602
602
603
599
607
618
610
591
605
605
614
616
609
612
607
596
608
599
610
615
607
611
602
597
602
600
608
599
605
596
596
606
605
604
606
611
601
607
607
602
599
610
592
602
602
599
592
613
597
607
606
599
606
601
611
605
602
595
604
611
611
613
600
601
605
607
604
603
607
611
616
602
603
603
598
601
597
601
602
597
596
607
609
597
608
597
603
605
602
600
601
601
602
600
602
597
592
611
604
607
607
606
608
608
601
612
608
610
611
597
606
615
612
601
604
605
599
604
604
605
601
598
599
605
596
599
601
599
604
610
598
603
611
603
598
603
599
596
586
603
597
601
599
592
601
593
603
605
605
612
610
601
593
600
599
594
606
592
612
598
595
601
594
601
603
601
599
600
599
603
607
599
608
610
598
611
609
611
611
605
595
594
602
600
605
607
600
612
603
604
608
600
606
603
602
597
602
596
595
599
601
599
604
612
602
606
604
598
602
604
605
602
605
603
597
609
597
603
596
601
604
597
605
599
599
597
598
593
604
598
601
599
603
601
600
601
596
602
596
599
601
601
604
592
602
606
601
600
606
605
596
605
601
600
598
595
595
599
604
602
595
601
602
606
600
597
600
608
600
601
604
595
600
601
600
604
599
609
603
595
598
603
592
609
600
597
605
603
603
603
600
599
595
601
599
606
602
604
610
608
597
595
594
600
602
597
598
599
601
593
603
597
612
601
603
595
592
604
607
608
601
601
609
597
604
603
614
605
603
606
601
606
607
600
602
605
603
610
597
602
605
591
