608
605
598
604
602
600
597
596
603
606
600
601
600
601
608
594
602
604
596
599
601
601
604
597
602
601
601
598
591
598
595
597
597
608
602
597
600
603
605
606
609
601
596
596
600
597
599
597
602
600
594
604
593
600
601
594
596
608
588
597
597
604
603
597
595
604
600
596
619
602
603
605
601
597
606
607
598
599
597
604
607
599
605
598
600
607
592
596
601
601
595
605
595
600
601
596
602
596
601
593
595
596
606
601
607
596
598
600
596
605
598
596
600
604
592
598
604
603
597
613
589
598
600
601
603
605
594
593
589
598
599
603
598
593
603
592
598
601
599
597
606
601
600
590
606
597
600
607
600
605
598
601
600
611
600
602
607
593
600
615
591
600
600
600
599
594
591
596
590
594
604
593
593
601
596
603
600
598
605
602
599
605
616
603
604
600
599
605
606
602
594
610
601
614
603
594
593
594
608
594
598
611
603
601
606
594
601
593
593
595
602
599
600
601
599
595
602
601
602
597
600
602
603
606
606
598
593
609
596
611
594
607
600
597
600
613
594
604
604
601
598
601
596
602
596
605
596
603
602
600
611
610
610
595
606
604
609
604
603
607
593
597
596
609
612
601
603
598
601
598
602
608
593
606
612
605
609
602
605
598
606
603
602
606
603
596
610
606
603
606
610
607
612
605
602
604
603
598
606
606
598
608
604
613
598
601
608
607
609
610
610
613
603
614
602
604
596
611
601
623
612
617
612
617
623
609
621
614
605
626
615
621
624
622
635
619
613
637
626
628
621
627
633
631
623
656
629
628
655
641
641
639
637
646
646
658
669
637
640
657
660
664
673
678
672
690
669
680
671
706
687
701
702
698
683
710
723
729
733
718
768
725
749
776
749
794
749
808
783
844
819
826
843
853
900
872
865
904
892
906
933
952
971
1005
976
990
1031
1098
1078
1074
1130
1128
1149
1219
1240
1278
1305
1344
1343
1421
1397
1441
1479
1516
1586
1597
1662
1712
1748
1734
1860
2060
1985
2062
2167
2183
2329
2324
2467
2545
2579
2624
2761
2902
2920
3070
3124
3256
3296
3442
3409
3687
3828
3891
3943
4034
4169
4288
4408
4341
4489
4568
4723
4827
4784
4892
4976
4872
4919
4961
4959
4938
4974
5012
4862
5022
4895
4979
5008
4804
4821
4848
4799
4654
4553
4390
4462
4330
4405
4204
4094
3956
3979
4013
3929
3812
3741
3654
3630
3527
3467
3378
3492
3286
3316
3193
3193
3009
3028
3027
3011
2915
2805
2716
2804
2711
2532
2588
2561
2492
2403
2468
2468
2263
2369
2376
2270
2215
2261
2106
2202
2186
2280
2078
2119
2113
2058
2058
2010
2010
1950
1902
1882
1857
1870
1814
1828
1912
1850
1837
1760
1635
1747
1745
1711
1659
1620
1628
1592
1694
1608
1567
1566
1552
1514
1557
1541
1588
1512
1472
1562
1505
1452
1455
1440
1456
1427
1365
1384
1347
1318
1376
1310
1304
1321
1335
1287
1294
1313
1264
1244
1306
1255
1240
1188
1185
1215
1148
1230
1153
1200
1140
1187
1141
1095
1168
1152
1110
1148
1133
1129
1107
1130
1085
1094
1076
1044
1046
1030
1050
1029
1057
1002
1028
1029
1010
1009
994
1036
1003
950
965
974
986
980
974
955
959
963
933
903
939
884
916
911
921
943
943
902
927
945
884
892
896
914
912
888
888
880
872
859
842
858
849
811
847
833
840
822
829
830
803
818
806
808
831
809
840
787
819
819
807
773
827
778
802
807
787
783
819
777
785
740
778
774
749
772
768
758
728
751
770
783
742
749
744
749
781
749
763
758
726
738
745
732
731
736
734
730
712
728
732
727
741
716
730
731
715
734
702
699
726
709
705
707
704
709
717
722
719
694
699
709
710
697
699
701
691
697
681
691
715
703
702
684
673
675
678
703
686
684
673
698
679
676
647
708
687
675
666
684
669
682
669
661
671
661
644
698
664
668
667
672
671
647
662
657
645
664
657
676
658
659
653
650
655
665
656
651
657
641
661
661
665
646
643
653
653
657
650
654
647
646
663
641
642
642
626
637
661
656
666
650
630
633
649
634
640
640
632
647
650
643
629
647
639
639
640
635
663
649
646
621
636
629
628
638
647
620
633
641
634
625
625
647
638
647
639
649
638
632
620
648
627
635
628
621
621
626
626
624
648
637
643
641
645
632
623
626
621
625
626
626
637
619
626
635
629
628
617
639
618
629
623
634
618
628
617
617
633
615
620
624
616
628
620
607
619
613
612
605
624
624
632
608
628
629
627
613
620
624
615
611
612
624
612
616
616
625
615
627
607
625
611
620
614
617
609
618
618
613
614
613
613
615
614
615
614
607
610
613
613
607
616
605
626
608
610
621
614
620
607
614
611
613
602
611
612
614
602
614
623
606
603
612
611
614
619
618
612
612
610
614
611
615
592
609
611
620
607
607
611
609
609
598
612
602
603
601
612
617
612
619
610
606
608
611
614
613
617
613
598
619
609
611
598
609
614
602
612
615
606
604
616
610
611
606
613
612
607
612
615
604
599
609
591
610
617
606
599
612
610
599
604
605
607
612
610
605
602
615
610
612
603
603
596
606
609
605
600
602
603
608
608
604
616
604
603
597
597
594
609
601
613
602
605
601
614
605
607
607
597
605
619
604
618
602
606
611
602
604
615
603
596
609
600
609
606
596
609
602
609
604
601
605
600
601
599
606
602
609
602
598
606
598
605
599
606
606
601
599
602
608
600
598
606
607
606
598
595
591
611
592
598
596
601
605
606
595
607
608
608
602
603
600
604
600
609
601
595
607
598
595
600
602
598
601
602
603
601
595
607
598
601
599
601
609
606
597
602
600
595
601
606
596
598
605
601
604
602
603
594
604
602
598
599
598
611
596
597
597
612
596
589
602
598
598
602
604
603
594
598
606
597
604
597
598
606
605
597
602
606
607
601
598
605
599
606
592
600
608
598
605
598
601
602
606
601
605
603
598
597
590
597
597
601
605
589
604
605
601
605
605
601
603
596
607
603
599
594
600
600
603
597
600
603
595
598
604
601
602
599
602
596
605
613
600
605
602
601
612
600
603
606
596
600
601
603
601
594
606
594
599
604
608
602
602
604
597
604
595
599
604
598
602
596
602
595
596
598
601
604
596
596
598
596
601
605
581
608
594
601
604
604
597
603
600
595
599
598
597
594
600
605
597
599
598
595
593
605
597
596
599
597
600
606
599
599
600
591
