604
602
599
604
607
603
602
604
608
607
609
603
609
608
612
601
605
601
605
610
593
598
603
601
599
594
602
603
604
605
600
606
603
604
599
611
601
601
603
607
597
600
606
603
597
598
606
608
603
601
604
601
600
611
608
601
600
602
603
607
604
605
599
602
607
585
601
612
602
605
606
603
596
595
604
604
589
606
601
597
605
603
596
599
598
593
606
604
602
604
604
596
608
602
610
602
608
595
605
597
603
605
600
595
602
602
593
610
600
603
602
597
593
594
604
601
594
596
601
597
597
607
593
595
604
599
601
590
598
596
602
597
604
602
604
603
598
610
599
601
593
602
603
604
595
602
605
602
590
604
596
607
599
604
598
605
601
597
598
602
604
601
603
608
597
599
599
598
594
598
607
609
602
607
601
604
600
591
607
603
596
601
603
597
597
603
607
605
601
612
601
607
604
602
604
604
602
608
605
603
598
608
600
595
606
594
602
609
601
601
607
603
611
605
603
605
604
599
596
604
600
604
606
599
604
599
600
611
596
595
600
603
597
603
604
599
604
605
601
606
597
610
598
609
605
614
599
605
606
604
601
605
609
606
596
611
608
610
612
608
607
612
605
598
603
619
603
604
601
606
606
608
609
608
606
606
607
596
617
602
598
612
604
606
599
606
607
609
605
606
606
611
613
614
607
605
605
605
604
610
604
615
611
615
624
615
624
608
607
610
619
625
616
615
629
605
621
608
623
621
638
619
629
629
624
631
637
637
632
656
619
626
633
629
652
640
646
641
639
658
648
649
666
654
644
665
639
665
664
653
677
666
679
681
660
684
693
699
682
678
718
700
701
710
710
724
733
740
715
735
753
773
753
757
767
793
795
817
810
824
842
838
844
858
829
860
871
903
876
907
965
944
1011
1001
996
1002
1056
1114
1128
1106
1168
1151
1200
1187
1212
1286
1283
1269
1323
1362
1458
1482
1462
1521
1552
1599
1716
1751
1789
1837
1934
1989
1963
2105
2171
2293
2384
2375
2405
2468
2594
2735
2874
2943
3086
3187
3314
3344
3563
3578
3702
3961
3995
4082
4290
4358
4462
4607
5002
4989
5110
5281
5376
5604
5988
6064
6001
6299
6582
6578
6771
6842
7010
7117
7210
7216
7064
7277
7362
7423
7464
7614
7544
7624
7434
7411
7654
7343
7371
7489
7218
7082
7126
7167
6903
6772
6692
6615
6460
6408
6041
6043
5809
5915
5612
5798
5675
5591
5298
5125
5143
5068
4994
5022
4738
4645
4707
4632
4379
4337
4178
4064
4114
4124
4049
3904
3804
3773
3792
3662
3609
3577
3582
3365
3364
3442
3261
3322
3196
3058
3020
3044
3069
2949
2909
2835
2914
2889
2758
2842
2686
2758
2652
2606
2677
2661
2543
2541
2452
2604
2513
2459
2357
2331
2285
2260
2352
2345
2309
2265
2323
2180
2175
2115
2209
2179
2085
2138
2173
2096
2072
1980
2030
1936
1929
2014
1917
1851
1923
1813
1780
1894
1843
1865
1796
1737
1774
1843
1682
1703
1726
1743
1753
1655
1693
1604
1550
1661
1581
1563
1565
1518
1582
1494
1479
1486
1505
1477
1453
1437
1496
1433
1429
1415
1410
1328
1386
1362
1340
1337
1324
1304
1273
1230
1309
1339
1340
1321
1258
1238
1200
1234
1239
1264
1190
1234
1169
1175
1140
1159
1168
1175
1134
1149
1129
1154
1100
1097
1113
1111
1120
1045
1097
1070
1059
1032
1054
1074
1039
1036
1001
1039
1007
1051
1004
1015
1008
995
987
958
936
982
956
978
946
978
982
971
938
947
945
929
941
921
923
899
935
921
931
879
909
903
878
844
892
883
876
886
859
851
837
887
874
863
847
822
848
870
851
789
822
839
821
844
824
761
813
829
798
792
788
805
794
818
799
799
824
758
780
782
784
764
797
795
782
776
779
776
744
767
736
748
750
783
783
785
752
751
758
779
762
755
733
763
756
722
733
725
756
735
755
750
722
743
743
711
703
720
724
717
714
744
725
724
731
723
727
701
734
724
713
720
730
700
706
706
711
692
712
696
697
695
706
694
698
697
689
679
709
690
669
696
700
676
706
691
706
705
713
700
676
713
672
696
679
678
694
670
683
681
665
658
665
687
672
675
668
671
670
668
656
666
646
656
667
671
660
674
669
646
661
685
660
666
660
650
651
665
648
658
671
666
649
659
671
642
664
645
669
671
649
648
655
662
656
654
651
652
656
655
640
666
651
668
635
659
652
636
662
641
626
647
646
647
639
650
639
645
647
643
643
648
643
643
637
638
630
637
630
635
636
644
650
642
639
639
631
627
637
636
630
627
633
633
639
635
645
630
636
644
640
632
636
628
619
640
639
637
633
640
629
618
636
618
633
646
618
624
629
630
618
639
629
624
625
626
618
632
614
642
629
632
618
629
620
615
624
626
618
620
613
630
629
626
636
616
616
612
616
615
619
621
625
625
628
617
624
619
613
626
620
619
634
613
609
631
631
630
633
610
627
627
624
609
619
616
627
625
616
620
618
613
621
632
620
624
624
608
615
610
609
611
613
613
625
613
618
622
614
626
602
612
603
616
613
617
610
616
599
622
611
618
618
609
619
614
624
602
611
611
603
611
621
609
610
606
627
615
611
623
613
608
610
614
609
620
607
617
607
609
614
611
620
607
613
614
599
598
599
609
612
611
618
600
611
606
611
600
607
604
607
611
604
608
608
607
615
603
610
606
604
614
603
601
609
605
603
616
605
605
607
607
608
609
611
608
615
599
608
607
607
607
606
598
598
598
607
604
601
604
602
601
605
608
598
609
601
610
611
599
612
608
602
603
608
604
603
609
604
607
605
597
605
609
606
601
606
612
605
598
606
609
602
606
596
608
597
604
606
609
609
615
602
604
608
598
604
608
602
600
605
609
598
605
601
609
601
606
597
604
612
608
605
605
601
606
602
609
608
595
601
600
595
604
608
603
598
608
606
610
611
610
604
606
604
603
602
611
598
607
607
602
607
609
602
602
604
605
605
608
605
607
609
606
594
602
594
602
599
602
592
607
595
596
609
607
597
606
597
604
599
609
598
608
603
605
604
591
597
605
603
601
611
599
599
609
604
599
607
601
607
603
610
608
604
596
607
599
607
606
605
604
595
603
609
606
601
610
607
607
603
603
607
601
602
595
595
591
597
603
604
608
598
595
603
603
595
605
604
606
608
605
601
610
589
602
598
599
606
600
602
596
603
602
599
595
601
604
593
599
599
605
602
599
603
602
592
600
601
604
604
597
604
606
597
598
604
597
602
605
