592
603
608
603
602
606
611
599
598
604
608
598
606
610
601
602
601
595
596
597
595
606
600
607
603
599
598
602
596
604
602
601
603
603
600
598
603
605
601
594
598
602
596
607
612
601
602
603
605
603
597
589
608
597
609
603
610
598
604
594
598
606
595
599
603
597
598
596
596
609
603
595
607
603
598
602
610
596
604
602
607
599
605
601
609
603
602
601
605
605
605
603
598
600
599
594
602
600
599
599
603
598
602
600
599
597
605
597
607
600
601
602
612
606
602
607
608
609
609
601
607
600
603
602
604
596
608
603
596
600
595
598
605
600
604
596
594
605
603
595
604
603
596
594
598
601
605
597
598
606
594
603
603
602
610
604
603
616
599
605
607
602
597
601
598
604
594
599
605
599
605
601
603
599
593
601
606
602
602
608
602
609
607
599
613
603
601
599
604
593
602
594
606
601
602
607
604
607
595
603
607
598
601
617
597
614
605
598
608
598
603
603
610
599
605
601
601
604
596
606
606
605
602
600
595
602
602
602
602
607
604
614
604
604
596
604
612
608
611
607
601
603
610
603
613
607
609
607
610
606
605
606
605
603
604
602
605
605
614
604
600
597
602
610
603
611
603
610
606
613
602
605
604
617
603
607
605
608
606
604
603
608
606
605
605
604
605
608
610
611
607
603
607
612
601
615
608
605
605
610
605
608
612
607
606
616
606
618
606
614
608
618
598
628
615
618
605
603
607
606
609
616
624
612
625
615
618
636
616
622
620
626
633
624
621
636
638
629
614
639
619
636
627
624
646
645
629
651
650
656
642
649
668
666
662
649
671
674
671
671
662
676
668
667
658
683
697
704
698
720
693
706
708
705
741
711
733
735
766
756
757
746
743
770
754
769
795
805
826
811
833
835
857
844
888
896
921
896
906
979
918
976
983
1002
1045
1038
1121
1072
1173
1100
1154
1225
1239
1213
1270
1286
1333
1314
1365
1453
1505
1462
1570
1564
1606
1719
1816
1835
1825
1904
1968
1985
2080
2225
2268
2246
2340
2479
2518
2617
2861
2782
2902
2945
3104
3198
3202
3363
3419
3507
3645
3729
3829
3948
4112
4098
4332
4436
4569
4459
4702
4937
4636
4846
4912
4977
4937
4968
5088
4992
5114
5221
5154
5261
5133
5007
5194
5102
5149
5163
5001
4983
4834
4764
4760
4703
4443
4414
4454
4412
4333
4205
4044
3920
3900
3964
3962
3787
3650
3756
3699
3552
3543
3413
3394
3462
3314
3327
3223
2998
2964
3003
3033
2919
2915
2867
2779
2668
2696
2684
2639
2580
2521
2505
2425
2542
2479
2411
2372
2372
2421
2278
2280
2218
2278
2120
2207
2197
2116
2021
2066
2151
2021
2007
2033
2016
2001
1961
1913
1919
1907
1920
1937
1790
1876
1814
1783
1734
1739
1745
1719
1801
1769
1691
1799
1672
1726
1671
1627
1671
1641
1596
1597
1601
1478
1628
1553
1548
1538
1473
1464
1496
1515
1481
1434
1439
1389
1496
1377
1420
1398
1376
1381
1367
1393
1378
1376
1362
1289
1240
1296
1281
1261
1264
1220
1229
1234
1263
1236
1161
1221
1215
1174
1169
1212
1164
1211
1163
1139
1130
1085
1136
1085
1121
1128
1087
1119
1042
1039
1011
1042
1028
1064
1045
1062
1013
1007
997
997
992
1033
979
978
974
959
998
969
955
984
945
932
920
953
942
922
953
950
969
911
945
889
916
933
905
878
882
865
875
881
899
842
904
855
846
840
894
849
828
845
834
839
814
839
845
844
813
837
821
827
804
805
800
821
807
800
804
779
811
795
769
784
801
769
771
775
796
746
759
777
784
805
791
759
736
736
757
759
765
775
747
763
736
725
744
753
717
743
763
753
715
717
756
755
705
719
759
721
732
708
728
706
691
723
756
725
694
737
717
724
700
703
686
716
687
711
697
719
669
709
710
714
683
689
691
698
675
704
679
701
686
676
675
709
671
671
663
688
689
675
658
697
674
698
691
668
699
658
680
668
680
651
660
677
670
672
677
670
663
657
669
661
647
657
657
666
662
667
674
696
662
672
659
644
648
648
664
646
654
668
650
640
671
651
663
654
641
666
646
656
644
630
644
656
644
657
638
662
650
654
639
645
654
652
631
649
646
634
644
630
639
654
647
644
638
620
638
637
631
637
630
654
638
627
641
636
653
634
635
641
630
623
637
630
637
622
627
631
638
624
648
637
633
633
630
638
632
629
630
621
629
624
626
639
646
617
630
633
625
631
629
624
638
648
618
650
624
631
611
632
622
628
621
630
626
628
625
635
620
621
630
629
619
619
624
616
619
614
617
626
630
616
610
621
618
630
625
618
612
619
634
619
613
628
615
627
628
614
618
609
612
622
613
613
615
611
615
618
624
612
625
630
616
623
616
611
616
622
617
616
617
623
606
627
620
617
618
610
614
620
616
610
619
609
610
621
607
605
607
612
610
615
609
618
614
600
608
620
627
617
620
621
614
613
620
622
623
616
614
616
615
614
610
625
604
611
621
606
612
615
604
611
610
611
608
609
611
614
601
619
606
609
604
606
610
609
617
601
607
610
610
607
601
614
612
610
613
602
609
606
608
603
606
605
602
610
611
614
607
611
611
604
605
604
610
605
605
607
611
613
605
607
609
607
612
604
602
604
604
623
602
605
597
609
613
602
604
606
598
608
603
626
610
612
604
615
609
608
602
609
610
604
601
599
612
600
599
605
602
608
600
597
606
599
606
605
604
600
606
605
598
605
604
603
598
607
610
615
605
607
599
604
604
605
605
602
598
604
605
605
598
610
607
602
596
613
607
603
597
602
601
596
607
604
598
605
609
605
604
595
614
612
607
604
606
602
605
605
605
609
603
609
597
604
604
607
602
590
610
600
603
601
600
607
599
600
607
604
593
599
602
607
602
595
605
600
604
608
605
602
596
598
598
597
599
606
600
601
609
599
603
600
594
603
602
606
604
607
594
599
605
598
605
603
596
602
605
593
598
596
605
603
597
595
605
603
604
607
599
606
597
598
606
597
606
599
598
600
601
602
603
604
600
607
602
603
605
598
600
606
605
602
610
610
601
597
594
604
601
600
602
598
603
604
595
603
607
599
606
602
601
601
599
602
598
601
596
603
606
603
598
592
599
602
598
599
601
604
595
602
598
598
599
598
599
607
596
596
599
609
603
599
603
610
606
605
603
599
604
613
603
601
606
606
603
588
601
604
598
604
601
602
595
605
593
604
606
602
606
601
592
