593
600
611
606
600
608
596
612
606
601
604
598
602
601
604
607
606
605
603
595
593
607
596
598
599
596
596
597
597
596
605
597
600
593
595
601
597
597
603
605
602
601
607
614
602
603
597
603
603
601
607
603
606
600
596
603
605
592
602
605
605
603
600
605
605
602
594
593
598
608
603
602
606
597
606
599
603
602
608
595
602
598
609
590
594
604
603
593
600
598
605
598
595
606
598
601
611
593
602
594
603
605
599
601
604
599
606
599
600
600
601
601
603
597
609
601
603
596
600
602
599
595
602
597
598
606
602
599
598
599
601
602
610
595
597
605
599
609
596
595
603
603
599
603
600
602
599
605
600
599
601
601
597
596
594
608
602
606
601
602
595
589
598
602
596
590
609
600
603
603
599
603
604
605
599
600
599
599
604
595
598
596
600
594
600
598
606
606
600
602
604
598
601
600
603
605
599
605
602
609
601
602
597
605
604
601
609
604
602
597
606
595
613
608
596
605
602
603
606
603
610
612
608
605
600
602
606
605
614
609
604
615
610
601
603
612
604
593
602
610
613
600
612
604
612
608
603
610
607
612
604
608
602
602
607
606
599
606
605
608
609
601
594
611
602
609
606
611
610
610
608
614
600
602
605
600
602
603
610
596
609
608
607
611
607
605
601
610
608
610
608
610
605
608
609
599
624
610
609
614
612
605
608
609
616
607
607
621
615
610
620
623
608
615
612
612
622
620
615
620
619
613
628
631
617
624
615
608
628
620
632
636
627
634
631
629
620
633
638
641
639
635
656
627
645
641
652
651
677
647
654
657
654
659
679
667
684
661
668
681
671
681
717
705
671
710
727
715
693
734
740
748
753
751
734
737
748
747
790
785
807
807
839
829
852
819
820
833
867
892
882
913
922
931
952
1001
978
1034
1004
1000
1046
1044
1107
1105
1144
1162
1171
1246
1206
1283
1280
1353
1334
1398
1354
1445
1481
1524
1615
1661
1679
1736
1770
1861
1863
1954
2007
2101
2115
2260
2293
2300
2516
2602
2552
2765
2813
2952
2976
3156
3345
3368
3383
3539
3609
3660
3844
4111
4073
4216
4388
4501
4730
4803
4949
5092
5238
5343
5486
5572
5494
5694
5965
5963
6038
6090
5904
6200
6113
6243
6160
6129
6059
6120
6453
6363
6299
6178
6238
6100
6107
5978
5917
5913
5664
5757
5637
5367
5363
5178
5178
5252
4988
4954
4866
4895
4774
4576
4665
4420
4230
4231
4277
4160
4126
4039
3962
3825
3942
3732
3581
3557
3532
3501
3400
3352
3323
3311
3299
3217
3170
3125
3055
2868
2963
2874
2912
2822
2787
2755
2725
2770
2600
2644
2644
2667
2515
2599
2428
2517
2509
2437
2341
2457
2387
2426
2379
2312
2245
2318
2174
2212
2157
2068
2173
2080
2073
2057
2029
2053
2105
2020
1978
1978
1943
2004
1973
1937
1942
1879
1898
1774
1844
1811
1749
1811
1754
1749
1770
1782
1722
1744
1681
1673
1694
1705
1619
1563
1673
1605
1584
1508
1539
1583
1504
1549
1537
1518
1449
1513
1427
1411
1477
1378
1395
1430
1411
1422
1370
1426
1362
1367
1310
1382
1270
1278
1318
1285
1272
1292
1301
1277
1233
1212
1221
1236
1222
1244
1148
1192
1212
1164
1138
1203
1154
1188
1163
1130
1122
1094
1086
1085
1084
1121
1069
1122
1045
1017
1029
1062
1037
1087
1045
1033
1034
986
986
1026
967
1018
1016
992
959
940
927
953
963
910
950
948
970
927
936
954
915
923
919
931
891
890
898
882
893
892
872
893
881
886
912
855
875
849
810
830
838
867
823
876
883
856
831
828
843
828
815
814
814
843
832
822
821
786
788
806
792
803
792
810
798
796
798
775
786
766
783
762
769
785
787
739
752
788
727
774
757
768
770
760
740
734
743
739
725
742
730
740
724
741
730
717
739
744
725
707
748
722
706
733
740
720
701
716
712
694
727
717
713
708
726
725
682
709
688
697
713
718
708
696
697
715
720
703
686
711
664
698
690
703
703
692
706
685
688
674
680
690
668
692
707
664
696
694
680
667
677
680
672
673
663
676
686
674
658
688
674
690
675
655
656
649
657
685
654
621
668
669
653
676
668
671
673
672
667
662
655
672
656
655
673
656
658
663
661
655
665
646
652
654
661
651
647
643
657
647
648
652
642
663
635
668
655
657
631
640
651
646
657
651
639
642
639
654
641
636
645
633
631
649
633
625
628
627
632
638
632
643
641
627
621
639
632
624
631
636
648
625
632
632
646
628
639
635
628
633
632
635
640
631
627
617
630
624
634
620
634
624
624
629
628
627
631
619
629
626
624
647
628
625
620
618
617
631
622
626
627
630
623
629
621
614
612
629
621
633
627
619
621
629
613
626
617
619
625
620
625
620
625
618
612
629
606
620
611
623
623
632
623
610
621
620
622
623
628
618
620
624
622
630
611
622
611
613
621
618
619
619
613
614
617
614
622
604
618
613
608
610
609
609
610
601
605
607
611
615
604
611
616
615
613
615
610
604
620
624
622
617
605
608
630
620
612
606
606
615
614
615
614
611
612
611
614
608
618
619
613
607
607
610
612
608
609
613
606
604
601
609
614
610
612
608
607
604
607
608
606
611
607
608
614
613
602
607
616
607
606
606
613
608
611
607
609
605
608
609
598
599
605
606
601
618
615
614
607
611
602
614
600
610
610
612
613
608
610
608
616
598
611
606
607
601
605
604
607
606
601
605
609
611
613
605
605
600
615
619
605
618
601
603
600
620
603
604
606
606
601
609
608
605
612
603
610
603
604
604
614
604
596
607
606
600
601
592
606
604
610
601
604
607
601
613
603
602
598
600
597
598
597
603
605
603
607
610
602
607
604
597
607
601
607
609
616
602
612
603
595
597
597
601
607
598
596
600
610
601
598
608
604
605
608
609
596
601
612
608
601
599
614
604
591
606
603
606
598
601
597
598
606
606
598
597
612
598
608
600
609
608
607
598
593
599
610
604
603
608
597
599
610
607
602
607
600
605
607
600
607
596
599
602
602
604
592
602
596
591
601
608
604
606
607
596
599
599
605
598
608
606
601
607
599
606
595
598
606
608
601
603
611
600
600
603
597
597
593
604
599
599
597
604
601
618
605
604
598
602
595
601
596
591
604
606
605
612
601
603
608
600
603
596
603
589
605
603
598
597
603
597
602
599
610
601
601
601
604
599
595
592
610
601
597
599
599
600
610
597
597
595
603
599
605
605
604
598
599
599
604
600
597
598
600
605
