598
604
603
590
602
608
600
602
598
603
615
606
601
603
610
594
606
600
602
608
605
595
601
600
603
604
599
600
597
596
598
598
608
597
604
609
602
595
605
599
604
600
599
602
600
605
602
602
600
603
604
608
608
603
603
606
599
599
610
599
598
608
606
601
599
591
598
591
602
604
600
606
601
597
597
607
598
597
604
598
610
601
602
598
599
604
603
596
599
591
601
598
590
596
599
604
601
598
603
603
604
602
598
608
598
606
605
600
597
604
607
593
605
593
589
601
603
600
601
600
596
597
597
606
601
599
601
601
607
599
599
596
604
603
597
607
594
599
600
595
601
596
598
602
601
598
595
602
599
594
589
607
611
593
611
594
597
611
600
599
599
600
597
606
604
601
606
598
605
605
605
607
602
602
606
598
605
602
603
606
596
609
604
599
605
597
602
597
605
597
602
607
604
593
595
605
602
607
594
606
605
603
595
600
612
616
604
605
606
607
603
598
616
603
610
596
598
603
602
602
604
602
599
600
599
600
605
598
593
608
601
612
607
602
604
603
609
604
595
605
607
603
592
593
619
610
610
611
605
610
602
607
603
613
611
618
603
594
617
607
611
600
612
613
609
602
603
610
604
624
607
614
613
612
597
607
612
603
609
607
609
612
607
621
614
602
603
608
608
613
605
615
613
612
612
607
618
612
623
608
612
623
613
608
619
611
610
618
622
617
627
615
611
635
617
614
626
615
623
637
623
613
626
619
639
621
623
642
639
638
631
638
644
641
651
634
628
657
653
647
645
659
659
671
680
655
648
659
673
677
686
691
669
691
695
721
693
723
723
698
710
742
710
740
732
762
752
747
763
772
750
784
788
808
808
822
831
849
862
873
881
869
901
902
911
959
1013
961
1002
1012
1011
1026
1062
1105
1068
1146
1165
1202
1174
1219
1255
1299
1322
1311
1319
1389
1404
1545
1478
1531
1594
1653
1631
1769
1876
1884
1919
2023
2010
2091
2128
2157
2299
2264
2464
2695
2551
2703
2794
2869
2969
3120
3155
3422
3548
3514
3844
3940
4010
4179
4363
4430
4760
4830
4964
5178
5205
5338
5751
5893
6132
6287
6498
6582
6813
6808
7195
7328
7495
7596
7812
8015
8062
8203
8271
8535
8376
8486
8777
8803
8420
8662
8601
8632
8632
8729
8670
8659
8639
8631
8469
8472
8165
8160
8051
7902
7778
7582
7382
7418
7086
6981
6877
6868
6894
6631
6369
6457
6386
6137
6103
5982
5737
5652
5594
5447
5237
5115
5099
4970
4774
4876
5032
4699
4636
4554
4416
4275
4381
4266
4161
4009
4026
4150
4129
3994
3810
3774
3667
3552
3518
3474
3564
3535
3534
3581
3413
3299
3205
3181
3266
3159
3126
3176
3008
3088
3048
2936
2936
2953
2965
2862
2739
2742
2691
2704
2870
2723
2710
2626
2632
2575
2643
2578
2621
2507
2448
2462
2405
2444
2422
2415
2371
2260
2353
2419
2202
2181
2225
2187
2068
2147
2123
2097
2007
2080
2179
1993
2039
2001
1965
1954
1943
1931
1861
1860
1842
1887
1861
1756
1795
1793
1701
1730
1728
1719
1694
1645
1664
1690
1660
1584
1614
1671
1541
1592
1555
1493
1520
1498
1495
1463
1463
1492
1524
1450
1462
1399
1458
1404
1404
1444
1375
1337
1336
1389
1329
1309
1256
1321
1304
1291
1248
1253
1240
1284
1264
1276
1233
1287
1197
1158
1232
1169
1215
1223
1184
1176
1088
1184
1102
1131
1124
1151
1136
1093
1067
1108
1092
1091
1054
1097
1041
1081
1100
1051
1063
1013
1039
1033
1029
1018
994
1026
975
1013
993
1009
998
958
956
977
999
931
968
946
963
953
927
922
929
913
935
944
909
920
904
897
915
939
918
900
889
893
889
838
862
830
857
850
860
839
872
857
836
857
830
857
834
850
865
824
795
795
832
839
809
814
785
838
831
798
823
798
798
806
830
804
794
793
781
768
811
779
783
740
786
799
762
766
773
762
755
741
740
768
771
780
771
727
727
757
745
767
763
734
716
747
730
763
723
727
752
729
761
741
750
716
714
715
743
724
714
737
725
697
705
709
709
695
732
700
710
722
701
709
711
711
708
708
708
701
705
725
681
687
694
710
688
698
696
713
692
696
700
681
671
696
680
662
692
676
677
696
672
690
691
685
688
673
681
699
693
688
668
646
684
679
678
662
670
669
676
659
659
672
676
676
677
678
667
676
674
668
655
681
679
663
660
658
656
667
647
667
642
655
647
667
656
654
655
627
642
675
664
642
655
644
661
653
662
658
644
647
656
657
651
627
655
646
653
646
644
633
647
639
648
644
644
639
639
645
635
644
657
635
645
640
620
651
626
641
634
654
639
642
639
653
633
629
639
655
634
645
614
633
637
635
641
633
634
630
637
623
629
632
644
637
631
636
622
641
631
628
628
626
634
630
622
637
629
623
626
614
624
630
629
627
641
636
612
620
616
623
638
641
623
619
627
624
637
620
631
624
621
621
621
625
640
618
623
641
604
623
620
624
618
607
618
628
610
633
633
619
619
616
622
622
618
611
618
626
628
622
609
607
621
625
621
622
611
617
614
616
615
612
612
614
620
610
623
625
626
618
618
612
621
616
631
612
614
610
615
618
610
610
609
620
621
609
606
605
614
610
612
607
609
610
609
609
606
620
618
616
612
605
628
605
601
608
605
595
605
612
593
615
620
607
602
606
612
613
603
612
631
612
612
603
606
614
610
605
619
611
614
604
612
611
610
614
607
614
607
606
606
605
621
604
613
611
605
620
617
609
609
610
604
612
614
604
612
613
610
611
606
609
604
605
599
608
598
609
608
613
613
622
599
610
617
599
605
597
599
602
597
602
612
602
599
612
603
603
607
608
603
608
606
603
604
602
603
609
608
592
604
613
605
616
607
601
606
606
611
608
623
610
603
605
599
601
597
607
594
593
596
604
605
594
611
606
602
603
601
601
611
607
601
603
605
605
601
600
606
598
608
606
601
605
606
606
598
603
601
597
603
592
601
598
604
608
604
599
609
598
604
598
597
605
606
598
601
606
602
601
601
605
595
606
600
612
602
596
589
607
601
598
608
603
600
598
594
607
597
607
600
604
604
598
605
604
602
600
606
600
596
595
594
604
603
596
595
596
599
600
605
600
597
609
600
600
598
602
599
607
597
608
601
598
601
595
607
597
601
596
595
603
602
604
598
597
601
605
609
600
600
601
608
607
605
595
596
599
605
594
602
600
602
609
594
599
611
594
598
598
596
608
609
606
605
602
606
601
600
604
611
603
601
600
604
598
