601
607
602
609
611
609
608
601
605
599
606
602
613
602
603
606
600
595
599
606
607
610
606
600
608
611
603
605
605
589
611
602
599
602
600
602
599
596
603
602
604
601
602
609
606
598
605
600
599
603
605
601
601
603
603
598
597
596
599
604
604
600
600
608
597
606
603
599
600
598
601
596
610
602
600
608
598
596
601
596
602
600
601
602
601
607
593
610
598
601
604
596
610
600
606
604
612
599
597
593
606
600
602
599
597
599
599
600
596
593
588
598
602
606
605
594
602
593
595
601
602
601
594
617
603
597
593
608
599
597
591
603
605
598
597
603
603
605
598
597
602
606
598
607
602
606
603
600
601
593
601
600
602
594
604
599
603
599
602
603
602
602
600
594
602
597
597
601
606
601
607
599
599
592
605
606
610
604
601
606
605
602
606
597
602
601
615
600
604
599
598
599
612
606
601
593
600
604
615
606
599
614
599
611
604
603
601
605
589
608
598
607
610
606
610
597
599
612
605
608
611
603
590
609
609
605
611
598
615
611
602
614
604
602
603
602
606
608
598
606
607
604
613
598
614
599
608
611
605
602
601
607
606
603
608
599
597
607
613
608
610
602
608
615
610
614
613
607
605
609
603
619
612
606
607
614
605
622
599
613
608
606
607
603
610
605
612
613
614
614
608
614
602
615
613
619
613
607
610
613
615
609
616
602
618
621
612
617
615
629
631
625
611
625
633
628
615
624
636
623
627
625
621
623
633
634
631
641
638
647
633
630
641
640
644
636
659
636
671
652
650
667
673
666
681
666
672
692
677
686
686
692
699
693
716
699
711
728
709
711
725
723
732
727
750
764
732
756
782
767
785
758
793
794
850
809
821
868
832
856
847
909
868
916
892
912
976
988
953
976
1007
1007
1002
1135
1104
1114
1160
1191
1163
1272
1258
1232
1274
1386
1447
1433
1376
1492
1519
1610
1579
1578
1671
1754
1834
1811
1847
1913
2019
2048
2132
2237
2366
2382
2369
2452
2634
2732
2827
2920
2977
3105
3302
3365
3634
3535
3784
3866
4100
4128
4250
4526
4579
4852
5024
4987
5347
5479
5570
5888
6242
6367
6385
6525
6744
6991
7206
7273
7514
7677
7891
7994
8147
8096
8253
8282
8614
8677
8645
8508
8729
8701
8824
8804
8718
8735
8459
8829
8519
8589
8377
8488
8284
8136
7979
8031
7864
7710
7518
7293
7217
7098
6995
6809
6698
6539
6411
6460
6277
6214
6098
6038
5885
5583
5488
5428
5377
5185
5256
4957
5035
4931
4861
4623
4682
4506
4423
4552
4534
4206
4230
4106
4071
4063
3950
3929
3915
3856
3785
3680
3669
3615
3595
3437
3520
3407
3359
3387
3307
3293
3282
3218
3206
3235
3232
3094
3076
2984
2988
2877
2972
2976
2955
2903
2825
2815
2805
2733
2702
2671
2714
2666
2591
2505
2570
2435
2467
2518
2542
2465
2454
2435
2405
2364
2342
2269
2346
2217
2257
2214
2201
2185
2112
2175
2103
2058
1973
2174
2048
2077
1982
2017
1947
1966
1973
1906
1943
1774
1886
1839
1821
1816
1704
1808
1769
1738
1792
1701
1717
1662
1660
1635
1705
1679
1573
1664
1544
1602
1602
1569
1510
1502
1456
1514
1543
1503
1486
1380
1431
1437
1398
1403
1425
1382
1502
1391
1358
1317
1285
1304
1381
1355
1256
1301
1301
1249
1253
1191
1247
1198
1253
1186
1222
1191
1192
1209
1114
1202
1186
1195
1111
1139
1170
1150
1151
1126
1092
1130
1159
1082
1039
1062
1084
1029
1060
1079
1013
1052
1072
1016
1061
1025
998
1004
1028
1027
1025
1013
995
975
976
947
967
961
984
930
981
953
935
919
969
957
941
939
939
905
911
888
930
887
875
900
883
906
855
858
870
883
884
861
852
886
834
870
866
875
821
819
864
845
817
840
838
827
831
825
811
824
821
821
802
829
783
828
842
768
814
786
758
832
820
766
785
797
809
769
771
782
754
773
765
762
785
762
740
733
754
744
739
745
778
775
760
763
759
764
750
742
732
749
757
746
738
732
707
747
721
770
714
728
715
740
725
729
725
735
726
720
704
702
717
740
712
707
714
703
716
705
702
707
704
707
706
705
687
706
662
718
700
699
694
698
707
697
689
691
708
698
673
672
668
693
664
691
686
716
686
678
665
700
704
681
676
670
696
651
696
680
676
667
677
684
674
670
671
676
670
676
653
673
695
647
678
674
650
656
675
650
657
645
658
655
659
657
657
659
678
672
664
654
653
662
641
655
653
670
664
680
669
659
634
645
636
664
648
651
670
633
646
641
643
647
650
635
652
642
644
650
638
648
652
642
642
647
664
649
637
656
639
631
647
634
641
650
630
642
623
647
627
635
651
636
648
638
624
630
645
647
630
640
647
632
640
642
620
654
629
638
630
623
615
631
627
638
633
633
630
627
645
646
612
625
634
633
638
637
624
632
634
624
631
629
629
638
630
626
626
630
627
617
616
622
613
631
620
625
622
626
630
621
620
623
620
626
624
634
607
630
623
619
622
630
619
619
612
610
631
623
607
614
620
615
615
607
614
612
635
624
613
613
624
613
619
621
613
612
625
612
612
615
618
617
612
618
613
601
615
609
613
620
619
620
616
618
625
619
614
608
611
616
610
616
622
622
603
614
614
619
600
606
617
615
613
620
611
604
609
615
617
613
615
598
605
615
615
610
604
618
619
624
600
605
615
615
610
617
615
614
604
602
614
601
612
607
609
616
612
599
610
612
607
609
613
599
615
612
613
607
617
617
619
605
611
600
618
609
603
609
610
609
615
609
600
601
597
608
604
602
609
603
616
610
612
613
621
598
614
608
607
605
602
607
611
597
604
594
607
607
603
610
602
608
608
598
612
609
612
602
600
603
609
606
616
610
617
602
608
604
615
612
595
613
605
604
608
608
607
611
610
599
603
598
601
600
604
612
597
599
602
604
608
608
597
604
606
599
601
607
595
590
598
604
603
610
599
604
599
603
608
607
603
599
603
605
614
604
615
604
602
605
607
605
607
611
611
601
602
594
606
604
612
603
605
602
602
608
605
602
602
607
596
602
601
600
599
601
598
601
597
602
595
601
606
607
598
593
602
604
599
600
598
604
596
607
597
612
598
599
604
606
606
610
606
608
604
599
598
609
603
614
607
608
604
601
600
604
599
605
611
597
608
601
607
597
597
607
597
598
608
605
601
607
605
597
612
597
606
606
602
612
602
598
598
600
603
604
601
599
599
604
602
599
596
599
606
611
607
603
607
604
603
604
603
595
597
607
600
605
597
599
