605
607
605
609
602
595
605
602
599
599
609
602
610
606
601
604
599
599
598
602
602
595
596
600
602
599
602
605
606
604
601
601
608
605
601
592
592
601
611
600
604
606
604
597
599
599
605
610
597
600
603
595
600
594
594
600
604
600
602
602
592
607
592
606
605
594
598
602
600
600
605
600
602
604
600
595
596
600
600
597
596
606
597
607
596
593
597
600
596
590
605
600
595
600
598
607
596
598
601
595
600
603
591
615
601
605
608
608
612
600
608
610
604
597
599
602
601
601
601
605
596
601
603
600
604
602
607
604
610
600
603
603
612
606
598
604
593
604
590
604
598
604
606
594
601
604
607
597
609
597
604
602
600
603
599
596
595
607
594
606
598
603
596
607
602
599
605
606
598
603
605
598
601
593
590
597
611
607
593
600
602
601
599
606
595
600
603
606
597
603
604
608
600
606
605
598
602
602
605
598
598
611
608
597
598
605
600
596
603
601
609
609
609
601
602
607
603
595
602
600
596
593
601
602
610
604
598
600
599
602
589
589
607
603
603
601
601
605
606
612
600
599
598
606
603
599
605
602
603
608
602
600
603
605
601
603
612
606
609
601
605
602
604
604
608
602
609
611
605
603
601
608
603
602
609
606
607
610
609
599
602
605
615
610
613
606
609
602
600
609
596
604
612
603
617
605
607
611
609
608
607
607
597
621
606
605
609
607
605
605
617
603
621
614
612
611
608
615
602
622
613
605
627
614
603
605
603
614
614
617
607
615
623
617
618
620
618
633
602
624
609
624
611
614
627
618
622
618
620
624
627
615
606
622
632
636
626
638
650
629
630
637
624
654
640
652
656
645
655
653
648
646
643
664
660
673
684
665
661
672
659
676
676
680
704
682
698
684
712
720
697
714
726
729
721
754
750
746
743
745
766
792
747
777
806
806
806
799
844
840
846
878
904
895
966
878
952
959
939
970
975
1046
1061
1023
1062
1091
1070
1122
1121
1158
1215
1148
1257
1281
1301
1307
1359
1371
1435
1488
1431
1559
1592
1674
1651
1744
1693
1814
1861
1827
1842
1928
2011
2072
2100
2183
2217
2192
2252
2366
2439
2485
2443
2581
2512
2599
2630
2657
2659
2676
2803
2788
2813
2840
2856
2965
2817
2911
3036
2929
2883
2836
2836
2854
2779
2774
2741
2683
2679
2642
2608
2534
2663
2557
2595
2547
2394
2474
2463
2380
2406
2326
2268
2333
2213
2236
2193
2139
2161
2056
2133
2035
1995
1938
1937
2020
2028
1868
1989
1955
1819
1904
1892
1751
1745
1776
1755
1719
1704
1696
1660
1653
1605
1698
1640
1633
1633
1588
1656
1552
1586
1607
1579
1610
1530
1504
1508
1503
1500
1495
1528
1571
1539
1468
1447
1447
1482
1450
1392
1408
1486
1385
1454
1397
1413
1373
1379
1374
1375
1402
1345
1375
1335
1359
1337
1340
1281
1282
1322
1306
1290
1221
1198
1233
1248
1285
1285
1232
1235
1191
1204
1210
1169
1163
1179
1157
1133
1130
1157
1121
1117
1148
1166
1066
1106
1073
1064
1113
1033
1109
1059
1050
1048
1042
1053
1046
1029
1029
1050
1010
1004
964
1006
971
1000
975
970
968
979
921
980
931
940
894
951
893
941
923
886
891
879
919
916
859
864
895
891
842
876
882
877
870
872
900
853
809
831
843
853
812
836
823
782
807
841
836
797
819
792
790
826
783
799
794
796
791
802
766
745
776
775
771
766
763
787
765
775
770
785
741
768
773
728
762
749
743
742
731
736
739
726
761
715
723
738
728
711
734
718
736
706
692
721
707
732
729
750
686
687
727
699
688
708
698
700
700
695
679
695
707
675
677
698
684
677
698
673
672
682
707
690
684
697
703
689
697
672
678
689
671
681
669
679
664
681
667
658
660
657
687
667
657
661
649
656
669
646
647
650
664
636
659
630
661
655
639
667
637
642
673
644
631
656
657
646
646
639
637
643
636
669
649
650
648
649
644
644
639
634
646
638
642
642
628
646
637
649
627
659
645
626
634
646
634
649
608
625
618
634
640
623
619
626
640
645
636
648
634
631
614
624
636
633
635
645
638
631
633
630
623
631
614
639
622
630
620
628
621
636
629
620
621
627
628
627
638
626
622
625
639
619
609
637
621
630
620
629
625
623
624
623
620
615
618
621
610
610
612
622
632
613
623
612
627
614
621
621
621
613
618
634
624
611
614
607
613
605
627
614
620
610
627
615
628
629
614
608
616
620
607
610
613
618
614
608
614
614
607
614
607
609
611
609
615
619
614
618
611
607
623
595
600
607
606
599
612
607
614
612
617
609
612
612
605
621
617
606
626
599
624
608
614
619
606
617
606
598
604
603
598
614
598
616
608
611
607
610
601
608
607
607
615
601
606
607
599
621
614
599
612
605
602
605
606
602
610
601
613
609
612
601
614
614
603
614
617
605
622
602
613
607
614
609
605
599
608
603
605
612
616
613
606
604
604
607
593
604
622
614
616
603
610
609
608
600
618
609
606
609
604
617
603
597
603
605
598
605
604
607
613
599
606
600
603
605
599
605
596
603
609
601
601
610
609
605
605
603
602
592
606
596
603
601
611
603
602
605
600
614
599
604
607
603
604
610
605
597
607
606
599
603
610
607
604
606
606
610
599
599
603
609
607
607
601
603
601
609
600
604
600
598
596
596
607
603
595
600
613
603
594
593
603
601
594
601
604
603
601
602
603
602
600
602
601
599
609
606
593
599
605
596
608
601
590
606
595
597
606
604
596
598
597
602
597
601
597
603
604
599
600
594
597
591
597
599
598
596
599
597
605
607
600
596
597
594
604
601
593
597
599
602
601
595
591
606
597
596
605
606
597
594
601
603
598
601
602
603
598
602
594
602
602
601
604
598
604
596
596
599
607
602
609
604
602
600
601
602
599
605
602
604
595
589
596
594
603
597
603
603
605
606
599
596
601
596
600
607
602
602
602
600
601
603
592
606
604
603
599
601
597
593
601
592
606
609
596
604
599
597
599
606
603
600
606
602
601
605
601
603
599
609
595
602
600
603
609
601
597
594
608
601
596
595
599
607
600
599
604
600
601
604
600
604
602
606
600
602
600
603
606
594
601
598
599
601
602
600
603
601
599
610
598
601
600
610
603
590
597
600
601
589
599
596
595
601
599
601
597
602
602
602
601
603
602
598
598
597
597
604
597
598
603
594
603
595
600
603
599
601
603
