600
603
600
596
601
595
597
605
597
601
602
600
596
605
592
602
600
615
604
601
600
601
602
601
600
602
601
606
607
608
602
603
601
608
597
603
603
598
597
601
591
598
598
596
604
595
594
601
600
599
598
601
601
601
598
601
602
602
600
596
589
603
586
595
598
589
602
602
599
600
598
598
596
595
602
602
595
594
603
601
600
595
600
591
608
600
600
601
600
602
592
597
603
591
600
599
596
595
599
594
599
605
596
601
601
604
601
602
601
608
602
602
604
603
602
603
603
613
603
601
605
594
600
599
593
595
595
597
601
607
589
600
601
607
601
599
598
595
592
595
602
596
603
597
601
596
600
599
596
597
596
596
603
594
601
597
590
604
595
600
600
594
600
601
597
598
602
595
603
602
593
601
588
603
595
598
600
597
601
603
602
607
593
604
591
598
599
599
599
606
601
595
601
596
600
591
600
600
595
598
601
598
600
599
600
602
595
595
595
607
602
596
597
604
603
594
612
593
595
604
602
590
597
604
600
604
596
599
601
595
613
603
603
602
605
594
591
602
603
601
595
605
594
600
608
595
600
599
594
601
603
603
588
592
605
603
606
602
597
600
600
600
606
593
601
601
589
602
604
598
597
603
598
603
593
595
600
609
594
604
596
591
599
598
600
599
601
597
600
600
599
596
598
596
603
596
606
596
605
596
592
602
592
602
605
595
606
607
604
596
605
598
596
602
600
591
595
598
594
597
609
604
594
598
607
598
603
607
610
599
603
596
602
601
600
597
600
599
603
599
599
594
596
600
603
596
600
598
591
592
601
600
602
600
594
596
603
601
592
599
603
611
603
602
595
597
599
603
599
606
597
600
605
608
601
609
600
596
602
593
595
598
597
598
603
597
597
603
600
592
603
595
602
593
597
595
595
602
602
598
602
602
599
593
599
599
602
596
606
602
601
599
604
601
601
596
607
600
604
602
600
609
598
596
597
601
601
602
594
604
594
602
598
599
598
601
600
600
603
598
598
596
594
603
600
595
597
601
600
608
596
598
600
600
604
602
598
591
595
595
596
601
604
602
597
595
605
603
602
600
607
608
603
600
600
605
593
596
610
598
597
599
592
605
596
596
600
597
598
605
597
593
593
603
595
602
602
595
592
597
606
598
596
603
595
600
596
597
599
589
595
595
602
597
601
598
601
607
598
605
591
600
605
599
593
601
596
605
606
601
604
597
595
598
597
601
592
595
596
604
602
589
603
594
600
595
599
597
600
601
598
604
605
602
601
597
605
594
608
612
604
593
599
603
600
602
594
605
598
597
598
605
599
604
594
596
600
604
601
597
597
606
598
600
603
597
596
603
595
602
610
596
597
601
605
597
606
604
599
591
596
598
603
597
605
602
603
603
598
595
597
603
593
606
598
594
608
597
601
596
600
599
600
595
609
597
602
604
593
598
604
593
600
600
598
596
608
607
594
600
599
593
593
597
599
603
599
595
601
596
602
597
601
603
598
601
600
597
602
597
606
603
598
604
595
590
595
598
605
601
600
597
596
598
592
593
604
600
602
591
600
600
600
601
608
606
600
597
596
600
603
603
594
596
601
599
597
596
595
599
599
601
599
600
601
602
608
599
600
599
604
602
589
598
595
604
594
594
590
591
603
597
602
601
597
602
602
600
608
596
602
603
599
600
600
608
593
601
600
595
603
603
596
598
596
595
599
600
600
597
595
605
600
601
600
595
603
599
610
598
600
600
605
599
602
597
599
602
602
600
588
594
601
601
604
600
609
602
596
598
603
599
597
604
600
603
599
596
595
603
593
597
606
609
600
601
596
595
590
607
595
599
597
598
595
600
598
597
597
596
602
593
602
593
596
601
592
597
591
588
605
591
607
598
597
598
604
604
606
596
600
601
609
604
600
604
598
605
603
602
594
597
603
596
593
596
595
600
596
601
593
598
598
601
599
597
598
599
596
594
600
612
597
595
606
609
596
593
604
597
597
604
600
608
604
610
597
603
598
591
602
593
595
588
593
598
594
600
602
592
602
604
607
597
597
594
601
603
602
602
592
598
597
600
595
602
594
601
603
601
600
603
599
598
596
600
602
589
600
605
594
603
598
598
595
599
602
597
592
603
595
612
601
600
600
601
596
596
604
602
601
592
605
598
593
597
597
597
598
600
606
599
605
602
597
601
599
596
594
602
603
595
597
592
588
592
591
600
601
605
601
598
600
600
605
598
604
596
603
600
601
604
603
600
600
595
604
604
594
595
601
597
608
599
606
592
605
601
595
597
596
595
601
598
606
598
601
604
599
598
601
596
602
595
592
607
608
604
603
601
603
610
604
602
605
602
598
604
598
604
607
594
592
608
601
602
602
603
604
600
608
603
593
601
596
597
598
596
598
601
604
593
598
597
589
602
597
600
595
597
592
608
603
610
611
598
603
602
602
599
596
600
602
605
603
606
595
603
599
596
602
600
594
602
592
600
593
597
600
605
597
600
600
602
599
605
601
600
596
601
604
601
600
606
604
605
598
605
600
601
601
602
605
602
607
604
605
601
595
596
592
595
600
605
597
596
595
597
589
603
597
606
594
598
600
598
602
606
593
599
601
601
593
597
602
598
604
604
604
606
596
591
602
598
601
599
603
604
604
605
595
606
592
599
595
599
605
595
602
608
599
600
593
602
604
596
602
597
599
598
597
592
595
602
599
595
603
597
595
596
599
603
605
606
598
602
608
597
592
600
600
604
589
601
595
598
602
598
595
596
591
603
596
602
598
588
608
594
605
606
602
600
605
600
602
595
602
602
595
600
601
598
600
599
589
595
598
599
600
603
596
601
596
597
599
594
599
605
605
593
598
597
600
599
601
597
598
599
600
601
597
591
605
602
591
607
596
609
603
597
602
595
605
603
600
603
600
601
605
609
597
608
607
602
602
593
599
605
603
601
591
597
591
599
599
600
598
592
602
599
595
599
595
607
601
601
605
597
604
605
603
605
602
595
598
603
601
604
601
603
597
598
604
601
613
598
594
603
598
604
597
597
597
606
598
609
606
600
604
598
