613
619
610
612
617
614
609
609
612
615
601
601
612
614
610
612
606
621
609
602
617
602
604
607
604
611
614
614
610
617
611
620
616
619
615
612
611
601
609
612
604
604
613
600
610
605
603
617
611
613
605
614
617
608
609
613
608
620
606
611
604
613
605
600
594
605
615
603
608
606
605
605
603
597
607
603
600
609
602
599
604
606
612
605
613
603
607
603
607
604
600
601
600
608
601
605
601
611
598
600
614
603
597
610
599
611
609
601
608
612
612
612
605
598
608
604
617
613
602
617
606
617
610
602
612
613
607
603
615
595
609
616
598
618
608
596
613
605
603
619
609
621
609
615
618
610
613
608
611
603
605
606
606
611
603
600
605
614
613
606
608
615
596
606
609
610
612
605
610
612
603
614
606
619
618
614
613
605
614
603
616
616
621
609
600
625
615
619
614
603
614
617
623
607
624
612
630
615
616
621
608
609
620
615
615
615
622
621
620
618
624
613
615
625
615
620
620
628
633
626
631
641
631
618
631
629
614
626
633
629
625
626
636
625
642
640
630
640
637
648
622
627
627
634
655
632
650
650
644
633
632
645
644
649
623
636
642
647
656
640
647
645
629
645
648
661
644
660
629
667
642
643
646
657
650
669
635
645
653
646
652
641
641
649
640
649
663
653
662
668
660
652
666
666
662
656
683
658
660
678
661
685
679
680
681
677
684
677
685
688
698
687
691
724
697
715
740
714
713
740
723
737
728
727
718
751
741
760
738
735
747
778
805
776
773
805
785
817
840
812
865
826
824
880
906
868
873
887
910
931
924
948
947
968
985
939
1032
1049
1053
1068
1048
1107
1086
1168
1167
1199
1199
1205
1209
1300
1251
1286
1279
1354
1435
1390
1419
1523
1562
1631
1661
1638
1756
1808
1774
1887
1918
1881
1971
2030
2078
2239
2328
2266
2420
2464
2597
2711
2750
2795
2914
3011
3104
3153
3281
3390
3513
3644
3793
3898
3995
4202
4367
4526
4670
4863
5038
5376
5577
5879
5954
6177
6352
6612
6834
7196
7465
7673
8076
8410
8988
9208
9550
9866
10352
10797
11136
11760
12105
12653
13400
13833
14278
14802
15340
15898
16814
17494
17971
18819
19501
19951
20777
21761
22812
23871
24204
25113
25803
26172
27376
28299
28509
29378
30374
31173
31243
32276
32697
33358
33782
34501
34621
35375
35894
36008
36212
36849
36901
37006
36999
37210
36869
36900
36406
35879
36013
35374
35195
34939
34401
33710
33620
33155
32308
32063
31479
30733
30626
29980
29352
28831
28594
27823
27185
26511
25760
25476
24832
24291
23505
23060
22502
21997
21874
21202
20808
20200
20089
19507
19074
18751
18388
18086
17728
17172
16946
16570
16284
15935
15694
15304
15021
14652
14602
14341
14347
13778
13799
13741
13834
13186
13239
13010
12603
12567
12289
12420
12100
11854
11707
11797
11255
11323
11012
10889
10960
10684
10714
10529
10347
10240
9927
10080
9951
9719
9862
9577
9513
9476
8978
8927
8990
8805
8666
8641
8576
8403
8165
8489
7970
7962
7819
7766
7674
7593
7439
7208
7263
7213
7119
7142
7025
6739
6785
6826
6616
6471
6408
6172
6420
6141
6149
6123
6116
5887
5823
5721
5665
5615
5466
5555
5632
5332
5298
5182
5116
5139
5005
4972
4869
4873
4702
4643
4604
4712
4438
4480
4444
4285
4215
4277
4379
4091
4205
4179
4114
4001
3920
3985
3824
3771
3730
3834
3663
3490
3590
3400
3469
3397
3286
3342
3303
3343
3193
3279
3169
3169
3081
3184
2997
3028
2932
2926
2880
2976
2836
2809
2906
2732
2682
2653
2718
2606
2646
2701
2510
2485
2465
2506
2579
2418
2378
2432
2412
2354
2332
2268
2226
2242
2209
2243
2187
2211
2049
2238
2030
2063
2011
1991
2039
2012
1978
1920
1974
1871
1919
1847
1835
1854
1820
1841
1834
1844
1767
1699
1740
1754
1708
1729
1631
1628
1685
1597
1675
1644
1511
1630
1590
1634
1605
1551
1546
1504
1457
1563
1581
1518
1510
1475
1442
1436
1456
1431
1426
1438
1392
1454
1465
1408
1356
1384
1317
1402
1358
1365
1352
1351
1295
1302
1308
1254
1288
1254
1227
1304
1183
1266
1228
1215
1245
1214
1149
1168
1233
1190
1202
1252
1175
1189
1151
1158
1140
1104
1113
1170
1114
1097
1138
1134
1089
1106
1085
1093
1066
1088
1087
1020
1020
1015
1047
1006
1034
990
1066
1044
1038
1039
1003
992
1038
1001
1004
947
1034
1001
990
975
978
1005
974
981
1011
923
964
1002
991
957
989
1001
957
906
944
934
941
940
936
920
892
909
916
901
904
916
902
874
874
891
839
888
878
859
884
848
884
878
851
859
900
846
851
854
817
830
876
818
841
863
834
823
811
868
831
847
823
830
822
817
798
820
862
802
795
815
823
812
776
796
792
769
803
788
801
796
764
820
795
799
799
754
768
785
781
761
772
773
723
765
749
744
762
796
753
745
755
762
744
754
745
770
741
763
737
727
755
712
732
741
760
736
722
708
721
749
749
723
726
738
727
706
718
750
731
728
728
722
722
706
692
730
724
699
716
697
724
697
708
717
702
697
698
680
698
692
711
714
696
705
721
689
701
697
705
715
650
668
690
706
679
685
701
702
676
693
673
663
690
706
710
684
690
683
672
669
668
699
662
676
691
665
719
661
657
650
673
662
665
658
680
662
652
654
647
656
660
661
664
661
682
661
661
657
651
654
653
664
658
656
670
653
635
660
660
654
659
656
667
648
639
659
656
656
670
656
669
652
659
657
650
643
655
660
650
645
636
644
631
626
639
640
652
638
650
645
642
638
627
645
644
636
655
651
632
636
634
651
631
634
631
637
639
651
631
624
639
639
644
625
640
626
646
636
635
626
625
628
630
638
617
626
625
630
624
629
635
623
637
626
616
624
626
629
623
628
622
631
635
628
627
637
622
613
639
629
641
628
630
629
615
615
631
610
630
629
629
636
630
606
617
622
618
627
629
619
626
615
621
615
618
626
618
623
624
624
627
629
613
611
611
604
618
620
619
620
623
623
612
629
626
626
615
591
607
618
605
609
619
612
610
601
607
619
604
618
599
621
612
613
623
611
621
617
612
621
617
605
620
609
615
622
624
610
608
620
607
610
610
613
593
615
608
610
610
610
621
606
605
612
603
605
612
609
614
609
602
611
617
609
603
609
607
608
615
606
614
609
618
609
610
601
602
604
609
593
611
613
605
606
612
599
606
596
606
609
611
606
611
612
606
602
615
602
601
602
615
608
603
610
616
609
599
601
612
614
605
608
613
610
608
601
603
602
604
614
608
608
603
602
609
603
604
603
600
606
601
617
603
593
607
600
602
607
606
600
600
604
609
605
600
598
613
608
617
590
602
606
597
608
606
618
606
602
601
613
610
608
595
610
604
597
600
609
608
607
601
602
597
595
600
616
