613
608
610
603
608
609
603
613
617
609
614
610
609
601
605
599
599
606
604
611
604
602
603
603
608
602
607
600
612
614
613
609
602
613
614
617
604
607
607
603
612
607
598
607
608
591
602
610
606
607
604
615
610
604
592
608
601
603
612
601
603
604
609
598
603
605
609
610
601
603
614
606
595
604
605
611
606
615
611
614
607
610
612
605
611
606
602
606
608
591
604
606
617
610
602
609
604
615
612
621
615
620
609
607
612
616
603
614
617
616
619
611
626
614
610
611
627
616
614
608
617
619
623
609
614
606
611
624
617
605
615
624
611
612
623
620
615
600
623
611
621
611
621
609
620
609
619
609
629
621
628
615
611
626
608
622
609
625
614
610
612
617
618
625
610
615
628
616
625
615
629
617
621
620
623
618
613
620
621
631
621
615
618
630
612
631
621
628
620
627
626
638
629
648
631
624
621
632
623
630
629
643
626
629
626
638
627
629
623
643
640
630
624
634
630
633
649
636
641
622
638
642
641
648
643
635
635
652
643
654
645
656
655
642
651
661
645
641
646
658
651
656
649
641
651
645
654
647
655
638
657
654
672
652
659
662
669
657
651
656
661
659
663
669
657
664
656
651
653
651
665
648
663
667
687
667
662
670
670
672
665
680
672
670
681
678
649
673
671
665
688
683
682
690
675
702
696
685
690
701
702
699
699
694
708
704
709
714
705
736
703
726
732
719
734
722
746
748
769
740
743
757
761
788
779
763
771
776
759
792
790
786
785
810
836
855
864
847
853
865
889
891
887
885
929
932
896
939
919
931
973
1025
1005
1066
1033
1024
1077
1089
1157
1146
1183
1147
1210
1233
1223
1308
1296
1306
1343
1380
1365
1428
1457
1500
1519
1570
1601
1613
1717
1684
1761
1772
1896
1904
2004
2014
2054
2054
2259
2306
2383
2468
2408
2508
2638
2719
2818
2878
3014
3102
3235
3341
3552
3393
3651
3746
4005
4014
4244
4245
4452
4801
4828
5076
5141
5388
5626
5990
6158
6228
6678
7012
7253
7448
7788
8077
8320
8820
9029
9575
9899
10287
10728
11266
11881
12003
12766
13048
13769
14296
14691
15441
15768
16750
17290
17761
18832
19229
20249
20777
21459
22101
23294
24347
25364
25647
26676
27528
28816
28894
30019
30543
31440
32456
33179
33302
33681
34854
35405
35677
36117
37007
37502
37605
38077
38194
38715
38561
38627
38950
38541
38692
38030
37847
37382
37398
36802
36237
36187
35000
34876
34054
34002
33270
33172
32202
31617
31585
30592
30410
29571
29364
28522
27564
27790
26677
26188
25734
25084
24782
23929
23587
23157
22726
22388
21794
21803
21214
20634
20541
20168
19796
19105
18906
18655
18416
17885
17489
17389
17333
17172
16482
16353
16211
15801
15953
15633
15452
15255
15338
14915
14730
14948
14639
14439
14415
13928
14112
13536
13556
13445
13622
13031
12995
12602
12720
12382
12572
12388
12211
12397
11864
11853
11709
11547
11573
11364
11383
11298
11005
10986
10931
10928
10696
10223
10360
10193
10156
10043
9716
9905
9522
9440
9485
9298
9286
8918
9012
8973
8922
8681
8678
8581
8485
8277
8054
7788
7784
8115
7742
7732
7603
7411
7121
7191
7096
7215
7023
6953
6839
6810
6820
6644
6671
6455
6592
6292
6247
6134
5972
5917
5918
5945
5763
5743
5571
5537
5477
5515
5267
5278
5158
4907
5057
5107
4972
4865
4832
4822
4716
4656
4619
4573
4463
4382
4450
4266
4312
4186
4238
4159
3983
3964
4060
3946
3949
3842
3884
3849
3852
3680
3539
3597
3656
3535
3607
3405
3301
3323
3273
3230
3239
3101
3098
3080
3091
3119
2966
2972
2904
2864
2962
2857
2732
2839
2829
2749
2769
2636
2622
2560
2549
2624
2622
2555
2500
2453
2509
2310
2430
2478
2404
2299
2340
2318
2275
2293
2263
2237
2177
2197
2123
2079
2112
1999
2083
2046
2086
1980
1942
1965
2020
1929
1948
1927
1907
1849
1885
1811
1777
1877
1819
1901
1856
1877
1760
1695
1794
1758
1685
1720
1636
1644
1642
1610
1635
1595
1594
1511
1655
1532
1535
1569
1499
1475
1541
1528
1483
1462
1499
1545
1438
1458
1429
1426
1355
1446
1432
1353
1369
1257
1388
1426
1272
1331
1318
1278
1351
1311
1302
1233
1302
1300
1303
1219
1317
1229
1220
1226
1202
1244
1223
1248
1188
1206
1157
1182
1211
1170
1161
1187
1124
1135
1172
1155
1111
1138
1115
1165
1155
1091
1056
1137
1102
1083
1087
1103
1067
1108
1046
1053
1050
1100
1049
1071
1016
1028
1054
1038
1047
1028
1002
1021
1015
1008
1025
997
1022
964
995
1014
959
959
925
984
982
967
955
974
938
914
921
936
952
941
929
941
891
953
923
923
908
919
905
880
876
900
885
891
893
854
900
866
883
878
890
865
862
868
878
870
870
845
848
837
861
862
848
849
857
851
869
841
823
848
808
844
791
808
817
822
808
828
786
802
839
793
801
793
819
798
760
782
814
789
801
814
812
788
790
807
785
803
781
786
792
803
777
779
773
783
749
753
755
767
753
735
763
740
768
771
776
750
753
767
766
745
735
742
758
768
730
736
734
706
739
762
712
743
749
709
722
695
695
733
721
718
753
696
713
718
719
736
725
702
698
716
708
705
699
711
725
723
708
710
705
704
700
685
704
702
693
680
688
690
682
681
700
699
692
679
674
691
698
685
692
659
683
681
675
659
690
691
680
686
664
700
697
667
664
664
668
667
675
692
661
664
694
683
662
671
667
665
661
651
665
675
664
659
662
674
665
664
657
656
659
667
651
674
660
658
667
652
653
652
655
657
644
655
658
643
649
650
647
660
650
652
634
641
649
655
647
663
655
636
649
650
661
635
640
646
636
628
642
657
647
641
634
632
640
633
638
644
631
636
635
623
630
646
627
648
638
632
632
623
619
639
628
636
637
634
636
636
635
630
628
631
624
638
614
615
632
618
632
622
615
625
628
622
619
626
638
630
625
633
626
623
639
619
622
608
618
613
638
636
627
628
610
614
614
631
628
622
613
614
623
631
633
610
624
623
612
624
618
615
625
621
617
621
626
617
622
627
620
618
631
613
612
599
610
626
616
619
620
623
621
619
613
617
622
619
620
608
628
627
624
615
615
621
599
613
611
611
605
612
617
606
621
614
603
618
618
615
599
611
605
604
605
610
610
593
609
602
615
603
613
602
610
612
613
615
610
612
612
611
610
613
616
612
602
601
609
602
605
603
606
605
618
602
606
602
600
617
608
599
609
608
605
599
597
604
605
608
613
613
608
616
606
604
597
610
606
618
605
604
616
608
614
605
605
602
607
601
613
605
608
612
601
607
619
604
603
608
609
600
606
609
603
609
614
603
599
611
606
600
600
605
598
598
591
598
601
597
590
609
601
602
602
611
611
606
608
606
601
603
599
603
600
601
600
601
613
607
604
600
600
608
607
610
607
