609
610
620
603
610
605
610
601
614
615
611
616
610
609
607
605
606
607
607
609
604
610
601
607
615
607
606
616
612
611
618
615
610
612
615
602
613
609
610
611
613
609
617
613
611
600
616
610
609
612
608
605
613
613
613
609
606
621
603
609
603
607
604
607
614
607
609
610
610
601
610
627
611
609
617
606
615
616
600
606
606
610
609
613
616
614
610
610
619
605
617
610
612
607
615
611
612
615
613
606
612
616
613
618
619
608
608
612
614
607
620
616
612
604
611
619
625
627
611
617
623
611
614
608
620
621
614
621
614
616
617
632
616
621
618
612
617
618
621
606
628
608
621
617
608
630
611
626
618
625
622
623
633
607
616
622
617
612
643
634
628
630
631
638
617
614
625
617
617
628
619
629
627
633
619
626
632
623
627
617
630
637
611
617
641
616
630
630
641
638
634
632
615
635
635
640
631
627
625
656
641
630
626
637
626
624
638
638
649
637
656
647
647
634
661
648
649
642
653
646
638
634
625
648
641
643
653
644
649
636
643
652
656
650
648
645
663
659
660
631
644
653
644
650
675
657
662
666
663
661
650
652
664
654
674
658
662
667
665
672
646
655
667
681
663
657
659
681
679
672
668
673
673
674
677
666
683
658
685
680
674
692
673
680
675
678
706
688
681
680
707
671
690
680
681
700
698
676
683
697
696
704
694
705
684
684
703
692
730
713
739
708
705
703
748
703
733
743
744
750
750
758
763
768
779
782
800
744
809
746
816
819
792
804
815
780
817
854
823
841
842
863
845
884
900
899
892
873
933
943
939
960
952
950
1011
1033
1029
1047
1036
1046
1142
1115
1112
1172
1162
1165
1224
1223
1244
1204
1231
1287
1337
1348
1421
1411
1444
1486
1526
1562
1560
1674
1656
1769
1748
1806
1833
1884
1906
2037
2013
2058
2239
2277
2282
2388
2482
2569
2614
2705
2739
2836
2944
3031
3045
3356
3296
3461
3464
3669
3868
3942
3967
4155
4451
4561
4740
4823
5063
5357
5559
5532
5859
6032
6348
6610
6818
7216
7372
7348
7972
8146
8485
8910
9474
9402
10032
10345
10893
11141
11625
11948
12461
13059
13624
14095
14580
14890
15810
15984
16493
17353
17995
18653
19395
20103
20728
21465
22134
22249
22964
23828
24364
24998
25581
25518
26399
26876
27349
27609
27801
28414
28592
28697
29058
29578
29720
29991
29936
30045
30175
30271
30166
29757
29412
29435
29417
28617
28499
28309
28009
27530
27485
26504
26207
26422
25949
25212
25174
24647
24480
23856
23257
23049
22736
22530
21935
21473
21283
20624
20493
20186
19953
19354
19112
18627
18757
18204
18092
17625
17427
17280
16852
16438
16379
16266
16007
15821
15646
15393
15487
15287
14869
14964
14669
14553
14371
14188
14071
14036
14047
14052
13775
13679
13517
13603
13332
13211
13240
12900
12800
12900
12765
12474
12643
12401
12248
12355
11894
12082
11674
11807
11807
11562
11691
11643
11492
11329
11601
11187
11297
10986
10858
10733
10383
10438
10292
10095
10151
10137
9813
10001
9677
9731
9609
9393
9484
9272
9238
9166
9074
8803
8774
8811
8464
8454
8545
8183
8233
8210
7934
8029
7923
7748
7615
7538
7464
7247
7105
7193
6978
7076
6985
6933
6593
6590
6600
6439
6211
6360
6207
6058
6164
5914
5787
5814
5826
5782
5644
5531
5354
5249
5358
5274
5226
5146
5139
5155
5083
4940
4929
4862
4804
4669
4632
4471
4613
4486
4535
4345
4279
4202
4263
4245
3916
4000
4124
3993
3850
3930
3951
3667
3784
3642
3530
3538
3571
3380
3444
3393
3467
3309
3233
3371
3210
3212
3096
3225
3068
2977
3024
2891
2932
3076
2859
2926
2765
2812
2845
2745
2831
2757
2627
2736
2560
2611
2439
2602
2565
2461
2389
2473
2355
2289
2450
2351
2324
2298
2294
2249
2214
2280
2148
2186
2228
2116
2169
2105
2099
2009
2090
1965
1990
1964
1997
1963
1863
1988
1894
1982
1864
1828
1869
1937
1831
1770
1803
1731
1778
1772
1756
1761
1650
1652
1633
1605
1695
1607
1678
1668
1593
1554
1573
1514
1506
1547
1537
1483
1601
1487
1408
1504
1470
1410
1407
1448
1388
1481
1386
1442
1435
1344
1382
1367
1379
1362
1367
1327
1340
1374
1306
1359
1278
1283
1287
1284
1276
1296
1197
1288
1212
1232
1228
1219
1174
1208
1218
1214
1189
1158
1169
1161
1206
1124
1140
1179
1131
1159
1108
1126
1150
1119
1131
1095
1104
1081
1133
1105
1099
1089
1089
1127
1047
1080
1048
1025
1055
1035
1061
1046
1060
1038
1025
1004
1006
1013
995
1015
1029
969
1012
1009
987
951
930
967
970
1046
957
960
943
986
973
948
941
944
908
923
992
952
925
919
936
939
939
963
919
900
921
878
924
882
882
893
889
874
867
878
866
863
868
838
865
833
858
873
852
867
837
849
802
870
856
809
838
806
823
808
814
803
802
806
801
805
841
825
811
784
806
790
813
784
787
798
791
801
774
788
753
781
810
778
783
765
763
813
782
764
760
769
755
736
777
791
756
771
760
754
787
782
756
738
738
738
767
753
773
756
738
724
706
730
761
741
763
727
722
735
745
756
726
726
752
716
731
724
714
715
720
705
725
714
711
718
736
737
697
725
717
707
729
696
711
710
718
685
705
707
703
701
702
709
696
706
683
716
688
696
678
680
686
692
679
689
703
693
682
694
706
687
679
679
675
686
688
686
670
668
696
686
684
668
671
680
669
666
672
677
665
675
664
674
661
684
658
661
658
658
666
671
655
670
656
675
654
664
666
668
648
651
652
648
654
657
658
654
657
649
656
647
655
652
649
656
645
640
657
643
655
653
657
640
643
653
623
647
639
655
639
640
649
651
644
643
656
640
646
636
623
655
631
639
634
624
635
646
644
637
636
634
630
648
645
625
623
620
640
637
628
643
632
622
607
637
633
633
639
634
638
642
622
635
635
631
635
623
608
627
628
625
625
643
631
632
623
632
622
630
624
629
623
635
633
619
611
621
617
621
641
618
634
626
628
629
624
619
613
619
613
623
615
617
607
613
611
618
623
634
629
617
615
637
628
607
606
606
627
612
635
617
620
601
622
620
613
616
623
618
612
624
612
617
614
621
605
622
616
605
621
615
609
620
602
618
610
612
625
623
617
627
608
615
602
610
610
614
618
603
606
612
609
600
621
617
607
601
623
608
613
609
614
605
611
612
620
608
602
610
608
607
612
613
604
607
615
607
617
603
609
609
607
617
615
612
606
606
614
605
607
600
604
604
597
602
613
600
606
606
616
601
606
603
610
603
607
602
600
617
607
606
607
603
602
611
609
609
604
619
598
610
606
604
595
604
594
608
605
609
610
615
607
606
603
604
606
608
606
613
600
600
614
608
598
596
605
605
594
605
600
597
597
601
612
601
603
611
598
600
610
607
604
614
611
612
608
601
611
606
596
612
