613
620
609
621
608
611
614
617
615
611
620
614
610
618
610
611
614
602
616
608
600
607
609
608
618
621
626
616
620
616
616
605
607
613
613
604
621
614
622
621
619
618
603
623
619
610
597
609
622
615
606
613
612
605
613
613
609
615
615
616
606
623
623
625
602
613
623
625
615
622
622
619
624
607
618
624
633
628
611
622
614
621
633
627
616
623
611
604
612
623
620
623
609
609
636
624
623
611
618
618
625
621
625
625
622
626
624
614
619
609
621
632
633
626
628
630
625
632
615
628
624
635
636
634
613
637
631
644
624
631
624
630
627
629
637
634
630
644
637
631
637
632
635
626
630
626
630
629
641
638
624
630
623
652
644
642
629
634
627
637
642
644
654
629
645
649
631
651
637
643
633
642
644
644
635
650
641
646
659
652
633
644
651
660
648
643
654
655
632
673
652
667
666
645
652
646
649
651
654
655
645
661
672
663
659
664
655
685
659
669
668
661
682
653
659
674
698
680
681
671
682
681
660
706
654
669
673
681
700
690
672
679
703
681
690
688
673
690
687
694
677
697
697
703
688
697
694
706
687
708
689
688
721
705
718
717
710
696
717
679
701
721
699
697
698
713
707
727
716
692
725
724
716
713
734
710
693
710
710
725
736
705
716
717
710
716
733
738
727
752
727
735
719
768
766
769
753
749
748
739
743
733
782
743
785
771
775
777
788
766
798
826
777
817
807
824
813
810
832
840
845
829
847
820
861
863
901
845
907
884
878
921
922
930
954
939
988
988
1020
988
995
1009
1027
1059
1077
1092
1110
1139
1085
1173
1183
1177
1193
1198
1237
1301
1284
1290
1290
1341
1345
1346
1458
1496
1503
1509
1496
1547
1669
1555
1716
1643
1766
1776
1774
1897
1949
1931
2034
2062
2091
2195
2243
2359
2331
2377
2525
2652
2697
2712
2784
2932
2911
3101
3178
3259
3429
3564
3603
3916
3837
4065
4116
4305
4367
4530
4793
5085
5072
5191
5466
5713
5952
6240
6260
6611
6726
7124
7231
7531
7875
8308
8463
8802
9246
9871
10092
10395
10846
11345
11628
11995
12655
13068
13690
14218
14982
15515
15992
16569
17577
18047
18795
19558
20212
20823
21746
22595
23636
24211
24814
25838
26987
27629
28747
30544
30997
32195
32973
33592
34580
36029
36778
37230
38141
38690
39461
40546
40754
41399
42587
43369
43127
44256
45316
44823
45537
45986
46486
46207
46237
46207
46715
45755
45894
45426
45252
44780
43871
43742
42973
42587
42268
41694
41132
40895
40064
39989
39042
38412
38217
37273
37135
36279
35687
34916
33880
33226
33179
32409
31888
31412
30731
30250
29757
29121
29091
28063
27796
27863
26975
26887
26774
25852
25837
25240
25014
24485
24472
24124
24035
23772
23133
23024
22834
22340
22223
22251
21965
21883
21985
21914
21325
21407
21277
20684
20607
20711
20568
20259
19902
20261
20042
19245
19343
18789
19016
18688
18797
18610
18707
18275
18333
18031
18449
18024
18070
17731
17539
17172
17146
16931
16908
16646
16676
15977
16107
16047
15988
15767
15448
15172
15034
15047
14866
14571
14428
14446
14423
14132
14178
13902
13663
13501
13413
13062
12975
12780
12676
12478
12360
12195
12232
11866
11730
11607
11373
11249
11302
11156
10989
10763
10571
10596
10575
10234
10182
10105
9939
9664
9719
9473
9337
9214
9183
8883
8818
8766
8765
8519
8433
8073
8332
8054
8164
8045
7825
7815
7555
7641
7395
7214
7369
7136
7014
6978
6951
6741
6758
6618
6661
6292
6318
6326
6205
6217
6138
5953
6109
5845
5800
5529
5592
5756
5382
5386
5314
5141
5180
5204
5063
4941
4900
4985
4765
4771
4795
4868
4586
4575
4458
4452
4503
4279
4289
4233
4425
4141
4000
3963
4000
4005
3942
4010
3771
3749
3756
3682
3600
3735
3501
3506
3399
3472
3608
3330
3433
3346
3367
3229
3257
3251
3180
3071
3163
3056
3110
2951
2990
2927
2985
2963
2769
2779
2746
2717
2699
2704
2649
2683
2620
2531
2654
2589
2576
2577
2486
2428
2473
2559
2472
2450
2349
2411
2371
2265
2288
2183
2180
2252
2119
2329
2208
2188
2110
2100
2027
2204
2080
2057
2023
2037
2018
1982
1979
1974
1941
1922
1951
1903
1889
1836
1889
1874
1830
1759
1760
1875
1838
1785
1762
1813
1756
1759
1707
1649
1735
1674
1672
1670
1688
1596
1590
1605
1579
1639
1599
1554
1607
1516
1529
1531
1532
1478
1443
1484
1524
1510
1499
1458
1550
1411
1463
1400
1403
1425
1376
1357
1382
1389
1321
1350
1304
1363
1324
1333
1300
1323
1331
1256
1331
1287
1281
1303
1245
1206
1264
1231
1292
1278
1233
1214
1210
1272
1199
1242
1195
1183
1245
1177
1170
1150
1165
1191
1108
1112
1138
1071
1103
1135
1104
1089
1200
1098
1128
1066
1068
1054
1105
1079
1072
1066
1079
1070
1014
1023
1019
1052
1034
1010
1024
1018
1018
1033
1048
1010
1930
9556
23814
1025
996
1020
997
1028
981
960
976
978
935
958
936
948
962
960
949
934
895
948
912
897
887
896
930
915
914
932
918
909
916
951
886
907
874
911
899
914
883
856
903
862
891
858
867
868
880
872
908
837
843
867
910
841
825
884
855
826
858
880
822
839
786
828
831
811
818
825
783
831
823
825
814
829
820
791
806
815
791
795
801
781
774
780
806
794
769
793
793
759
767
770
786
766
763
791
748
769
767
773
746
752
773
767
762
739
728
758
764
751
742
748
735
743
731
734
720
705
739
732
741
734
740
712
729
725
747
731
744
731
730
711
737
737
714
723
728
714
716
709
705
700
711
720
697
704
697
695
710
713
699
706
723
711
716
712
698
715
713
700
717
701
706
671
697
681
702
702
686
692
703
670
691
686
692
673
687
674
695
673
676
698
672
670
695
670
686
682
668
687
659
680
671
664
661
669
662
667
663
662
676
662
682
656
664
671
697
649
662
655
675
666
656
670
672
661
653
666
642
656
645
653
643
648
663
631
653
648
669
649
638
644
668
642
657
656
641
648
661
639
638
646
644
655
644
633
638
649
633
651
631
635
624
641
636
645
649
635
627
636
638
633
646
649
631
636
642
621
622
636
644
639
628
646
631
639
629
643
630
634
639
628
635
625
625
648
627
635
620
632
633
616
624
642
632
630
629
637
622
629
633
618
621
634
617
626
623
624
640
614
606
623
632
618
626
637
634
624
628
617
614
632
626
616
641
617
619
620
619
619
621
615
629
617
620
627
599
614
627
617
618
615
624
620
616
613
626
611
620
616
615
623
615
618
622
615
612
626
621
617
626
621
625
607
618
624
614
619
618
624
618
615
617
615
617
616
620
607
601
604
613
610
624
617
617
614
619
602
616
613
619
606
616
602
611
610
618
618
628
607
603
612
602
611
604
616
613
612
616
616
613
611
608
615
616
606
610
608
606
605
604
614
608
616
612
604
609
608
614
603
605
611
614
595
601
612
602
599
608
604
604
602
603
605
607
610
602
609
606
605
598
608
