612
616
626
621
617
609
622
617
621
623
635
627
623
623
629
635
627
622
612
609
624
631
622
624
621
613
620
627
619
630
620
618
618
627
630
622
609
620
621
606
619
610
614
613
613
607
628
627
626
624
622
620
636
612
617
626
609
627
613
618
620
637
633
631
621
632
632
626
628
634
630
629
628
620
618
617
612
628
631
625
642
618
622
645
639
617
647
627
622
631
632
627
641
627
630
628
640
624
626
628
632
609
641
626
628
637
639
645
634
640
641
637
642
643
638
621
652
636
641
650
630
645
645
645
648
636
644
648
647
624
664
638
641
644
644
631
644
656
651
636
653
643
646
635
642
639
662
661
676
657
650
657
653
650
668
646
644
657
676
647
672
641
664
668
659
661
673
666
666
665
656
671
674
663
660
646
652
660
667
681
680
660
685
685
688
678
655
687
695
673
699
686
672
666
687
673
673
691
687
685
682
691
698
710
704
704
714
699
678
705
692
704
680
693
710
707
696
703
713
719
702
714
710
681
709
722
736
737
743
730
758
736
735
736
732
707
705
761
730
743
725
747
739
734
741
718
762
763
730
753
752
759
804
762
764
751
747
758
736
760
780
791
760
782
783
744
785
798
789
793
770
787
782
761
791
800
784
797
776
791
778
790
750
779
807
811
828
771
830
830
813
811
834
789
829
821
823
820
851
843
828
836
845
849
877
857
870
880
886
883
902
887
886
976
916
906
993
961
913
956
1003
1002
987
988
1021
1030
1037
1004
1036
1019
1088
1112
1056
1129
1110
1154
1223
1181
1214
1177
1197
1260
1246
1296
1240
1333
1363
1384
1394
1390
1428
1518
1533
1551
1533
1656
1571
1670
1798
1752
1768
1783
1894
1886
1912
1886
1994
2083
2105
2041
2249
2289
2331
2423
2508
2564
2587
2784
2758
2746
2867
2925
3067
3160
3276
3332
3524
3421
3662
3697
3911
4122
4309
4360
4576
4753
4818
5087
5262
5504
5626
5682
5953
6106
6329
6609
6775
7032
7273
7432
7791
8214
8304
8916
9279
9633
9869
10511
10946
11324
11613
11967
12578
12960
13364
13874
14475
15454
15494
16311
16630
17474
18483
19154
19777
20778
21524
22222
23315
24752
25199
26269
27225
28388
29458
30143
31890
33088
34182
34989
36742
38265
39393
40621
42472
43539
45319
46930
48982
49550
51587
52695
53539
55553
56530
57803
58634
59938
60943
61845
63021
64752
65066
65535
65535
65535
65535
65535
65535
65535
65535
65535
65535
65535
65535
65535
65535
65535
65535
65535
65535
65264
65462
65188
63370
63151
62705
61529
60762
60085
59478
58176
57004
56607
55554
54564
53795
52780
51903
50836
49886
49384
48317
46917
46922
45999
44958
44614
43333
43118
42682
42265
41581
40663
40060
39328
39055
38478
37533
37754
36724
36368
35355
35499
35087
34625
34801
34332
34158
33745
33697
33492
33063
32937
32625
32596
31771
31899
31120
31176
30975
30903
30792
30056
29627
29377
29346
29018
29147
28867
28531
27926
28075
27807
27725
27854
27649
27027
27111
26789
26454
26094
26061
25667
25439
24959
24775
24184
24257
23959
23658
23362
23310
22768
22790
22499
22768
22140
21802
21562
21592
21671
21178
20976
20862
20604
19948
19386
19831
19222
18994
18579
18550
18308
17981
17868
17701
17363
17283
17282
17058
16707
16702
16444
16287
16120
15649
15122
15632
15059
14872
14525
14030
14096
14032
13794
13933
13376
13107
13146
13162
12692
12530
12444
12326
12244
12093
12000
11681
11766
11693
11229
11044
10987
10889
10852
10491
10568
10450
10057
10075
9834
9796
9750
9570
9398
9457
9209
9281
9082
9014
8737
8696
8415
8445
8265
8085
8258
7847
7862
7913
7666
7500
7393
7439
7028
7039
7180
6821
6940
6705
6833
6662
6847
6479
6319
6365
6162
6112
6066
6143
6127
5895
5828
5909
5720
5626
5530
5382
5352
5394
5334
5299
5233
5084
5136
5062
5063
5117
4683
4794
4822
4715
4634
4675
4414
4630
4512
4388
4372
4285
4206
4197
4010
4215
4127
4015
3933
4025
3864
3929
3903
3816
3919
3672
3760
3557
3687
3507
3502
3466
3474
3524
3484
3431
3239
3364
3280
3371
3279
3167
3159
3070
3101
3085
3068
3065
3111
2910
2904
2934
2873
2798
2909
2743
2789
2781
2769
2627
2751
2643
2688
2660
2610
2593
2435
2479
2451
2476
2437
2375
2404
2473
2452
2443
2337
2313
2216
2266
2304
2260
2108
2190
2275
2184
2143
2179
2062
2092
2069
2133
2105
2107
2048
1997
2116
1994
2055
1918
1910
1982
1945
1920
2005
1991
1911
1882
1856
1840
1825
1843
1848
1769
1698
1823
1761
1741
1755
1775
1720
1675
1778
1745
1655
1618
1650
1656
1673
1655
1638
1677
1637
1606
1524
1597
1502
1568
1581
1535
1484
1513
1473
1516
1436
1452
1502
1465
1410
1486
1427
1443
1408
1413
1404
1438
1337
1475
1441
1377
1340
1309
1365
1376
1357
1310
1374
1291
1285
1272
1287
1280
1291
1278
1258
1233
1219
1311
1233
1193
1236
1220
1224
1185
1214
1181
1176
1215
1218
1160
1151
1198
1215
1193
1193
1178
1154
1155
1122
1067
1106
1092
1127
1137
1132
1114
1078
1107
1091
1121
1098
1036
1013
1081
1088
1093
1041
1074
1043
1028
1026
1046
1041
1010
1003
1034
1049
1025
1034
1010
1032
983
983
1016
982
981
1018
974
979
995
1026
964
973
975
957
987
936
953
937
939
909
935
1000
943
919
935
955
942
933
896
910
943
895
919
897
896
887
908
861
902
870
908
897
897
843
878
846
902
886
869
884
845
839
843
838
840
842
863
836
837
813
842
808
860
828
820
812
842
816
799
849
808
788
782
802
817
798
790
831
777
784
788
779
848
759
791
821
769
777
779
757
789
817
756
771
769
775
783
767
766
794
748
786
744
765
771
745
761
758
747
754
760
732
750
731
752
742
752
749
736
726
717
739
730
765
724
718
736
723
721
730
742
721
722
694
705
738
716
706
717
692
705
728
715
695
700
729
718
724
697
709
715
695
720
711
701
695
685
685
732
700
687
687
705
690
697
712
698
694
663
665
694
650
689
666
652
664
671
679
683
681
680
650
681
689
670
653
697
671
662
679
670
669
669
669
685
662
666
674
669
678
659
677
662
657
673
644
662
668
658
650
676
662
639
654
667
651
652
663
672
659
667
650
633
652
650
661
647
655
659
657
648
664
650
644
651
640
656
653
644
645
643
645
643
645
646
634
630
657
625
638
631
635
640
652
633
650
619
628
649
635
645
651
636
635
624
626
631
632
639
622
631
635
632
617
629
632
641
643
632
638
623
628
640
629
624
613
640
618
637
624
629
635
624
630
632
634
630
629
628
625
637
628
623
628
609
628
619
629
612
615
628
643
620
624
637
621
615
621
621
603
628
623
631
612
628
607
623
614
628
608
624
617
631
619
624
621
629
615
614
618
616
615
615
616
617
611
634
626
614
612
614
613
617
612
613
607
605
610
620
612
618
624
616
601
617
635
614
614
607
623
619
611
602
611
611
606
615
617
614
609
610
602
612
609
613
616
618
602
614
606
619
609
617
612
617
600
610
624
610
610
