612
627
621
613
633
622
628
623
616
631
616
618
629
624
623
619
620
623
615
612
611
617
611
630
634
621
626
625
635
624
627
621
632
639
629
609
619
611
625
634
639
632
626
611
619
617
629
629
614
630
628
615
641
635
619
622
629
620
631
628
627
643
653
618
631
614
630
634
628
621
649
632
640
632
642
624
624
637
634
627
632
627
622
623
623
630
636
624
626
633
633
630
623
640
635
628
636
642
626
630
637
638
632
641
621
628
645
631
638
655
637
650
635
627
634
644
636
635
637
635
657
639
636
634
640
655
658
649
635
652
676
660
640
665
641
645
658
641
669
662
660
669
652
662
696
646
657
657
674
658
652
637
651
662
645
668
665
679
660
677
675
665
677
663
672
655
672
665
677
677
658
672
665
668
667
664
667
676
695
671
691
695
680
691
666
688
673
685
666
682
702
701
670
701
690
705
651
702
694
697
676
697
711
686
713
701
717
724
665
729
716
716
696
739
725
707
758
730
723
727
725
739
736
744
755
709
750
741
724
730
728
739
725
745
733
757
757
756
740
776
758
762
759
768
746
762
751
760
774
752
772
775
768
750
750
775
754
778
790
769
794
827
786
825
817
773
788
785
803
815
800
804
807
816
806
792
833
808
785
817
808
834
836
820
856
851
848
840
831
824
851
805
908
855
851
857
842
882
877
902
888
913
924
896
913
906
936
923
882
961
935
917
915
957
959
949
987
1018
959
1015
1009
980
1056
1044
1036
1030
1056
1024
1101
1121
1200
1135
1176
1152
1161
1196
1252
1241
1206
1265
1318
1403
1366
1384
1379
1394
1444
1509
1510
1517
1520
1548
1556
1644
1703
1772
1762
1782
1758
1881
1872
1981
1984
2094
2104
2101
2036
2213
2242
2352
2473
2373
2450
2659
2714
2748
2847
2979
3007
3063
3202
3166
3428
3503
3635
3741
3781
4002
4131
4300
4428
4467
4731
4751
4811
5220
5441
5591
5804
6090
6197
6263
6628
6881
7033
7224
7602
7805
8087
8413
8535
8899
9495
9753
10069
10669
10753
11425
11961
12225
12524
13276
13850
14488
14785
15687
15896
16551
17090
18016
18617
19579
20483
21270
21858
23159
23886
25227
25684
26936
28216
29160
30620
30947
32504
34012
35343
36081
38182
39051
40450
42077
43938
45201
46482
48965
50209
52028
54325
55132
57218
57593
59721
61554
62718
63630
65003
65535
65535
65535
65535
65535
65535
65535
65535
65535
65535
65535
65535
65535
65535
65535
65535
65535
65535
65535
65535
65535
65535
65535
65535
65535
65535
65535
65535
65535
65535
65535
65535
65535
65535
65535
64693
64293
62991
61891
60589
59722
58507
57481
56471
55233
54288
53137
52853
52306
51369
50154
49282
49038
48060
47896
46848
46186
45399
44422
43774
43359
42890
42656
41703
41670
40488
40438
39697
38970
38775
38952
38433
38207
37528
37765
37294
37319
36507
36648
36266
36164
35097
35457
35161
34293
34103
33986
33690
33348
32977
32566
32250
32410
32054
31409
31851
31221
30979
31309
31240
30696
30330
30238
29832
29409
28736
28415
28407
28128
27603
27458
27200
26902
26861
26464
26157
25835
25706
25539
25547
25012
25156
24871
24376
24085
24004
23527
23464
22933
22750
22401
22060
21874
21600
21024
20794
20763
20475
20183
19988
19668
19381
19434
18920
18883
18409
18403
18049
17758
17640
17538
17345
17026
16646
16730
16234
16042
15985
15454
15410
15313
14823
14939
14561
14596
14334
14227
13920
13646
13889
13676
13655
12964
12932
12691
12627
12496
12450
12126
11960
11748
11650
11510
11274
11093
11164
10916
10888
10448
10489
10578
10334
10062
10009
9795
9742
9535
9747
9375
9365
9154
9065
9085
8832
8646
8416
8431
8211
8112
8167
8100
7742
7991
7781
7860
7481
7445
7316
7318
7346
7144
6954
6721
6882
6590
6504
6616
6296
6406
6303
6273
6048
6147
5873
6063
5773
5879
5866
5808
5687
5689
5502
5559
5444
5402
5310
5211
5243
5056
4930
5030
4974
4942
4667
4789
4643
4694
4668
4630
4449
4510
4326
4537
4304
4268
4315
4198
4275
4231
4297
3985
4120
3979
3911
3959
3733
3891
3716
3764
3825
3585
3575
3507
3555
3537
3579
3579
3344
3428
3253
3339
3363
3335
3278
3197
3206
3213
3106
3013
3100
2992
2907
2985
2907
2826
2858
2886
2880
2762
2667
2753
2751
2692
2738
2749
2736
2547
2685
2606
2534
2515
2575
2479
2535
2498
2494
2351
2494
2328
2429
2396
2260
2303
2238
2342
2269
2361
2283
2301
2166
2176
2190
2059
2137
2101
2218
2096
2216
2018
2053
2070
2024
1993
2082
2059
2073
1940
1894
1943
1886
2000
1903
1851
1819
1921
1803
1866
1850
1861
1843
1799
1760
1822
1823
1768
1643
1701
1744
1703
1640
1670
1673
1672
1693
1565
1592
1615
1597
1584
1510
1580
1604
1572
1520
1523
1527
1522
1520
1465
1450
1530
1438
1470
1454
1460
1388
1417
1499
1416
1401
1367
1400
1356
1419
1303
1370
1379
1350
1381
1364
1374
1300
1347
1382
1303
1340
1289
1343
1303
1238
1263
1248
1274
1260
1274
1222
1266
1197
1228
1201
1193
1223
1217
1246
1210
1240
1167
1204
1148
1160
1144
1148
1153
1155
1123
1168
1115
1129
1121
1120
1057
1086
1087
1092
1118
1147
1095
1066
1049
1076
1092
1063
1104
1067
1050
1056
1065
1060
1024
1062
1033
998
1025
1040
1038
1020
994
993
1038
1019
965
1000
984
975
992
975
989
989
951
1001
998
937
955
958
970
997
931
932
957
897
904
917
921
934
873
894
954
917
887
898
895
889
856
898
889
890
875
868
873
847
889
847
865
895
837
886
858
852
871
867
877
846
873
853
858
855
850
834
843
876
852
833
844
799
816
823
797
827
795
824
794
812
799
818
817
814
800
813
809
819
788
786
813
793
798
788
798
798
814
756
813
782
758
766
784
720
745
756
759
758
753
748
743
767
742
766
756
741
758
770
717
722
737
744
762
764
739
716
724
725
740
756
748
695
726
728
728
716
748
730
725
698
724
700
728
712
717
708
703
704
731
708
719
698
723
706
691
688
687
693
680
704
702
710
710
694
687
713
681
675
706
678
681
710
673
708
665
682
684
698
681
670
698
668
693
673
690
698
686
687
656
673
660
672
691
678
681
686
665
672
653
667
670
664
677
663
672
691
645
658
656
660
663
663
662
660
659
659
669
660
641
653
647
662
660
662
652
655
663
649
642
649
656
672
647
657
649
632
655
651
651
645
653
646
634
635
636
642
634
662
642
652
640
648
644
639
638
649
638
647
654
646
630
637
644
628
639
626
640
661
637
644
649
642
649
640
630
638
625
627
634
627
629
642
632
634
643
635
620
634
619
629
633
629
632
627
633
627
620
637
633
615
624
622
626
624
615
616
621
628
629
615
627
614
616
623
623
626
639
618
614
619
620
617
622
632
626
618
604
625
636
619
627
616
612
624
617
622
620
622
621
632
615
630
626
613
613
621
625
614
606
617
616
612
611
612
614
605
623
606
619
612
621
612
617
629
604
618
606
630
605
607
619
616
615
626
614
621
613
610
610
607
610
609
613
606
611
625
612
607
616
608
619
