611
640
648
621
633
616
618
638
615
635
624
632
634
628
619
630
618
620
631
618
629
629
623
631
634
624
632
617
631
626
641
626
622
614
623
627
631
626
634
624
605
623
630
634
610
626
627
621
621
624
615
635
619
624
632
624
628
624
618
626
632
630
629
630
618
625
622
634
617
623
632
632
638
622
619
619
621
635
631
631
645
630
630
650
624
634
632
645
636
629
628
635
637
633
644
635
634
636
636
642
643
639
635
653
630
639
656
628
639
628
639
652
650
635
647
647
653
644
636
643
644
653
645
630
650
654
644
652
655
656
636
662
638
655
669
653
660
640
635
657
642
645
671
650
652
663
662
659
651
653
675
695
640
662
648
672
660
668
672
654
649
656
687
666
668
695
656
670
670
676
659
685
690
668
686
670
683
692
657
675
707
682
680
675
701
706
699
680
695
670
693
704
698
702
680
682
699
685
699
693
703
726
701
687
697
709
688
722
711
683
696
710
748
721
713
715
699
718
720
743
739
751
728
748
748
738
743
737
722
741
725
760
754
742
755
718
762
750
751
770
752
747
744
747
777
776
800
779
775
774
779
755
763
756
793
751
805
734
793
794
784
774
778
805
814
819
809
797
831
829
815
783
794
791
818
842
791
805
845
817
825
814
797
825
819
792
808
840
854
889
835
815
835
864
855
868
871
865
897
872
876
879
886
907
930
914
885
913
933
941
930
948
976
978
1001
997
981
993
1000
1015
1034
1029
1088
1103
1047
1094
1128
1123
1142
1168
1105
1176
1216
1176
1178
1216
1210
1225
1252
1225
1332
1350
1386
1328
1361
1449
1417
1461
1507
1568
1504
1683
1632
1682
1673
1768
1777
1820
1770
1857
1850
1920
1981
2122
2123
2079
2262
2307
2275
2408
2473
2521
2638
2646
2729
2783
2983
3094
3132
3148
3273
3375
3532
3559
3592
3738
3823
4040
4210
4355
4482
4765
4712
4828
4977
5195
5433
5747
5919
6091
6251
6467
6671
6897
7235
7335
7733
7923
8359
8389
8846
9346
9565
9929
10145
10612
11352
11742
12266
12684
13125
13773
13980
14550
15045
15906
16741
17086
17941
18502
19198
19959
20863
21710
22576
23251
24715
25693
26395
27809
28605
30125
30958
31883
33477
34575
35237
36863
38767
39965
41844
43474
44979
46807
48495
49457
51433
53437
54834
55976
58510
59796
61525
62694
64651
65535
65535
65535
65535
65535
65535
65535
65535
65535
65535
65535
65535
65535
65535
65535
65535
65535
65535
65535
65535
65535
65535
65535
65535
65535
65535
65535
65535
65535
65535
65535
65535
65535
65535
65535
65535
65535
65535
65535
64644
63280
61966
61509
60280
58864
57900
56765
55777
54496
53674
53518
52070
51541
50669
50455
48880
48405
47463
47497
46180
46002
44519
44275
44104
42852
42441
42548
41554
40933
40732
40065
39507
39405
39278
38958
38190
38598
38032
37611
37287
37372
36456
36409
36126
35568
35491
35186
34566
34188
34556
33640
33035
32949
32598
32581
32699
32294
32039
32157
32002
31743
31214
31038
30949
30627
30140
29921
29673
29496
28897
28273
28053
27888
27662
27336
27096
26889
26458
26432
26077
26091
25515
25092
25080
24888
24668
24358
24270
23978
23861
23055
22856
22556
22067
21917
21659
21557
21411
21043
20602
20521
20637
20125
19890
19577
19488
18945
18932
18848
18065
18009
17716
17515
17326
17350
16741
16479
16375
16356
15881
15714
15750
15641
15293
14966
14752
14690
14395
14237
14233
13952
13787
13803
13593
13471
13077
13130
12771
12659
12323
12433
12080
11799
11766
11620
11312
11328
11197
11028
11016
10732
10656
10410
10388
10216
10124
9896
9811
9721
9389
9637
9309
9385
9051
8803
8815
8686
8564
8554
8397
8476
8256
8056
8093
8013
7687
7750
7669
7511
7534
7259
7172
7047
7229
6898
6845
6701
6702
6591
6417
6445
6533
6274
6114
6126
6162
5921
6058
5850
6023
5854
5668
5773
5747
5512
5403
5340
5425
5288
5063
5090
5077
4970
5036
4827
4882
4736
4775
4698
4686
4544
4514
4618
4570
4448
4383
4440
4417
4272
4362
4390
4245
4033
4019
4101
3954
3897
3913
3850
3767
3677
3742
3556
3691
3609
3602
3604
3570
3567
3416
3497
3452
3318
3326
3183
3278
3254
3290
3167
3175
3083
3107
3101
2997
3030
2942
2859
3003
2770
2941
2868
2755
2814
2851
2838
2670
2697
2683
2632
2688
2686
2566
2559
2546
2511
2555
2428
2435
2463
2419
2361
2465
2375
2321
2263
2309
2217
2309
2321
2229
2300
2289
2207
2221
2209
2093
2184
2113
2118
2074
2169
2046
2075
1978
2052
2073
2032
2028
1976
2016
1925
1939
1912
1908
1899
1873
1910
1842
1855
1903
1821
1822
1784
1798
1737
1768
1723
1823
1757
1756
1707
1688
1758
1745
1587
1693
1630
1691
1632
1621
1652
1611
1626
1647
1596
1494
1561
1613
1551
1520
1508
1527
1485
1528
1486
1533
1539
1421
1440
1416
1406
1449
1399
1413
1367
1404
1335
1386
1370
1315
1337
1295
1383
1335
1209
1359
1306
1303
1253
1277
1303
1260
1321
1262
1265
1307
1210
1284
1233
1210
1217
1231
1219
1196
1168
1198
1197
1159
1213
1177
1165
1178
1165
1174
1180
1171
1178
1148
1175
1139
1142
1111
1084
1163
1137
1098
1079
1073
1100
1078
1076
1047
1064
1092
1092
1038
1054
1108
1080
1002
1035
1056
1036
1029
1015
1036
1037
973
962
1026
1021
1010
1040
963
984
1018
992
1013
973
973
1005
995
982
958
916
977
965
927
932
934
951
948
896
910
945
911
939
942
928
892
905
901
931
919
835
920
867
867
888
902
845
903
883
858
851
852
881
842
897
839
876
877
859
886
825
849
810
847
832
879
856
840
841
845
843
839
826
817
848
836
813
796
830
790
787
799
824
844
831
796
794
812
789
803
799
800
794
766
788
794
816
781
738
778
763
788
805
790
787
779
759
793
742
745
783
743
733
772
761
779
758
743
754
779
757
745
753
748
743
739
735
722
738
726
731
734
731
716
748
724
707
719
706
726
745
700
732
735
709
756
717
718
723
705
726
709
722
683
707
712
696
707
681
722
685
696
734
720
689
686
679
674
696
714
681
701
707
686
682
702
663
671
692
680
677
671
697
680
674
700
666
660
697
672
680
672
687
691
670
654
686
669
663
653
661
690
665
661
675
666
669
664
677
667
663
663
664
669
659
669
655
654
665
646
660
657
667
656
648
653
667
656
663
662
644
667
653
646
639
644
656
635
665
645
658
639
643
631
646
648
636
648
633
655
639
627
637
623
644
640
619
638
654
635
658
649
645
643
633
629
640
641
643
628
634
631
628
650
635
645
643
622
619
636
625
642
628
618
620
638
633
646
644
630
627
623
623
639
627
632
644
639
624
635
627
631
625
623
626
619
626
614
614
621
614
623
609
624
624
622
621
623
631
611
626
630
630
621
621
625
621
620
612
623
626
623
607
618
606
609
616
619
620
626
627
618
611
618
626
610
622
618
605
618
605
624
612
603
607
612
618
605
617
612
617
624
609
617
613
609
612
627
613
615
609
617
617
610
610
619
607
616
614
610
613
617
605
606
617
619
603
619
604
613
609
