603
606
607
611
604
606
604
604
608
595
606
594
602
617
606
610
614
608
599
599
595
600
602
612
599
608
602
605
611
607
606
594
612
608
607
593
611
600
602
599
604
602
600
597
600
609
605
598
610
605
605
610
592
596
600
607
606
596
609
603
601
600
600
601
600
603
597
610
606
602
610
604
605
604
597
596
597
606
592
600
606
602
615
603
598
600
599
593
595
611
586
610
606
605
604
600
603
603
602
598
609
597
600
598
599
591
607
597
594
601
603
595
591
604
603
605
604
610
609
591
603
604
598
606
600
611
613
599
603
595
593
596
615
609
596
619
592
605
612
600
604
602
598
602
606
597
591
602
590
609
605
606
612
593
600
604
596
598
608
594
609
605
601
594
604
605
604
598
598
597
594
597
598
595
602
591
595
606
597
602
599
605
603
598
596
608
605
599
607
612
604
602
594
599
612
608
596
613
596
601
611
602
599
600
601
615
603
596
598
596
606
596
609
599
608
596
604
612
598
602
605
601
607
609
596
605
593
603
602
596
602
609
600
593
596
603
604
604
599
610
612
603
608
603
605
613
606
602
604
615
603
606
597
609
600
617
604
597
594
602
602
608
611
606
596
603
602
609
600
597
606
610
596
596
610
609
606
606
606
606
606
604
602
607
602
611
597
603
594
592
608
605
600
616
601
606
598
600
610
602
605
601
601
598
610
612
604
593
596
602
609
599
602
601
599
596
603
601
602
615
604
617
615
606
612
603
600
601
605
612
612
617
613
617
613
623
620
612
620
613
614
623
620
616
616
621
616
624
622
615
631
621
624
632
617
621
617
629
629
624
619
634
631
623
634
641
621
631
634
639
639
646
650
665
634
667
650
631
663
660
673
661
676
660
673
666
689
681
694
691
697
672
701
702
691
696
703
715
734
716
718
762
759
776
760
749
752
784
776
796
812
806
792
849
843
849
884
882
896
938
899
937
974
959
946
954
993
1019
1046
1077
1053
1124
1142
1117
1172
1182
1200
1248
1244
1352
1317
1316
1373
1420
1461
1463
1476
1526
1546
1488
1597
1690
1716
1621
1746
1769
1849
1869
1942
1880
2001
1976
2053
2104
2151
2096
2192
2139
2219
2289
2218
2271
2336
2360
2443
2361
2388
2525
2464
2486
2533
2602
2433
2562
2544
2638
2705
2674
2697
2636
2616
2600
2519
2660
2689
2736
2759
2722
2672
2766
2556
2636
2619
2606
2594
2533
2671
2604
2537
2586
2552
2530
2422
2475
2481
2513
2411
2367
2307
2273
2219
2294
2266
2247
2215
2119
2115
2082
2023
1979
2006
2008
2057
1890
1937
1958
1823
1822
1845
1729
1814
1753
1732
1775
1713
1663
1698
1646
1640
1617
1645
1544
1548
1512
1500
1548
1507
1491
1533
1458
1478
1491
1440
1427
1485
1428
1456
1471
1419
1397
1345
1361
1328
1332
1339
1328
1356
1310
1309
1319
1286
1251
1296
1261
1258
1254
1214
1212
1270
1172
1193
1172
1192
1186
1176
1144
1168
1094
1190
1141
1164
1096
1142
1125
1160
1138
1044
1035
1086
1088
1089
1082
1135
1008
1000
1043
1025
1001
1043
1045
1024
993
965
1003
937
945
975
948
951
952
954
963
976
966
951
957
993
934
898
964
960
933
885
870
844
896
875
868
891
882
891
866
894
866
868
851
847
860
835
827
867
843
823
821
824
824
784
816
821
814
818
816
818
790
821
778
774
780
772
778
791
777
800
777
815
751
759
788
754
751
755
721
745
755
743
721
736
734
730
768
717
740
746
752
769
724
719
730
716
738
711
728
731
712
714
723
716
712
716
702
716
731
717
694
705
709
706
713
696
719
704
690
701
707
684
698
689
698
669
680
680
697
678
661
706
686
662
690
688
687
662
654
672
706
653
675
673
676
654
668
665
666
651
652
682
658
663
667
666
659
671
644
656
665
673
665
657
650
646
660
665
663
655
649
648
623
648
663
650
658
652
642
638
649
638
655
654
658
631
644
644
658
634
636
627
655
624
635
635
646
642
640
638
638
646
644
635
628
634
632
642
651
621
639
623
628
638
632
648
632
623
639
626
637
628
621
639
639
627
627
632
629
625
622
606
629
634
620
622
625
613
619
610
621
618
627
626
624
628
627
627
639
619
632
623
624
626
612
615
634
613
629
617
611
620
623
626
628
611
616
618
616
629
617
623
617
610
619
617
617
614
626
614
624
617
614
620
619
619
620
625
611
610
626
619
612
611
597
619
619
617
611
622
615
611
607
615
606
613
613
609
605
613
616
619
613
621
623
613
610
621
618
615
610
616
609
615
622
623
603
612
614
612
612
604
606
611
619
615
605
612
611
615
612
615
616
615
620
612
617
611
608
603
615
609
609
607
611
610
603
603
604
604
610
612
607
603
601
614
611
607
619
610
600
596
609
598
607
606
604
619
611
605
613
604
606
608
604
600
609
603
602
605
606
606
610
606
606
614
606
605
610
611
610
609
610
602
599
611
595
608
601
615
603
609
609
600
610
606
600
606
598
606
606
612
602
599
608
602
613
610
610
605
611
611
607
606
617
610
607
593
609
608
605
603
602
604
601
602
603
602
601
602
618
607
603
605
598
607
612
609
596
604
612
601
604
610
600
599
601
600
607
596
603
596
602
611
601
608
603
604
601
611
605
615
609
600
606
615
610
610
609
605
604
599
597
609
609
602
611
594
605
598
604
614
609
598
597
606
599
604
602
599
596
603
596
592
592
596
597
603
606
596
604
599
604
597
591
608
600
605
601
600
603
601
609
599
591
593
603
600
593
603
602
612
602
592
597
609
599
600
595
608
605
612
596
595
591
595
597
598
602
598
609
604
597
594
598
599
607
601
599
606
600
603
602
601
597
603
606
601
610
603
608
602
607
602
608
594
601
601
601
603
596
597
603
607
607
600
600
605
601
591
597
601
594
615
600
598
600
606
611
594
598
594
602
600
597
604
601
590
602
597
608
605
608
594
598
591
594
594
597
601
602
599
594
605
602
608
603
599
590
597
600
604
597
602
600
602
605
592
602
603
603
604
610
601
605
597
595
596
603
595
603
598
595
605
603
603
603
604
600
601
591
597
604
591
593
597
589
602
591
600
600
589
587
606
601
603
600
595
596
609
600
604
599
598
600
601
601
604
602
594
603
601
595
604
613
591
597
594
606
599
596
605
598
602
596
603
603
601
602
600
604
598
599
603
593
594
597
