610
605
606
611
604
604
599
608
606
603
607
603
606
604
601
607
601
605
609
605
606
602
603
605
609
606
603
610
599
610
609
594
603
605
596
602
603
604
604
612
607
600
602
603
606
604
593
599
607
601
605
601
603
602
604
604
605
610
610
599
600
600
596
609
593
596
597
602
605
595
598
601
610
612
603
601
601
609
606
602
596
603
599
595
602
603
605
603
601
608
601
591
606
599
600
610
605
595
603
605
604
605
599
592
606
601
606
601
603
605
596
598
615
593
598
597
591
612
602
601
606
601
597
608
595
590
596
598
592
611
606
595
605
600
601
605
597
597
602
589
608
604
605
604
602
606
605
594
597
605
600
607
603
610
595
607
608
593
600
601
600
606
596
598
605
603
596
599
609
604
604
603
600
601
604
607
603
611
598
595
611
594
605
600
598
605
598
603
601
610
596
595
608
601
604
599
611
611
600
599
611
600
602
607
609
609
596
598
606
602
610
603
608
607
606
600
593
606
605
607
598
598
602
604
598
608
605
600
608
616
605
605
602
601
601
605
606
604
598
603
599
598
608
608
604
601
602
596
604
604
600
598
601
597
609
605
613
603
600
605
601
604
604
598
597
606
598
601
599
600
597
606
603
595
604
599
604
613
597
606
605
609
598
602
608
601
602
606
602
610
608
598
605
609
603
612
605
599
599
607
599
608
609
617
610
602
605
601
605
608
610
596
605
602
603
604
608
604
604
605
614
623
610
598
603
607
622
615
617
609
607
603
604
612
617
610
613
609
603
629
621
608
621
617
627
628
619
626
630
614
611
615
611
620
630
624
619
634
631
643
647
639
633
658
621
647
644
640
653
646
663
656
646
645
675
657
667
651
677
648
679
668
697
687
695
689
686
697
697
693
723
707
721
742
732
726
749
731
744
778
762
786
758
758
792
807
812
862
868
872
834
879
871
912
866
897
923
966
944
947
1010
990
1021
1063
1058
1080
1107
1099
1131
1109
1212
1151
1257
1243
1353
1368
1397
1359
1447
1438
1418
1573
1547
1588
1566
1661
1715
1667
1717
1744
1901
1872
1983
1950
1979
2118
2062
2178
2160
2263
2253
2331
2408
2340
2352
2452
2568
2438
2574
2636
2696
2695
2741
2691
2718
2784
2798
2788
2925
2812
2945
2965
3046
3080
3000
3018
3107
3076
3095
3180
3076
3063
3128
3188
3094
3100
3248
3109
3009
3086
3168
3185
3065
3150
3095
3096
3092
3059
3027
3005
3064
2914
2922
2873
2901
2885
2764
2740
2776
2730
2670
2744
2655
2517
2544
2532
2418
2473
2399
2346
2423
2426
2414
2330
2299
2244
2219
2152
2215
2104
2057
2002
1979
2063
2013
1959
2014
1890
1867
1885
1828
1817
1802
1800
1801
1746
1834
1784
1736
1722
1738
1676
1652
1684
1579
1622
1615
1560
1587
1592
1505
1533
1563
1519
1478
1506
1489
1491
1416
1415
1480
1455
1440
1376
1394
1449
1406
1400
1399
1374
1366
1306
1379
1414
1324
1288
1296
1336
1294
1301
1258
1278
1237
1204
1251
1209
1264
1234
1234
1252
1170
1168
1208
1210
1162
1163
1136
1161
1135
1149
1164
1161
1118
1113
1063
1141
1112
1074
1056
1054
1066
1043
1030
1003
957
1051
1049
1026
1026
1011
1020
996
995
999
968
976
950
938
930
946
970
931
911
946
899
909
927
920
916
891
881
911
895
919
876
905
878
880
846
871
876
848
893
848
875
845
806
850
863
841
802
870
808
823
806
842
789
825
835
795
810
787
808
782
789
786
773
782
792
794
758
799
752
734
768
759
774
777
752
743
778
767
748
764
750
753
748
750
744
731
722
725
717
709
745
722
743
742
696
738
707
725
730
705
724
701
708
715
705
698
732
685
695
707
717
685
701
726
692
699
690
699
685
693
691
693
702
692
693
671
692
707
693
687
691
676
680
683
672
667
651
674
659
678
669
662
680
673
667
663
650
680
655
672
654
657
669
661
667
663
660
658
642
641
638
657
658
674
671
662
652
658
654
638
652
652
652
681
648
643
634
648
661
657
631
644
660
639
640
638
636
636
642
647
647
626
640
635
645
633
640
640
621
628
640
630
624
645
620
629
638
634
655
629
640
633
624
633
646
636
643
636
619
614
619
632
628
638
631
612
622
616
619
634
618
636
635
621
626
623
632
631
636
641
636
633
625
627
610
621
635
635
616
617
629
619
610
622
629
619
632
632
625
623
624
611
620
629
621
623
612
618
613
608
614
632
629
621
622
613
621
619
612
616
618
621
617
630
617
619
603
617
628
606
620
607
622
623
618
614
615
617
615
615
614
617
615
623
613
619
601
611
614
620
609
605
610
616
617
597
616
609
609
614
624
618
621
604
611
624
615
613
614
609
620
609
614
622
621
611
614
620
616
615
608
611
608
603
617
616
615
614
602
609
611
602
608
612
614
610
602
608
603
613
601
607
600
613
613
605
606
604
613
611
615
608
609
611
602
603
619
617
615
607
598
605
604
601
603
611
600
606
613
622
612
619
604
605
606
609
612
610
605
614
612
606
611
609
612
610
614
615
608
612
603
611
608
616
601
602
604
614
610
608
603
601
608
602
611
607
606
613
595
607
610
608
598
604
605
611
598
602
606
612
613
600
610
612
604
612
602
602
612
606
607
600
597
599
603
608
601
605
604
600
608
603
604
602
609
603
605
605
604
599
608
600
608
601
593
605
598
608
605
602
602
607
593
602
597
608
609
598
600
588
604
607
605
616
600
608
603
601
602
609
607
614
603
600
611
604
608
601
600
603
603
596
600
601
603
599
597
605
603
597
606
599
589
608
601
602
596
602
597
605
601
605
607
602
605
599
597
600
603
598
602
602
603
606
593
607
597
596
595
603
598
605
604
601
599
598
598
597
603
596
608
602
605
599
597
605
603
606
607
589
594
594
598
599
596
605
600
598
608
602
598
600
606
594
602
596
590
583
604
600
605
602
608
597
608
601
603
601
594
595
597
604
597
597
602
600
603
599
594
602
594
595
598
602
606
591
603
604
597
599
612
591
597
606
603
599
598
607
600
593
608
603
604
598
601
611
601
605
600
598
594
599
600
592
600
596
609
597
599
602
613
597
602
602
606
596
605
600
598
601
600
603
605
601
597
594
598
594
603
606
602
604
603
601
594
595
595
603
600
599
596
605
602
596
594
601
595
605
600
606
594
595
598
604
592
606
600
601
596
598
600
600
597
598
596
596
