605
606
605
598
607
604
607
607
594
603
601
619
603
600
601
616
610
601
611
601
597
602
613
612
616
616
623
615
622
619
632
626
608
607
604
606
617
605
602
603
598
615
611
605
612
615
600
619
607
601
597
617
601
602
610
593
608
606
600
594
598
604
599
612
607
611
606
589
609
604
604
605
609
606
604
607
603
605
599
602
603
603
596
595
598
599
598
598
597
605
593
602
606
600
609
610
609
606
604
602
602
603
606
598
604
604
600
599
604
599
610
602
600
600
606
613
603
608
601
596
605
596
602
595
608
602
603
604
605
600
598
600
601
604
614
608
598
596
605
597
604
594
601
607
603
594
598
605
604
606
612
603
601
598
607
596
607
604
610
602
600
613
607
600
598
599
598
595
604
596
602
598
602
603
598
601
596
608
603
603
599
608
603
600
598
602
605
602
610
600
605
600
601
601
601
607
607
605
600
610
606
605
603
601
607
601
610
595
599
606
612
591
594
597
598
602
608
599
610
608
598
601
602
602
605
604
599
603
600
605
603
603
601
618
605
602
604
600
598
596
598
608
601
602
602
606
596
596
611
601
596
604
602
604
602
602
613
599
603
599
611
603
600
602
611
609
605
605
603
598
600
608
618
602
612
614
612
607
615
601
604
604
612
603
606
608
610
611
608
607
614
610
606
602
610
609
602
622
609
611
615
610
601
618
611
616
607
616
611
619
620
612
608
618
613
602
619
613
609
601
615
624
615
610
625
616
614
620
624
614
614
621
607
623
622
628
635
623
639
619
626
640
640
636
651
644
642
644
638
636
638
648
647
657
665
648
662
656
661
673
652
663
664
655
662
688
656
672
676
670
690
697
703
703
690
724
714
727
717
728
697
746
740
724
774
749
778
791
798
778
806
807
817
820
844
859
888
859
887
947
900
924
926
942
963
960
982
1022
984
1008
1086
1072
1106
1127
1152
1182
1227
1208
1185
1305
1307
1424
1431
1403
1421
1511
1597
1609
1607
1633
1680
1672
1735
1791
1844
1937
1956
2065
2149
2156
2251
2376
2343
2467
2517
2617
2638
2715
2852
2831
2954
2960
2996
3208
3351
3463
3370
3588
3731
3611
3751
3921
3906
3973
4034
4147
4330
4442
4371
4395
4608
4580
4663
4705
4859
4947
5004
4960
5095
5001
5065
5311
5209
5359
5567
5239
5489
5474
5277
5342
5551
5399
5443
5566
5401
5556
5339
5573
5480
5395
5684
5432
5550
5542
5378
5546
5374
5259
5281
5213
5072
5040
5086
4842
4824
4910
4806
4896
4723
4673
4528
4496
4391
4374
4263
4173
4097
3965
3846
3989
3863
3645
3651
3683
3574
3506
3436
3349
3316
3204
3139
3170
3129
3059
3159
3061
2968
2997
2860
2777
2845
2749
2737
2658
2575
2547
2609
2567
2600
2468
2432
2446
2496
2416
2373
2318
2256
2307
2292
2283
2155
2201
2008
2133
2113
2124
2030
2131
2029
1947
1970
1974
1950
1893
1911
1841
1876
1841
1955
1896
1791
1804
1822
1827
1772
1780
1706
1650
1651
1680
1688
1653
1738
1634
1602
1618
1588
1595
1557
1488
1555
1534
1602
1541
1543
1446
1454
1424
1420
1445
1470
1442
1348
1464
1390
1369
1312
1331
1338
1260
1300
1317
1347
1258
1284
1214
1301
1322
1276
1266
1195
1209
1193
1182
1204
1163
1177
1228
1205
1173
1160
1219
1148
1128
1105
1084
1129
1145
1063
1106
1104
1086
1070
1037
1028
1095
997
1019
1003
997
1001
993
993
1028
992
974
1014
962
931
963
978
972
963
944
947
952
928
954
984
909
932
893
915
923
896
858
862
897
868
859
909
885
879
879
843
885
840
840
866
849
819
825
855
816
811
853
861
816
825
860
779
826
823
796
809
825
778
815
795
799
833
800
775
788
800
790
802
752
808
802
768
757
776
750
755
765
770
745
761
752
755
722
754
745
756
736
747
729
733
737
750
723
752
725
726
729
760
744
731
715
717
712
704
718
725
727
703
739
691
701
713
701
718
744
705
708
724
703
723
727
690
706
702
675
690
687
700
704
686
701
669
687
699
697
687
683
696
684
697
666
683
682
680
657
673
688
683
682
667
663
671
668
668
672
680
649
680
664
666
667
653
668
672
662
664
671
660
648
676
687
667
659
677
654
656
672
654
648
639
650
657
649
662
672
657
648
659
657
659
650
653
665
651
656
645
658
642
653
649
640
652
638
645
646
651
630
679
640
645
635
650
629
662
628
644
643
639
656
640
637
653
623
628
651
636
642
651
633
631
633
625
649
625
644
634
646
636
630
630
617
629
627
633
635
631
619
618
643
628
638
627
628
624
645
632
631
631
643
622
640
636
641
627
631
629
635
627
624
615
630
628
625
649
640
622
624
621
630
611
640
624
630
612
622
621
604
609
630
633
615
614
628
632
628
622
626
624
603
632
630
623
630
625
611
618
633
621
619
630
613
631
614
620
614
625
621
624
617
617
625
628
628
627
610
620
624
609
613
614
621
616
613
620
618
610
616
626
609
615
610
623
618
624
615
603
621
614
610
606
609
616
619
609
624
608
620
612
620
616
612
622
613
618
614
609
609
609
622
624
619
621
611
619
609
611
609
614
611
603
617
612
607
605
617
597
606
618
613
611
618
612
617
612
606
613
613
621
607
600
602
611
605
604
610
608
605
621
608
610
604
607
607
599
603
603
614
600
606
608
603
620
611
611
607
604
607
615
602
611
609
617
610
612
611
613
617
607
603
608
613
608
608
605
603
610
607
614
612
605
610
600
602
596
610
604
605
604
607
603
608
599
609
612
606
605
599
609
608
597
603
602
603
609
606
599
608
606
598
596
604
607
611
606
607
604
605
599
608
609
608
598
605
605
616
608
603
606
606
607
609
606
597
597
602
599
606
602
604
599
604
605
617
610
608
606
606
599
603
600
611
605
605
604
598
609
597
602
599
603
602
605
605
600
604
605
603
607
607
603
614
594
596
607
605
602
604
600
599
610
598
602
604
599
596
614
595
595
602
595
598
604
596
611
604
606
604
607
606
605
593
600
604
601
597
600
606
591
596
598
605
600
594
605
604
610
608
598
598
604
598
600
608
606
606
597
601
605
597
604
604
592
596
593
600
599
602
612
605
604
593
598
603
596
598
590
603
604
603
598
612
599
601
599
602
597
615
600
610
604
604
599
606
597
607
605
603
601
597
596
600
595
601
611
607
600
599
601
613
611
599
604
601
604
604
611
605
601
602
603
604
605
604
601
598
599
609
602
593
601
601
