605
605
610
613
604
605
603
616
621
605
610
606
614
604
602
603
622
592
609
597
610
612
614
606
607
605
606
604
603
603
602
608
603
608
594
602
596
604
611
595
597
590
598
607
608
606
608
608
598
618
602
604
600
605
599
602
608
602
604
604
609
605
608
606
603
610
603
601
606
606
611
601
592
602
596
595
601
604
603
596
603
599
606
603
603
603
607
613
600
603
606
602
599
609
597
600
616
606
612
607
598
607
607
609
613
601
599
604
610
600
606
607
600
597
603
608
606
606
606
601
609
592
597
607
604
605
609
603
598
601
608
614
605
604
602
601
598
611
601
607
607
600
614
601
605
600
603
601
603
612
610
598
605
597
609
610
598
603
610
603
605
601
602
603
598
595
609
614
594
601
600
608
606
603
604
606
596
598
611
613
604
609
603
620
593
601
599
597
608
603
607
605
602
610
603
607
598
606
614
605
611
603
604
615
599
610
597
601
602
602
608
603
601
607
605
605
602
597
599
601
601
604
603
596
597
602
607
597
608
605
610
608
611
605
605
601
602
605
606
606
597
606
611
607
609
614
607
603
607
606
599
609
606
612
606
589
603
604
603
602
605
612
602
601
601
611
605
598
614
618
606
609
608
607
612
617
601
604
615
613
607
595
615
604
614
614
604
614
609
615
613
603
609
612
609
616
616
607
609
611
602
615
621
612
614
610
620
617
614
606
613
612
602
610
621
597
612
624
614
619
608
610
612
625
616
613
614
622
616
611
617
620
619
622
623
616
626
611
620
620
628
615
625
616
627
617
615
635
623
637
648
620
634
633
631
642
656
634
626
654
631
643
659
654
667
664
650
644
659
675
693
668
685
674
686
714
695
696
700
720
681
708
701
707
722
722
732
742
716
768
723
752
764
793
754
801
800
828
842
857
852
859
860
872
851
866
891
922
926
922
951
959
1007
1032
1027
1038
1036
1057
1153
1148
1172
1183
1184
1240
1262
1320
1273
1276
1412
1368
1495
1482
1522
1483
1579
1656
1705
1712
1793
1836
1811
1938
1926
1992
2043
2097
2130
2206
2390
2384
2421
2506
2612
2605
2649
2670
2679
2807
2888
2853
3109
3033
3097
3197
3217
3442
3299
3371
3414
3520
3403
3621
3617
3606
3753
3731
3782
3883
4064
3898
3886
4010
3956
4108
4048
4117
4089
4141
4163
4112
4238
4135
4224
4225
4198
4146
4357
4184
4215
4326
4219
4172
4141
4118
4250
4125
4179
4147
4034
3997
3920
3838
3909
3904
3904
3883
3778
3732
3701
3765
3615
3471
3426
3472
3420
3405
3269
3235
3214
3173
3097
3127
2987
3028
2940
2914
2824
2809
2861
2770
2765
2780
2646
2695
2506
2550
2491
2500
2507
2417
2478
2326
2222
2348
2201
2271
2149
2197
2170
2205
2210
2142
2196
2109
2163
2068
2066
2090
2023
2072
1982
1992
1880
1904
1883
1849
1948
1791
1843
1803
1772
1841
1756
1771
1688
1765
1720
1740
1760
1721
1665
1691
1709
1667
1669
1660
1617
1591
1588
1602
1623
1622
1541
1521
1550
1478
1459
1496
1479
1459
1524
1369
1426
1490
1358
1389
1432
1330
1388
1388
1391
1367
1307
1323
1289
1295
1295
1299
1259
1253
1217
1230
1330
1190
1237
1239
1250
1209
1156
1186
1227
1120
1151
1114
1087
1200
1109
1146
1139
1143
1105
1077
1131
1095
1056
1041
1049
1047
1104
1027
1023
1031
1019
1025
992
970
1014
1021
1032
1007
986
983
954
969
961
979
1010
922
975
957
906
958
942
872
959
916
924
939
907
904
890
889
876
890
891
885
857
846
879
904
864
862
843
831
847
831
813
854
816
841
829
825
787
808
809
806
795
804
819
780
757
793
783
801
782
774
780
760
745
762
774
785
774
788
759
785
808
763
747
772
741
721
731
736
745
730
744
727
732
773
752
720
734
747
712
751
730
728
734
747
757
701
744
693
732
710
712
699
695
700
707
732
708
693
693
712
691
714
696
684
696
708
694
715
684
714
698
666
718
699
685
691
675
675
709
684
682
663
687
693
670
650
676
669
660
675
697
687
657
680
678
672
655
666
683
673
672
674
664
657
663
650
675
661
648
653
661
649
656
663
661
654
667
673
670
666
640
659
670
637
661
664
664
637
654
650
653
639
661
635
660
635
644
659
642
639
657
636
630
638
646
633
640
656
644
651
641
645
650
649
655
640
648
629
634
642
655
645
632
636
644
633
635
646
633
651
652
632
635
635
640
620
632
639
639
630
629
636
631
639
635
622
622
629
622
637
624
622
636
629
619
623
635
635
613
625
635
619
615
621
618
625
621
617
641
625
628
638
621
640
622
609
639
638
625
626
632
623
621
622
639
623
628
620
618
625
613
616
631
619
624
618
621
624
614
618
619
614
631
616
619
622
621
636
601
623
612
629
618
616
615
618
617
619
621
621
607
611
619
620
612
621
613
622
624
610
626
617
616
612
613
610
622
617
616
616
614
611
612
615
624
608
624
617
608
610
605
627
601
613
622
622
622
600
606
605
608
607
611
616
621
610
611
615
615
616
616
605
617
614
610
610
604
618
610
612
624
607
603
610
610
609
607
607
621
607
614
614
614
611
620
598
607
616
610
614
612
628
612
611
604
613
611
623
611
607
609
605
603
608
606
607
604
600
603
602
606
612
599
605
615
609
607
601
602
610
616
610
617
608
607
612
610
608
611
597
608
600
603
610
608
611
600
609
612
607
608
609
607
604
604
603
601
602
606
597
596
604
610
602
613
604
606
600
599
604
601
609
611
599
606
605
605
599
603
605
602
605
603
600
614
608
613
610
612
606
603
607
605
603
608
610
604
602
605
606
600
610
596
604
600
611
604
603
601
606
609
589
595
603
602
613
611
602
605
599
598
611
609
596
605
602
594
600
596
603
607
614
613
604
600
606
601
605
602
597
601
603
598
612
594
596
603
606
605
616
592
610
606
591
599
596
604
595
604
609
599
601
584
602
596
599
598
605
602
600
605
596
593
608
600
601
598
609
596
600
606
604
600
608
594
606
605
615
611
607
595
601
608
596
607
596
600
610
604
603
608
595
600
600
604
598
602
600
602
604
603
610
598
599
602
594
592
604
590
607
605
606
598
598
597
599
609
602
595
610
603
604
602
597
602
605
604
602
602
600
599
603
595
605
593
605
589
601
601
598
605
612
602
597
598
606
597
605
600
603
607
593
602
606
597
605
601
604
605
606
600
609
598
606
593
596
601
603
604
599
600
601
604
596
