610
605
608
598
612
596
612
605
608
606
597
603
606
610
602
601
605
592
609
605
603
610
607
614
601
601
606
601
606
600
599
612
612
595
608
603
602
609
610
598
599
609
601
606
599
605
608
606
613
600
609
611
598
612
608
603
607
595
598
611
595
596
599
604
600
601
604
598
613
601
607
606
600
604
606
602
618
609
606
600
605
604
603
604
601
605
606
605
615
592
603
600
607
604
603
603
612
593
608
608
602
598
602
604
603
596
605
609
603
600
612
603
609
589
613
606
609
592
604
601
604
593
608
603
606
589
603
599
604
612
606
595
609
601
607
601
602
605
610
597
602
612
607
604
601
603
607
603
604
599
600
599
601
601
600
605
600
612
610
597
611
609
602
595
608
608
605
603
599
605
601
605
608
600
604
607
606
598
602
597
600
608
614
603
604
605
609
604
608
609
608
602
609
606
603
607
609
601
614
607
596
605
606
604
601
616
601
606
601
601
597
599
602
606
608
599
608
600
603
606
601
600
602
600
616
606
605
602
602
603
607
604
603
602
617
610
613
601
604
597
608
603
608
599
612
606
605
608
611
590
619
610
602
625
610
608
606
608
618
608
607
604
607
600
606
606
606
604
606
610
603
607
600
615
603
600
606
608
604
604
607
610
609
613
606
604
613
601
606
603
617
613
608
614
613
601
619
606
609
614
601
610
597
614
616
610
611
609
605
613
605
611
605
623
614
619
621
620
612
618
620
610
620
605
613
635
616
607
616
622
632
619
634
619
618
620
633
611
632
629
646
620
618
630
620
632
628
640
638
645
642
647
638
633
631
642
645
649
674
661
670
660
638
648
663
668
672
666
659
665
677
679
703
693
696
694
680
687
720
711
723
723
734
758
703
753
744
771
738
790
773
826
772
798
798
841
839
856
848
872
864
913
877
911
913
958
946
933
966
1002
950
1056
1079
1052
1067
1123
1120
1132
1188
1206
1193
1249
1338
1336
1331
1364
1421
1437
1493
1570
1638
1545
1666
1623
1722
1782
1844
1895
1909
1973
2042
2099
2142
2198
2227
2376
2420
2460
2419
2553
2646
2675
2736
2834
2902
2985
3174
3091
3212
3319
3423
3448
3452
3539
3545
3689
3629
3805
3866
3991
3965
4033
3942
4108
4184
4250
4306
4442
4520
4612
4521
4411
4539
4616
4640
4441
4693
4662
4677
4575
4774
4587
4681
4748
4714
4630
4791
4804
4643
4660
4742
4780
4733
4764
4611
4635
4599
4567
4544
4498
4492
4411
4272
4234
4372
4268
4216
4145
4127
4082
4091
4081
3791
3834
3779
3838
3685
3618
3622
3461
3319
3552
3287
3236
3261
3169
3216
3165
3080
3021
2989
2971
2943
2885
2874
2833
2852
2820
2749
2574
2703
2624
2599
2598
2564
2521
2478
2515
2471
2423
2412
2352
2343
2307
2372
2260
2216
2240
2250
2167
2151
2090
2142
2134
2090
2050
2126
2024
2072
1991
1923
1986
1977
2029
1934
1943
1869
1835
2034
1814
1885
1768
1781
1783
1787
1793
1700
1748
1734
1720
1650
1693
1635
1623
1603
1660
1668
1617
1584
1567
1612
1540
1539
1577
1445
1521
1489
1469
1511
1476
1460
1459
1460
1388
1382
1401
1377
1373
1323
1380
1297
1337
1363
1333
1308
1335
1266
1286
1285
1250
1221
1204
1208
1259
1202
1193
1234
1191
1187
1168
1190
1129
1126
1101
1169
1142
1155
1110
1078
1080
1119
1121
1092
1103
1083
1065
1051
1111
1064
996
1036
1046
981
983
1019
987
1051
972
1043
999
1022
1005
957
1017
939
954
970
939
927
947
915
945
923
950
898
925
893
897
841
929
918
875
889
848
895
858
878
878
866
868
891
826
881
858
891
831
810
823
863
829
821
820
849
818
823
820
848
801
837
804
786
793
771
817
766
780
799
766
771
784
796
765
768
769
750
759
744
785
777
742
757
735
762
713
749
714
768
785
719
757
732
727
753
725
741
751
740
728
718
708
743
713
726
706
745
717
721
728
694
736
723
700
721
722
697
700
727
720
727
712
735
691
706
689
700
698
705
707
690
659
680
715
681
691
690
688
693
676
661
672
685
664
694
689
668
690
677
693
690
677
665
662
675
667
682
671
681
673
671
671
669
671
684
667
666
645
662
671
662
657
652
656
662
671
656
660
655
655
671
667
673
657
649
640
646
650
647
652
666
649
645
654
644
658
639
649
630
648
638
659
636
639
648
644
645
657
631
651
634
637
640
652
634
630
619
638
635
632
659
646
640
641
623
631
646
632
639
635
654
642
639
642
636
635
628
630
629
638
625
644
624
633
638
629
629
638
626
621
638
620
614
633
637
625
631
627
639
625
635
642
637
625
619
614
625
634
624
630
636
628
628
620
620
624
636
629
623
623
623
620
636
623
630
617
635
627
625
614
622
631
628
622
626
620
630
615
622
615
609
624
620
619
618
616
615
614
612
625
625
627
613
619
621
622
626
615
642
610
615
611
618
613
625
621
609
610
632
623
623
606
631
614
613
623
598
606
621
613
603
609
605
613
602
614
624
614
597
612
610
612
615
624
609
611
612
618
613
615
611
621
608
611
608
617
611
600
615
608
608
615
607
615
607
613
612
610
616
619
609
604
612
607
611
614
613
612
616
613
611
603
607
606
613
608
617
609
604
617
608
611
621
601
614
611
606
600
607
613
613
618
608
615
621
604
609
623
604
602
602
605
606
605
611
618
603
605
617
607
612
606
607
607
604
612
603
616
625
605
611
617
606
608
616
598
607
608
613
605
615
595
617
612
607
604
611
601
608
606
608
604
605
610
614
602
608
607
617
602
616
605
607
606
611
602
600
610
608
605
608
607
602
613
612
611
604
601
605
601
607
605
610
602
607
598
610
608
605
601
604
602
603
604
602
595
602
599
602
601
601
607
602
601
606
595
601
596
597
606
604
596
602
593
602
606
609
600
599
598
600
609
610
594
600
602
604
601
593
607
608
604
611
599
608
596
605
600
602
596
604
604
603
606
604
598
603
600
598
611
592
610
594
606
598
597
595
604
599
600
611
595
598
607
595
599
600
601
602
600
610
603
601
605
595
598
599
601
594
597
599
604
598
599
590
598
603
593
610
607
604
597
604
604
598
599
604
608
593
602
592
601
607
604
601
598
601
604
606
611
607
607
603
606
599
610
602
596
605
602
603
609
596
596
600
589
591
604
596
591
599
601
598
599
602
607
601
599
602
588
605
599
596
601
601
603
597
600
592
598
603
599
600
602
597
605
604
606
611
603
601
595
