601
607
612
607
604
602
601
601
603
605
604
605
604
605
602
598
608
607
601
601
605
596
602
605
605
604
604
602
613
616
597
608
606
605
598
612
599
611
605
609
605
601
604
603
608
596
610
606
603
613
595
607
603
603
606
596
605
607
596
599
597
593
605
611
598
604
607
599
606
608
600
605
601
612
607
600
606
605
606
604
605
593
596
606
601
602
598
608
606
608
599
602
611
599
600
613
603
605
600
604
603
593
610
595
605
608
612
604
606
597
602
597
602
606
608
604
600
609
600
611
604
612
614
597
608
605
596
608
607
596
605
597
605
602
600
597
604
600
604
607
602
605
606
606
603
606
602
609
604
605
597
598
599
603
597
610
600
603
606
606
607
598
603
609
595
597
612
600
602
602
605
602
601
593
600
589
610
604
610
603
609
603
601
610
612
603
598
604
602
599
601
603
603
609
603
605
609
605
595
602
599
596
601
607
602
602
604
606
611
596
613
611
607
604
602
609
607
604
607
616
600
601
608
603
609
598
606
613
602
602
612
604
604
604
599
616
604
609
596
601
603
602
604
608
603
605
609
611
609
607
620
602
616
598
593
612
603
608
606
600
604
609
606
608
605
608
616
604
605
615
610
604
604
606
604
610
603
605
611
608
607
601
610
612
615
604
605
617
616
611
609
611
605
614
606
610
603
610
612
613
604
618
606
610
613
613
612
616
617
614
615
606
620
612
621
601
610
623
612
631
609
604
618
613
612
614
628
624
614
632
631
634
633
617
602
620
631
621
622
628
631
626
629
620
636
643
647
654
648
640
634
645
650
635
641
646
645
649
656
669
665
656
673
661
668
672
680
711
699
699
681
673
710
714
702
745
730
700
715
734
745
715
744
760
733
752
795
757
801
770
767
864
797
838
855
828
881
845
866
886
909
877
926
896
971
923
964
1032
976
1015
1093
1055
1080
1069
1086
1160
1192
1276
1277
1268
1348
1336
1329
1403
1467
1490
1539
1523
1524
1604
1759
1666
1759
1808
1820
1857
1882
2083
2031
2095
2249
2214
2429
2352
2480
2457
2516
2608
2680
2731
2672
2871
3076
3023
3176
3267
3402
3369
3459
3500
3694
3679
3753
3852
3950
4008
3980
4186
4164
4215
4403
4200
4336
4402
4562
4502
4593
4611
4702
4964
4770
4932
4889
5069
4967
5087
5193
4968
4992
5111
5161
4937
5072
4970
5032
5094
5235
5068
5267
5263
5062
5151
5133
5093
5183
5091
5036
5132
4988
4888
4982
4793
4629
4648
4761
4637
4513
4567
4322
4364
4361
4338
4263
4032
4080
3900
4005
3905
3781
3746
3715
3657
3643
3528
3558
3411
3384
3429
3295
3388
3187
3165
3277
3139
3113
3088
3040
2987
2981
2847
2839
2821
2775
2773
2705
2773
2659
2593
2620
2601
2586
2583
2509
2405
2417
2455
2505
2439
2373
2449
2370
2312
2280
2225
2272
2270
2236
2141
2208
2185
2104
2080
2111
2082
2091
2058
2130
2003
2048
2000
1922
1988
1928
1900
1943
1938
1832
1881
1772
1855
1818
1857
1748
1746
1750
1772
1746
1742
1672
1667
1656
1643
1599
1640
1696
1616
1651
1595
1576
1639
1585
1531
1465
1483
1536
1466
1516
1476
1453
1435
1424
1488
1417
1393
1397
1378
1447
1300
1328
1383
1352
1325
1331
1322
1326
1244
1278
1252
1258
1211
1227
1271
1225
1241
1208
1216
1198
1165
1180
1178
1153
1100
1147
1157
1146
1072
1123
1098
1124
1076
1067
1077
1034
1053
1006
1057
1013
1020
1023
1011
1009
1017
1018
973
1003
1007
997
1024
974
967
1000
981
955
986
950
955
943
960
900
916
880
918
912
928
873
908
907
879
908
843
887
901
893
893
866
868
869
881
853
842
848
834
854
826
812
849
849
852
851
784
846
827
814
811
821
794
817
803
814
778
799
789
827
778
799
770
775
791
773
756
768
762
775
771
728
784
757
750
748
739
751
740
754
756
774
735
713
756
747
755
733
761
764
726
739
740
752
731
719
726
705
713
726
732
710
693
689
725
708
704
698
694
708
701
691
700
705
714
691
726
690
697
713
696
688
706
718
691
691
703
688
686
679
698
702
715
673
695
680
698
685
680
685
679
694
702
668
665
680
664
678
661
683
672
680
649
698
666
664
667
663
652
655
654
657
649
659
670
665
667
667
673
663
662
673
650
670
640
657
670
643
657
665
642
662
664
629
656
658
672
654
665
638
628
670
659
637
639
632
651
650
666
636
643
633
643
647
650
662
642
644
640
645
637
621
647
652
639
644
641
662
621
658
637
646
625
628
635
631
633
645
634
616
640
643
631
641
647
629
648
635
624
644
642
620
631
617
624
635
622
633
628
616
632
618
624
625
622
627
631
622
637
639
621
628
636
633
638
616
630
630
628
631
637
628
627
610
621
628
618
629
631
623
628
620
623
618
615
625
627
620
616
623
609
629
631
628
635
627
624
611
614
622
625
615
619
623
625
616
622
619
611
607
624
617
613
615
615
619
622
615
621
617
623
620
620
620
622
610
623
609
615
619
606
613
605
620
628
629
619
609
618
610
607
609
623
608
612
612
609
612
610
611
606
608
614
613
618
616
610
617
615
612
612
604
620
619
619
616
605
614
614
623
614
608
601
610
620
612
605
610
614
608
622
620
612
596
614
614
615
615
613
608
609
610
617
598
610
614
615
605
608
601
622
612
605
605
611
602
609
595
600
611
606
606
604
602
617
609
608
609
604
607
600
604
602
603
606
606
605
600
606
599
605
610
601
611
601
605
603
591
615
617
603
604
609
602
601
603
604
609
604
607
612
604
618
606
602
602
609
595
605
600
597
593
599
602
608
603
600
611
601
606
606
607
611
622
595
611
604
606
605
607
605
608
600
610
607
611
607
608
604
608
606
609
607
597
602
599
608
600
596
590
605
606
608
604
600
613
605
607
600
599
596
608
610
611
601
601
603
602
595
609
592
597
608
602
589
605
598
601
603
605
603
605
595
595
600
599
603
603
599
607
597
605
602
605
602
603
600
603
606
604
603
598
589
601
602
601
599
603
604
602
606
597
612
604
593
602
597
601
598
602
603
603
597
595
598
596
597
604
608
603
602
597
606
598
605
596
603
589
609
606
603
600
596
609
600
592
593
603
602
597
600
600
597
604
600
597
597
594
608
605
598
599
600
611
602
599
612
604
605
607
600
600
604
595
604
598
607
606
606
605
592
600
603
609
606
605
607
603
599
602
595
601
605
590
602
594
594
597
597
600
602
595
595
597
597
599
587
