604
599
602
600
604
601
595
598
600
603
595
609
600
596
593
603
603
606
593
588
594
608
605
597
604
607
598
611
602
599
612
610
602
599
611
600
611
601
606
613
601
601
602
601
598
606
597
600
594
596
593
603
597
607
597
610
595
603
600
598
605
601
607
603
600
607
595
609
594
607
602
606
605
594
602
604
594
602
607
592
606
605
601
597
601
593
606
597
603
595
598
603
600
595
597
604
595
594
602
598
601
604
602
603
600
607
606
603
598
602
612
604
600
601
604
602
600
604
598
598
598
602
606
606
603
600
612
600
594
603
596
598
592
597
604
605
605
602
607
605
604
601
600
605
608
600
606
609
600
606
600
602
612
598
607
609
585
603
594
609
590
603
595
596
598
607
602
598
603
606
604
606
610
596
605
603
601
596
601
610
602
600
604
596
601
600
596
605
601
605
596
608
599
604
609
592
601
605
599
605
603
605
596
604
604
606
609
602
603
598
600
594
604
600
608
603
608
606
594
610
604
606
604
596
605
599
600
595
606
596
601
602
602
603
600
594
612
595
601
605
606
609
604
604
613
605
602
604
615
603
615
601
612
596
619
602
611
613
612
610
606
608
607
609
603
601
613
602
602
602
605
605
597
613
619
613
617
609
613
607
615
605
617
604
611
614
606
608
614
613
604
606
605
621
612
612
609
610
610
621
606
614
606
622
612
613
605
610
614
621
611
613
610
615
613
621
632
616
617
613
629
631
618
613
635
619
620
634
625
620
617
626
621
620
624
624
627
626
640
623
643
640
636
649
649
634
653
649
652
660
652
626
667
659
649
672
650
672
682
674
673
675
690
686
712
689
697
699
725
694
707
729
719
714
741
740
756
738
775
754
779
789
776
787
773
810
845
817
865
845
834
847
869
879
931
931
918
948
947
954
973
984
1043
1034
1016
1066
1102
1091
1128
1165
1157
1214
1267
1274
1275
1297
1407
1459
1485
1473
1556
1552
1601
1665
1688
1723
1809
1847
1905
1975
2000
2077
1979
2194
2239
2398
2458
2393
2555
2693
2769
2806
2913
2919
3039
3156
3241
3323
3412
3480
3493
3709
3778
3959
3913
4164
4297
4374
4510
4500
4679
4701
4915
4952
5064
5144
5421
5324
5322
5479
5498
5667
5784
5823
6066
6070
6236
6208
6353
6237
6364
6524
6502
6799
6624
6640
6529
6555
6548
6798
6830
6783
6998
6976
6797
7027
6857
6949
6821
7077
6842
6945
6915
6995
6823
6910
6783
6607
6591
6523
6428
6444
6395
6078
6254
6051
6091
6018
5985
5700
5790
5744
5604
5527
5329
5175
5255
5121
5068
4806
4950
4667
4648
4546
4498
4294
4400
4340
4307
4172
4089
4083
4055
4033
3932
3787
3760
3774
3592
3683
3535
3495
3391
3371
3296
3390
3229
3291
3252
3146
3109
2978
2983
2993
2900
2998
2949
2839
2816
2820
2735
2709
2693
2685
2675
2597
2660
2524
2521
2518
2463
2521
2463
2481
2398
2259
2257
2417
2309
2229
2224
2217
2211
2193
2238
2187
2085
2085
2077
2045
2060
2001
2015
2035
1989
1926
1921
2050
1980
1909
1865
1920
1868
1808
1839
1844
1831
1742
1740
1769
1770
1690
1737
1604
1590
1646
1609
1626
1556
1587
1518
1575
1626
1568
1535
1513
1460
1500
1396
1499
1458
1464
1486
1412
1442
1382
1406
1345
1370
1405
1391
1367
1283
1329
1287
1301
1305
1262
1216
1232
1274
1278
1264
1190
1176
1214
1214
1236
1205
1182
1162
1161
1170
1157
1142
1172
1155
1119
1123
1128
1107
1043
1129
1052
1086
1092
1082
1088
1053
1058
1049
1050
1031
981
1035
1049
987
990
963
963
960
977
943
963
979
913
987
928
966
926
879
934
912
885
924
899
908
902
889
914
894
882
888
908
881
888
849
861
890
836
811
838
823
873
861
839
833
829
797
838
860
806
812
845
819
812
817
796
800
794
829
828
818
775
785
786
810
786
819
803
769
778
791
797
799
765
758
760
804
786
785
762
794
762
736
788
729
758
740
744
760
734
727
756
740
753
750
747
736
722
716
741
727
730
745
741
721
708
751
736
715
747
756
709
712
726
701
708
730
735
712
699
704
696
704
689
691
713
704
697
700
697
713
696
695
699
696
688
697
681
660
689
689
705
707
664
682
689
661
681
673
672
666
686
667
661
671
668
665
649
680
680
690
655
663
661
659
670
660
674
665
675
668
659
663
662
687
659
662
670
655
678
664
684
666
661
657
671
672
648
640
666
659
656
651
651
639
654
646
656
656
637
644
646
656
653
637
642
651
646
661
637
647
648
641
647
639
643
669
649
652
650
632
637
635
647
631
644
651
648
634
641
628
640
645
635
640
648
642
645
636
632
641
629
626
636
642
633
627
636
626
634
629
638
660
644
632
634
618
621
623
621
627
641
636
624
635
618
633
636
622
635
629
634
626
612
619
631
644
615
621
626
616
612
626
618
612
624
626
619
628
616
645
635
621
626
635
623
617
632
616
630
612
614
624
627
624
621
615
614
626
623
614
613
624
622
615
628
622
611
620
617
609
615
612
610
612
623
617
613
623
616
609
615
618
612
599
607
623
608
622
628
615
603
613
613
604
630
613
619
607
620
613
609
617
615
603
620
612
621
613
610
628
621
621
619
613
613
603
616
606
606
610
617
617
612
615
606
611
601
603
625
611
611
615
603
611
606
616
598
611
618
622
600
615
611
613
609
615
614
606
612
603
615
605
610
615
602
614
615
609
617
608
602
612
607
599
622
612
602
603
609
611
605
605
606
604
605
611
598
619
606
600
602
606
609
607
598
604
609
605
619
610
615
598
599
613
603
604
600
604
606
602
597
600
595
608
601
606
599
604
611
596
603
611
607
598
602
599
605
604
608
587
602
599
599
605
593
597
608
607
606
610
606
601
602
602
610
602
599
602
598
601
605
599
592
595
597
614
604
600
606
609
599
601
605
601
606
600
598
609
601
613
605
599
604
599
605
614
591
598
601
604
603
604
606
604
602
593
606
598
599
602
597
609
601
602
604
600
592
597
607
600
599
597
594
611
605
598
598
613
601
608
600
601
601
604
605
596
602
602
596
602
602
598
598
599
602
600
602
608
594
605
599
593
604
600
596
603
596
596
600
605
593
600
598
605
606
601
606
597
604
600
609
595
608
599
611
605
606
604
597
602
595
604
593
601
601
599
602
606
597
597
602
602
597
592
603
604
604
594
598
604
600
602
608
601
604
600
601
602
601
601
593
595
597
600
604
600
585
599
598
601
601
596
597
602
598
598
600
