605
611
615
608
618
603
607
603
602
617
595
611
614
611
601
606
601
602
603
617
609
611
606
610
605
601
603
607
604
609
600
606
615
611
610
604
604
611
600
612
605
591
598
604
591
591
602
598
603
607
599
599
612
602
598
604
610
605
610
604
609
599
611
612
604
603
613
617
611
603
604
609
605
606
600
612
601
603
605
604
611
611
607
601
600
608
598
604
607
610
598
607
612
601
603
598
597
602
597
606
597
603
601
604
610
600
602
617
600
597
605
603
602
609
601
606
607
606
608
608
607
611
595
598
617
603
604
610
598
611
618
606
609
603
615
609
612
599
608
604
600
596
601
603
601
610
611
601
599
610
609
606
614
615
598
601
602
606
603
606
599
600
596
608
609
602
598
603
605
594
599
601
606
592
605
604
609
604
602
606
599
604
604
604
596
599
616
602
601
610
601
604
603
603
609
605
607
603
597
612
599
603
608
598
610
607
605
601
607
609
613
602
604
604
595
612
606
614
604
605
608
616
610
606
608
603
621
614
613
615
611
609
602
612
610
611
601
604
612
604
610
606
607
613
606
608
614
592
612
603
605
604
607
611
611
603
611
598
595
602
608
607
615
606
616
605
605
606
601
609
590
616
599
609
611
602
613
621
610
617
610
612
611
608
626
606
624
616
603
612
614
608
620
613
609
607
605
607
623
616
615
613
626
609
612
621
616
609
622
613
618
615
618
619
615
618
616
616
626
625
607
607
620
615
626
618
624
619
631
633
615
631
623
637
646
628
626
625
635
628
626
636
639
632
620
646
645
651
635
631
629
640
644
673
655
662
657
663
662
662
675
680
688
683
680
672
681
709
693
686
703
702
696
686
709
740
749
732
736
742
727
742
743
774
788
766
763
798
801
772
849
817
846
850
854
880
859
945
907
918
953
971
1025
938
1005
1017
1042
1094
1099
1080
1092
1103
1117
1137
1232
1253
1219
1269
1301
1330
1372
1418
1422
1472
1520
1511
1589
1583
1652
1749
1765
1803
1844
1928
1968
1986
2033
2162
2181
2255
2325
2431
2440
2521
2566
2668
2745
2759
2948
3094
3052
3092
3218
3215
3423
3555
3606
3592
3750
3772
3826
3995
4034
4244
4211
4294
4396
4569
4588
4566
4533
4725
4746
4812
4919
5072
4977
5078
5165
5248
5162
5385
5228
5584
5499
5548
5433
5422
5500
5676
5634
5357
5701
5646
5690
5654
5613
5681
5715
5635
5712
5692
5607
5535
5449
5671
5452
5481
5468
5297
5253
5457
5241
5053
5062
5105
4938
4933
4969
4827
4697
4765
4721
4601
4582
4471
4404
4302
4240
4139
4222
4078
3900
4059
3866
3712
3750
3569
3586
3583
3553
3508
3482
3361
3301
3337
3329
3358
3097
3102
3163
3132
2936
2939
3045
2996
2878
2826
2820
2812
2810
2798
2805
2616
2718
2642
2653
2615
2577
2485
2470
2591
2578
2525
2508
2396
2487
2350
2334
2362
2325
2324
2302
2269
2242
2269
2152
2274
2194
2252
2168
2127
2120
2035
2021
2055
2017
1938
1974
1877
1971
1925
1869
1878
1879
1872
1948
1824
1900
1765
1835
1794
1742
1675
1715
1715
1679
1736
1675
1668
1712
1628
1539
1652
1628
1627
1565
1573
1456
1514
1500
1569
1490
1502
1514
1527
1444
1470
1420
1458
1398
1425
1353
1412
1328
1333
1336
1336
1300
1277
1276
1312
1210
1258
1313
1229
1220
1262
1215
1214
1181
1247
1241
1196
1187
1168
1149
1144
1170
1097
1171
1125
1081
1105
1131
1124
1098
1103
1040
1040
1073
1067
1030
1019
992
990
1028
1025
1000
1024
1046
1010
1023
1015
988
985
984
993
958
953
934
945
937
955
930
940
916
944
938
954
922
870
933
891
895
862
895
891
859
896
880
873
875
853
827
843
889
854
837
826
877
814
860
831
817
830
862
855
835
829
833
766
797
782
806
811
792
797
835
779
801
788
774
780
778
795
805
767
780
788
761
775
790
779
772
755
742
753
760
729
774
749
759
741
715
760
771
742
748
736
749
730
741
737
726
758
728
742
727
712
726
708
749
710
729
731
731
693
700
707
711
694
709
717
694
700
709
697
694
703
690
702
700
698
692
695
691
687
707
690
685
690
701
682
681
680
680
679
678
693
681
701
685
662
672
671
693
665
675
671
698
680
676
679
672
669
673
667
684
676
665
676
671
666
668
661
661
663
679
664
678
667
659
672
655
659
659
644
652
664
661
664
666
638
661
650
649
669
650
647
647
647
649
654
632
654
661
662
648
650
666
648
640
655
647
639
657
651
634
634
642
645
643
646
646
648
642
633
646
653
643
646
644
637
650
640
633
638
642
635
641
619
640
641
627
651
637
622
640
631
622
632
635
638
647
628
631
633
624
630
640
634
635
624
627
618
621
622
634
628
620
632
631
626
625
631
631
628
639
639
618
624
621
624
629
626
626
614
649
629
629
642
629
621
615
624
611
613
611
638
628
626
610
617
623
621
627
621
623
613
613
619
621
621
627
632
620
625
622
630
624
612
622
602
614
620
622
627
613
606
620
611
618
611
624
604
623
610
624
627
622
610
622
618
629
611
602
625
616
620
626
617
611
613
618
605
605
613
612
614
616
617
629
624
614
612
620
620
624
612
610
611
630
622
612
609
613
618
614
607
618
621
610
612
617
606
616
606
606
619
605
609
611
607
609
623
610
609
602
611
604
623
603
613
609
606
615
620
610
608
612
619
615
604
609
600
608
611
610
614
608
615
618
615
616
610
602
609
604
613
614
623
618
610
614
601
613
612
604
608
610
606
597
612
605
612
603
624
595
613
615
600
606
595
607
611
594
604
602
600
601
607
600
606
618
613
613
620
604
610
605
607
609
600
610
613
603
602
607
606
603
609
610
598
605
604
609
607
602
611
597
602
601
596
601
608
605
607
606
603
604
607
610
603
607
616
614
599
603
604
605
599
611
605
601
603
602
598
602
604
600
598
608
603
598
606
604
603
602
602
602
610
605
611
598
605
596
595
606
595
614
607
601
612
594
610
605
611
601
595
596
598
607
611
603
600
593
601
598
598
597
605
595
597
597
602
603
607
606
599
600
604
605
594
604
609
604
601
603
598
597
602
600
600
607
606
595
607
610
606
606
607
602
607
607
600
606
599
606
605
603
602
612
597
599
606
602
601
603
601
605
606
602
605
595
590
604
597
610
598
606
595
604
605
600
608
597
607
598
590
601
596
611
607
595
603
598
594
603
608
599
597
606
600
600
600
605
603
601
598
596
593
596
599
598
611
600
602
599
597
