609
599
607
605
607
597
603
605
601
602
596
611
600
617
596
605
600
597
597
613
597
606
606
609
601
596
607
607
603
602
608
602
601
605
603
605
606
606
609
605
600
605
607
607
611
600
611
604
595
600
600
609
608
601
597
604
591
610
605
604
609
611
601
605
606
605
604
612
600
601
594
596
600
603
594
603
604
604
596
596
595
599
604
598
604
599
608
603
610
604
590
606
599
597
602
607
605
603
599
603
600
601
595
608
594
597
600
594
605
599
594
594
601
606
609
605
596
598
601
602
596
602
603
601
599
606
603
600
601
600
600
603
604
593
606
595
598
611
599
595
600
600
601
605
590
600
600
596
604
598
602
608
598
603
602
604
602
605
609
600
597
605
600
599
609
603
595
603
601
602
606
614
599
601
608
594
606
599
610
599
609
604
598
601
604
607
592
605
597
607
602
595
609
597
605
604
606
605
605
608
602
604
607
595
607
606
602
601
601
611
599
601
604
602
601
606
611
603
610
601
616
606
595
605
602
609
604
599
605
609
612
604
602
599
606
617
603
608
606
614
611
606
604
609
605
605
615
613
607
607
611
608
604
600
605
614
603
609
602
610
612
605
611
599
613
611
607
609
611
604
608
617
613
614
616
602
609
606
609
614
611
603
615
613
604
612
614
610
607
614
612
623
611
602
611
607
617
618
606
619
612
609
615
598
614
611
612
620
629
621
621
622
617
627
622
619
614
629
621
623
626
620
627
619
641
626
607
630
620
625
628
634
625
628
637
629
635
635
631
627
639
628
653
641
651
638
648
649
664
643
637
654
688
652
659
655
682
668
691
693
707
678
683
703
673
692
719
709
727
717
724
732
715
749
764
755
768
745
786
793
809
824
783
785
813
794
849
822
840
821
862
865
912
905
929
931
955
974
982
986
1009
1066
1028
1111
1084
1131
1089
1175
1180
1232
1249
1247
1365
1311
1419
1419
1460
1487
1532
1591
1561
1615
1656
1756
1714
1815
1810
1967
1990
2043
2096
2136
2292
2338
2342
2368
2574
2523
2570
2750
2862
2977
3083
3068
3210
3196
3428
3408
3558
3643
3797
3903
4029
4120
4250
4337
4385
4640
4750
4864
4974
5167
4989
5300
5278
5481
5659
5525
5741
5747
5932
6017
6092
6227
6250
6363
6498
6545
6748
6608
6786
6923
6812
6923
7130
7096
7076
7104
7139
7106
6985
7159
7092
7343
7229
7444
7254
7289
7189
7547
7491
7431
7330
7304
7136
7067
7144
7198
7095
6923
6963
6778
6866
6514
6519
6564
6444
6352
6271
6114
6099
5916
5746
5675
5719
5422
5501
5394
5323
5336
5209
5005
5027
4896
4840
4653
4748
4574
4476
4343
4527
4341
4313
4220
4092
4025
3916
4109
3876
3791
3687
3767
3789
3614
3531
3378
3375
3316
3498
3371
3293
3228
3254
3117
3190
3064
2980
3197
2984
2981
2978
2928
2943
2845
2866
2642
2762
2720
2701
2658
2628
2626
2527
2544
2503
2568
2558
2416
2490
2426
2400
2338
2386
2318
2378
2266
2353
2288
2227
2190
2106
2150
2094
2107
2069
2009
2090
2134
2005
2026
2085
2010
1945
1960
1851
1844
1922
1906
1932
1905
1832
1780
1771
1831
1743
1769
1746
1661
1668
1690
1682
1614
1634
1649
1631
1600
1583
1569
1505
1481
1515
1486
1533
1492
1486
1472
1483
1449
1452
1424
1410
1374
1397
1364
1342
1358
1370
1288
1295
1325
1306
1259
1262
1280
1256
1262
1238
1224
1263
1194
1207
1172
1201
1181
1229
1156
1186
1163
1186
1139
1118
1111
1145
1145
1119
1103
1095
1119
1087
1109
1059
1107
1028
1063
1062
1058
1034
1042
1017
1038
1001
1027
1007
1014
970
982
994
974
955
963
981
944
951
926
972
941
943
972
946
921
916
983
924
915
911
889
905
878
874
885
853
914
901
892
888
867
881
857
872
866
859
837
850
821
832
844
828
837
861
836
783
836
817
815
814
826
818
799
798
797
776
837
801
778
781
778
793
813
797
764
790
816
786
768
785
778
757
788
767
793
772
756
739
754
771
771
751
753
761
766
733
733
736
740
752
744
770
727
733
721
705
707
722
715
715
724
751
719
715
714
708
697
734
707
731
712
722
701
702
697
702
695
717
702
704
691
708
700
702
711
695
697
692
714
716
701
707
707
688
672
689
689
683
692
680
683
700
676
678
674
695
699
660
680
681
673
681
700
668
667
684
679
683
660
685
666
666
673
674
671
665
671
654
669
674
666
681
635
651
669
656
659
656
666
671
641
663
669
656
675
686
651
646
665
651
665
641
631
633
648
664
667
641
656
655
643
652
654
650
656
644
640
651
647
647
658
633
648
643
645
655
645
640
634
643
638
629
647
642
639
633
637
639
630
642
647
640
629
642
636
620
638
644
631
637
645
638
641
663
631
639
619
642
633
625
641
631
639
627
626
630
623
626
628
630
633
621
610
630
625
636
616
630
626
632
614
628
638
620
627
627
626
621
636
618
619
630
615
616
616
626
613
622
617
625
611
620
637
618
626
617
611
628
617
621
619
618
604
620
618
624
619
617
609
629
621
613
627
616
621
617
623
622
605
610
612
600
617
619
620
613
614
617
626
623
615
618
608
617
617
613
614
610
608
613
616
613
623
623
610
618
610
608
608
616
625
608
605
622
620
620
610
611
613
615
610
616
620
617
615
620
611
610
618
616
621
609
610
607
610
610
629
618
605
606
610
613
606
603
613
615
604
617
610
604
607
610
614
607
602
614
592
606
603
607
609
605
607
604
604
614
605
602
612
607
607
600
611
599
608
608
607
600
606
602
606
594
614
603
619
604
607
605
599
610
607
599
612
598
603
602
601
608
604
598
594
603
597
611
603
607
602
612
610
601
604
616
603
605
607
600
608
602
606
607
614
602
616
605
596
613
611
601
598
610
614
605
605
595
593
603
603
594
597
601
607
598
603
607
605
600
599
600
610
598
595
614
602
602
603
593
609
592
602
609
605
605
591
602
597
602
605
610
599
598
604
598
606
596
592
598
597
605
604
614
594
610
613
609
588
605
607
594
599
603
594
608
603
597
598
603
608
600
600
602
599
603
604
599
600
600
604
605
597
605
608
598
602
602
601
602
603
600
605
602
598
599
595
604
595
602
602
602
603
605
597
596
595
593
603
600
591
598
604
599
598
607
598
594
607
603
598
600
602
601
600
604
608
592
607
606
599
597
601
599
603
600
592
606
604
600
604
597
601
609
599
600
606
604
601
604
597
601
597
595
597
601
607
601
601
601
601
599
600
592
595
596
612
606
604
