599
605
609
606
613
613
603
605
610
601
606
597
610
593
599
595
611
605
602
603
601
613
605
603
601
601
599
611
603
601
591
608
602
611
598
591
606
600
605
598
591
600
602
594
609
605
603
613
601
599
601
598
610
602
597
597
610
596
596
588
590
595
600
598
593
597
589
605
607
596
605
601
603
606
599
600
604
608
605
603
607
599
598
601
599
594
598
601
602
604
596
610
609
605
606
597
602
607
610
598
608
598
602
596
596
603
600
600
597
601
607
610
599
603
604
602
598
600
605
598
605
603
596
609
597
598
595
610
602
599
597
601
596
594
614
603
606
606
606
594
604
603
600
600
604
605
607
600
599
598
602
603
603
601
604
605
590
594
606
596
602
610
607
599
604
596
597
603
606
595
607
606
607
604
600
612
598
604
602
608
617
604
604
599
593
600
597
600
600
600
606
602
600
604
607
598
609
591
605
613
600
596
584
599
601
600
610
605
610
610
603
592
602
606
609
600
594
612
607
605
605
603
595
612
621
606
598
598
608
601
599
597
612
613
606
613
612
594
604
614
602
609
597
605
612
610
606
610
601
613
617
605
605
614
609
606
610
615
603
597
614
611
602
618
604
609
595
609
602
601
606
599
608
613
614
613
610
608
605
606
607
619
600
617
619
621
609
602
624
612
608
618
604
617
619
613
612
620
618
618
620
603
618
610
622
616
615
617
613
608
621
619
624
613
618
614
618
621
607
641
627
630
639
621
617
620
620
629
627
626
630
634
636
634
644
634
636
652
647
658
630
657
656
643
645
661
654
653
659
652
662
656
669
656
653
692
662
673
683
677
708
687
703
703
691
709
700
719
716
709
713
740
708
749
738
771
768
772
756
743
800
806
834
794
845
873
807
824
881
872
838
897
968
962
968
931
966
1008
996
1039
1038
1062
1128
1075
1142
1145
1144
1207
1273
1287
1231
1280
1357
1354
1352
1478
1480
1512
1505
1617
1692
1712
1747
1771
1839
1888
1969
2002
2097
2056
2172
2295
2278
2434
2479
2609
2635
2730
2894
2823
3037
3046
3136
3349
3449
3326
3584
3630
3705
3761
3937
4167
4154
4401
4498
4617
4715
5007
4916
5034
5458
5335
5386
5599
5637
5683
5716
5909
6015
6134
6251
6280
6333
6451
6711
6722
6862
6908
7039
7274
7063
7129
7353
7238
7401
7542
7385
7540
7574
7374
7511
7505
7568
7579
7518
7633
7553
7605
7551
7886
7670
7883
7535
7711
7793
7788
7454
7497
7417
7412
7321
7359
7169
6920
6885
6977
6872
6642
6454
6476
6390
6393
6129
6163
5936
5947
5913
5657
5651
5455
5352
5195
5192
5047
5023
4999
5078
4887
4725
4831
4771
4581
4447
4441
4412
4237
4206
4257
4205
4172
4002
3842
3799
3741
3879
3732
3629
3565
3467
3443
3391
3451
3498
3284
3381
3302
3279
3129
2954
3235
3064
3063
3063
2966
3030
2767
2834
2756
2811
2747
2790
2804
2763
2687
2777
2626
2695
2627
2727
2542
2506
2506
2488
2382
2366
2383
2362
2287
2278
2351
2338
2275
2338
2234
2238
2214
2219
2040
2157
2104
2159
2079
2050
2024
2076
2052
1945
1936
1960
1987
1931
1937
1830
1858
1831
1794
1880
1750
1705
1734
1758
1725
1744
1682
1684
1635
1626
1651
1634
1614
1595
1577
1619
1557
1531
1556
1479
1538
1472
1473
1459
1444
1467
1396
1427
1492
1357
1392
1382
1376
1322
1344
1345
1338
1263
1309
1310
1228
1312
1255
1282
1278
1181
1183
1247
1243
1212
1211
1203
1206
1151
1230
1174
1193
1140
1095
1152
1145
1071
1125
1095
1090
1082
1099
1136
1095
1094
1077
1043
1052
1012
1039
995
1027
1039
1016
1039
1010
995
1002
983
998
934
965
971
992
984
953
1003
963
941
920
930
996
942
896
938
930
917
911
926
902
904
910
900
890
870
883
882
863
855
863
865
849
882
862
845
841
850
833
853
830
823
830
851
815
795
821
788
814
833
800
819
780
796
808
797
788
794
806
776
764
790
769
783
794
771
781
800
778
764
791
754
759
750
773
794
756
775
733
767
725
770
742
763
736
727
736
758
735
740
740
738
732
731
749
757
740
733
732
698
716
742
718
712
712
727
726
681
725
729
729
693
731
705
711
732
704
710
696
695
727
702
711
696
693
707
713
709
702
685
714
709
722
676
683
686
687
694
670
696
666
658
688
683
685
690
670
695
713
672
675
675
675
673
662
680
685
676
668
679
664
660
661
679
670
657
679
678
646
655
672
661
670
679
672
667
671
670
675
652
658
646
655
636
661
658
663
647
647
648
645
655
634
648
649
648
644
661
635
634
639
620
649
629
654
644
634
658
646
633
663
638
652
648
643
634
623
632
648
652
640
651
626
646
634
642
626
634
643
629
645
651
636
635
643
638
635
638
643
638
633
632
650
625
641
624
633
623
634
626
625
630
646
630
626
641
630
648
637
631
637
629
649
630
618
634
612
627
637
624
636
637
624
620
632
621
630
619
626
650
632
621
626
630
633
624
613
630
617
630
617
623
626
624
624
626
613
615
628
614
626
624
624
622
626
625
614
622
622
619
612
618
618
621
630
625
620
630
618
626
631
622
626
607
609
607
616
618
625
619
613
614
608
630
619
621
622
619
608
622
610
619
624
610
612
606
606
616
607
604
610
619
610
623
611
615
618
604
618
613
604
610
611
610
613
611
609
609
614
613
612
596
624
616
611
600
613
608
610
623
616
601
607
618
603
601
610
612
600
607
613
600
611
604
610
614
610
603
600
599
612
606
602
615
610
608
594
611
605
602
608
614
611
613
610
614
606
604
608
603
605
610
606
597
613
612
609
603
620
613
602
610
600
612
601
604
602
608
598
605
609
606
604
602
608
603
606
617
600
598
608
609
598
606
613
600
598
594
600
606
607
613
601
597
599
608
603
605
608
598
607
611
598
604
595
611
604
607
593
597
599
600
606
603
601
600
602
602
604
605
598
611
598
606
604
599
610
603
614
594
600
602
605
603
601
605
610
604
599
599
599
596
608
604
597
609
608
601
599
607
598
604
601
599
598
604
604
601
604
596
608
601
606
604
595
609
603
605
605
605
606
605
595
608
600
607
601
601
608
607
612
590
601
597
603
606
601
594
598
608
600
604
596
601
597
601
602
605
605
609
602
601
598
602
598
606
591
595
597
595
606
599
599
599
611
605
597
606
602
603
602
595
603
600
604
600
599
606
602
602
606
603
596
605
595
597
599
598
600
602
600
601
599
603
598
605
598
603
605
597
603
599
597
601
599
607
604
602
606
