604
602
602
606
595
601
599
601
599
604
604
600
607
592
602
603
599
609
609
610
605
606
607
608
603
598
606
615
607
607
607
606
604
606
596
602
603
603
613
598
597
608
603
604
610
606
606
608
607
602
603
602
607
605
604
608
605
597
605
603
607
606
603
601
603
600
608
604
613
594
604
606
605
606
595
609
604
606
601
595
604
606
599
601
612
604
609
607
609
609
596
601
606
599
598
610
606
604
601
596
597
606
595
597
597
597
600
610
596
604
601
607
604
610
605
602
596
603
610
597
601
608
604
613
608
603
605
593
601
606
607
607
604
595
597
607
601
610
600
608
597
602
608
604
605
613
604
594
606
597
598
605
608
595
610
601
599
601
601
600
605
608
608
606
591
600
605
596
596
599
609
598
600
599
602
594
600
595
602
605
602
606
605
605
592
608
602
604
613
604
611
608
593
596
609
601
599
605
600
599
595
600
613
604
597
606
604
604
602
597
607
607
608
602
601
593
612
599
615
608
605
607
608
591
616
603
615
605
614
606
608
610
603
606
615
619
601
598
603
613
615
612
604
612
619
600
606
608
601
604
603
611
614
608
601
609
607
611
610
595
614
613
609
604
614
617
610
609
612
620
612
605
618
608
625
608
615
617
602
608
612
610
610
615
610
611
615
612
606
615
624
621
608
618
619
606
615
615
617
629
610
618
623
609
613
618
630
614
623
621
624
618
631
615
627
623
628
622
622
623
633
627
620
627
634
632
634
625
631
632
632
636
629
634
630
638
650
644
636
653
662
642
640
661
649
663
656
677
666
655
668
671
673
673
672
690
691
706
683
696
702
705
687
709
678
713
716
714
722
729
766
722
753
745
791
763
781
784
814
813
803
821
847
819
886
863
843
859
913
891
893
917
923
987
941
1008
1027
1030
987
1071
1087
1163
1108
1143
1168
1226
1185
1182
1258
1299
1295
1360
1370
1429
1453
1540
1536
1576
1641
1696
1725
1760
1696
1845
1975
2071
2003
2108
2192
2141
2270
2303
2463
2474
2578
2641
2766
2833
3006
3064
3157
3179
3351
3355
3422
3431
3600
3887
3929
3955
4192
4175
4472
4634
4614
4870
4740
5040
5058
5361
5493
5647
5678
5800
5949
5915
6065
6307
6366
6390
6480
6625
6746
6814
6934
7092
7034
7391
7204
7363
7623
7569
7703
7796
7899
7825
7977
7727
7770
7883
7969
8082
8043
7970
8057
8139
8146
7987
8045
8268
8225
8251
8146
8092
7974
8016
7787
7788
7801
7578
7780
7465
7445
7216
7432
7301
7183
7090
6819
6880
6695
6718
6489
6479
6448
6249
6127
5978
6087
5901
5555
5563
5511
5501
5389
5294
5052
5006
5138
4902
4961
4750
4663
4677
4645
4533
4511
4383
4205
4179
4168
4149
4047
3965
3938
3817
3801
3823
3752
3577
3752
3611
3598
3608
3605
3398
3447
3248
3387
3402
3263
3203
3263
3159
3109
3068
3070
3074
2959
2977
2925
2946
2832
2812
2779
2689
2836
2747
2650
2724
2667
2693
2717
2622
2604
2515
2508
2574
2583
2475
2375
2424
2355
2289
2313
2325
2228
2232
2261
2125
2200
2200
2181
2221
2038
2148
2120
2043
2103
2052
1884
1962
1973
1929
1942
1899
1928
1828
1880
1883
1859
1780
1790
1755
1704
1705
1700
1731
1660
1742
1728
1598
1667
1642
1560
1558
1661
1532
1565
1570
1552
1528
1490
1524
1467
1489
1455
1386
1424
1477
1446
1487
1316
1371
1324
1334
1370
1363
1390
1316
1306
1265
1272
1276
1321
1213
1307
1233
1267
1243
1232
1227
1181
1201
1147
1138
1149
1219
1105
1184
1148
1139
1150
1166
1105
1079
1190
1083
1131
1094
1054
1055
1019
1051
1091
1059
1057
1037
1049
1069
1048
1009
966
1024
1002
973
974
990
970
952
977
947
961
936
917
922
961
935
906
921
918
933
948
932
897
923
883
920
891
927
902
871
871
900
881
860
874
904
878
864
855
885
870
880
853
854
877
823
836
829
845
819
822
844
831
828
807
828
801
795
818
798
807
820
793
834
804
786
757
788
815
766
759
781
789
783
778
764
769
773
742
757
755
771
754
788
764
765
741
755
743
734
735
742
739
754
760
749
747
737
737
726
716
753
731
719
732
694
732
740
746
733
709
724
717
725
705
713
709
700
721
707
716
733
716
705
702
710
706
718
695
710
715
715
695
673
710
681
699
700
724
685
683
698
674
697
697
683
695
693
700
678
695
665
664
713
690
675
682
675
665
686
690
686
658
659
664
687
681
656
673
671
647
681
671
674
675
677
654
657
648
669
676
671
672
671
657
655
667
664
677
681
657
648
656
668
657
649
650
639
657
654
666
649
655
660
649
663
651
655
656
652
639
651
637
632
643
654
662
643
652
652
624
646
645
645
638
642
630
656
650
638
648
659
633
640
641
638
637
621
628
627
637
641
635
633
642
647
630
648
639
630
640
631
629
634
620
630
624
626
638
633
630
633
634
632
616
617
631
638
631
622
645
628
619
631
637
625
633
630
622
624
625
625
633
635
630
620
633
609
638
625
627
620
637
619
615
618
621
619
640
617
622
615
629
624
621
614
629
624
617
622
621
629
618
613
616
619
619
616
624
605
617
630
618
616
630
625
613
616
614
624
607
628
612
604
614
614
619
604
614
628
621
621
617
619
608
627
626
612
611
621
606
616
620
627
617
610
614
616
610
620
614
623
600
611
608
619
613
617
610
615
611
612
614
617
621
615
610
609
612
606
612
612
608
617
612
614
609
613
615
613
603
601
608
627
610
615
614
610
608
613
606
611
616
605
608
609
614
603
607
604
604
599
618
615
608
613
597
600
610
611
617
612
618
603
614
604
613
619
609
598
597
605
600
605
608
606
603
606
604
606
601
609
604
610
608
602
609
609
601
609
611
604
611
607
603
605
614
604
611
600
604
599
599
605
601
604
615
604
608
606
600
613
610
596
606
610
596
596
598
611
604
604
612
617
618
604
609
598
599
610
602
612
612
607
603
600
612
613
604
605
605
602
606
605
601
605
610
603
602
605
611
596
591
603
600
605
614
598
598
605
603
600
599
606
598
602
603
603
606
604
604
595
601
614
604
602
608
612
603
606
605
595
605
598
609
603
598
605
605
604
607
597
606
608
615
607
602
601
603
606
595
599
612
603
600
609
606
595
603
596
608
603
604
603
595
606
602
596
606
604
597
598
605
605
610
600
602
607
602
606
601
591
600
604
593
600
601
604
605
597
597
602
603
592
603
607
598
603
593
597
603
594
605
599
596
614
600
595
602
604
608
604
595
606
602
600
598
611
