611
611
614
608
612
602
605
608
609
608
604
595
605
611
597
606
606
601
605
602
604
607
601
610
615
615
613
629
614
621
622
613
615
609
601
607
596
607
604
599
602
613
610
617
608
627
603
618
607
606
614
606
601
598
602
599
597
599
607
603
611
602
598
601
599
595
600
604
607
604
610
598
597
598
601
607
604
596
606
610
596
608
602
603
603
608
606
598
610
610
601
611
597
605
607
602
609
601
606
605
600
600
606
611
605
611
604
611
604
596
600
608
598
606
601
604
608
601
605
606
605
604
601
597
606
600
600
605
607
598
603
611
598
597
598
596
602
600
605
606
608
599
601
611
616
588
610
600
605
603
600
600
609
604
601
611
608
593
606
605
606
608
605
608
605
605
608
602
602
598
594
608
596
610
604
608
605
601
605
604
616
596
604
604
608
608
611
597
605
611
606
603
609
598
608
602
601
600
603
605
604
611
600
601
595
603
604
605
610
600
604
597
603
611
601
610
604
602
600
604
603
611
604
608
601
607
601
601
599
603
606
601
598
601
597
610
606
596
606
607
601
610
600
606
612
594
617
609
608
613
612
605
607
607
605
606
606
609
607
611
603
602
611
598
602
603
614
610
614
630
608
604
615
606
609
609
615
613
612
602
615
617
622
617
596
607
608
604
610
610
611
602
613
611
612
624
613
615
610
626
616
617
620
620
613
621
617
623
611
619
607
612
613
618
613
622
620
619
637
638
611
629
629
629
609
635
638
624
619
631
621
625
638
641
634
648
619
640
652
635
650
632
654
655
647
649
650
640
655
675
659
662
662
668
690
672
670
698
676
696
686
681
691
702
701
700
693
714
702
715
706
745
730
730
763
734
754
772
788
772
809
802
791
806
825
799
843
835
845
882
856
847
912
912
932
943
949
997
976
966
1041
1016
1073
1112
1076
1127
1159
1192
1198
1219
1223
1244
1302
1321
1331
1318
1421
1542
1560
1581
1567
1542
1644
1643
1781
1810
1884
1854
1983
2124
2136
2133
2260
2272
2389
2502
2440
2590
2587
2805
2830
2883
2894
2966
3257
3182
3364
3459
3604
3739
3722
3836
3968
4104
4142
4354
4480
4540
4670
4782
4847
4934
5011
4971
5222
5288
5501
5530
5680
5661
5717
5980
5976
6037
6349
6260
6356
6349
6369
6436
6444
6625
6789
6605
6712
6708
6790
6808
7076
7036
6924
6969
6972
6837
6988
7050
7048
6901
7059
7124
6986
6979
6940
6966
6859
6809
7023
6808
6697
6674
6576
6558
6446
6251
6541
6199
6092
6241
6085
5957
5925
5944
5789
5464
5622
5448
5421
5267
5276
5237
5094
5030
4885
4880
4582
4574
4573
4768
4593
4502
4217
4326
4168
4151
4129
4073
4142
4113
3910
3942
3896
3853
3662
3682
3625
3538
3560
3423
3435
3439
3338
3404
3361
3303
3322
3197
3336
3142
3253
3257
3096
3139
3008
3004
2900
2958
2969
2929
2853
2765
2878
2809
2649
2682
2719
2713
2670
2662
2637
2668
2579
2530
2456
2559
2438
2404
2470
2374
2507
2351
2286
2311
2292
2321
2257
2234
2257
2230
2257
2185
2116
2150
2141
2093
2062
2061
2071
2021
1923
1930
1890
1878
1930
1911
1884
1870
1899
1833
1813
1781
1768
1815
1792
1717
1675
1767
1725
1691
1656
1630
1680
1600
1561
1560
1621
1598
1601
1529
1509
1527
1441
1465
1473
1451
1534
1447
1374
1450
1414
1460
1473
1377
1400
1431
1359
1295
1341
1267
1341
1300
1286
1362
1268
1281
1252
1293
1220
1180
1233
1212
1193
1237
1181
1163
1194
1172
1143
1165
1187
1089
1119
1098
1086
1102
1099
1123
1046
1043
1149
1089
1059
1034
1041
1016
989
984
1011
1027
974
1018
986
997
1006
952
944
988
973
963
948
969
950
951
959
948
922
947
927
902
890
906
931
927
892
865
899
890
897
845
886
875
868
872
875
853
842
862
826
863
845
854
819
817
840
812
864
869
854
813
819
825
802
834
821
825
796
810
804
795
804
783
772
787
781
785
762
792
797
803
782
733
760
761
773
779
800
762
794
759
755
760
747
739
739
768
745
769
760
727
731
732
744
719
743
741
739
759
733
727
741
743
716
725
744
724
730
717
709
712
707
705
707
711
718
696
710
710
709
710
701
700
713
724
721
693
714
695
698
693
688
694
690
705
668
689
687
699
670
698
680
691
678
681
663
688
707
686
699
689
693
684
666
684
682
687
676
664
669
686
692
656
684
664
649
676
653
672
688
666
682
676
670
661
668
656
674
660
661
663
674
657
654
681
655
664
658
660
681
670
661
645
648
650
645
662
641
653
652
640
643
652
656
642
653
676
648
662
657
649
640
654
638
636
647
649
628
639
655
645
649
646
635
625
650
646
637
646
636
631
630
637
654
641
629
638
645
625
636
636
649
644
630
624
636
644
630
630
629
637
622
631
630
629
627
622
626
635
636
628
632
640
626
618
620
639
637
624
636
624
618
621
626
637
624
619
633
614
623
623
624
625
628
624
622
613
625
625
634
623
620
625
627
627
614
621
623
629
612
638
609
631
631
619
626
623
600
623
620
626
616
617
615
622
619
624
620
613
630
627
638
625
619
611
611
607
610
623
621
629
616
620
617
607
617
613
617
617
624
609
619
609
622
611
627
612
618
619
604
617
610
611
627
612
612
616
615
613
605
605
615
613
615
613
621
609
613
609
611
615
605
612
609
613
623
610
607
618
612
613
604
614
610
613
619
610
621
603
621
614
616
621
617
605
609
606
614
609
602
604
593
613
607
611
605
612
607
620
605
613
608
601
609
609
616
607
612
607
602
610
609
604
607
597
611
605
610
617
613
613
605
612
611
602
614
615
605
605
602
596
613
604
614
609
602
622
619
617
613
608
605
598
608
602
614
617
596
605
620
597
612
608
588
603
589
602
592
598
608
605
605
598
610
612
595
601
599
599
603
610
597
603
598
612
605
600
602
596
610
609
597
593
592
598
598
603
588
608
601
597
605
605
597
606
603
601
598
601
591
614
606
596
600
599
601
587
596
605
602
609
609
602
607
595
602
600
601
608
606
611
605
593
611
601
610
599
610
612
596
600
608
613
600
605
601
610
601
600
605
607
601
602
585
600
603
599
605
608
594
601
600
604
611
599
605
603
614
606
600
605
608
603
603
600
598
606
593
595
601
597
594
602
590
594
606
588
608
599
593
599
592
609
600
603
598
605
596
596
601
600
609
591
594
601
600
598
600
603
599
607
599
603
597
598
600
602
596
601
595
604
609
598
603
605
599
595
591
599
609
600
596
605
