600
599
599
607
596
597
603
602
608
607
604
610
608
604
611
608
604
607
608
600
618
610
611
614
602
605
616
616
621
617
609
616
615
614
614
607
605
601
607
596
604
609
614
608
617
609
616
611
619
609
598
616
611
599
605
595
606
608
600
607
593
607
605
598
598
603
603
599
602
604
596
611
598
595
596
605
614
602
608
598
599
608
606
596
608
603
597
601
602
604
616
611
608
606
608
610
596
597
597
605
607
602
611
603
607
594
599
611
607
606
614
611
599
605
603
601
598
601
605
609
609
602
602
599
608
605
602
602
597
605
604
602
605
603
603
604
607
608
611
603
602
595
602
605
605
603
599
610
609
603
604
607
606
606
606
604
612
599
608
605
598
600
606
601
598
598
593
599
600
598
606
594
609
599
609
602
614
608
594
601
603
608
600
609
604
602
600
607
606
605
613
598
604
607
611
603
607
611
611
605
608
607
613
605
601
612
600
604
604
605
609
617
603
610
599
619
609
603
616
611
612
615
608
615
614
610
604
614
605
603
602
606
618
602
612
600
599
608
615
617
617
598
610
611
612
619
602
619
611
608
616
605
618
597
614
612
610
613
609
613
606
613
609
614
615
612
608
596
620
610
613
611
613
613
608
617
617
606
622
610
609
608
615
610
606
621
612
621
625
615
618
612
622
609
615
621
609
618
619
616
618
622
612
617
622
625
610
631
609
625
620
627
630
629
621
623
623
625
612
638
629
620
624
638
648
644
643
631
637
646
649
640
639
638
647
633
641
644
660
665
655
638
651
637
649
667
651
685
670
652
680
678
691
668
696
675
671
687
695
684
708
693
708
705
725
711
720
708
733
753
701
761
746
759
746
779
808
795
787
792
824
837
826
828
833
831
873
908
899
896
917
935
936
966
959
1009
1010
1050
1046
1042
1033
1055
1016
1125
1129
1158
1185
1283
1265
1256
1294
1382
1334
1429
1437
1582
1539
1576
1666
1717
1765
1777
1821
1937
1832
1943
2036
2193
2130
2254
2257
2323
2437
2604
2632
2621
2719
2840
2889
3094
3056
3301
3238
3428
3488
3546
3742
3903
3963
4036
4077
4368
4422
4717
4699
4724
4867
4912
5167
5327
5680
5581
5565
5758
5798
6002
5872
6069
6330
6333
6512
6577
6470
6608
6896
7021
7109
7119
7265
7373
7356
7519
7498
7670
7461
7451
7755
7709
7732
7618
7724
7854
7832
7795
7867
7699
7816
8095
7785
7855
7991
7794
8067
7824
7842
7720
7719
7658
7681
7482
7431
7527
7239
7312
7178
7081
7023
6818
6939
6876
6759
6807
6318
6448
6307
6385
5926
6007
5848
5764
5692
5816
5575
5401
5277
5334
5346
5113
4924
4819
4912
4853
4680
4764
4542
4632
4587
4420
4397
4424
4335
4275
4046
4174
4010
3998
4053
3887
3884
3736
3819
3741
3836
3621
3701
3655
3610
3572
3617
3441
3378
3393
3447
3277
3287
3358
3170
3170
3104
3141
3065
3130
3044
2943
3091
3013
3009
2912
3000
2942
2894
2823
2871
2815
2784
2822
2647
2711
2656
2598
2544
2535
2600
2518
2366
2559
2453
2468
2421
2328
2491
2431
2325
2385
2344
2246
2281
2223
2215
2136
2087
2145
2042
2055
2059
2044
1975
1991
1956
1972
1968
1894
1961
1960
1971
1890
1889
1927
1900
1814
1758
1779
1688
1797
1695
1688
1717
1674
1614
1668
1641
1597
1578
1617
1571
1562
1564
1541
1591
1531
1520
1543
1399
1479
1488
1422
1458
1388
1421
1415
1397
1438
1386
1359
1357
1304
1357
1324
1326
1300
1344
1263
1297
1213
1305
1225
1239
1228
1230
1226
1172
1175
1230
1147
1128
1128
1121
1150
1177
1123
1153
1115
1147
1075
1086
1143
1094
1057
1066
1065
1061
1055
1019
1014
1037
1011
1039
1035
1026
1007
1001
994
972
987
1030
1009
992
922
1003
959
948
942
932
967
941
922
921
909
923
945
924
890
866
877
868
908
833
928
886
859
915
862
865
836
868
882
865
870
873
833
843
860
837
826
853
839
840
836
799
809
820
828
805
837
800
810
800
801
825
804
776
797
804
800
784
778
792
805
786
768
762
773
743
778
765
749
760
751
735
742
760
777
760
741
742
747
749
737
743
744
762
723
766
746
737
752
736
746
759
737
720
747
724
726
716
723
705
724
707
714
734
733
725
723
715
717
715
699
700
725
714
723
719
703
687
709
693
688
712
698
682
693
699
712
675
726
689
703
681
706
699
684
685
711
709
680
687
684
688
677
689
670
680
677
679
696
674
680
682
675
670
689
679
682
670
677
676
675
679
670
670
675
685
665
674
689
664
665
665
663
662
679
669
662
655
661
660
638
667
648
659
654
661
662
670
634
635
648
662
642
658
652
642
639
659
653
647
648
655
657
649
647
662
643
648
659
645
643
641
631
658
638
627
665
661
645
654
655
656
637
632
645
647
655
641
644
649
652
646
635
638
639
645
632
644
637
638
628
638
639
639
644
639
629
637
636
629
644
639
631
637
648
639
638
635
630
624
626
639
629
623
640
627
632
616
635
626
633
615
634
623
628
641
632
622
639
612
621
621
634
623
627
629
634
627
633
623
638
625
627
621
628
621
616
621
633
620
620
634
636
629
630
627
626
628
633
625
638
615
628
624
610
616
617
604
629
623
624
621
623
613
629
611
620
617
614
621
627
618
628
621
623
613
621
615
619
616
623
616
616
618
615
611
618
613
614
619
614
616
601
635
605
609
621
615
608
612
603
613
620
611
615
621
613
602
606
616
610
621
610
614
605
615
608
603
610
616
613
615
608
604
611
615
616
619
610
612
621
613
605
600
614
592
613
613
605
616
605
613
611
608
620
613
608
603
613
603
605
601
622
603
611
594
618
607
604
612
603
613
604
608
612
607
601
606
607
600
607
614
617
606
610
606
604
606
620
603
605
603
604
613
599
608
602
602
606
607
609
608
608
597
600
607
597
610
607
603
612
608
612
604
596
608
613
593
617
609
594
604
598
606
619
605
604
607
605
612
613
597
613
604
605
611
603
595
607
605
607
616
602
608
605
607
602
598
602
611
597
601
605
612
602
605
604
611
601
607
607
612
609
604
606
606
610
607
603
606
605
602
602
607
599
597
601
589
603
602
606
600
598
601
605
599
596
604
608
600
602
601
607
603
607
604
606
608
605
595
598
605
606
598
597
611
605
599
611
596
601
599
607
606
594
608
602
605
600
601
603
608
597
603
605
597
604
599
603
604
607
604
609
595
604
603
599
602
594
603
604
596
608
602
597
606
605
611
595
596
609
606
610
603
610
599
600
606
601
605
607
601
606
