607
613
603
603
604
604
607
602
606
607
608
603
591
597
599
606
600
609
605
609
604
600
607
605
611
612
620
613
620
635
623
612
625
610
606
618
614
609
611
607
605
609
621
613
618
609
617
608
611
609
614
603
600
611
605
603
600
601
603
601
606
610
602
607
596
617
613
602
604
599
602
606
605
617
603
603
615
599
607
604
603
607
602
612
595
597
607
602
607
603
607
602
611
602
600
614
600
601
600
594
607
609
593
608
602
606
605
601
601
606
603
603
607
603
595
596
600
606
608
603
597
607
584
609
603
610
607
604
589
597
604
596
600
597
602
602
604
596
607
598
600
600
600
607
605
601
607
606
592
598
609
601
606
608
607
597
604
611
613
596
605
602
607
614
602
599
598
611
607
606
596
603
605
604
610
598
607
613
604
600
613
609
598
604
610
604
607
614
607
602
604
603
605
597
602
604
601
612
609
608
609
600
609
618
601
602
602
599
612
603
611
603
593
609
606
607
600
612
610
597
609
609
604
605
611
605
608
603
612
604
607
605
614
611
610
601
607
614
600
610
602
610
615
607
604
609
604
611
615
608
615
611
612
606
607
604
614
611
610
623
610
611
607
617
607
615
615
608
602
610
605
600
617
618
600
616
619
607
621
611
597
622
605
612
608
618
611
611
614
624
614
611
615
609
616
616
627
616
622
626
618
613
623
636
625
618
627
630
636
627
619
623
621
615
619
620
618
620
630
629
634
623
629
636
623
623
636
619
642
638
640
642
636
636
649
636
649
659
659
661
667
641
650
669
650
655
657
670
656
709
675
679
677
683
688
677
690
671
689
688
710
700
704
707
688
747
732
711
741
710
749
784
761
788
781
765
769
811
778
830
799
839
856
886
881
887
875
908
926
926
923
909
968
973
1044
993
1037
1010
1047
1111
1067
1143
1140
1207
1192
1208
1250
1287
1291
1384
1350
1384
1425
1494
1518
1538
1644
1634
1692
1703
1824
1844
1793
2028
2020
2027
2127
2268
2247
2258
2421
2343
2511
2589
2700
2715
2812
3056
3066
3118
3292
3367
3437
3592
3622
3779
4043
4077
3938
4146
4286
4501
4644
4754
4931
5038
4974
5271
5440
5501
5858
5780
6025
6047
6057
6187
6499
6524
6478
6700
6692
6978
6967
7015
7270
7326
7518
7580
7494
7844
7792
7909
7735
8010
7854
8261
8159
8047
8073
8199
8275
8036
8102
8313
8246
8343
8201
8213
8107
8279
8458
8306
8324
8154
8194
8091
8068
7899
7873
7845
7601
7723
7714
7498
7651
7268
7322
7204
7172
7181
7006
6857
6630
6641
6477
6456
6321
6095
6071
5952
6004
5890
5852
5684
5463
5302
5487
5248
5141
5297
5190
5107
5187
5000
4803
4869
4733
4750
4600
4489
4448
4484
4282
4224
4230
4183
4063
4058
4030
3982
4062
3929
3844
3857
3791
3687
3684
3673
3627
3725
3614
3497
3404
3562
3471
3425
3400
3205
3274
3250
3274
3174
3244
3143
3185
3158
3226
3125
3042
3050
3027
2941
2915
2930
2942
2783
2852
2794
2720
2688
2711
2684
2748
2648
2648
2636
2607
2593
2559
2531
2421
2486
2476
2446
2425
2393
2385
2347
2304
2355
2167
2229
2185
2231
2225
2034
2084
2064
2072
1961
2070
2041
1984
1972
1905
1953
1892
1892
1950
1860
1884
1780
1867
1781
1818
1733
1733
1785
1729
1680
1742
1693
1740
1682
1619
1650
1682
1627
1553
1470
1553
1591
1545
1520
1520
1500
1511
1513
1512
1449
1479
1378
1435
1362
1389
1328
1367
1315
1403
1323
1344
1357
1306
1325
1301
1267
1252
1236
1228
1225
1180
1212
1226
1191
1203
1146
1229
1149
1112
1164
1162
1119
1137
1150
1116
1187
1106
1082
1093
1051
1049
1123
1041
1066
1055
1040
1103
1021
1003
1032
994
1011
1008
972
967
1009
1064
986
982
963
993
971
976
956
982
969
981
956
976
965
877
924
946
901
910
920
894
872
943
876
895
886
891
930
860
909
913
916
868
869
879
854
870
862
839
827
833
854
837
850
844
842
825
808
844
839
856
812
822
840
826
822
825
795
783
797
767
793
793
832
803
795
798
813
806
800
779
782
750
784
773
773
778
785
768
755
731
799
767
776
758
743
744
748
770
752
755
767
756
757
691
760
716
730
719
729
742
732
733
749
736
713
734
716
716
706
730
723
701
718
741
729
716
697
718
719
693
698
720
704
702
707
717
728
734
693
675
688
694
685
707
698
687
698
718
704
688
679
700
693
694
685
659
702
682
704
701
689
695
671
670
668
667
679
696
673
653
674
686
675
682
685
670
680
664
677
674
669
666
652
673
680
662
677
675
657
667
678
656
665
668
670
656
657
659
648
673
657
662
640
666
647
655
655
647
660
663
646
651
642
654
658
630
630
643
635
645
635
651
628
639
646
637
643
648
637
645
657
646
654
631
647
643
633
624
640
644
644
640
638
638
635
646
636
633
640
652
635
635
642
635
635
645
644
628
641
630
636
631
639
644
652
640
629
646
619
628
640
618
633
629
628
642
630
630
624
623
626
627
644
646
640
620
623
626
613
623
628
638
628
637
626
623
630
616
619
615
627
627
618
630
620
621
627
622
620
619
629
609
633
641
625
627
603
626
619
632
625
621
625
631
618
631
618
624
615
626
620
614
628
620
613
630
615
622
621
616
628
610
614
625
607
612
629
616
622
623
616
610
622
622
614
613
613
623
619
616
625
618
613
616
618
613
614
620
609
612
604
621
616
603
611
621
616
619
622
612
621
617
609
614
615
614
611
609
629
620
609
609
619
608
607
608
606
608
611
607
606
603
609
616
606
615
613
609
612
618
616
607
606
614
609
607
608
599
610
601
606
613
600
610
606
608
609
613
621
604
606
592
611
608
624
605
607
607
599
606
604
603
609
603
611
599
612
606
607
603
606
614
596
602
610
605
609
609
604
606
585
607
601
618
605
602
612
613
606
611
603
606
607
608
609
613
611
612
602
605
605
606
604
606
590
607
604
611
609
593
605
600
606
597
618
610
606
608
606
594
602
604
609
605
604
610
611
601
593
602
610
604
603
599
605
603
598
603
606
603
607
601
605
598
593
598
600
603
593
603
597
601
589
601
604
604
613
595
603
604
604
602
601
602
604
605
602
606
604
603
598
600
604
596
595
600
589
601
597
599
603
595
608
596
592
595
597
604
600
601
602
606
603
605
600
610
597
597
608
598
606
606
597
605
601
610
611
607
602
597
592
599
602
595
608
606
600
598
600
595
600
595
603
596
611
602
601
605
600
596
605
597
605
603
604
606
612
596
603
601
599
602
602
