608
605
609
608
611
608
600
609
603
606
607
604
606
604
594
597
602
600
614
604
602
610
611
609
615
607
612
618
617
618
632
604
627
605
610
612
607
611
617
615
599
604
604
606
617
619
612
613
618
626
608
605
608
603
609
609
597
614
601
602
602
602
600
609
605
601
603
595
600
610
602
594
603
596
592
600
611
605
601
612
608
600
611
607
605
609
605
603
598
618
601
601
598
611
613
604
600
606
593
602
612
599
603
602
600
608
598
602
603
603
610
609
603
604
602
601
600
606
598
600
610
603
613
596
602
616
605
608
597
599
611
604
607
608
600
604
601
605
597
604
605
603
595
603
602
608
599
601
618
606
607
610
609
610
607
605
605
607
609
611
609
607
602
608
592
609
605
598
613
601
601
606
605
610
609
600
611
606
617
610
610
607
606
609
613
611
609
603
611
606
609
613
610
603
608
607
616
618
599
608
600
606
601
613
605
601
604
604
607
598
600
609
594
618
604
618
612
612
612
603
611
598
612
613
601
607
610
599
621
610
615
598
608
611
610
618
610
603
607
603
610
608
604
617
608
624
612
611
612
608
614
612
615
606
616
619
614
607
618
609
612
613
619
616
617
613
610
616
611
623
619
614
625
612
613
615
619
613
606
607
603
615
608
615
618
618
614
619
623
618
625
626
625
627
621
620
610
618
615
622
628
619
612
619
616
628
625
629
637
631
619
637
618
637
634
633
625
640
650
625
623
622
628
641
654
643
632
646
641
656
638
656
651
649
650
640
647
658
648
653
660
646
652
673
663
661
671
677
675
678
682
686
692
687
691
702
697
708
684
727
714
720
736
747
721
748
742
765
753
798
759
768
767
806
792
806
827
831
874
892
818
903
863
859
929
943
916
952
926
1017
1014
969
1099
1047
990
1086
1130
1121
1133
1130
1184
1233
1260
1257
1321
1349
1364
1430
1442
1489
1462
1628
1525
1612
1711
1711
1756
1838
1906
1825
2002
2062
2098
2239
2248
2279
2438
2396
2604
2570
2696
2840
2874
2996
3057
3307
3339
3385
3503
3710
3585
3994
3984
4042
4302
4454
4446
4564
4742
5001
4989
5355
5296
5618
5773
5894
6219
6246
6510
6381
6738
6862
6765
6966
7250
7283
7306
7536
7820
7773
7898
8365
8374
8290
8741
8490
8927
8819
8945
9186
9164
9058
9325
9406
9559
9685
9812
9399
9731
9740
9688
9642
9932
9921
9918
9833
9865
9872
10066
10210
10080
10026
9982
10040
9757
9917
9751
9713
9545
9307
9335
9252
9113
9210
9212
9051
8712
8719
8506
8582
8400
8138
8058
7984
7796
7533
7678
7556
7334
7319
7285
7063
6780
6743
6702
6435
6408
6374
6205
6066
6048
5895
5844
5854
5879
5687
5535
5561
5423
5304
5232
5212
5076
5098
4858
4687
4789
4647
4584
4700
4658
4438
4479
4492
4387
4326
4293
4190
4149
4134
4172
3993
3980
3997
3841
3869
3829
3732
3824
3808
3690
3639
3578
3675
3563
3515
3522
3406
3516
3441
3327
3389
3275
3223
3219
3107
2989
3085
3075
3027
3040
2954
2956
2860
2963
2850
2899
2880
2775
2713
2757
2711
2782
2630
2620
2571
2699
2520
2492
2520
2438
2299
2419
2426
2348
2347
2336
2297
2263
2272
2183
2164
2231
2148
2160
2021
2219
2013
2093
2142
2081
1966
2050
1938
1877
1924
1844
1892
1951
1897
1842
1773
1835
1818
1811
1829
1688
1791
1723
1719
1616
1626
1722
1631
1556
1587
1602
1534
1511
1557
1594
1560
1524
1479
1519
1442
1412
1401
1463
1481
1455
1411
1448
1381
1359
1424
1357
1366
1326
1284
1305
1321
1332
1336
1262
1288
1277
1222
1215
1224
1179
1199
1238
1190
1195
1211
1156
1221
1166
1137
1113
1161
1128
1168
1109
1137
1076
1114
1102
1092
1061
1079
1088
1073
1049
1056
1071
1048
1027
1072
1019
1070
1014
1039
994
1018
966
991
994
1004
998
960
960
977
1002
966
950
951
902
920
955
948
907
933
928
956
917
916
896
905
877
894
896
862
888
885
887
890
923
878
886
867
836
851
898
839
888
866
866
863
832
836
856
842
827
847
809
834
797
802
821
813
824
792
806
812
816
798
791
833
784
840
794
797
802
836
810
772
820
763
797
773
754
770
802
754
766
746
784
762
776
761
803
759
775
763
743
745
760
740
756
748
754
760
747
745
735
722
737
728
730
755
725
715
740
704
746
715
716
714
732
710
717
721
681
732
726
697
708
720
687
719
719
720
724
713
707
698
701
691
702
699
718
697
691
684
705
712
721
706
689
701
685
687
679
670
693
703
719
675
685
674
690
683
674
671
679
700
689
660
682
676
688
674
682
687
664
689
678
665
673
660
684
678
674
654
653
663
687
657
672
655
679
658
685
669
649
650
650
650
669
653
676
652
647
651
656
642
658
657
629
651
658
658
664
655
639
655
668
656
647
640
650
649
650
648
643
659
658
654
634
635
647
647
649
656
643
645
645
645
658
646
638
635
638
647
646
648
638
631
635
626
639
642
633
644
635
638
631
637
642
639
647
639
628
637
636
641
638
643
619
635
643
622
644
638
632
625
630
623
628
625
640
637
631
631
623
632
629
631
624
635
625
626
629
629
629
630
621
635
641
644
628
611
611
632
632
629
618
630
609
624
637
627
620
624
623
619
635
624
612
623
613
622
624
620
630
628
611
616
631
624
622
615
618
628
616
631
620
610
627
613
623
613
614
619
633
607
624
621
618
623
618
616
626
619
609
606
619
611
618
616
629
614
610
614
619
610
607
616
620
615
608
610
608
613
616
615
604
603
606
611
605
612
623
612
613
617
612
615
607
611
617
614
606
625
617
622
612
613
613
608
613
612
607
611
623
608
612
610
609
601
611
612
613
609
605
603
612
608
605
617
615
613
605
599
604
601
602
615
611
604
611
618
608
621
606
606
617
603
606
597
605
617
597
601
598
593
601
612
611
608
606
609
606
605
599
606
603
613
603
611
620
607
606
604
597
601
606
612
598
610
602
597
602
608
599
611
604
612
597
615
606
610
612
606
607
602
605
609
601
600
605
613
599
603
605
603
604
600
607
602
615
613
605
603
603
603
603
603
605
605
608
605
612
614
609
604
609
604
612
609
608
600
603
605
602
600
602
601
608
598
601
598
603
608
605
607
604
607
610
604
618
604
606
608
605
608
604
604
601
603
596
602
601
598
594
608
603
596
596
604
609
597
609
604
601
605
604
599
611
602
605
591
601
599
616
606
607
602
596
607
611
597
614
601
603
603
605
604
609
610
602
607
598
608
606
601
605
598
605
608
606
608
608
604
603
600
604
604
