598
599
613
606
610
614
602
598
609
612
598
597
606
597
609
604
601
606
607
620
601
604
614
613
613
612
619
611
615
626
620
624
626
611
613
607
602
607
600
607
601
601
611
606
618
620
631
616
613
610
604
598
609
604
615
596
600
609
606
604
605
605
602
612
600
598
599
611
602
600
604
601
602
601
603
599
600
602
600
604
601
607
616
604
604
609
599
606
608
605
606
601
603
604
602
601
598
601
606
606
607
611
606
611
611
599
601
596
610
606
604
612
612
594
598
608
601
605
616
604
594
594
609
596
606
614
611
607
603
606
602
614
601
602
605
603
618
593
602
607
595
614
599
603
610
595
605
610
594
607
612
606
605
610
606
608
606
607
613
599
600
606
605
610
599
605
606
603
610
604
599
604
608
606
614
613
617
606
608
608
609
609
607
604
610
603
604
600
612
616
605
612
606
616
603
600
602
605
605
608
612
606
607
612
603
615
605
601
608
605
611
607
610
605
607
606
604
615
611
599
608
612
613
617
618
608
605
610
627
605
609
620
608
607
598
605
607
608
605
616
610
613
607
618
612
614
618
619
602
617
609
611
624
619
609
608
615
623
622
611
611
605
618
620
613
611
627
606
614
616
612
612
616
615
615
625
619
612
625
610
616
615
624
630
620
632
632
606
615
623
636
620
636
626
624
616
611
633
610
616
632
633
618
633
621
616
617
645
631
624
617
616
620
625
628
627
636
629
628
646
644
635
637
630
641
664
650
648
629
644
633
665
663
654
665
651
658
651
656
650
652
673
672
680
673
661
668
670
701
697
678
686
683
695
694
697
695
718
735
706
700
743
724
731
727
739
743
769
743
778
775
775
794
811
809
826
810
850
839
889
845
873
848
953
878
927
924
946
979
997
1000
1034
1052
1096
1082
1113
1087
1157
1157
1191
1228
1265
1248
1245
1324
1361
1334
1399
1477
1449
1462
1555
1598
1624
1686
1666
1756
1866
1899
1950
2040
2015
2067
2203
2245
2333
2348
2450
2546
2566
2665
2954
2805
2944
3091
3218
3298
3422
3566
3656
3851
3870
4055
4145
4241
4325
4560
4586
4941
4834
5057
5324
5377
5552
5601
5741
5830
6201
6333
6453
6769
6684
6829
7017
7244
7352
7403
7538
7651
7729
8051
8095
8023
8228
8363
8544
8749
8675
8885
9232
9230
9021
9167
9289
9191
9411
9456
9438
9397
9601
9632
9553
9756
9557
9621
9576
9769
9694
9880
9899
9783
9724
9673
9746
9756
9599
9522
9419
9077
9203
9122
9127
9260
9083
8951
8765
8591
8544
8525
8223
8173
8183
8129
7998
7870
7525
7656
7576
7219
7073
7114
7032
7035
6709
6733
6470
6327
6335
6340
6180
6005
5906
5836
5988
5619
5560
5626
5673
5396
5319
5326
5202
5114
4882
4944
4972
4885
4795
4772
4582
4705
4552
4536
4447
4330
4593
4383
4375
4263
4201
4201
4042
4110
3991
4104
3989
3926
3880
3879
3810
3693
3663
3614
3654
3637
3672
3497
3642
3578
3441
3487
3527
3425
3416
3318
3316
3216
3348
3298
3115
3145
3108
3074
3021
3113
2969
2980
2852
2935
2898
2778
2793
2798
2764
2777
2757
2608
2613
2624
2593
2577
2547
2459
2400
2510
2447
2446
2424
2384
2348
2381
2276
2259
2223
2238
2234
2147
2186
2046
2144
2025
2070
2074
2061
2028
2090
1973
1915
1904
1865
1919
1883
1885
1823
1770
1799
1791
1772
1788
1800
1748
1777
1718
1718
1674
1676
1698
1660
1537
1555
1626
1657
1531
1560
1509
1484
1517
1502
1459
1475
1437
1479
1520
1431
1356
1391
1437
1348
1400
1369
1355
1371
1313
1328
1275
1259
1314
1299
1296
1269
1242
1195
1236
1236
1160
1236
1208
1204
1223
1147
1200
1206
1147
1135
1158
1176
1137
1161
1100
1090
1089
1071
1094
1077
1056
1094
1042
1066
1049
1036
1076
1064
1074
1030
1009
1024
1104
1011
1010
979
983
1000
985
1042
982
915
906
944
961
1002
927
969
948
931
956
921
959
937
914
930
909
892
886
870
921
941
908
921
931
860
867
871
870
865
890
899
862
876
873
872
869
834
845
810
870
818
826
818
871
834
818
869
802
828
824
833
838
847
772
812
789
811
796
792
795
816
800
806
804
789
776
805
775
775
780
758
780
774
795
758
756
789
730
766
774
755
742
769
760
789
767
731
749
748
726
745
747
718
746
744
728
742
725
741
719
730
723
719
714
745
730
710
721
702
744
729
710
687
721
702
710
707
716
711
733
706
718
711
719
730
724
683
679
698
707
681
707
695
694
692
687
695
690
698
688
692
696
707
672
699
677
677
680
696
690
680
682
700
691
681
683
673
673
689
656
650
665
675
683
658
657
673
685
671
676
671
680
677
679
676
654
650
675
672
649
664
663
672
668
662
669
659
665
663
644
677
663
639
665
650
643
664
677
668
650
638
653
657
656
662
667
647
658
658
666
667
637
651
659
651
655
632
644
655
654
653
640
636
651
657
644
639
645
666
642
645
644
652
649
644
627
631
643
638
638
639
638
629
643
630
628
639
639
626
641
629
636
648
633
649
625
634
658
633
654
656
629
639
634
651
635
633
619
635
621
623
632
638
625
626
649
620
634
633
620
636
636
629
639
622
636
634
616
612
621
644
636
627
615
630
631
643
629
625
632
625
629
630
621
617
617
621
628
630
630
626
622
635
622
619
626
620
618
623
625
623
620
623
618
617
619
631
635
625
624
626
617
616
623
617
621
603
612
621
621
612
609
622
621
614
618
610
624
619
609
615
624
622
621
624
604
615
620
609
621
611
611
622
612
612
624
616
618
627
620
609
612
612
618
616
608
609
617
614
612
612
616
621
615
616
606
619
607
618
614
611
612
608
617
608
607
612
612
612
609
615
612
599
613
618
611
613
614
604
607
614
615
608
608
609
612
609
609
607
604
610
609
600
611
605
610
619
613
604
607
606
614
616
609
611
600
603
610
614
598
612
604
609
603
607
612
611
601
607
608
595
605
606
605
606
597
612
597
606
609
607
608
608
604
604
602
599
608
611
606
607
593
595
615
608
603
602
596
607
607
602
597
606
598
604
605
606
603
604
600
605
604
603
596
598
606
605
609
604
594
612
602
600
610
609
603
606
609
598
607
601
601
608
604
603
599
604
599
608
596
612
603
603
608
609
605
596
607
607
599
604
604
607
606
607
595
610
597
613
600
602
604
603
611
603
605
603
605
597
613
602
612
614
603
603
601
607
601
604
601
610
596
603
606
603
609
597
597
614
603
594
607
600
607
602
607
598
603
605
612
605
602
602
606
607
601
600
612
597
602
606
602
595
606
601
