608
598
605
609
612
602
600
603
603
606
603
601
593
605
600
601
605
608
605
613
604
610
605
610
604
606
609
620
620
621
607
615
617
618
615
613
607
603
614
606
596
604
610
610
613
620
619
615
613
613
619
611
610
604
604
598
613
599
600
594
591
605
598
602
609
605
593
611
599
597
604
604
601
604
598
602
601
613
613
595
607
600
603
600
601
593
596
598
606
612
604
609
610
610
609
602
603
613
610
607
612
597
599
599
602
600
601
605
606
604
601
601
596
603
599
602
602
602
600
610
601
604
606
602
600
602
607
606
607
605
608
604
591
600
605
601
602
607
607
602
607
606
607
606
607
612
599
606
611
606
601
600
598
612
607
602
606
597
607
609
606
612
611
603
616
605
610
606
606
603
605
614
601
601
611
600
599
611
603
606
602
607
602
598
603
605
601
606
601
609
614
598
608
603
598
606
602
601
613
614
613
597
604
603
608
603
606
612
608
611
603
599
611
600
609
607
605
615
608
607
609
613
612
610
598
610
609
609
610
612
610
614
603
610
605
604
613
624
601
606
617
611
597
604
605
610
612
607
609
617
609
603
605
611
611
617
619
611
610
608
614
609
613
610
618
611
619
627
620
611
613
610
610
617
620
609
618
613
621
615
619
612
611
621
620
622
621
625
634
625
618
619
631
618
619
622
622
624
614
624
632
623
624
624
621
627
607
632
632
622
637
627
629
628
626
640
634
642
640
629
632
637
637
644
642
637
641
646
639
644
650
647
663
651
658
653
663
647
669
667
663
674
676
667
688
685
671
699
678
662
701
698
681
673
677
698
711
736
747
722
735
741
737
782
752
771
784
777
778
797
827
800
795
812
824
843
864
811
864
874
862
905
948
892
912
928
952
924
982
971
1043
1030
1076
1065
1106
1126
1171
1125
1200
1193
1248
1253
1315
1343
1375
1349
1412
1459
1520
1543
1561
1583
1613
1710
1728
1779
1859
1939
1934
1980
2054
2143
2145
2249
2341
2436
2400
2444
2788
2735
2734
2948
3026
3062
3130
3322
3309
3659
3630
3708
3893
4102
4162
4321
4337
4419
4584
4695
4918
5094
5225
5416
5595
5845
5648
6187
6332
6493
6688
6744
6747
7206
7129
7310
7642
7694
7922
7840
7983
8102
8238
8288
8625
8804
8820
9034
9157
9026
9402
9323
9349
9679
9694
9878
9840
9563
10019
9918
9766
9904
9786
10131
9787
10039
9789
10125
10261
10138
10406
10204
10324
10172
10110
10405
10302
9917
10113
10011
9917
9526
9754
9738
9480
9360
9276
9210
9048
8844
8811
8603
8733
8666
8413
8195
8146
7928
7921
7758
7563
7568
7411
7268
7138
6978
6932
6785
6662
6553
6482
6460
6397
6016
6145
6039
6106
6006
5926
5764
5562
5548
5529
5380
5409
5290
5118
5094
4984
4935
4954
4809
4905
4756
4718
4635
4742
4530
4693
4585
4517
4600
4220
4373
4347
4346
4137
4168
4112
3987
3975
3844
4036
3884
3869
3855
3895
3795
3772
3701
3627
3658
3704
3597
3588
3503
3513
3276
3453
3494
3303
3250
3194
3147
3219
3029
3133
3250
3163
2968
2984
3000
2949
2889
2955
2961
2844
2781
2829
2696
2703
2645
2600
2612
2564
2575
2504
2481
2522
2454
2375
2432
2353
2397
2336
2320
2272
2368
2262
2263
2307
2212
2133
2078
2102
2036
2093
2095
2001
2067
2005
1963
1929
1934
1868
1970
1966
1830
1815
1825
1895
1824
1756
1759
1701
1724
1758
1697
1697
1707
1738
1639
1583
1599
1594
1567
1584
1556
1537
1520
1556
1549
1580
1501
1472
1438
1477
1526
1460
1424
1375
1423
1437
1330
1410
1397
1426
1315
1315
1263
1412
1282
1303
1261
1249
1208
1288
1242
1248
1231
1206
1266
1191
1152
1252
1226
1182
1204
1139
1162
1125
1164
1160
1137
1152
1087
1114
1173
1146
1086
1111
1059
1095
1056
1065
1012
1029
1052
1037
1024
1025
1029
1039
1026
972
1039
984
996
972
990
1021
952
955
989
978
935
880
918
920
927
903
961
924
950
947
886
918
891
933
907
911
895
912
887
918
887
916
904
897
878
900
884
840
856
844
833
847
896
836
845
870
833
824
839
812
844
837
817
816
822
800
847
812
795
819
823
809
826
787
780
770
792
792
782
797
798
793
781
787
786
757
765
780
773
779
782
768
766
812
762
747
746
764
755
742
758
727
733
774
752
758
738
735
730
758
741
779
727
726
722
707
745
750
740
740
707
716
735
732
731
730
700
701
731
693
732
732
704
724
714
720
702
736
692
699
684
719
699
697
714
709
673
697
705
717
731
690
702
705
656
700
697
698
680
703
684
700
676
683
683
727
691
661
680
687
686
684
682
674
674
682
663
680
681
669
683
670
665
671
641
675
673
657
669
668
655
686
684
686
665
663
660
679
670
656
656
663
668
680
656
654
665
671
656
655
666
671
665
665
670
650
658
653
650
674
660
657
657
652
645
650
644
658
643
654
647
648
650
654
636
642
648
649
651
634
667
636
647
640
645
640
621
650
644
643
658
637
631
639
642
646
632
641
627
639
623
629
636
641
644
630
634
619
644
637
647
649
627
628
634
633
631
633
630
633
630
630
626
628
631
633
638
623
631
644
621
615
633
619
629
630
623
633
644
624
636
640
643
630
634
636
639
629
631
630
626
620
625
612
619
635
630
628
620
629
615
624
620
634
619
641
617
617
614
615
625
612
618
623
626
627
618
615
618
620
615
607
622
613
616
618
620
621
615
624
627
611
619
618
629
610
620
623
623
624
615
625
618
611
616
616
626
616
604
617
615
612
620
615
609
617
615
622
623
607
604
617
615
612
612
606
620
606
622
614
613
613
607
606
607
608
607
620
613
611
607
602
611
624
606
603
598
602
619
615
606
603
600
622
614
605
608
606
606
622
617
605
624
611
603
626
614
599
613
618
609
594
609
607
594
607
628
602
601
610
607
608
614
615
608
598
623
602
603
607
607
609
612
603
603
611
602
603
603
617
613
597
595
595
606
603
603
603
598
597
600
611
602
599
605
602
610
607
614
611
605
604
602
606
603
605
602
595
611
603
600
599
607
601
610
607
607
613
599
604
606
601
606
605
603
598
601
602
604
610
606
598
605
594
607
595
600
602
601
602
603
605
599
605
603
616
606
591
614
598
602
606
599
606
606
604
603
604
603
602
601
599
600
600
604
600
605
593
609
604
605
603
605
607
595
598
592
610
598
599
597
604
599
601
609
607
598
603
608
600
605
598
601
591
594
596
595
601
602
603
604
597
602
599
605
607
602
609
593
601
604
598
601
610
602
601
605
592
600
600
596
601
597
601
607
612
606
