603
615
607
606
604
604
614
603
612
602
604
603
603
610
609
609
607
608
606
600
610
596
605
611
610
618
620
609
624
624
629
626
619
621
616
608
598
607
604
615
615
616
621
617
631
621
627
612
607
607
607
609
603
604
601
605
594
598
609
606
600
601
602
597
604
592
604
609
600
596
602
601
611
607
608
596
605
606
607
593
595
602
588
600
607
603
605
604
604
603
593
607
609
598
606
608
600
607
604
609
600
597
610
589
608
594
605
601
599
606
613
610
614
598
593
603
598
604
605
608
601
605
599
602
605
590
614
603
611
600
604
607
604
598
607
600
607
607
598
605
606
605
604
598
608
612
589
605
609
600
605
599
601
602
606
599
606
606
606
611
593
612
606
598
604
606
606
594
596
601
596
605
610
605
609
606
607
595
600
605
602
607
609
604
614
607
607
605
604
603
604
610
600
605
600
612
611
609
610
609
607
610
607
607
608
606
616
603
610
612
609
606
606
602
609
614
602
605
600
608
602
606
607
609
612
609
613
605
613
610
613
610
609
607
623
605
612
606
609
614
609
615
619
619
599
601
606
610
603
610
612
623
607
611
613
615
615
620
617
611
612
606
611
606
613
612
623
618
614
620
607
619
610
606
605
612
622
621
620
614
622
623
619
620
616
620
615
637
612
622
620
617
618
610
609
629
621
617
613
625
620
613
627
616
625
634
630
623
625
626
627
628
632
645
634
642
639
632
634
641
637
649
631
646
635
667
622
632
655
640
634
645
660
655
672
654
665
672
667
654
669
667
686
674
676
669
702
664
684
710
709
715
687
697
712
699
726
739
713
741
742
707
752
748
786
777
771
784
781
748
816
829
786
837
828
810
848
877
855
854
880
912
949
929
952
963
994
946
1048
971
1056
1045
1136
1080
1099
1174
1121
1197
1196
1271
1249
1287
1367
1346
1413
1461
1478
1575
1509
1624
1656
1653
1719
1734
1952
1811
1884
1997
2004
2093
2248
2314
2351
2427
2416
2566
2616
2778
2752
2862
2876
3131
3217
3319
3356
3589
3590
3852
3925
4037
4165
4362
4504
4572
4708
4942
5122
5110
5240
5495
5677
5910
5963
6112
6384
6376
6703
7052
7036
7270
7599
7673
7740
7594
7976
8121
8199
8429
8653
8825
8950
9204
9268
9253
9622
9646
9722
9701
10101
10207
10402
10449
10416
10565
10360
10571
10839
10721
10719
10818
10946
10896
10821
11111
11116
10911
11164
11066
11305
11316
10955
11242
11082
11002
11015
10882
10828
10575
10909
10527
10517
10309
10170
10074
10035
9971
9801
9697
9544
9233
9379
9223
9096
8941
8962
8483
8384
8239
8104
8093
8049
7870
7632
7550
7265
7137
7009
7127
6799
6889
6743
6529
6522
6457
6490
6216
6313
6043
5748
5854
5766
5695
5554
5555
5531
5346
5372
5252
5082
5081
5100
5068
4971
4848
5008
4666
4771
4646
4799
4557
4424
4588
4328
4502
4264
4400
4363
4182
4108
4100
4094
4012
4036
3947
3991
3969
3947
3745
3812
3904
3734
3741
3656
3589
3628
3599
3550
3399
3368
3423
3369
3270
3406
3293
3163
3159
3217
3179
3041
3123
2980
2984
3052
3087
2906
2898
2795
2783
2794
2769
2742
2654
2610
2686
2609
2594
2559
2574
2569
2581
2585
2485
2406
2354
2410
2340
2406
2343
2234
2243
2225
2263
2250
2159
2096
2216
2112
2135
2095
2052
2027
2029
1963
1962
1948
1926
1877
1883
1860
1891
1906
1818
1776
1781
1765
1808
1832
1617
1701
1670
1685
1722
1619
1637
1619
1625
1593
1591
1537
1578
1546
1541
1531
1459
1520
1462
1493
1448
1441
1406
1442
1466
1400
1421
1397
1373
1374
1351
1305
1355
1315
1331
1319
1313
1286
1298
1220
1252
1219
1233
1230
1206
1212
1172
1176
1188
1176
1211
1173
1151
1179
1142
1106
1155
1173
1113
1136
1115
1040
1164
1121
1088
1101
1107
1033
1086
1075
1098
1070
1057
1039
1035
964
1013
1039
1012
1014
1022
999
1008
981
941
970
992
952
971
932
928
969
943
944
952
899
929
941
940
951
952
908
884
904
915
897
898
890
899
891
874
902
861
892
909
873
877
873
897
892
880
820
859
849
812
894
817
847
832
820
817
839
817
814
826
851
822
805
820
814
810
785
803
820
810
796
811
836
799
776
815
771
779
774
800
774
765
794
786
775
775
771
763
777
775
755
756
767
767
776
754
743
772
737
758
742
732
741
743
752
734
740
737
723
770
736
747
762
740
729
707
742
743
712
736
730
716
716
699
691
686
706
718
707
688
690
694
704
722
692
702
706
721
693
704
713
699
682
686
687
704
703
693
706
691
693
696
688
693
698
671
700
681
686
708
692
687
672
689
674
661
692
669
686
679
707
692
653
662
679
667
677
654
669
673
673
663
678
667
673
673
671
663
671
656
672
674
640
675
660
662
669
646
667
657
654
668
656
671
641
672
655
679
667
654
634
649
667
662
645
660
660
644
646
653
647
655
654
638
662
655
637
666
657
650
650
643
661
648
652
635
658
655
648
638
652
636
648
652
655
637
634
624
639
634
641
626
631
644
655
633
630
650
649
645
648
647
630
631
639
621
630
658
632
627
631
645
639
626
615
637
637
618
636
630
631
647
635
616
618
642
619
627
639
632
647
629
621
621
617
621
643
645
633
626
633
623
635
633
619
624
621
630
621
614
616
621
623
622
628
615
620
616
624
622
621
626
626
618
621
620
622
628
627
615
623
624
625
613
617
622
624
616
619
615
628
632
612
616
615
627
625
628
619
617
624
618
622
617
626
616
612
612
633
611
597
601
614
622
612
607
609
618
613
611
620
607
610
613
610
623
622
605
610
614
601
615
612
613
604
612
614
605
605
606
607
600
613
612
612
611
611
619
605
595
620
601
602
611
613
612
618
622
605
616
620
610
603
606
611
614
601
607
607
609
607
603
604
608
607
606
596
609
602
597
607
603
602
603
615
607
614
605
602
600
604
611
610
603
596
605
600
600
606
603
596
612
612
610
609
600
608
607
607
597
607
610
607
607
608
600
600
618
603
613
613
608
597
601
607
603
597
600
605
605
609
599
607
606
599
606
615
606
596
602
602
600
602
589
600
597
601
604
609
606
604
598
602
605
610
602
609
598
598
609
598
603
606
605
605
597
597
607
602
597
597
603
607
606
609
606
599
595
608
604
598
610
599
600
602
601
612
607
605
602
588
596
601
599
602
610
606
598
601
604
609
609
603
608
604
601
601
604
601
606
602
601
604
590
597
600
600
600
608
592
594
594
596
606
603
600
597
604
598
597
603
599
597
603
600
597
602
600
597
598
610
599
603
598
600
595
606
602
