601
606
616
618
597
605
608
598
606
612
604
609
606
600
602
610
612
604
606
608
608
610
608
610
619
620
621
627
627
634
627
622
617
619
616
620
604
612
599
610
607
611
618
625
616
628
628
610
602
611
600
606
619
605
613
601
607
607
602
613
598
604
605
595
607
605
605
599
606
607
603
599
608
604
612
596
603
607
605
601
605
597
610
604
606
611
606
601
602
611
597
595
603
606
604
618
611
599
613
600
597
599
603
610
603
607
610
601
599
604
598
600
593
604
603
600
597
609
610
604
606
594
599
609
601
598
605
604
597
595
596
608
600
605
596
603
615
607
603
601
601
610
603
606
606
606
600
597
599
605
598
613
603
603
614
597
602
611
599
593
611
597
603
599
596
597
606
608
607
608
608
596
603
604
607
607
603
614
607
603
612
594
605
601
610
614
596
602
613
608
607
602
607
604
594
605
616
614
601
604
612
600
617
611
610
625
609
608
613
603
623
614
606
615
607
609
603
610
600
609
616
610
619
602
607
605
614
617
610
607
610
610
607
610
605
620
622
618
622
615
623
612
618
610
612
610
606
609
606
602
609
626
618
611
612
619
616
622
615
619
619
614
626
612
610
613
625
613
609
628
629
602
624
631
625
616
628
627
635
618
613
623
623
606
630
621
634
623
618
631
629
624
630
622
635
618
631
612
621
633
632
633
626
622
639
625
623
632
644
627
615
618
628
628
638
629
636
615
628
628
641
637
613
657
645
635
650
648
630
669
640
673
672
661
666
660
667
672
661
665
675
687
676
694
690
684
697
686
695
687
710
674
712
719
696
717
704
721
769
751
754
736
768
758
748
762
769
786
806
827
850
800
812
856
844
857
877
867
874
903
910
898
909
924
953
965
988
979
1013
1059
1034
1026
1110
1123
1108
1142
1214
1232
1210
1248
1328
1361
1362
1411
1465
1451
1473
1553
1597
1621
1625
1732
1706
1856
1801
1892
2055
2078
2053
2159
2184
2305
2456
2485
2410
2544
2746
2919
2903
2946
3105
3212
3315
3321
3515
3716
3711
3886
3974
4137
4182
4521
4559
4709
4928
4862
5281
5193
5435
5530
5729
6127
6056
6560
6641
6701
6889
7317
7274
7464
7725
7925
7841
8194
8418
8441
8651
8742
9017
9098
9137
9337
9305
9631
9848
9906
10168
10051
10587
10537
10563
10590
10862
10666
10863
11045
11111
11072
11177
11093
11285
11114
11350
11336
11520
11432
11395
11451
11189
11755
11550
11354
11469
11396
11597
11203
11417
11296
10915
10920
10706
10915
10495
10561
10156
10561
10128
10069
9723
9986
9734
9619
9475
9087
9155
8963
8589
8434
8561
8447
8442
8117
7946
7711
7857
7533
7537
7222
7257
7104
7023
6862
6867
6789
6541
6661
6494
6356
6223
5939
6056
5963
5829
5953
5751
5722
5546
5403
5422
5384
5301
5235
5178
5034
5112
5130
5012
4987
4937
4910
4762
4694
4629
4537
4504
4508
4418
4297
4221
4297
4308
4231
4095
4130
3998
4042
4047
3949
4032
3780
3782
3989
3821
3716
3749
3634
3591
3537
3469
3527
3386
3465
3454
3352
3310
3326
3320
3234
3213
3209
3146
3171
3100
3169
2955
3044
2961
2917
2948
2787
2864
2741
2810
2814
2674
2649
2662
2599
2563
2606
2623
2475
2508
2382
2392
2403
2362
2391
2397
2340
2254
2322
2291
2258
2300
2284
2279
2192
2084
2083
2103
2120
2042
2030
2003
2004
1986
1962
1967
1895
1915
1844
1905
1904
1876
1806
1789
1856
1739
1789
1754
1733
1664
1727
1618
1624
1595
1656
1658
1510
1585
1614
1486
1523
1537
1485
1509
1485
1544
1508
1428
1393
1393
1389
1423
1471
1367
1414
1365
1387
1360
1310
1322
1332
1353
1287
1260
1342
1255
1224
1286
1237
1230
1224
1184
1243
1167
1201
1152
1190
1199
1173
1130
1143
1153
1167
1111
1149
1100
1129
1089
1064
1112
1112
1114
1105
1078
1093
1112
1059
1024
1082
1040
1066
1031
992
1040
999
1011
1028
1031
995
976
1008
986
1004
997
976
983
960
938
948
964
936
990
913
974
951
962
948
944
960
895
938
908
898
924
910
901
904
919
882
876
898
849
868
908
872
854
889
868
870
832
869
837
862
846
847
853
853
853
801
853
849
847
808
842
810
832
832
841
837
808
829
817
780
797
817
821
810
789
797
827
780
782
809
791
776
794
806
754
772
756
746
755
751
792
751
765
769
768
748
765
742
752
764
761
748
720
749
747
767
731
736
735
740
748
729
741
746
744
748
706
739
741
714
725
709
735
727
744
726
709
710
712
705
708
718
708
714
732
714
707
699
730
724
687
696
691
704
707
695
701
695
714
693
718
685
688
691
696
701
694
682
677
679
672
693
670
693
673
707
674
676
694
703
673
701
661
693
655
673
686
672
666
695
688
680
690
676
654
650
669
681
664
681
675
671
639
661
668
677
660
656
667
675
667
668
658
688
672
665
661
652
655
653
651
661
651
667
667
649
664
648
636
641
648
649
676
661
651
644
647
646
633
656
637
661
649
642
640
630
648
653
639
637
640
640
647
635
653
648
642
651
644
633
642
646
644
635
642
641
619
641
645
629
643
627
641
641
648
642
639
634
644
633
642
640
632
634
637
635
631
640
628
623
640
639
629
637
644
623
649
627
625
622
632
621
631
621
627
630
633
623
616
628
616
619
607
620
613
625
640
635
630
627
619
625
622
615
625
612
612
625
611
613
626
624
627
623
622
623
632
625
615
615
621
632
627
620
622
630
618
619
623
614
632
629
614
625
630
625
628
617
620
625
618
612
624
622
622
621
612
628
613
619
620
616
629
618
619
614
605
618
621
615
623
608
611
613
621
602
620
608
607
611
607
623
601
611
612
608
615
612
621
610
602
614
608
619
612
609
612
611
618
616
608
614
608
614
607
615
607
613
605
611
604
625
606
616
614
610
610
618
610
613
611
614
606
607
613
609
597
609
606
604
601
607
616
614
609
605
608
598
599
599
603
613
612
617
603
616
609
612
607
608
603
608
607
604
620
605
610
606
607
613
604
605
599
604
606
600
614
607
604
604
607
604
609
610
597
605
607
600
601
601
603
607
604
601
601
601
603
603
605
606
604
604
604
609
602
607
605
607
595
598
602
618
604
607
599
593
604
610
605
601
602
601
605
609
602
608
594
607
612
603
603
615
601
605
598
608
608
612
615
596
602
608
607
605
604
595
604
596
597
614
612
607
604
605
605
603
606
603
603
613
604
598
603
606
608
597
607
607
608
594
600
601
596
607
605
606
611
607
604
603
601
598
598
603
604
598
595
613
601
590
599
594
605
603
598
605
602
602
603
595
603
606
601
607
