609
608
607
606
602
604
608
609
611
599
600
599
608
611
607
617
605
607
600
610
596
604
609
602
606
609
619
617
611
619
607
627
609
612
616
605
608
610
600
603
605
605
610
606
613
619
615
616
612
614
607
612
607
610
599
608
607
608
607
599
604
605
602
606
604
606
603
599
601
602
589
605
602
603
597
608
610
597
602
605
600
594
609
605
605
605
612
610
598
604
601
602
602
598
603
605
602
608
611
600
606
602
593
599
597
603
604
605
604
602
600
603
595
598
606
600
590
601
600
607
601
603
597
597
599
611
601
600
612
596
604
591
611
602
610
607
598
607
607
595
610
598
611
604
597
605
594
605
607
602
602
598
602
600
604
598
608
600
607
609
600
597
599
615
611
615
603
605
606
597
612
600
597
605
608
592
604
607
606
606
598
596
606
606
598
602
604
598
616
612
601
607
612
605
614
611
613
604
604
612
598
606
606
607
601
604
605
600
605
621
600
616
608
609
607
606
600
608
603
605
609
611
603
623
607
603
608
621
605
613
609
618
609
601
613
614
610
606
604
615
603
606
620
607
627
618
612
613
612
595
618
612
606
615
629
605
615
613
613
608
604
606
616
607
618
609
614
618
603
609
611
615
619
606
617
625
619
613
614
607
621
610
613
615
629
631
623
603
634
607
630
626
628
616
616
623
613
617
627
615
627
622
618
633
643
644
625
645
613
623
623
618
634
616
634
631
638
622
661
625
649
641
648
643
634
641
644
639
647
645
645
638
674
673
639
648
658
655
656
665
672
696
666
668
671
698
681
681
678
701
690
697
698
716
719
694
720
724
728
737
748
752
742
738
745
748
809
740
739
789
782
792
829
821
858
859
874
817
863
897
919
922
937
939
932
929
983
984
1018
1033
980
1063
1121
1071
1079
1170
1166
1169
1207
1237
1219
1312
1287
1349
1438
1469
1465
1526
1577
1573
1591
1669
1721
1705
1755
1857
1891
1966
1976
2117
2141
2217
2202
2373
2439
2445
2543
2704
2722
2840
2857
3000
3014
3166
3402
3500
3588
3656
3825
3956
4076
4228
4422
4561
4587
4834
5013
5242
5177
5191
5393
5515
5905
6037
6189
6441
6534
6755
6929
7106
7177
7381
7621
7526
7948
7897
8061
8437
8455
8422
8667
8793
8987
9071
9384
9283
9428
10017
9594
9786
9850
10039
10003
10155
10267
10369
10561
10574
10785
10686
10410
10571
10641
10790
10773
10708
10816
10949
10857
10970
11003
10810
10905
10984
10726
10911
10673
10731
10591
10172
10408
10240
10128
9991
9937
9800
9637
9427
9409
9418
9156
9007
8919
8799
8637
8496
8196
8177
8077
8087
7685
7858
7509
7330
7284
7245
7067
6992
6856
6786
6659
6611
6540
6562
6283
6217
6269
6234
6124
6018
5651
5702
5613
5580
5406
5435
5314
5331
5142
5218
5277
4948
4990
4897
5000
4912
4890
4784
4776
4677
4642
4634
4419
4447
4578
4328
4381
4228
4342
4037
4249
3957
4110
4085
3984
3969
3972
3884
4000
3762
3831
3807
3737
3713
3494
3490
3501
3454
3454
3465
3465
3366
3273
3298
3310
3247
3160
3264
3291
3132
2949
3037
3125
2930
2971
2971
2905
2956
2812
2822
2743
2787
2610
2653
2668
2631
2611
2532
2498
2543
2573
2560
2395
2507
2437
2426
2303
2303
2313
2292
2247
2240
2156
2140
2064
2158
2109
2065
2072
2135
2044
2053
2065
2003
1925
2030
1914
1880
1929
1911
1855
1912
1838
1781
1868
1811
1762
1757
1702
1725
1689
1689
1611
1653
1699
1612
1587
1637
1591
1555
1615
1583
1572
1554
1522
1479
1445
1489
1457
1486
1414
1415
1418
1434
1399
1439
1408
1350
1420
1397
1340
1276
1248
1321
1305
1317
1312
1264
1270
1267
1214
1251
1215
1254
1244
1186
1162
1167
1140
1197
1148
1139
1117
1108
1114
1105
1151
1125
1153
1117
1091
1023
1104
1104
1071
1093
1072
1118
1030
1017
1028
1035
1000
1015
1016
1037
1022
971
1001
1005
1036
988
1012
958
954
945
956
954
936
962
953
973
942
1001
934
934
918
904
930
970
945
900
898
928
863
878
901
885
902
903
877
913
869
860
833
879
876
857
850
889
869
841
820
821
801
876
877
833
882
829
838
858
836
813
817
817
807
824
851
805
802
811
815
805
853
803
799
777
778
769
786
796
818
771
796
761
745
750
795
785
753
778
775
790
758
743
784
746
755
750
776
748
745
747
777
738
751
754
730
712
751
755
746
765
720
730
735
732
719
727
709
743
748
724
744
705
705
745
726
752
707
713
713
719
693
684
719
718
709
747
713
713
690
702
694
691
700
717
715
697
689
706
687
701
695
709
675
707
707
687
707
712
680
698
671
696
696
690
687
694
670
676
666
682
671
671
664
675
688
701
676
678
645
670
698
659
669
667
662
683
681
687
671
680
664
657
678
680
654
653
665
654
676
633
659
656
650
655
654
648
670
650
662
647
655
661
661
648
664
650
658
663
654
640
643
653
640
655
652
648
675
644
644
645
653
664
654
643
645
636
645
650
641
634
624
649
624
637
639
655
646
622
631
643
631
633
637
646
638
640
641
640
637
642
641
638
635
648
657
636
621
651
627
640
639
627
628
640
620
630
628
629
617
624
633
638
638
625
629
650
621
613
640
613
628
629
626
631
615
623
611
641
622
622
620
634
623
617
632
637
630
630
638
623
634
617
636
617
623
628
623
614
627
617
640
623
624
620
625
617
612
629
623
608
608
615
625
615
619
620
622
616
621
607
620
620
620
618
620
619
613
619
616
612
617
614
628
625
618
616
619
624
618
627
628
615
622
605
620
625
608
610
614
612
617
613
606
611
625
606
622
619
609
606
621
606
606
607
608
613
613
609
609
609
624
610
606
613
615
616
609
610
611
609
619
607
617
611
606
605
609
603
605
613
616
612
616
608
609
608
610
622
607
604
610
613
609
613
620
610
614
614
605
621
607
594
600
605
600
604
616
613
602
595
613
601
604
616
608
621
593
609
593
606
597
597
607
605
602
601
604
615
608
600
605
606
596
603
610
609
601
599
604
604
604
611
602
608
609
605
602
610
608
606
605
613
605
608
612
607
596
611
604
616
597
591
611
611
606
605
606
598
605
608
603
601
595
600
601
592
605
603
601
614
599
598
594
603
600
605
601
592
598
604
602
601
607
612
592
601
608
594
601
600
599
592
600
604
600
605
596
596
599
603
597
608
610
598
594
607
600
602
604
598
595
591
603
593
607
613
612
594
606
601
603
599
599
599
594
604
601
604
596
602
601
603
596
598
598
611
606
606
599
601
605
608
595
595
601
597
606
595
592
603
595
604
603
602
610
595
