594
611
607
613
596
604
602
611
596
596
602
601
607
602
594
604
607
608
609
605
607
605
605
602
609
603
606
608
601
612
612
605
612
614
597
612
609
604
606
598
604
613
611
602
604
617
621
607
610
599
605
606
594
610
605
597
615
613
598
595
603
605
602
601
611
600
612
612
610
594
604
604
600
607
609
601
601
604
604
592
607
600
590
594
605
598
600
600
604
603
595
603
611
607
609
595
600
596
602
598
607
599
602
602
600
603
604
609
607
603
600
605
598
607
610
608
602
602
600
609
599
606
604
606
606
595
609
603
600
604
607
602
607
606
600
601
608
602
599
613
601
609
603
603
610
602
604
609
603
605
604
598
603
610
613
598
602
608
606
599
603
608
608
603
607
604
601
608
614
607
614
603
605
611
599
597
605
603
609
606
611
603
601
616
607
607
598
605
618
595
603
602
605
613
607
607
602
599
604
610
612
610
603
609
602
605
606
610
609
607
607
600
610
608
608
612
607
610
611
619
614
618
606
616
614
607
606
620
604
605
617
611
614
607
604
610
612
612
612
616
609
612
604
608
610
610
608
627
612
612
620
601
615
608
619
612
618
630
629
620
606
606
630
606
630
614
615
620
620
611
615
625
609
611
624
611
613
609
608
609
625
624
627
622
629
622
629
618
620
624
625
629
619
621
618
623
615
632
619
644
634
629
643
627
628
633
620
641
640
646
625
633
630
631
622
640
643
632
637
645
659
634
666
635
640
647
652
659
652
656
651
655
646
676
668
654
664
668
679
653
677
671
683
682
693
696
700
698
696
707
743
718
708
717
709
701
729
719
737
734
750
782
749
759
760
774
791
827
792
811
825
858
827
828
883
851
885
861
898
872
921
934
966
955
949
984
1030
1013
1064
1115
1074
1085
1123
1140
1192
1205
1246
1281
1258
1327
1376
1359
1373
1438
1458
1474
1522
1603
1555
1684
1794
1722
1817
1854
1876
2066
2057
2161
2164
2331
2370
2441
2526
2519
2648
2676
2676
2834
2992
3105
3156
3247
3451
3439
3734
3768
4013
3975
4258
4285
4364
4720
4700
4791
5084
5067
5397
5508
5697
5802
6071
6150
6392
6620
6976
6962
7248
7369
7691
7792
7933
8373
8199
8583
8517
8827
9063
8937
9156
9412
9613
9869
9920
9978
10173
10530
10533
10475
10734
10853
11065
11026
11259
11275
11486
11389
11460
11474
11419
11518
11751
11799
11673
11617
11703
11829
11862
11967
12022
11656
11984
12012
11887
11911
11800
11950
11996
11429
11599
11304
11334
11270
10983
10811
10633
10568
10576
10357
10313
10145
10034
9956
9749
9795
9278
9161
9041
8950
8813
8722
8563
8481
8210
7854
8010
7785
7674
7746
7298
7306
7301
7140
7249
7002
7003
6825
6667
6578
6501
6397
6287
6191
6110
6035
5979
5821
5757
5689
5588
5615
5413
5423
5380
5531
5374
5338
5147
5193
5046
5049
4952
4945
4888
4735
4812
4705
4607
4523
4529
4468
4535
4429
4328
4339
4278
4260
4133
4215
4185
4183
4090
4089
4095
3907
3994
3923
3849
3677
3767
3749
3573
3653
3607
3612
3562
3570
3525
3342
3357
3441
3452
3270
3324
3292
3377
3137
3200
3052
3020
3038
2862
3001
2980
2904
2927
2893
2882
2819
2753
2700
2587
2725
2658
2714
2627
2668
2611
2457
2560
2587
2441
2438
2395
2289
2314
2322
2378
2249
2235
2193
2242
2207
2132
2122
2218
2065
2110
2102
1988
1907
2023
1998
2039
1926
1925
1863
1874
1854
1891
1840
1750
1737
1773
1764
1705
1713
1690
1718
1708
1668
1647
1695
1658
1597
1579
1519
1521
1558
1524
1568
1516
1531
1554
1489
1423
1417
1462
1445
1454
1415
1415
1407
1401
1407
1350
1363
1340
1353
1303
1371
1283
1360
1339
1288
1332
1233
1283
1228
1239
1231
1224
1166
1170
1232
1180
1187
1209
1162
1154
1148
1103
1145
1157
1085
1149
1170
1139
1161
1101
1097
1128
1060
1060
1106
1060
1052
1037
1000
1039
1074
1003
1007
1005
1041
1034
1035
1015
971
1018
984
1003
971
971
1016
983
990
959
991
984
896
947
966
953
907
940
928
940
956
886
940
942
933
919
896
892
891
899
901
877
888
873
887
874
864
855
874
870
851
839
894
826
859
828
861
854
889
818
845
814
866
825
859
827
813
879
852
813
802
822
802
802
785
800
816
795
796
808
819
760
797
802
780
783
797
778
785
767
774
751
762
761
770
780
786
756
736
763
761
786
782
750
762
755
739
744
752
751
754
742
743
748
750
744
740
734
736
739
742
742
755
728
731
719
743
702
731
727
712
733
716
740
717
703
711
699
705
726
705
695
721
706
711
711
673
708
727
726
714
713
711
717
687
717
711
690
698
697
700
691
689
687
691
679
700
702
693
673
672
691
686
670
675
702
670
689
700
690
691
689
696
687
673
667
660
659
670
656
662
678
674
655
669
662
682
656
669
647
679
661
661
640
688
652
662
648
676
651
660
666
648
654
662
652
663
654
654
657
656
643
646
640
639
656
663
651
645
647
648
655
639
649
636
647
651
656
639
644
655
650
643
632
630
638
639
637
660
644
661
663
632
647
643
643
649
643
632
650
638
643
648
638
640
649
629
633
631
629
630
633
630
622
645
638
627
639
621
637
633
616
621
622
633
635
648
628
626
632
645
630
619
632
627
621
628
627
620
634
631
622
618
638
629
626
626
633
633
626
631
631
628
625
637
620
612
623
623
619
610
617
624
616
632
627
614
626
617
621
638
623
630
616
626
625
623
615
627
621
619
627
612
613
623
624
631
615
614
606
619
630
617
620
620
620
611
602
620
619
608
629
612
611
619
623
623
621
608
618
614
604
613
606
604
615
614
608
610
615
623
609
610
619
617
609
617
602
616
611
608
609
621
612
613
613
621
613
608
606
606
604
613
615
607
603
614
606
613
607
616
609
610
609
614
617
609
613
616
599
603
602
603
610
610
609
604
614
606
613
605
603
608
609
605
607
592
603
606
609
608
606
604
618
610
618
603
604
607
597
597
603
604
613
608
612
609
612
606
610
615
603
613
615
599
608
612
604
613
614
594
610
596
601
598
613
610
605
602
611
608
599
604
606
607
617
606
610
603
610
615
609
598
601
606
608
609
596
604
605
599
598
603
593
606
605
596
600
594
597
597
604
593
607
598
600
598
597
602
604
600
604
600
607
599
602
602
605
602
599
612
610
604
603
601
607
600
598
599
610
599
605
605
608
608
605
604
605
601
599
611
611
603
588
598
600
600
598
602
607
600
596
602
607
612
597
597
604
598
595
604
600
603
605
600
603
600
607
604
603
603
602
595
606
595
609
611
596
596
607
604
601
602
