605
604
610
611
608
601
602
606
611
608
603
613
608
601
600
611
605
605
602
605
600
608
608
613
621
616
612
606
615
604
610
619
611
610
624
609
619
619
601
604
603
606
606
607
601
611
602
599
611
600
608
605
603
610
601
605
613
614
602
606
602
604
609
600
610
607
604
607
605
613
609
602
611
612
606
606
604
616
598
607
597
597
596
599
601
603
599
602
608
604
610
605
610
603
615
614
614
610
612
599
608
602
596
604
607
612
608
596
604
606
613
598
594
606
605
608
610
602
599
605
603
605
604
596
602
604
607
602
602
606
613
607
599
611
608
615
615
603
599
598
602
607
605
604
614
604
598
601
602
607
600
618
608
595
606
610
607
606
610
595
602
606
597
605
611
610
625
602
597
603
609
615
601
603
603
611
605
604
607
609
607
606
613
601
610
613
619
607
604
607
598
606
607
610
604
608
601
607
607
613
601
596
602
610
608
608
602
616
611
606
612
621
593
617
613
617
617
616
604
612
611
595
616
613
608
614
621
613
609
620
608
610
611
618
594
616
612
616
620
612
614
612
615
620
605
621
617
612
612
609
608
614
624
616
622
628
612
623
618
616
624
621
622
618
620
619
614
607
617
632
625
625
614
629
610
621
610
618
622
625
616
633
615
609
612
620
622
627
607
628
628
623
613
613
632
624
636
628
626
625
631
630
645
629
629
636
640
636
631
648
633
634
639
633
637
642
627
653
646
657
649
638
650
642
646
642
644
636
629
668
660
662
651
676
666
684
670
653
664
698
664
698
690
681
695
684
687
688
699
696
717
704
724
714
716
738
718
748
751
761
752
772
770
777
759
818
825
817
803
786
852
865
850
855
861
908
882
875
906
903
931
947
992
981
974
977
1021
1024
1034
1029
1058
1132
1149
1145
1197
1163
1250
1240
1300
1253
1309
1407
1413
1426
1511
1554
1547
1569
1640
1620
1668
1751
1788
1929
1870
2015
2075
2088
2280
2171
2405
2434
2418
2580
2656
2694
2759
2914
2955
3064
3225
3275
3349
3400
3671
3894
3851
4105
4238
4247
4423
4499
4651
4822
5087
5159
5447
5645
5701
5791
5924
6354
6473
6706
6691
7080
7070
7243
7556
7949
8003
8206
8261
8478
8610
8678
8765
9219
9196
9447
9465
9902
9583
10149
10260
10427
10485
10627
10913
11056
10818
11055
11135
11437
11369
11373
11597
11530
11366
11706
11858
11516
12037
11744
11847
12022
11998
11932
11851
11947
12104
11805
11779
11972
11879
11914
11942
11525
11724
11428
11095
11233
11111
11003
10980
10873
10741
10537
10430
10344
10061
9926
9909
9561
9758
9292
9108
9145
8666
8672
8556
8375
8118
8051
8152
7918
7752
7623
7603
7450
7377
7202
7078
6831
6892
6735
6802
6647
6450
6253
6185
6238
6170
6110
6081
5792
5853
5722
5603
5639
5471
5686
5390
5372
5475
5314
5155
5135
5031
4987
5056
4897
4903
4897
4724
4759
4647
4591
4738
4515
4613
4395
4425
4377
4404
4318
4248
4240
4191
4197
4016
4066
4121
4079
4047
3892
3795
3742
3789
3806
3638
3725
3586
3568
3519
3445
3587
3400
3414
3404
3379
3292
3379
3245
3044
3226
3128
3154
3018
3075
3052
2872
2964
2878
2818
2931
2882
2728
2714
2762
2634
2630
2565
2574
2612
2611
2530
2491
2483
2414
2497
2429
2430
2359
2215
2328
2235
2301
2229
2113
2203
2145
2160
2203
2145
2128
2108
2004
2062
1972
1979
2026
1950
1916
1827
1866
1846
1873
1845
1797
1765
1737
1734
1759
1770
1740
1655
1631
1697
1652
1653
1666
1520
1603
1607
1569
1564
1580
1580
1534
1541
1517
1439
1483
1496
1465
1482
1508
1381
1468
1446
1367
1348
1365
1364
1357
1318
1355
1372
1324
1284
1302
1348
1251
1222
1311
1183
1220
1212
1180
1195
1203
1178
1202
1161
1162
1200
1155
1198
1151
1155
1141
1093
1099
1140
1103
1084
1067
1061
1100
1053
1029
1082
1076
1071
1070
1067
1093
1022
1088
1022
1014
1052
994
989
991
988
1022
999
1019
1020
992
940
999
984
945
929
1002
948
921
931
932
960
988
939
942
943
932
896
900
919
929
908
901
891
889
919
874
900
857
889
891
876
863
844
875
878
892
848
870
841
829
849
852
818
819
823
812
842
838
827
820
843
827
840
796
831
824
831
820
808
809
781
798
788
805
797
835
755
806
769
798
805
793
765
754
764
792
760
780
776
794
758
780
775
774
742
756
766
767
744
774
753
734
765
735
744
757
749
754
713
752
746
728
737
756
718
733
752
737
759
715
709
713
742
718
713
737
723
719
727
715
701
705
710
688
715
705
688
695
694
703
700
711
686
721
707
695
715
690
705
692
694
685
717
685
714
715
692
679
669
690
691
669
693
674
685
701
683
699
686
680
662
666
665
689
645
681
685
654
667
653
675
663
671
676
677
663
672
667
649
677
670
675
665
662
657
663
663
665
661
674
658
670
676
648
662
661
662
640
650
662
653
658
654
657
666
668
680
667
635
642
654
658
642
665
654
640
657
655
669
642
648
660
641
632
649
656
637
643
640
648
648
635
632
640
644
648
632
641
637
647
635
658
644
642
643
644
640
641
641
650
649
637
626
635
632
645
631
629
662
639
640
617
640
637
635
635
640
627
644
639
638
625
631
627
637
639
631
630
638
647
620
630
625
631
627
630
629
637
626
618
631
626
636
622
620
628
617
615
625
617
616
631
626
609
620
624
628
633
617
624
615
620
616
618
626
612
632
622
632
628
631
618
620
619
627
628
614
610
626
619
614
619
620
616
614
616
619
607
623
611
616
615
610
614
621
612
619
618
615
620
611
608
613
622
616
610
620
616
622
603
629
622
624
619
630
618
601
606
614
621
598
608
614
611
612
607
610
613
611
609
609
606
610
612
614
612
629
599
609
609
612
606
610
607
622
609
605
609
608
598
619
612
613
614
620
611
603
608
614
611
597
605
615
603
603
599
620
613
603
611
612
611
610
607
600
610
616
603
619
605
608
608
608
608
612
603
618
609
616
612
601
597
616
613
607
611
612
609
597
602
606
609
608
603
608
602
612
605
610
595
602
598
606
601
607
611
605
611
616
615
610
604
599
618
609
592
597
602
599
603
604
604
609
604
606
603
607
614
608
598
602
598
607
609
601
603
606
605
604
612
599
608
607
606
606
599
600
602
606
598
602
594
601
605
595
594
607
599
604
602
596
607
604
603
608
615
605
602
608
611
598
604
607
604
604
603
601
594
612
601
608
596
598
606
604
604
600
605
602
602
601
605
605
607
599
595
602
598
612
604
606
602
599
600
598
606
610
607
604
611
603
600
601
597
596
600
602
596
