0.000005404642
0.000006843841
0.000008504714
0.000010296534
0.000012007471
0.000013546420
0.000015156403
0.000016798883
0.000018490511
0.000020188944
0.000021783824
0.000023393820
0.000025018177
0.000026694691
0.000028366668
0.000029997829
0.000031703064
0.000033307769
0.000035022074
0.000036622244
0.000036563288
0.000034907181
0.000033233695
0.000031554159
0.000029894273
0.000028256311
0.000026652363
0.000025008351
0.000023356783
0.000021790626
0.000020138302
0.000018443648
0.000016773183
0.000015141971
0.000013570474
0.000012007020
0.000010288791
0.000008496671
0.000006860152
0.000005400508
