603
606
601
595
604
595
598
605
594
601
601
601
598
603
607
598
598
606
599
597
601
606
600
601
599
603
605
599
591
607
603
605
611
599
604
604
607
598
598
592
600
598
593
598
600
608
612
597
593
599
599
613
600
595
611
605
604
609
596
593
603
606
606
607
607
601
604
599
602
598
603
604
602
603
600
602
605
596
601
609
602
599
594
608
601
605
604
597
603
601
603
604
594
593
597
605
600
598
604
602
600
600
604
600
604
603
600
605
605
600
602
597
598
598
598
600
605
597
601
601
602
603
594
594
598
604
599
594
608
605
601
605
599
603
602
611
603
612
599
608
598
597
602
603
603
608
597
601
598
595
594
601
595
607
595
606
602
598
610
601
596
599
600
599
600
601
601
608
604
603
598
602
604
602
600
596
599
591
600
605
604
593
603
612
605
608
615
602
602
603
597
610
602
604
609
603
603
603
603
605
602
603
612
596
602
593
604
610
607
599
607
599
605
601
606
600
611
609
610
611
605
605
599
597
607
598
614
600
600
601
603
608
604
600
600
613
605
607
602
601
613
606
606
607
611
616
602
600
606
606
604
603
600
600
610
607
597
606
603
603
608
604
609
613
606
611
607
616
614
612
605
606
606
604
603
615
605
614
605
608
611
606
612
617
606
611
610
611
605
618
608
621
616
613
609
613
620
619
609
627
620
609
618
628
623
609
617
610
619
611
619
624
622
615
619
619
621
634
623
619
621
621
629
624
613
627
624
617
631
631
627
625
630
621
623
631
633
639
635
631
653
637
643
643
653
645
644
651
651
656
656
656
664
659
671
682
674
664
677
685
688
666
672
702
704
704
687
727
706
713
723
720
732
792
752
738
765
766
809
788
781
771
801
816
788
786
842
860
847
891
864
912
895
913
973
942
966
981
1027
996
1035
1057
1114
1140
1134
1152
1125
1185
1221
1290
1241
1295
1333
1358
1353
1414
1573
1433
1607
1561
1585
1651
1725
1772
1777
1880
1977
1961
1999
2146
2079
2148
2261
2304
2443
2584
2436
2805
2816
3000
2967
2988
3092
3158
3252
3317
3372
3518
3596
3700
3829
4009
4292
4145
4487
4556
4619
4742
4880
4967
5129
5282
5342
5424
5512
5589
5633
5700
5941
5940
6240
6270
6455
6384
6689
6697
6664
6729
6716
7092
7010
7205
7298
7253
7273
7409
7464
7319
7477
7371
7339
7417
7382
7512
7372
7361
7593
7589
7408
7462
7542
7477
7482
7426
7417
7059
7073
7139
7010
6998
6803
6956
6528
6574
6471
6398
6156
6262
6113
6144
5956
6075
5929
5743
5618
5518
5548
5347
5437
5009
5000
4887
4744
4709
4687
4607
4591
4507
4384
4336
4170
4143
4153
4038
3779
3887
3876
3802
3708
3600
3616
3450
3369
3394
3444
3263
3221
3267
2999
3032
3056
3147
3067
2861
2986
2900
2861
2679
2673
2671
2761
2664
2652
2567
2575
2592
2554
2393
2480
2479
2477
2384
2323
2428
2303
2334
2275
2224
2248
2157
2103
2220
2076
2039
2047
2124
2019
2030
2029
2027
1860
2007
1862
1865
1869
1903
1843
1862
1828
1790
1810
1710
1788
1830
1787
1692
1684
1691
1636
1666
1646
1707
1551
1543
1559
1578
1531
1550
1546
1587
1518
1511
1557
1518
1522
1473
1476
1444
1369
1360
1330
1383
1359
1370
1337
1342
1321
1309
1255
1261
1277
1269
1291
1256
1197
1243
1225
1239
1267
1217
1157
1166
1219
1209
1161
1157
1159
1112
1120
1146
1069
1100
1161
1085
1073
1081
1065
1060
1094
1084
1080
1052
1034
1061
1079
1030
1013
971
999
1010
962
991
974
1017
938
988
996
981
916
931
950
964
933
938
893
922
933
930
912
899
913
878
887
896
880
883
879
867
880
879
887
847
867
840
867
827
850
804
826
820
810
838
799
813
827
847
847
799
810
809
800
801
807
798
814
796
783
780
803
774
815
743
770
779
826
794
768
768
761
788
755
747
731
765
765
756
731
737
760
743
743
737
752
739
718
738
738
746
708
749
733
752
712
708
723
722
763
735
720
719
734
740
696
726
710
724
724
701
726
711
703
724
698
711
720
683
686
690
715
695
682
674
705
686
710
698
694
686
706
693
668
691
681
689
677
702
685
678
700
714
692
671
667
682
656
656
663
660
664
652
680
660
674
659
657
652
676
660
674
673
659
650
672
669
675
659
668
648
648
668
658
694
661
656
678
665
662
656
654
639
648
662
650
678
658
659
664
663
650
655
641
645
639
656
656
644
639
652
651
651
649
658
637
635
653
654
637
649
631
643
644
645
640
640
628
644
647
633
644
633
641
625
642
646
627
633
648
643
628
627
638
626
646
631
643
637
647
631
628
644
628
628
627
633
626
630
641
629
621
633
639
620
621
628
616
639
627
620
623
615
627
624
622
633
647
633
627
628
625
621
615
618
641
613
618
616
620
613
615
619
630
631
623
625
629
624
630
640
621
629
611
613
612
617
626
623
621
615
621
619
623
624
608
622
610
612
622
610
608
613
615
619
614
612
627
601
626
615
616
614
616
621
613
611
613
621
612
613
621
617
612
612
618
617
618
602
605
614
617
619
619
622
620
600
613
612
619
618
614
601
609
622
614
609
611
619
611
610
616
604
611
608
615
618
618
613
609
611
613
606
610
616
603
609
613
613
608
618
615
614
607
614
608
609
604
604
607
601
604
613
609
600
610
618
610
610
613
614
610
621
606
611
612
606
610
607
609
613
604
611
598
605
604
612
607
606
607
600
604
614
602
604
610
606
608
602
605
606
601
607
618
612
599
612
606
606
613
597
602
601
597
608
602
604
600
608
593
614
605
603
600
601
605
615
598
616
608
612
605
619
614
609
606
599
609
603
601
604
608
607
598
604
597
611
598
609
592
614
600
596
608
612
610
594
613
593
606
610
599
605
604
606
609
597
605
597
605
604
604
601
607
599
604
600
607
604
605
594
602
602
596
600
600
603
609
601
606
601
597
602
606
600
605
596
597
595
615
595
602
603
609
601
605
602
605
598
598
603
605
596
597
600
599
599
599
601
602
593
604
601
592
603
587
609
594
598
602
609
599
603
609
590
605
603
603
605
600
600
594
594
607
606
598
601
605
606
603
600
590
604
601
596
609
610
595
611
603
601
600
594
611
609
601
597
598
598
601
601
608
607
600
598
610
600
597
598
598
597
600
594
600
592
604
598
608
595
602
601
605
600
602
597
606
601
601
595
596
596
601
582
607
608
594
598
601
599
604
595
599
610
601
605
603
596
602
601
596
599
609
602
