599
606
604
603
607
605
606
602
599
606
606
608
606
593
608
604
607
594
611
604
603
605
598
608
605
605
607
598
602
606
597
596
608
598
604
600
600
598
602
599
606
600
608
606
603
602
603
599
607
603
605
598
603
595
605
604
597
607
590
610
613
602
604
612
610
599
605
602
604
598
607
606
606
607
592
603
604
604
602
604
611
596
590
607
605
611
603
607
604
598
605
603
610
607
610
594
603
610
601
602
605
601
596
605
601
608
606
607
608
604
608
601
599
600
600
596
603
597
603
592
608
600
603
603
606
604
605
608
601
608
602
601
605
611
595
606
611
606
603
598
601
602
592
594
603
602
601
602
607
603
594
605
611
604
605
602
605
595
603
610
604
605
606
608
615
609
606
610
603
618
606
607
602
597
601
605
610
603
601
609
608
604
608
601
615
599
598
605
606
613
611
600
602
607
599
601
594
601
601
603
607
601
606
604
606
613
608
607
608
604
599
613
605
608
606
604
614
602
601
608
621
601
610
607
612
611
620
597
604
608
604
608
607
605
615
613
608
608
599
611
609
599
611
615
609
615
608
611
603
608
608
613
609
603
621
606
612
610
599
612
613
603
607
611
613
608
620
611
597
617
611
614
610
605
613
620
605
618
619
606
621
605
612
612
609
611
607
615
619
613
615
612
608
617
613
605
619
622
614
615
626
622
618
614
620
618
626
619
632
631
617
629
631
622
622
645
629
632
616
648
635
642
627
627
629
639
633
634
649
644
623
644
645
637
648
651
649
641
649
665
666
652
639
664
677
683
666
667
679
703
680
696
685
696
669
686
710
705
706
720
728
706
763
725
748
751
750
759
762
781
769
794
808
797
783
804
818
831
837
856
849
861
878
869
875
889
914
949
955
986
972
1013
1056
1006
1025
1094
1116
1106
1203
1151
1242
1191
1248
1228
1351
1297
1353
1436
1436
1485
1519
1560
1602
1681
1624
1798
1859
1869
1882
1930
2014
1973
2106
2142
2258
2273
2303
2461
2613
2605
2775
2818
2922
2983
3068
3238
3261
3360
3530
3571
3785
3855
3997
4095
4354
4379
4486
4722
4732
4917
5065
5231
5324
5655
5820
5916
6090
6349
6323
6641
6798
6941
7153
7201
7359
7354
7604
7722
7931
7837
7905
8233
8078
8520
8603
8701
8722
8978
9180
9331
9207
9462
9452
9505
9577
9689
9735
9906
9831
9491
9803
9717
9953
9893
9826
9812
9969
9765
9821
9818
9905
9932
9845
9621
9877
9556
9450
9629
9385
9070
9097
9190
8748
8799
8728
8681
8346
8383
8264
8372
8030
8080
7858
7786
7596
7409
7118
7048
6965
6977
6894
6654
6588
6433
6187
6232
6145
5798
5804
5825
5697
5663
5460
5449
5319
5151
5226
5092
4929
4891
4839
4639
4566
4523
4576
4410
4326
4152
4210
4164
4187
4080
4103
3937
3897
3900
3763
3817
3525
3619
3684
3600
3556
3445
3589
3389
3420
3247
3187
3282
3042
3033
3101
3077
3108
3079
3010
3018
3102
2855
2933
2901
2822
2848
2741
2677
2661
2665
2578
2685
2608
2599
2563
2535
2543
2494
2448
2431
2348
2289
2243
2318
2299
2276
2226
2215
2216
2210
2098
2110
2089
2107
2041
2084
2157
2056
1994
2019
1975
2010
1994
1795
1823
1836
1879
1857
1782
1848
1752
1796
1719
1725
1679
1652
1684
1565
1621
1673
1563
1545
1618
1617
1700
1542
1550
1564
1522
1522
1509
1468
1532
1468
1414
1465
1458
1358
1382
1411
1359
1394
1337
1355
1385
1276
1363
1286
1303
1292
1360
1316
1283
1228
1232
1242
1308
1185
1210
1238
1233
1169
1149
1208
1132
1141
1126
1160
1110
1141
1132
1087
1156
1123
1052
1071
1083
1080
1027
1083
1065
1055
1040
1031
1025
987
1024
1005
1028
996
972
1019
971
962
951
973
952
962
955
1027
917
901
969
941
916
962
922
922
922
905
876
913
881
918
852
859
887
881
888
890
871
853
833
890
849
845
859
872
822
844
800
837
835
860
852
850
840
835
817
841
805
832
814
777
776
812
822
803
775
806
809
784
789
810
792
781
752
780
775
791
775
767
746
817
756
747
769
736
745
759
753
740
754
777
751
752
731
750
735
754
758
726
733
751
731
742
730
723
736
720
737
716
748
711
736
738
727
720
740
713
721
696
717
717
734
716
729
713
707
710
715
700
696
698
707
700
688
686
703
698
722
683
708
704
698
677
688
692
684
695
697
687
691
686
660
682
679
675
673
654
714
694
696
678
666
662
690
668
687
657
666
685
658
671
676
667
655
666
687
671
665
658
654
659
668
660
652
676
661
660
663
657
637
635
655
662
666
662
645
638
654
659
650
662
653
656
671
640
648
642
655
663
657
635
657
661
665
637
654
648
633
649
652
654
642
636
670
646
644
647
650
649
643
641
637
640
649
646
644
621
647
632
636
651
643
628
638
628
627
632
649
622
624
636
625
629
625
626
638
638
631
637
649
627
656
639
631
628
618
627
625
623
611
624
639
618
620
619
632
627
644
630
623
628
645
632
634
635
637
619
631
628
613
625
625
628
629
612
615
619
621
611
624
629
618
623
627
611
617
624
624
628
629
626
619
611
620
612
622
610
616
622
610
623
615
616
613
614
615
618
614
621
608
626
619
616
623
620
621
612
624
615
616
624
618
612
612
623
623
622
614
626
608
622
611
609
630
616
626
613
615
610
604
612
614
617
621
609
612
623
613
613
620
613
616
609
613
600
609
607
613
617
621
606
612
621
609
604
615
604
613
616
612
604
624
606
608
613
626
617
612
613
607
622
599
615
610
617
607
615
612
614
620
618
618
613
600
604
616
610
616
608
608
605
608
604
611
603
610
608
596
606
616
613
607
603
603
607
601
600
602
607
611
599
606
607
618
613
605
599
609
603
614
606
603
620
608
597
608
601
601
613
611
599
602
606
601
601
608
610
605
610
615
601
603
606
606
620
601
609
601
607
603
611
594
614
612
613
601
606
602
596
615
608
599
608
596
605
615
609
592
604
607
603
613
601
603
609
610
602
601
601
605
605
608
607
610
600
600
592
603
603
603
600
607
600
607
607
595
598
602
601
608
608
609
597
609
604
600
596
607
603
598
611
599
604
597
603
612
597
606
600
603
601
604
602
599
594
608
596
602
604
596
601
603
599
609
602
601
608
605
603
605
607
608
605
603
599
598
610
610
604
604
605
596
599
597
606
597
602
603
599
595
602
605
608
602
603
605
608
604
598
600
598
596
603
597
599
604
607
599
604
603
605
598
603
604
602
593
601
595
610
608
602
606
598
601
607
607
596
601
603
