600
607
609
596
614
600
607
609
603
599
604
609
623
602
592
613
601
600
605
601
602
615
602
597
604
604
620
634
635
627
629
617
613
607
614
604
603
607
590
605
601
601
604
617
618
622
620
627
623
613
607
603
606
596
607
608
604
596
604
598
602
600
608
600
592
610
596
601
604
601
600
601
612
605
600
603
600
602
598
598
605
605
598
605
608
596
602
601
601
590
601
601
603
604
597
615
599
602
597
603
602
603
607
600
605
602
602
604
602
602
607
602
607
598
609
599
602
603
601
600
600
595
599
603
609
603
606
600
601
598
596
603
596
601
599
592
609
600
603
598
600
603
606
611
600
595
601
602
601
606
598
605
609
593
599
598
599
607
599
595
612
597
603
607
592
606
606
601
605
606
600
603
604
601
594
601
595
590
601
606
601
599
603
604
602
603
596
603
598
602
604
600
595
600
597
598
603
594
604
597
590
604
607
596
598
603
597
593
595
596
604
605
599
601
597
600
604
595
604
595
604
602
608
593
595
604
603
604
595
597
603
600
600
596
603
597
600
598
595
601
597
604
604
599
609
603
597
595
607
596
606
601
604
603
594
593
597
596
597
604
605
600
594
595
596
604
599
598
606
606
591
599
592
602
608
599
607
599
601
596
600
602
601
602
598
602
617
592
605
598
596
599
606
606
606
597
608
596
608
600
599
604
602
602
599
598
605
604
607
605
601
606
594
604
596
601
606
608
595
598
599
597
597
596
601
600
605
601
600
598
606
603
599
603
606
600
605
601
610
604
604
611
607
603
608
607
606
606
609
607
601
601
613
600
601
602
607
606
597
599
617
609
606
607
603
603
606
602
595
607
599
602
605
603
609
604
602
611
605
609
600
601
605
606
608
609
612
602
608
621
611
609
611
606
604
609
598
604
614
605
617
607
609
622
602
623
606
616
602
625
610
619
628
615
616
617
616
635
615
622
613
609
631
629
626
612
625
624
626
631
614
641
630
633
623
628
619
630
639
640
629
630
649
648
657
643
637
645
683
633
640
670
653
673
666
659
655
670
665
689
666
681
692
675
666
695
695
680
692
681
705
705
727
699
703
749
718
733
718
749
767
738
744
738
738
769
764
785
752
776
802
773
796
766
787
770
807
825
801
830
829
843
854
823
896
873
875
886
866
910
919
914
886
950
906
919
945
970
908
968
988
1009
977
1014
1006
1044
986
1030
1117
1053
1061
1076
1070
1068
1094
1065
1102
1118
1161
1118
1154
1200
1224
1190
1204
1262
1235
1244
1205
1265
1286
1239
1270
1285
1319
1275
1369
1309
1323
1339
1291
1325
1430
1452
1346
1374
1388
1439
1482
1453
1425
1476
1459
1489
1496
1537
1498
1474
1568
1486
1503
1530
1554
1642
1578
1540
1590
1538
1539
1595
1686
1613
1604
1619
1609
1582
1636
1628
1661
1706
1603
1611
1612
1632
1595
1685
1660
1583
1670
1619
1729
1711
1713
1685
1695
1648
1627
1690
1651
1687
1692
1666
1657
1664
1734
1651
1680
1684
1713
1698
1722
1771
1728
1774
1730
1763
1730
1735
1742
1728
1735
1781
1765
1674
1754
1698
1701
1748
1749
1652
1668
1801
1778
1699
1762
1754
1750
1750
1744
1739
1695
1728
1752
1718
1723
1713
1722
1699
1710
1700
1639
1677
1661
1620
1640
1693
1643
1690
1702
1671
1698
1632
1656
1573
1693
1682
1680
1653
1611
1646
1590
1589
1675
1641
1659
1577
1611
1607
1587
1659
1605
1574
1623
1540
1538
1588
1536
1616
1574
1556
1601
1582
1527
1528
1509
1554
1537
1539
1473
1565
1483
1474
1580
1549
1519
1430
1420
1438
1434
1463
1470
1445
1483
1435
1400
1475
1424
1425
1436
1446
1355
1336
1372
1379
1418
1403
1298
1357
1331
1351
1347
1333
1312
1271
1318
1276
1294
1251
1261
1247
1260
1254
1276
1218
1275
1264
1255
1216
1222
1207
1233
1204
1188
1239
1174
1105
1141
1138
1169
1141
1076
1085
1182
1119
1106
1099
1081
1070
1053
1075
1072
1081
1051
1073
1038
1072
1023
1034
1038
989
1064
1004
1049
970
1006
1005
966
1026
970
974
978
953
928
982
999
957
920
903
907
916
899
916
914
933
895
906
868
879
877
898
909
876
836
870
838
877
853
852
847
823
845
848
842
847
827
827
839
817
823
812
835
798
833
810
811
816
796
748
773
794
782
771
762
779
771
782
757
762
784
753
733
744
722
758
728
723
736
740
759
760
741
725
718
725
718
731
711
711
723
729
725
710
711
717
709
696
702
707
684
693
718
697
714
703
674
679
673
691
692
691
693
683
682
716
668
664
662
678
691
685
680
648
690
667
673
672
655
672
659
644
661
673
646
636
669
666
667
652
651
657
646
650
658
650
665
653
639
655
652
654
651
666
655
638
648
638
638
626
658
648
630
636
643
648
650
615
645
631
631
615
634
651
638
632
623
644
631
628
635
632
628
642
638
630
633
644
636
634
617
632
635
632
646
635
642
629
631
621
622
637
617
621
625
623
622
626
620
628
601
629
618
634
614
632
631
618
608
629
627
620
619
617
618
611
631
614
623
613
614
620
605
611
627
617
612
614
620
617
616
613
616
615
612
612
616
605
626
620
622
596
609
623
615
625
611
609
619
620
611
617
621
607
614
615
620
609
621
600
610
609
627
604
607
604
605
602
617
621
613
614
605
607
609
599
605
611
619
614
608
599
610
618
605
610
610
617
620
613
605
610
611
600
604
599
615
616
606
599
598
608
600
603
604
615
601
601
605
596
594
607
605
612
595
613
604
602
603
600
598
606
609
600
602
598
604
602
600
598
610
598
598
601
599
605
602
600
594
607
601
601
603
611
603
611
595
601
597
603
601
602
608
601
595
611
593
605
603
602
614
603
600
602
603
600
612
602
604
603
601
600
618
604
596
592
604
601
607
606
607
597
597
601
603
601
604
606
601
603
603
595
604
600
597
604
606
605
601
597
601
595
606
603
596
605
601
593
607
601
591
600
599
598
606
590
600
606
593
604
602
603
606
603
597
597
600
599
594
597
609
600
607
600
597
604
606
601
603
605
597
598
605
601
595
596
605
603
602
600
601
596
598
594
597
594
599
603
611
603
605
603
609
602
598
610
597
606
607
600
612
601
605
603
598
605
603
600
598
603
602
587
596
602
599
600
606
595
595
596
595
604
600
603
603
601
605
601
601
601
602
600
596
600
598
601
601
595
592
596
604
600
602
599
598
597
601
597
594
602
606
593
604
599
603
607
600
606
606
601
606
602
