596
602
600
601
607
600
601
595
602
601
609
616
601
599
599
605
596
600
596
608
598
600
598
604
602
612
606
617
612
620
612
603
616
603
596
602
603
604
600
611
602
607
609
604
616
614
607
606
610
617
605
603
605
602
604
602
592
598
597
602
598
596
591
601
600
604
602
605
604
598
603
598
600
599
601
591
599
597
602
597
596
602
609
600
605
596
604
602
603
600
600
600
603
609
601
599
606
606
612
601
597
600
592
600
606
598
606
600
599
604
602
595
610
609
601
597
591
599
599
596
599
592
606
596
598
604
603
602
603
602
602
595
595
600
608
595
603
605
599
598
601
603
605
597
599
596
599
594
599
596
606
597
588
602
596
608
598
604
595
597
605
602
596
608
600
602
601
594
599
609
599
597
610
599
595
598
600
596
607
596
601
595
599
598
607
602
610
597
603
603
595
602
606
599
602
601
596
602
596
593
604
600
598
599
597
604
592
594
602
605
594
602
601
601
599
604
597
597
596
602
601
602
595
606
602
600
599
601
598
602
588
600
597
599
596
601
602
597
602
602
603
593
595
606
592
602
601
600
597
604
596
596
607
595
600
605
601
606
595
598
600
593
600
601
598
594
594
589
603
599
594
598
592
603
598
595
593
601
595
593
598
604
596
600
602
603
606
598
602
598
599
595
598
601
594
602
603
604
601
602
601
598
607
599
606
603
596
595
596
600
600
594
599
597
593
595
607
600
596
603
606
601
611
597
589
590
597
606
600
601
595
608
601
599
607
604
608
607
607
611
606
594
609
604
597
609
596
595
599
598
595
609
601
608
611
609
617
598
602
603
602
595
607
613
601
605
614
611
601
606
602
609
616
612
612
617
607
609
606
608
603
613
613
614
609
617
614
613
604
620
620
607
601
611
605
623
614
608
624
613
604
616
627
613
622
628
620
613
631
609
627
606
627
636
624
623
621
626
633
634
643
629
641
629
633
643
642
635
640
644
651
666
658
652
646
648
660
654
638
665
676
668
681
662
669
653
674
663
665
691
676
676
684
696
712
692
712
702
718
696
720
730
720
719
727
708
734
742
767
764
767
777
732
748
793
769
791
777
784
802
826
814
858
829
872
862
834
853
862
894
862
885
861
907
931
887
910
932
934
968
951
993
980
1006
984
1001
998
1043
1023
1034
1120
1039
1084
1129
1070
1148
1115
1135
1115
1175
1165
1184
1229
1207
1256
1266
1234
1258
1295
1257
1292
1316
1333
1327
1369
1306
1390
1347
1405
1389
1403
1483
1405
1502
1523
1512
1559
1567
1649
1609
1603
1577
1595
1611
1619
1637
1686
1695
1760
1770
1663
1838
1780
1798
1849
1835
1832
1866
1818
1862
1912
1950
1908
1923
1893
1912
1946
1926
1993
2072
2010
1985
2050
2061
2074
2106
2191
2101
2104
2203
2139
2147
2184
2126
2212
2186
2272
2169
2242
2249
2239
2235
2269
2178
2181
2301
2257
2357
2230
2280
2288
2306
2382
2424
2358
2295
2412
2431
2345
2441
2412
2384
2379
2372
2327
2338
2314
2314
2382
2398
2312
2338
2313
2438
2406
2321
2333
2492
2406
2461
2437
2434
2420
2389
2382
2338
2432
2464
2401
2373
2448
2401
2408
2434
2377
2469
2388
2491
2395
2394
2484
2372
2371
2303
2344
2398
2349
2381
2418
2375
2353
2370
2345
2339
2406
2311
2360
2381
2288
2348
2297
2253
2288
2170
2335
2222
2327
2359
2326
2303
2220
2383
2296
2139
2243
2224
2298
2254
2164
2281
2143
2246
2160
2248
2168
2163
2236
2178
2227
2187
2168
2121
2087
2134
2192
2135
2074
2103
2042
2042
2140
2075
2129
1991
2108
2065
2016
2065
2064
2025
2011
2004
1993
1892
1974
1937
2001
1963
1981
1830
1925
1861
1902
1846
1949
1818
1898
1908
1840
1723
1799
1817
1810
1779
1734
1696
1761
1758
1814
1717
1725
1668
1677
1703
1663
1550
1630
1592
1538
1638
1624
1538
1589
1532
1581
1498
1470
1523
1543
1531
1522
1553
1482
1498
1475
1424
1396
1431
1502
1393
1463
1449
1396
1367
1426
1382
1334
1346
1346
1362
1294
1270
1268
1309
1294
1357
1236
1289
1249
1231
1240
1266
1222
1241
1222
1204
1214
1165
1185
1168
1180
1127
1151
1125
1116
1111
1113
1119
1101
1060
1078
1052
1068
1043
1060
1033
1050
1067
1033
1042
1007
1025
1023
1007
990
991
1012
960
939
946
947
960
950
976
917
925
904
918
912
876
929
931
942
933
922
911
890
867
900
873
867
854
842
868
856
830
839
862
846
850
830
822
823
798
796
821
820
800
813
842
812
787
781
800
810
797
804
758
785
768
766
784
770
790
742
770
771
743
754
737
740
762
734
738
723
731
742
749
759
755
725
709
727
747
691
712
731
705
714
708
684
721
705
707
712
712
688
722
706
680
680
675
692
698
677
677
692
661
689
668
663
655
663
684
674
677
673
689
658
661
663
673
680
662
679
682
658
675
647
665
651
647
654
647
647
663
671
661
645
645
658
645
638
645
655
650
637
665
644
642
647
662
636
657
636
654
639
639
640
647
655
652
644
630
622
635
628
643
634
630
631
649
632
639
647
640
639
633
619
657
636
637
640
627
637
625
635
624
632
613
626
630
617
620
628
628
611
619
608
634
630
626
623
603
628
626
628
626
620
614
623
623
626
611
641
622
625
614
610
626
617
612
617
614
619
631
620
619
620
614
612
607
621
608
619
609
636
611
609
617
610
620
612
612
616
598
612
611
611
621
628
609
603
606
605
614
594
617
610
612
609
609
606
608
622
620
613
622
607
603
611
601
603
612
610
608
605
611
603
620
613
614
608
595
609
606
607
604
604
613
606
611
597
616
605
612
613
610
614
608
614
614
604
593
598
611
599
602
605
599
612
597
607
608
606
593
609
604
603
603
600
603
604
602
615
608
606
601
606
606
606
609
608
602
594
611
598
603
597
610
599
605
607
605
601
601
608
613
597
607
602
594
606
604
597
608
596
596
594
598
597
597
597
605
597
599
601
608
603
600
597
605
600
600
604
602
607
599
605
595
611
605
599
605
601
597
595
601
598
604
608
598
600
594
612
594
599
601
608
607
605
594
596
608
602
603
605
601
601
591
600
601
592
596
604
604
593
605
600
601
601
597
595
606
600
603
607
602
598
604
600
601
589
598
594
606
598
602
603
601
603
603
603
602
600
596
612
602
606
603
598
602
604
600
604
606
590
604
603
592
603
606
603
604
599
595
609
603
607
604
598
602
597
594
610
593
609
599
594
583
601
611
614
596
599
600
608
614
595
606
593
593
596
589
601
594
598
597
596
604
