611
600
606
601
607
600
606
597
606
609
598
604
606
594
605
605
594
608
602
606
603
600
602
601
606
609
608
612
605
623
627
627
608
609
613
616
606
606
604
607
603
613
615
604
609
622
603
602
612
619
614
607
597
600
595
602
601
602
607
594
603
602
592
604
600
599
605
602
602
609
598
602
596
603
602
597
602
602
597
600
607
596
609
605
604
605
604
598
602
601
603
611
607
607
606
601
606
597
595
594
603
605
598
610
596
602
595
609
606
586
600
600
595
600
593
603
597
602
595
606
604
596
599
595
605
606
602
601
602
599
597
598
602
596
597
601
598
610
598
604
597
603
599
596
598
598
600
602
610
598
599
604
606
606
602
594
599
591
601
596
598
600
601
604
603
597
608
593
605
596
601
601
602
602
605
600
600
601
598
606
604
601
605
601
598
597
596
588
612
599
602
604
600
605
597
609
597
598
605
602
607
600
598
603
604
606
603
598
608
603
602
595
603
605
598
605
604
595
603
600
597
611
601
598
595
595
599
605
594
598
604
602
599
609
591
602
599
607
600
600
600
601
595
601
588
595
597
604
594
605
604
601
604
601
602
603
593
597
593
604
593
604
594
599
605
596
606
609
597
596
596
604
608
611
596
597
597
601
603
593
601
601
603
601
609
593
597
596
607
601
598
603
601
595
613
605
598
610
606
601
615
603
603
611
603
602
605
598
600
597
599
598
611
614
604
598
606
601
603
610
614
612
602
597
611
599
602
615
613
602
611
603
596
607
613
605
601
604
610
609
617
604
603
612
607
599
601
617
611
602
607
593
615
606
614
607
612
602
606
611
608
603
612
605
607
608
605
618
613
616
603
617
611
609
615
623
612
622
619
612
621
604
611
617
615
621
605
613
612
623
619
617
611
619
618
620
619
621
615
630
638
626
624
632
633
627
639
630
640
637
635
639
642
622
644
636
640
643
643
643
648
633
634
656
638
640
645
657
669
654
657
662
650
655
671
664
666
673
681
690
675
656
676
663
691
688
696
691
713
698
697
694
729
718
738
715
738
705
754
734
787
761
759
747
759
793
771
803
765
776
779
814
817
843
820
886
845
853
856
865
897
906
861
896
933
944
920
916
942
920
967
941
974
993
1029
1008
985
1009
1046
1034
1090
1056
1061
1099
1145
1144
1154
1156
1154
1197
1159
1211
1195
1282
1338
1236
1264
1234
1298
1306
1309
1327
1434
1337
1406
1388
1451
1461
1462
1483
1451
1487
1519
1529
1576
1584
1573
1616
1603
1589
1643
1648
1797
1763
1791
1754
1719
1766
1869
1851
1882
1872
1840
1911
1995
1950
1965
1984
1943
1987
2041
1979
2054
2161
2118
2112
2225
2233
2243
2230
2254
2398
2290
2246
2195
2285
2342
2447
2350
2330
2379
2385
2339
2461
2432
2581
2519
2556
2588
2565
2658
2626
2560
2625
2684
2579
2792
2664
2594
2677
2693
2728
2685
2728
2777
2619
2658
2801
2738
2777
2870
2785
2807
2856
2764
2755
2838
2851
2861
2874
2669
2834
2893
2820
2923
2867
2845
2762
2731
2861
2901
2935
2936
2899
2802
2876
2804
2867
2869
2875
2874
2985
2861
2827
2899
2923
2877
2905
2865
2956
2821
2932
2755
2949
2862
2885
2928
2854
2828
2812
2861
2757
2872
2834
2871
2915
2817
2816
2820
2747
2983
2807
2893
2792
2707
2955
2730
2798
2870
2802
2739
2806
2780
2747
2860
2659
2734
2776
2780
2780
2744
2718
2603
2685
2735
2771
2554
2660
2747
2595
2584
2595
2692
2646
2676
2672
2517
2629
2638
2622
2561
2597
2629
2541
2669
2592
2514
2409
2489
2507
2521
2399
2505
2358
2351
2419
2431
2455
2384
2399
2364
2385
2431
2380
2342
2232
2295
2360
2210
2248
2237
2255
2264
2148
2160
2194
2132
2165
2147
2097
2151
2119
2070
2120
2001
2133
1969
2111
1975
2014
2008
1957
1946
1997
1888
1938
2035
2010
1918
1898
1829
1872
1882
1851
1853
1795
1798
1769
1748
1785
1771
1774
1776
1696
1668
1672
1713
1665
1646
1705
1676
1667
1543
1549
1478
1594
1582
1594
1536
1495
1478
1555
1500
1496
1497
1508
1494
1493
1379
1440
1424
1423
1388
1405
1400
1349
1358
1316
1358
1306
1248
1334
1293
1311
1278
1249
1251
1227
1216
1233
1268
1158
1202
1178
1146
1187
1197
1133
1164
1149
1101
1106
1110
1078
1123
1082
1090
1065
1068
1080
1088
1029
1023
1063
1050
1066
1015
1010
998
991
1024
1062
982
985
982
989
970
920
947
1002
916
936
896
940
914
927
908
915
899
931
905
879
895
912
899
874
867
893
904
889
866
853
802
880
855
810
830
816
849
840
797
817
857
788
822
804
787
832
792
780
788
791
765
779
770
744
755
738
779
789
745
764
762
744
764
760
726
732
739
738
747
735
736
752
725
732
714
713
736
749
696
744
713
709
714
710
694
713
699
719
691
707
690
704
694
687
688
705
705
711
693
687
699
697
701
695
703
687
680
665
664
660
675
676
672
657
678
669
669
681
656
679
665
666
672
647
670
684
671
667
658
634
646
660
662
656
640
653
653
654
643
662
663
663
662
670
645
655
651
670
660
648
644
637
646
653
636
628
645
637
629
641
643
640
648
644
647
624
631
644
649
640
643
614
641
644
634
650
616
652
629
632
621
636
636
622
615
630
617
631
634
626
619
622
624
631
623
633
626
624
625
620
617
632
628
620
617
623
621
635
614
628
620
617
617
610
614
622
618
619
617
621
628
623
609
611
619
608
620
623
606
619
606
615
609
625
616
623
622
622
627
612
598
615
617
612
618
624
621
616
616
621
622
592
606
594
607
617
611
612
617
615
607
621
612
600
610
618
613
606
612
617
604
613
610
611
618
619
610
609
610
609
613
611
607
611
602
601
602
623
608
625
604
606
606
603
605
607
602
614
603
603
610
610
604
608
606
608
610
599
605
601
603
611
615
615
607
611
609
611
609
604
607
611
609
614
613
600
612
609
598
609
602
607
605
600
603
606
602
607
605
599
610
608
607
606
589
615
603
602
609
599
619
599
607
600
603
607
600
602
598
595
602
602
595
612
599
609
598
610
595
604
609
608
603
602
597
606
606
605
606
602
592
617
610
610
605
599
606
592
607
607
601
598
609
611
599
608
604
605
604
607
608
601
606
606
601
612
602
602
606
607
601
611
601
601
604
607
607
607
600
604
608
602
601
600
599
595
600
593
603
609
601
603
604
606
606
595
602
594
596
604
601
605
604
603
595
606
598
600
606
598
605
592
605
602
599
599
599
598
594
605
596
615
604
608
602
602
607
605
600
599
597
598
602
600
597
595
601
592
