602
606
610
611
609
607
605
608
607
598
610
606
603
614
600
610
607
602
603
597
607
605
589
606
614
600
610
629
614
625
627
613
616
621
614
612
606
608
616
609
606
615
605
610
624
615
608
616
610
609
610
600
607
613
598
606
601
601
594
604
596
603
600
598
599
599
604
614
609
598
609
605
596
601
601
603
598
603
608
601
597
601
588
595
606
599
606
604
603
602
599
593
614
596
601
608
618
600
601
607
602
603
602
601
607
606
597
603
599
610
603
603
605
601
605
607
598
601
609
602
601
596
594
607
596
607
602
588
600
604
604
603
599
600
608
606
600
603
600
606
609
595
596
598
600
599
607
605
601
612
603
615
598
606
602
607
598
598
600
604
598
606
599
603
602
598
597
597
597
596
600
598
607
597
607
603
592
605
602
599
601
597
611
600
598
600
602
596
595
605
601
600
603
597
597
597
602
605
597
607
604
597
603
596
601
600
598
602
606
599
608
598
592
605
602
603
602
593
601
598
609
605
609
597
611
610
601
598
603
594
601
604
596
600
602
598
605
602
598
599
596
598
601
602
595
600
604
605
600
607
599
598
603
599
605
607
610
608
599
601
600
596
599
596
597
601
603
602
601
603
608
598
602
603
594
603
596
605
610
604
602
603
600
607
606
597
605
605
603
613
593
603
609
590
604
598
605
607
599
607
602
595
602
598
607
601
607
609
600
601
601
601
607
601
604
605
611
600
600
604
596
604
598
602
605
600
601
610
601
601
606
614
614
602
608
603
603
605
605
605
599
604
617
596
606
615
614
606
600
597
616
603
602
610
603
612
615
607
623
613
609
604
614
604
620
610
608
609
615
610
624
621
621
617
602
615
619
618
623
616
612
615
606
620
616
614
604
629
613
622
627
609
620
623
618
620
619
633
635
638
620
617
635
621
630
626
630
632
641
634
630
641
646
641
644
652
645
664
647
668
666
645
678
648
646
666
666
661
667
644
658
683
676
668
688
681
677
690
695
684
682
702
718
683
702
712
708
723
704
723
719
734
739
735
754
754
775
763
776
758
794
773
787
774
805
839
800
841
844
844
864
815
871
855
873
913
862
905
901
916
891
912
898
929
983
999
1014
1006
1030
1029
1022
1044
1052
1056
1074
1047
1067
1100
1091
1103
1197
1172
1224
1149
1198
1245
1223
1248
1279
1286
1297
1316
1447
1372
1420
1395
1427
1379
1391
1520
1444
1484
1599
1534
1598
1648
1558
1709
1681
1677
1768
1692
1756
1748
1798
1792
1804
1824
1950
1901
1847
2001
1935
2033
2109
1999
2066
2100
2048
2064
2179
2207
2123
2366
2177
2323
2272
2199
2277
2358
2342
2319
2427
2525
2536
2450
2464
2597
2609
2648
2546
2649
2700
2618
2728
2780
2711
2674
2738
2630
2803
2799
2873
2786
2825
2935
3007
2864
3057
2960
2923
3003
2934
3055
3121
3030
2968
2954
3112
3087
3077
2939
3048
3044
3102
3146
3054
3140
3131
3183
3190
3135
3237
3212
3190
3243
3275
3111
3180
3241
3066
3155
3267
3215
3256
3176
3224
3341
3160
3275
3283
3343
3304
3231
3218
3239
3220
3247
3333
3311
3257
3358
3355
3368
3154
3357
3291
3245
3193
3225
3298
3272
3303
3317
3280
3384
3399
3331
3424
3261
3318
3348
3337
3311
3293
3196
3264
3219
3195
3266
3203
3181
3199
3181
3211
3109
3279
3152
3222
3213
3127
3117
3231
3094
3096
3235
3119
3210
3188
3100
2976
3012
3085
3028
3044
3039
3028
3051
3026
3116
2947
3100
3038
2984
3099
2922
3000
2937
2910
3055
2921
2889
2874
2893
2995
2902
2781
2887
2745
2845
2761
2700
2680
2697
2719
2722
2606
2687
2703
2641
2641
2704
2537
2632
2583
2681
2510
2530
2576
2553
2483
2482
2415
2456
2451
2493
2367
2439
2332
2283
2406
2434
2297
2373
2301
2225
2138
2230
2268
2202
2224
2118
2230
2244
2186
2048
2190
2063
2050
2088
2058
2105
1998
2001
2083
1996
1962
1947
1984
2023
1901
1973
1865
1863
1962
1866
1770
1738
1779
1754
1790
1725
1804
1781
1735
1688
1662
1676
1576
1602
1574
1676
1583
1609
1620
1548
1565
1564
1547
1474
1553
1538
1449
1432
1469
1437
1423
1382
1428
1362
1386
1394
1331
1319
1418
1332
1274
1353
1303
1259
1199
1208
1217
1223
1247
1216
1276
1223
1196
1227
1157
1197
1157
1151
1181
1140
1126
1163
1136
1111
1121
1100
1095
1068
1058
1044
1018
1051
1066
1086
1090
1010
1041
1051
1066
1026
1031
1001
966
1035
950
1039
995
999
956
991
947
919
967
946
917
968
917
924
916
941
898
914
905
925
900
890
877
885
905
848
834
868
865
840
858
890
855
824
829
785
835
824
855
782
811
818
843
805
801
793
787
784
771
770
767
764
741
780
735
789
768
763
781
742
752
762
743
736
751
757
743
726
757
749
746
747
719
747
701
722
731
721
737
729
721
724
721
709
719
700
686
690
697
701
680
693
709
689
716
702
699
663
695
684
688
687
706
683
684
696
698
658
666
691
680
706
702
675
673
669
663
664
659
659
668
659
674
670
664
657
670
652
664
664
649
673
673
659
664
654
653
652
646
658
638
660
656
652
655
670
669
632
651
648
646
658
625
644
647
643
638
648
666
651
638
636
644
646
651
642
631
639
642
629
646
629
644
636
637
629
640
628
629
629
622
637
632
639
635
629
624
615
621
626
624
607
630
628
635
629
634
621
613
623
621
628
627
632
634
609
628
613
628
622
611
622
623
615
619
626
628
624
615
621
620
627
618
622
613
618
614
615
629
609
614
625
619
618
615
609
625
620
612
619
622
613
618
614
618
615
613
613
619
611
603
622
601
606
619
598
617
619
609
611
603
609
616
601
618
615
607
626
609
611
605
610
604
617
612
604
614
612
615
618
604
603
617
609
613
608
615
598
609
606
609
609
603
614
608
609
609
613
615
613
606
607
608
601
610
620
615
608
611
598
604
601
600
598
609
606
611
596
609
613
606
607
609
609
609
615
606
619
615
603
600
608
611
609
610
608
610
604
603
605
603
611
600
611
606
596
599
606
606
602
602
603
609
606
606
610
607
602
605
613
607
606
602
606
603
595
609
610
593
603
603
605
604
603
602
609
606
598
616
603
604
602
605
607
603
610
596
601
603
604
601
597
603
613
599
609
597
603
612
602
609
590
618
609
603
599
598
605
598
604
605
602
613
605
601
597
599
594
598
601
605
601
601
599
605
603
609
605
605
594
608
601
603
602
603
607
598
601
604
606
604
607
601
601
607
602
610
594
605
601
603
592
607
606
604
600
604
604
601
602
603
604
602
602
603
605
596
601
598
603
