599
594
602
603
609
593
610
613
598
599
598
603
603
612
612
602
599
598
602
606
598
600
603
598
607
604
607
617
609
624
600
611
603
614
610
605
608
612
609
601
606
603
605
606
614
603
607
599
612
610
598
598
603
606
604
604
602
606
605
605
601
607
603
609
596
601
600
611
594
603
602
605
600
603
611
603
595
601
598
603
607
606
598
606
596
597
605
598
606
599
599
600
601
614
619
603
595
602
609
598
596
602
603
602
598
604
599
594
600
609
594
605
604
605
603
609
596
599
605
603
605
594
599
596
605
603
600
601
603
600
604
603
588
590
601
602
604
607
597
603
604
596
594
607
604
607
597
601
606
592
603
605
609
601
599
594
597
609
607
605
600
593
599
598
598
599
597
604
598
595
602
606
598
600
601
592
601
605
594
607
604
607
601
601
605
602
602
607
593
594
603
595
603
604
596
605
594
600
602
596
606
604
601
605
601
600
613
607
598
598
596
603
597
602
603
602
613
597
591
596
595
600
608
609
604
594
608
592
594
595
602
605
601
597
601
602
603
598
592
601
597
592
591
604
598
595
598
596
595
598
603
597
593
602
605
603
600
593
594
594
596
596
603
595
604
603
597
604
600
609
601
606
603
606
600
603
593
605
610
604
601
604
604
595
596
593
602
602
604
600
607
599
602
598
602
605
605
590
609
598
606
595
595
609
612
598
611
599
604
607
606
608
602
604
610
598
603
599
607
606
609
609
605
603
605
613
611
601
607
611
604
607
605
611
600
599
606
607
612
601
603
600
603
601
610
612
608
606
613
608
611
617
600
614
616
605
604
618
603
612
619
620
594
603
607
615
602
611
605
608
615
614
628
617
605
604
612
613
610
606
624
622
626
617
619
614
621
622
620
619
621
624
630
617
634
615
636
628
614
617
636
637
643
638
636
634
637
618
631
635
636
638
640
640
643
640
632
655
657
636
678
645
645
671
638
664
657
675
669
676
666
672
656
681
696
704
672
687
680
704
699
704
710
689
710
730
711
738
747
728
757
778
733
748
771
752
761
778
771
792
778
821
807
785
787
808
842
852
843
832
851
852
887
845
926
909
877
918
965
917
975
966
1011
982
966
1014
1043
1051
1036
1031
1057
1029
1054
1102
1078
1157
1146
1132
1144
1167
1183
1214
1258
1256
1313
1272
1294
1339
1306
1319
1346
1317
1336
1396
1421
1392
1448
1484
1514
1573
1480
1607
1600
1606
1664
1632
1738
1691
1686
1746
1786
1782
1841
1820
1762
1830
1871
1927
1938
1964
2072
2091
2060
2165
2060
2198
2215
2171
2347
2245
2307
2254
2374
2359
2370
2391
2356
2375
2395
2377
2470
2528
2551
2605
2561
2701
2684
2794
2754
2677
2732
2742
2757
2836
2875
2873
2882
2787
3000
2911
2938
2899
2997
2930
3023
3081
3026
3034
3047
3216
3118
3117
3237
3195
3232
3052
3286
3242
3070
3197
3293
3324
3321
3260
3189
3300
3321
3291
3410
3329
3436
3328
3300
3266
3333
3289
3383
3501
3409
3478
3421
3429
3476
3343
3370
3426
3375
3365
3316
3388
3411
3388
3512
3366
3472
3495
3451
3576
3387
3510
3521
3409
3489
3447
3448
3536
3494
3441
3556
3383
3393
3393
3547
3384
3516
3556
3420
3394
3405
3479
3402
3477
3572
3530
3412
3470
3415
3432
3542
3257
3504
3366
3427
3264
3491
3386
3443
3315
3388
3389
3329
3322
3274
3394
3373
3285
3329
3325
3301
3256
3199
3196
3326
3092
3153
3205
3221
3150
3144
3117
3213
3214
3181
2998
3169
3058
3120
3154
3174
3202
3161
3111
3036
2969
3109
3037
2830
2886
2949
2963
2880
2904
2959
2909
2861
2817
2746
2939
2923
2806
2899
2784
2699
2667
2783
2775
2662
2610
2716
2688
2598
2603
2621
2530
2566
2501
2547
2542
2546
2474
2485
2504
2449
2350
2460
2418
2405
2309
2356
2437
2301
2309
2257
2259
2212
2249
2182
2249
2216
2200
2139
2129
2211
2063
2145
2097
2102
2084
2058
2071
2043
1911
2074
2052
1911
1922
1918
1949
1874
1943
1855
1840
1859
1868
1791
1802
1796
1663
1699
1733
1697
1674
1628
1711
1653
1628
1675
1680
1625
1621
1611
1560
1523
1569
1537
1491
1496
1494
1516
1454
1435
1420
1384
1417
1399
1372
1415
1337
1337
1353
1328
1279
1324
1306
1260
1313
1295
1283
1286
1211
1210
1220
1241
1245
1200
1192
1167
1153
1185
1164
1163
1125
1113
1144
1088
1090
1100
1078
1052
1135
1045
1110
1071
1056
1047
1049
1019
1054
1065
1024
1050
1015
1025
966
996
970
946
954
941
978
925
925
931
965
916
884
919
924
896
893
926
874
901
900
866
922
888
887
879
897
853
832
867
866
877
884
828
798
880
806
833
877
808
828
837
816
797
820
833
824
766
799
812
774
802
785
775
780
778
766
780
755
773
759
770
765
739
734
730
766
747
718
734
739
748
739
733
757
728
720
735
736
732
727
708
722
717
707
712
716
718
717
711
689
699
693
695
710
706
715
683
688
697
687
685
672
678
699
689
683
666
701
678
661
684
680
676
673
674
679
659
689
676
664
667
684
669
661
671
655
671
665
667
667
659
670
656
653
640
645
655
639
667
644
644
658
633
648
656
663
631
656
656
653
649
647
640
661
655
650
640
635
659
637
631
635
633
645
632
637
625
628
632
637
637
644
648
626
633
618
622
639
624
628
643
632
645
633
637
634
635
642
621
640
621
629
620
625
626
630
633
615
612
619
615
613
609
618
616
619
623
627
624
632
618
630
623
616
635
626
614
619
626
610
611
612
615
621
611
617
620
618
621
617
621
619
612
609
626
606
616
610
619
614
623
607
619
617
609
607
613
619
622
607
610
611
619
618
608
617
601
612
601
606
614
607
624
612
609
611
619
619
603
617
633
607
610
614
606
601
602
608
615
623
618
603
608
605
611
617
612
614
611
615
594
608
600
600
617
609
611
600
615
612
617
606
599
611
615
615
607
611
601
609
603
606
607
605
618
609
612
611
604
608
601
598
597
601
596
608
598
604
607
601
601
606
606
604
598
598
606
609
598
611
611
606
608
609
607
613
605
599
602
601
607
606
598
609
599
609
605
600
600
601
602
605
596
599
601
599
600
601
602
601
605
605
598
611
608
594
601
597
602
613
598
602
609
601
603
611
598
604
605
602
594
600
606
611
601
606
610
607
605
602
602
602
605
607
600
605
598
604
604
605
598
603
606
609
610
606
602
611
600
603
602
613
595
591
603
601
595
598
593
606
603
598
597
598
598
611
604
596
601
600
601
603
605
605
606
604
601
610
606
608
597
604
604
608
608
597
608
598
609
603
594
604
603
602
601
601
