611
607
601
602
606
603
604
615
601
609
599
615
607
611
605
599
595
599
601
599
612
608
610
609
607
607
612
623
613
623
620
614
609
599
613
604
610
610
612
606
606
607
611
606
596
621
609
612
620
605
613
605
610
607
612
605
607
599
605
597
599
603
601
604
604
598
608
602
609
604
605
613
595
599
598
603
606
608
607
600
594
605
604
607
599
596
604
602
607
597
603
593
609
612
607
596
612
593
592
607
607
605
597
599
600
605
596
603
602
601
598
599
612
601
599
593
605
596
599
594
603
609
604
598
608
598
605
601
600
601
603
594
603
595
594
591
603
602
600
610
607
596
598
605
597
594
602
599
599
600
593
596
602
595
595
607
603
606
599
601
598
605
600
603
605
609
601
597
598
600
601
607
601
598
593
603
610
596
598
598
605
596
597
601
611
598
616
597
593
601
601
596
599
601
606
598
603
602
601
603
597
603
599
594
604
603
600
607
609
597
596
601
595
605
604
604
598
602
596
602
605
605
601
602
600
608
604
596
592
604
601
602
604
597
610
598
600
604
604
607
599
593
608
598
599
601
595
603
600
604
602
603
599
609
600
596
610
606
597
597
607
596
611
594
604
594
602
601
608
598
595
607
601
605
612
602
607
596
598
601
601
600
602
597
608
606
603
602
603
609
609
609
606
598
607
606
611
607
596
595
605
612
604
604
607
604
602
597
602
610
618
605
603
602
604
615
612
605
617
615
611
609
609
602
601
618
601
613
599
604
612
614
603
606
601
614
600
607
599
611
603
605
613
601
602
604
607
620
590
608
606
611
614
612
616
607
610
605
610
611
603
618
607
614
614
610
616
615
609
610
622
625
615
618
625
619
624
607
616
611
616
634
623
612
633
614
622
630
617
631
631
636
633
622
620
632
627
620
626
622
625
641
633
628
624
628
646
648
643
647
642
644
659
649
647
641
650
664
639
673
659
666
661
654
665
691
651
668
661
696
677
675
685
668
682
693
708
685
701
700
699
709
685
712
707
700
731
745
751
753
756
748
748
767
770
784
793
793
790
791
835
786
814
839
797
867
841
864
893
881
907
879
889
899
914
921
956
963
988
963
977
1012
985
992
1004
1015
1037
1099
1042
1132
1093
1076
1129
1150
1128
1130
1224
1201
1241
1227
1251
1270
1269
1307
1363
1315
1330
1389
1355
1314
1347
1450
1477
1504
1373
1460
1528
1579
1578
1581
1596
1728
1685
1673
1634
1752
1720
1738
1773
1846
1860
1847
1907
1922
1921
1904
1972
1976
1968
2037
2159
2050
2125
2224
2147
2237
2306
2365
2315
2351
2353
2387
2436
2394
2436
2514
2513
2437
2585
2484
2620
2652
2615
2648
2794
2797
2782
2800
2857
2882
2790
2906
2906
2823
2927
3004
3037
3049
3026
3077
3117
3131
3069
3129
3122
3123
3137
3201
3134
3277
3246
3187
3315
3281
3311
3348
3389
3412
3324
3403
3361
3465
3356
3401
3498
3475
3472
3494
3353
3423
3434
3477
3634
3557
3665
3575
3479
3562
3463
3640
3538
3658
3524
3625
3637
3594
3563
3447
3596
3755
3731
3694
3776
3691
3725
3666
3574
3661
3647
3635
3764
3715
3659
3782
3689
3612
3673
3608
3555
3684
3752
3788
3570
3645
3538
3656
3521
3591
3639
3736
3550
3663
3627
3617
3713
3553
3600
3479
3675
3623
3476
3493
3673
3448
3602
3627
3537
3542
3523
3541
3487
3370
3438
3503
3513
3528
3430
3512
3466
3521
3368
3375
3403
3372
3315
3346
3327
3297
3196
3365
3333
3323
3392
3239
3237
3304
3222
3352
3236
3266
3266
3133
3128
3148
3280
3106
3200
3151
3190
3071
3160
3036
3044
3037
2998
2865
2977
2934
2990
2985
2940
3057
2854
2896
2807
2897
2918
2715
2932
2753
2796
2818
2768
2699
2803
2615
2720
2524
2687
2682
2505
2630
2574
2520
2534
2475
2475
2466
2474
2540
2451
2513
2488
2379
2407
2375
2373
2235
2304
2285
2239
2304
2284
2154
2200
2126
2221
2256
2151
2016
2108
2102
2031
2058
2096
2045
2011
2064
1947
1976
1904
1970
1906
1871
1844
1762
1716
1846
1877
1809
1774
1765
1690
1694
1796
1733
1737
1623
1720
1669
1565
1571
1587
1591
1606
1620
1531
1564
1558
1548
1534
1522
1444
1398
1338
1395
1431
1448
1397
1412
1435
1414
1355
1366
1295
1362
1290
1314
1284
1299
1334
1287
1217
1173
1190
1204
1274
1166
1208
1247
1222
1207
1154
1179
1168
1163
1146
1130
1101
1126
1172
1090
1088
1156
1121
1128
1083
1071
1014
1031
1070
1042
1056
1047
1009
1007
1055
1019
1004
1023
985
1035
959
977
971
893
973
939
956
939
945
923
936
932
947
911
921
934
888
892
902
895
878
856
860
857
838
817
857
856
812
846
875
832
839
832
791
829
832
835
814
797
785
822
793
814
767
783
776
790
776
759
759
777
770
777
744
757
771
745
758
745
722
754
766
749
762
745
696
734
735
740
708
751
732
743
734
714
707
729
744
697
734
718
709
687
704
709
687
695
684
696
693
691
698
701
678
709
701
686
681
673
700
692
704
689
674
692
671
669
675
702
664
691
666
675
668
654
664
688
675
687
661
671
663
652
654
660
676
664
666
667
646
664
668
661
670
656
645
656
641
649
643
639
666
659
635
653
639
661
658
636
644
651
635
644
632
634
659
648
639
639
637
631
628
642
640
630
637
640
630
627
629
626
637
625
637
638
628
637
628
629
633
636
642
626
639
635
616
633
613
627
628
633
634
630
633
640
631
636
622
622
621
627
639
629
636
612
622
623
635
613
608
616
605
622
611
624
624
618
630
605
624
628
615
626
624
621
609
604
615
618
633
610
618
620
628
620
609
619
615
615
599
626
616
610
609
627
608
610
617
612
615
621
615
618
604
605
623
616
618
612
615
608
614
616
611
607
614
617
605
610
611
605
622
612
612
620
613
613
620
613
612
616
616
614
609
614
618
612
608
609
602
604
615
603
612
601
608
603
608
615
605
614
608
612
599
615
609
600
615
605
604
605
605
605
608
619
602
610
608
617
600
607
606
604
599
610
599
608
613
611
606
607
609
611
607
600
611
602
600
607
600
602
607
611
603
605
594
604
605
598
610
605
604
615
604
602
605
605
600
605
607
602
605
605
610
599
604
601
610
604
607
606
602
597
603
606
602
605
615
604
602
609
600
603
602
591
601
591
599
611
608
609
598
601
600
604
600
599
612
605
603
604
599
605
605
612
610
596
597
598
604
596
602
602
605
598
594
608
604
597
594
606
604
607
598
608
601
590
605
587
607
608
596
606
597
601
600
608
598
594
599
610
602
601
602
603
615
603
598
603
597
610
599
605
604
601
608
602
