603
610
613
600
604
605
602
613
607
600
599
595
604
607
599
602
605
611
613
602
605
600
610
600
600
615
613
625
624
628
617
618
611
610
616
598
606
605
610
611
600
595
599
606
608
608
601
611
610
607
608
603
608
605
595
596
600
605
604
601
602
603
596
597
611
600
600
601
604
604
589
597
603
606
589
599
599
594
610
606
604
596
604
606
599
594
597
604
594
601
608
598
608
607
608
606
602
601
604
606
601
598
601
606
598
604
604
603
595
593
598
607
610
599
596
603
606
600
602
593
600
597
604
601
600
600
604
598
604
596
601
589
603
608
604
603
602
593
604
589
608
605
597
601
601
597
599
597
598
606
596
604
595
592
597
598
601
607
601
592
605
606
597
594
609
598
599
603
595
596
605
596
601
601
600
606
605
603
602
604
604
603
597
600
605
600
605
596
601
602
608
605
607
598
599
604
602
604
599
597
603
604
600
596
599
599
595
598
597
603
593
601
600
596
606
602
604
589
588
597
597
599
604
608
602
601
602
600
602
603
598
597
600
600
599
607
608
600
600
603
603
601
600
605
595
601
600
596
606
607
611
598
602
607
611
610
591
597
604
598
598
602
602
605
600
607
607
609
601
599
607
594
597
605
614
605
598
601
597
606
599
604
593
598
595
601
605
597
596
600
599
604
603
606
604
596
604
600
607
610
600
598
603
600
606
602
596
597
610
605
613
605
601
605
596
601
604
602
607
603
605
604
615
606
600
609
607
601
601
601
602
604
607
609
602
602
610
609
603
611
611
612
611
619
604
611
613
615
604
601
606
606
599
600
599
608
609
612
603
607
617
618
613
611
597
613
610
610
609
616
609
612
610
619
621
608
602
610
620
626
620
608
632
608
621
615
606
618
628
623
619
629
630
617
618
626
632
616
628
627
629
631
635
634
631
623
629
638
647
634
638
644
650
647
649
633
651
630
662
639
650
661
653
668
673
643
652
665
638
651
671
687
678
666
670
686
693
696
730
687
696
726
717
692
708
704
692
701
713
712
718
764
754
740
754
754
754
775
784
750
775
788
780
817
831
786
822
820
827
849
879
887
883
898
859
899
900
913
940
946
942
934
941
961
993
997
1026
977
976
1037
1034
1053
1066
1035
1106
1098
1151
1183
1155
1161
1136
1188
1232
1259
1233
1265
1289
1282
1224
1334
1438
1276
1349
1392
1352
1449
1460
1475
1516
1517
1525
1455
1570
1571
1600
1545
1592
1591
1624
1612
1750
1716
1743
1686
1813
1759
1885
1794
1971
1875
1940
2021
1929
1962
2096
2125
2120
2149
2149
2206
2221
2120
2223
2257
2210
2339
2364
2300
2289
2371
2454
2394
2563
2449
2504
2612
2548
2614
2633
2686
2631
2719
2687
2668
2738
2795
2827
2805
2810
2957
2925
2834
3000
2996
2953
2978
2984
3066
3076
3095
3143
3036
3068
3040
3092
3120
3214
3115
3184
3210
3224
3146
3131
3268
3149
3327
3297
3290
3305
3404
3299
3249
3289
3284
3422
3370
3346
3325
3406
3341
3380
3363
3391
3451
3358
3346
3385
3370
3472
3333
3421
3488
3389
3521
3465
3567
3531
3402
3417
3528
3474
3438
3535
3567
3528
3446
3506
3490
3457
3413
3484
3392
3448
3383
3490
3362
3447
3499
3479
3385
3433
3384
3467
3455
3396
3434
3355
3483
3385
3517
3424
3453
3312
3289
3277
3385
3366
3272
3323
3287
3317
3336
3244
3439
3365
3344
3276
3252
3270
3329
3250
3306
3286
3311
3231
3175
3217
3214
3140
3246
3165
3162
3232
3205
3143
3025
3127
3135
3079
3111
3058
3011
2926
3024
3126
2976
3017
2885
2924
2952
2969
2940
2824
2941
2807
2861
2866
2953
2922
2847
2918
2793
2829
2789
2761
2732
2771
2577
2758
2714
2772
2726
2668
2611
2566
2558
2507
2512
2554
2576
2534
2425
2500
2414
2411
2568
2414
2409
2313
2275
2340
2427
2440
2279
2272
2270
2216
2314
2188
2196
2250
2194
2177
2107
2209
2177
2094
2079
2093
2052
2072
2049
1953
2039
1996
2010
1957
1958
1951
1972
1831
1894
1861
1862
1773
1867
1815
1742
1744
1747
1671
1741
1742
1690
1704
1745
1640
1714
1628
1607
1652
1613
1667
1552
1598
1573
1532
1513
1525
1459
1518
1477
1472
1460
1405
1426
1388
1383
1360
1365
1335
1331
1346
1383
1294
1315
1313
1294
1296
1246
1238
1239
1293
1183
1251
1231
1200
1177
1217
1187
1178
1210
1153
1162
1128
1178
1169
1096
1122
1105
1152
1105
1073
1140
1074
1031
1080
1048
1061
1066
1041
1052
1007
1023
1023
1029
979
967
1011
951
988
969
970
952
954
906
980
955
898
947
941
927
947
928
895
930
924
937
900
858
894
837
870
893
855
866
823
830
820
844
860
867
795
818
799
817
792
829
762
779
814
792
798
809
784
772
797
795
752
817
785
758
772
785
775
750
762
776
769
720
733
723
728
733
769
735
741
720
739
764
748
733
727
715
715
723
719
708
687
697
721
721
730
720
709
722
722
675
683
695
698
676
699
714
702
700
685
672
695
698
691
680
678
673
678
653
675
687
658
681
684
666
653
671
664
662
666
663
669
658
669
666
675
661
660
643
661
685
647
664
666
647
675
656
651
646
660
652
651
674
656
647
629
652
647
644
649
654
654
635
656
627
638
655
648
644
645
649
634
635
639
629
631
630
633
648
629
636
642
638
639
641
640
637
615
628
653
629
614
636
630
623
638
636
632
630
630
619
640
637
623
630
632
629
621
634
626
630
623
629
623
624
608
631
625
616
619
622
629
611
628
623
620
604
612
621
628
617
623
619
628
616
638
617
623
623
627
621
613
612
629
630
612
630
623
617
625
609
613
612
613
614
623
612
613
601
612
615
609
612
616
603
610
601
610
616
615
614
620
610
605
599
609
602
617
607
606
604
615
616
617
613
606
619
614
606
614
606
609
613
606
606
612
597
609
604
614
610
602
609
609
621
610
605
614
607
616
604
608
616
618
606
602
613
605
599
615
622
604
611
613
614
614
607
606
604
606
606
609
610
615
602
603
605
613
610
612
603
601
600
609
600
610
606
609
607
602
604
610
604
599
604
604
598
599
598
608
606
607
602
612
600
606
603
601
606
597
608
612
596
600
613
598
611
611
607
600
605
603
606
611
593
604
599
591
609
602
612
607
601
597
609
595
597
605
606
609
591
609
597
610
603
604
604
599
611
603
598
600
601
599
601
599
609
609
604
604
593
597
601
602
604
601
601
602
595
602
598
606
604
599
599
596
601
602
597
602
599
602
608
600
602
599
603
605
597
600
596
601
591
603
608
603
600
598
598
600
593
597
602
606
597
597
603
609
594
595
604
593
603
