601
603
601
615
597
599
595
603
603
608
604
602
608
603
603
599
610
607
605
592
605
599
609
623
615
600
615
606
612
613
608
615
611
623
624
605
616
602
612
606
607
603
612
613
607
616
615
609
621
604
615
609
601
605
608
594
598
604
605
607
600
598
599
601
596
607
600
602
610
597
598
602
598
603
600
601
599
603
597
602
597
593
598
594
604
608
605
615
612
607
606
602
615
602
619
610
617
609
601
609
593
602
615
604
605
607
600
595
595
595
593
606
600
607
597
605
598
601
590
602
586
594
604
607
601
598
588
603
603
598
603
614
609
603
606
607
597
608
598
602
597
606
606
599
595
599
599
602
601
593
604
596
604
606
595
602
597
596
598
590
595
611
598
599
610
601
608
599
609
613
594
597
599
598
603
600
607
596
601
595
608
601
595
596
597
601
604
607
602
604
604
602
611
609
600
596
604
605
604
602
607
601
601
598
608
592
599
603
600
612
597
604
604
607
598
598
594
599
594
610
597
611
603
607
613
601
610
597
598
609
601
598
600
602
594
605
592
595
608
592
588
599
597
605
601
602
592
600
592
603
600
608
608
596
602
604
602
601
605
604
605
603
598
600
597
597
610
606
592
614
606
603
609
589
601
600
598
605
601
604
602
604
594
607
606
604
611
603
616
597
598
606
611
600
602
606
602
607
613
607
603
598
600
609
602
606
603
611
601
611
597
611
613
604
606
596
602
616
608
607
608
600
597
620
604
606
608
602
602
597
603
612
607
607
603
614
605
603
600
606
607
608
618
607
609
602
605
609
616
613
606
615
612
610
603
612
597
604
613
608
609
634
614
619
609
606
614
612
618
610
619
632
639
611
621
616
628
617
615
624
633
625
630
616
624
613
626
626
631
621
630
626
624
626
623
629
619
635
633
638
635
644
639
639
644
647
632
635
652
633
643
659
639
652
667
667
665
661
668
671
657
658
673
667
656
672
689
681
685
668
703
663
698
712
680
710
714
700
725
708
746
739
739
710
753
760
727
751
776
744
790
764
783
787
772
812
803
802
820
843
831
852
865
830
854
878
860
864
901
900
936
895
938
947
934
960
975
991
993
1017
1022
1046
1060
1060
1084
1082
1143
1117
1138
1108
1185
1174
1178
1210
1230
1186
1234
1271
1278
1258
1415
1352
1334
1384
1416
1417
1416
1431
1426
1511
1491
1540
1552
1572
1595
1656
1645
1650
1701
1674
1713
1758
1728
1754
1842
1830
1849
1936
1883
1974
2018
2002
2053
2122
2103
2097
2102
2199
2218
2205
2380
2278
2298
2403
2398
2454
2465
2468
2491
2582
2617
2593
2601
2746
2622
2664
2789
2679
2858
2708
2792
2882
2886
3007
2948
3104
3021
2989
3147
3164
3279
3250
3184
3181
3298
3262
3326
3413
3320
3199
3418
3414
3420
3539
3465
3487
3450
3583
3534
3696
3786
3701
3773
3725
3841
3669
3827
3741
3675
3757
3677
3743
3792
3881
3884
3735
3964
3898
3942
3922
3885
3910
3920
3940
3975
3917
4072
3902
4062
4072
3967
3913
3975
4007
3916
3931
3992
3949
3912
4055
3935
4146
4007
4064
4034
4056
4075
4059
3961
4109
4135
4067
4003
4138
4117
4099
4159
3926
4082
4088
4084
3935
4000
4024
4044
4065
4023
4140
4178
3975
4210
4026
4106
4107
3873
4009
4041
3955
4093
3926
3956
3955
4103
4037
3920
4025
3908
4023
3854
3920
3942
3933
3845
3884
3819
3766
3841
4037
3850
3857
3738
3755
3851
3898
3836
3789
3644
3804
3555
3807
3777
3736
3647
3683
3745
3640
3702
3531
3621
3622
3618
3548
3516
3430
3586
3454
3481
3456
3495
3449
3304
3364
3349
3368
3306
3424
3288
3327
3237
3237
3179
3323
3349
3238
3202
3137
3169
3158
3219
3231
3123
3133
3074
2960
3086
2932
2984
2938
3106
2886
2943
2953
2826
2811
2842
2808
2857
2818
2722
2689
2754
2689
2651
2643
2625
2511
2635
2575
2495
2515
2468
2492
2517
2513
2388
2369
2415
2365
2419
2382
2273
2301
2232
2486
2288
2219
2297
2248
2268
2046
2070
2177
2036
2129
1968
1947
1947
2025
2005
2001
1833
1951
1916
1924
1850
1833
1834
1788
1828
1899
1768
1780
1772
1738
1701
1694
1685
1691
1684
1673
1715
1607
1596
1549
1610
1525
1561
1499
1506
1494
1452
1512
1506
1533
1449
1370
1411
1375
1413
1340
1364
1408
1397
1340
1271
1326
1312
1326
1268
1249
1299
1280
1240
1283
1227
1229
1222
1268
1168
1193
1188
1157
1214
1162
1140
1166
1156
1152
1181
1151
1082
1089
1114
1041
1080
1073
1050
1041
1037
1050
1042
1037
1036
1020
981
1001
975
952
1008
992
994
950
949
978
983
970
930
967
928
929
948
932
926
914
876
918
883
890
926
870
889
910
898
886
903
862
844
881
852
837
846
813
836
810
821
830
830
845
783
785
801
806
779
809
786
814
767
767
786
785
787
771
749
735
777
753
733
755
766
768
747
745
741
750
740
761
759
728
732
713
734
735
737
728
717
721
715
747
695
691
693
714
712
702
700
707
701
701
711
710
692
693
691
693
690
704
692
734
680
714
699
695
689
674
714
674
669
658
664
664
685
687
667
663
641
693
669
683
671
665
653
663
676
686
651
647
666
664
667
654
664
659
666
644
662
662
653
674
659
649
663
654
669
638
649
652
657
657
650
654
654
657
644
641
631
649
631
648
626
635
642
646
644
650
642
633
627
652
633
640
644
630
628
637
637
643
629
631
617
627
646
623
645
631
621
638
611
622
632
626
633
631
627
633
624
618
625
611
616
632
634
620
634
624
629
621
624
615
619
622
621
632
623
618
627
626
613
619
616
619
608
613
613
617
607
617
623
613
622
620
617
608
611
613
616
620
626
616
613
622
625
616
612
615
616
610
608
625
617
610
608
605
613
610
613
608
614
609
615
614
607
611
610
615
618
608
605
620
611
611
603
609
609
619
615
620
609
602
622
614
606
611
603
623
602
617
614
607
618
604
613
610
606
615
606
612
605
615
605
602
597
601
614
613
617
607
605
608
615
617
602
610
612
605
609
601
600
610
596
596
603
609
602
611
609
610
607
601
600
608
605
604
607
609
610
612
599
601
601
602
615
600
611
600
607
608
607
606
600
611
606
605
608
608
594
598
608
612
602
604
602
604
608
597
598
597
606
606
598
602
605
599
611
606
602
606
602
599
595
599
609
603
604
598
604
612
586
598
603
607
601
605
598
602
606
606
608
606
604
602
607
606
600
589
604
607
598
596
595
603
603
606
604
604
603
606
606
601
596
604
608
597
606
602
609
600
604
607
606
596
614
608
602
610
601
594
604
600
605
600
597
603
602
603
596
600
597
602
595
599
