614
601
614
603
611
595
603
610
599
601
611
599
603
611
598
609
608
601
618
614
599
613
603
609
614
615
614
627
616
619
624
616
613
616
606
613
601
607
603
602
614
619
614
620
612
610
616
620
618
610
611
619
612
602
606
613
598
599
598
603
602
608
610
606
603
595
604
604
603
600
601
610
615
593
606
603
605
601
608
602
602
606
604
604
604
602
606
599
604
604
604
606
601
603
604
610
602
608
601
608
607
598
599
607
604
603
605
603
601
604
605
603
601
604
604
604
610
606
602
613
602
603
593
600
602
610
597
611
593
613
601
597
609
609
598
603
607
607
612
607
607
602
598
603
604
607
599
601
604
602
607
604
601
610
604
593
610
598
598
604
606
603
600
596
597
601
596
603
604
601
605
600
605
598
599
602
598
602
607
604
605
604
608
606
599
603
603
609
609
604
607
597
603
599
608
596
601
606
602
604
595
599
604
609
609
605
596
601
598
601
606
603
599
605
606
610
604
597
606
599
593
601
607
604
601
605
603
603
604
608
597
596
603
605
608
596
601
596
602
611
610
602
607
603
601
603
598
602
594
597
605
604
603
598
604
602
608
609
603
609
602
609
605
605
609
600
604
605
607
602
605
601
603
603
604
614
599
603
602
606
604
600
608
601
602
598
598
608
604
607
608
599
606
601
590
602
599
602
607
612
600
609
605
605
615
603
599
605
603
612
612
601
610
612
606
604
608
607
607
604
607
610
604
604
604
607
612
611
609
606
610
601
608
605
597
603
604
603
608
606
609
612
607
606
615
610
596
619
606
610
621
616
617
622
613
601
612
615
614
612
616
614
600
621
622
609
619
613
617
621
623
610
612
631
608
621
611
616
625
616
625
618
629
614
634
630
636
629
630
617
629
642
630
636
627
642
637
645
639
642
641
643
640
649
659
649
641
639
637
635
665
659
643
660
654
660
668
660
681
671
679
691
689
681
672
656
684
674
700
686
701
700
694
720
704
723
719
680
689
718
737
717
743
755
743
775
761
740
759
741
782
780
797
772
815
812
840
855
823
842
858
807
861
849
846
895
893
907
894
920
885
900
901
944
981
1007
1051
1016
994
1059
1068
989
1078
1076
1095
1123
1113
1105
1189
1150
1125
1239
1203
1244
1226
1286
1237
1271
1358
1310
1380
1408
1362
1420
1415
1446
1504
1510
1562
1512
1562
1529
1645
1682
1668
1648
1706
1637
1775
1863
1794
1815
1867
1876
1894
1897
1968
1959
2096
2024
2050
2032
2114
2156
2140
2198
2310
2331
2264
2350
2422
2439
2420
2457
2487
2529
2506
2610
2745
2670
2634
2835
2684
2736
2881
2677
2835
2883
3045
2910
2928
3051
3000
3031
3192
3078
3247
3322
3360
3285
3183
3403
3357
3421
3424
3509
3396
3538
3485
3645
3656
3551
3620
3650
3615
3719
3693
3904
3787
3703
3863
3907
3863
3752
3955
3982
3936
4005
3953
3897
4017
4049
4027
4087
3982
4022
4058
4044
3990
4127
4174
4009
4212
4248
4212
4141
4177
4237
4288
4318
4227
4281
4225
4301
4186
4166
4189
4289
4082
4303
4289
4328
4327
4345
4320
4350
4306
4219
4289
4318
4396
4290
4397
4137
4364
4209
4257
4227
4189
4229
4250
4226
4349
4236
4203
4256
4346
4266
4316
4351
4284
4263
4338
4290
4199
4267
4268
4088
4121
4152
4132
4209
4211
4117
4145
4196
4074
4063
4170
4092
4086
4188
4216
4201
4165
4082
4044
4206
3967
4048
4000
3834
4046
4031
3927
4055
4102
3894
4009
3886
3811
3887
3907
3881
3897
3893
3925
3827
3720
3891
3861
3849
3658
3667
3594
3659
3715
3708
3621
3642
3722
3673
3594
3705
3551
3615
3498
3500
3399
3402
3467
3501
3472
3439
3375
3492
3440
3355
3341
3194
3269
3208
3156
3132
3115
3103
3096
3005
3114
2975
3005
3048
3035
2990
3034
2971
2913
2836
2932
2861
2757
2881
2806
2861
2799
2717
2688
2743
2679
2623
2602
2557
2567
2548
2578
2607
2459
2492
2466
2460
2461
2475
2388
2431
2324
2310
2323
2188
2334
2247
2263
2214
2268
2113
2183
2114
2174
2159
2109
2111
2084
2047
1994
2037
2036
1957
1978
2000
1921
1885
1839
1818
1862
1795
1772
1796
1786
1712
1771
1661
1728
1728
1741
1651
1653
1649
1612
1624
1570
1552
1583
1504
1546
1510
1583
1538
1536
1472
1460
1457
1466
1436
1398
1461
1407
1384
1353
1366
1345
1374
1348
1361
1262
1325
1280
1295
1227
1214
1271
1235
1184
1264
1214
1178
1151
1184
1211
1134
1187
1224
1176
1132
1145
1129
1097
1105
1102
1067
1122
1092
1081
1038
1052
1068
1082
1040
1019
1010
1008
1044
1019
996
1017
1012
979
1026
959
944
899
898
972
907
908
935
902
910
900
924
884
874
928
899
883
905
885
853
875
842
859
882
871
830
847
855
861
809
829
823
834
816
836
792
774
801
798
800
805
818
786
784
778
783
787
768
775
766
777
742
757
770
772
798
767
763
784
780
772
737
759
744
724
749
744
723
716
762
736
737
691
745
736
720
716
725
711
737
720
716
701
701
695
708
714
703
695
706
680
689
696
696
694
685
702
707
677
685
695
686
676
679
695
676
677
691
696
685
674
664
681
675
660
682
669
661
675
663
670
673
667
687
675
681
655
660
681
649
671
659
661
670
656
642
656
673
664
671
662
649
661
655
654
669
662
672
640
666
646
642
647
653
659
651
650
642
641
647
637
635
643
638
626
644
629
652
653
633
626
638
649
650
640
630
629
627
633
626
630
636
645
638
635
625
638
625
629
622
636
631
636
629
629
636
623
623
632
621
629
630
621
628
622
618
621
629
632
622
621
612
621
621
614
625
621
620
620
613
635
628
620
610
624
612
627
620
619
632
609
613
613
633
620
618
617
608
618
610
607
616
609
613
613
613
620
610
616
619
616
618
613
609
620
620
620
611
622
621
612
627
614
612
618
618
613
611
611
619
613
629
607
604
617
608
618
623
612
612
618
614
613
618
617
617
616
614
601
610
602
612
621
604
614
615
619
613
601
601
612
606
600
604
615
603
611
604
607
606
602
607
620
612
610
605
613
609
616
603
621
610
608
616
610
611
607
616
606
614
594
608
604
606
611
593
607
607
614
605
605
600
612
613
607
608
605
610
610
607
593
612
599
603
608
618
609
617
602
607
602
596
601
604
612
609
605
595
599
601
603
611
605
605
597
604
606
601
604
607
606
601
596
607
607
608
602
615
605
602
609
605
616
609
607
608
610
608
609
606
606
602
604
607
605
596
601
609
598
597
601
611
606
598
599
602
602
605
603
608
603
608
601
604
608
602
601
603
608
604
617
604
611
598
606
604
604
606
605
613
602
607
605
602
