599
601
608
605
613
596
602
605
603
602
606
601
613
603
605
611
603
602
610
603
595
604
611
603
599
606
608
630
618
613
609
615
616
609
613
616
609
601
599
607
620
610
611
623
629
624
611
614
619
613
591
603
597
605
603
608
602
604
599
603
601
608
593
595
611
601
608
600
604
602
605
601
599
601
598
602
603
608
603
610
598
603
607
605
608
602
600
604
603
603
608
603
609
608
605
605
600
604
603
603
598
602
594
597
604
601
611
604
601
606
601
605
599
607
608
606
602
602
608
605
605
602
605
599
606
595
599
603
599
596
596
593
612
605
599
605
601
594
600
598
603
597
597
604
606
598
599
611
593
601
601
601
604
603
597
601
601
598
598
605
603
595
599
604
596
601
597
596
596
602
598
601
594
602
613
603
604
599
599
606
603
594
607
602
595
595
603
595
603
601
600
598
597
599
602
610
602
604
605
601
605
605
605
599
595
597
603
605
601
599
602
603
605
606
597
610
603
609
612
599
611
602
602
605
603
608
601
603
604
597
595
616
599
608
604
601
606
599
607
607
613
605
599
601
608
603
596
602
604
594
602
599
605
605
601
608
605
603
598
605
604
603
607
602
606
603
603
602
605
596
605
613
590
602
600
610
610
605
609
609
598
608
595
599
603
599
599
606
608
601
607
599
599
615
602
612
597
611
606
602
602
611
607
607
610
601
616
607
607
610
604
611
596
611
602
604
602
598
608
608
612
607
601
605
606
606
605
607
609
610
608
615
612
601
606
608
613
607
602
614
609
622
607
609
615
612
619
624
607
605
618
617
611
614
606
607
616
607
616
612
613
623
614
616
619
616
627
614
622
614
619
615
625
622
615
630
627
628
629
623
624
634
616
635
628
623
638
629
621
630
624
628
634
649
634
630
633
641
639
667
644
647
641
640
659
641
646
646
656
640
659
652
669
670
651
675
671
663
662
675
677
690
679
687
709
708
706
666
681
719
711
709
697
720
725
728
728
757
709
748
749
734
749
769
759
774
785
807
754
791
761
807
841
822
848
839
861
837
839
882
892
897
867
871
913
906
906
911
912
925
963
951
950
1034
1012
1024
1015
1063
1062
1058
1108
1097
1093
1142
1100
1115
1167
1223
1189
1227
1225
1254
1296
1332
1333
1325
1335
1366
1404
1449
1461
1508
1493
1555
1535
1454
1584
1657
1621
1617
1704
1675
1787
1741
1783
1861
1863
1880
1837
1979
1986
1930
1972
2068
2014
2071
2086
2115
2209
2188
2278
2229
2341
2243
2339
2325
2402
2388
2457
2531
2561
2632
2591
2648
2713
2749
2803
2731
2896
2822
2928
2825
2976
2951
3055
3093
3126
3092
3093
3284
3202
3183
3342
3341
3453
3465
3521
3497
3516
3553
3627
3675
3740
3692
3687
3643
3838
3689
3769
3918
3860
3905
3863
3890
4053
4058
4011
3990
4109
4240
4210
4183
4210
4289
4342
4251
4345
4335
4308
4333
4370
4448
4377
4337
4277
4287
4386
4457
4579
4512
4513
4677
4578
4633
4451
4415
4542
4639
4545
4583
4592
4642
4617
4626
4535
4707
4605
4642
4638
4522
4589
4641
4796
4608
4736
4698
4608
4764
4771
4589
4685
4695
4712
4626
4728
4610
4795
4571
4663
4538
4772
4632
4630
4772
4672
4734
4787
4642
4620
4528
4808
4589
4581
4596
4693
4469
4590
4691
4721
4633
4437
4500
4581
4433
4408
4544
4558
4604
4586
4413
4494
4494
4519
4455
4289
4552
4381
4411
4452
4353
4421
4383
4376
4318
4214
4340
4275
4355
4369
4331
4293
4248
4328
4244
4372
4269
4176
4134
4128
4063
4110
3954
4159
4071
4005
3983
4054
3797
3951
4013
3920
3888
4031
3884
3890
3877
3936
3918
3841
3860
3829
3797
3836
3831
3571
3855
3760
3667
3638
3531
3503
3582
3434
3470
3547
3378
3416
3540
3380
3350
3399
3203
3270
3307
3263
3155
3190
3221
3219
3188
3142
3054
3102
2987
2990
3039
2944
2954
2871
2875
2751
2871
2829
2770
2688
2819
2751
2686
2669
2674
2671
2746
2634
2622
2553
2533
2533
2537
2516
2513
2364
2423
2432
2439
2348
2353
2301
2310
2287
2247
2206
2142
2196
2160
2081
2109
2126
2089
2145
1989
1999
2042
2037
2007
1973
1903
1859
1995
1812
1842
1849
1838
1843
1825
1827
1725
1774
1761
1761
1677
1666
1633
1614
1623
1600
1633
1649
1547
1673
1575
1599
1534
1552
1452
1504
1466
1437
1453
1433
1384
1425
1359
1311
1429
1379
1370
1325
1340
1334
1331
1315
1319
1277
1278
1275
1248
1288
1202
1251
1232
1216
1195
1180
1175
1155
1166
1170
1156
1113
1221
1159
1140
1098
1163
1132
1054
1078
1055
1086
1062
1075
1046
1048
1057
1075
994
1008
997
1004
1014
982
952
975
983
958
1007
932
961
985
949
959
957
907
936
908
887
923
893
893
897
884
888
862
850
859
856
857
844
846
883
858
811
820
836
850
802
828
823
813
814
817
830
825
826
808
767
791
772
775
812
788
793
762
766
794
745
772
758
755
757
757
736
747
755
737
747
748
739
756
770
749
750
721
735
750
732
717
721
724
722
733
728
723
743
736
722
725
723
723
709
699
690
710
713
696
707
705
719
694
708
700
685
692
673
690
702
688
653
687
691
686
689
679
677
682
684
669
664
667
671
692
671
669
677
678
668
676
671
648
660
670
649
662
661
656
657
658
671
655
667
657
665
652
654
655
654
647
667
644
653
671
649
650
662
654
659
652
650
656
638
641
651
644
641
651
641
638
651
634
651
650
637
645
647
640
651
627
654
642
636
636
628
657
627
648
634
637
630
619
638
630
635
621
628
631
614
614
621
625
616
635
630
630
628
618
642
629
621
628
616
636
618
629
621
611
638
627
613
634
610
619
613
611
616
628
615
614
618
615
614
618
623
625
612
615
610
622
612
625
618
612
628
607
620
615
609
621
620
612
612
632
610
618
612
605
618
615
614
628
611
626
611
612
622
610
618
611
602
617
615
628
613
612
613
612
607
612
627
603
610
615
615
625
607
608
608
609
614
621
604
606
608
597
606
617
616
602
608
605
621
618
609
605
616
605
613
602
619
608
605
602
618
605
609
615
603
607
619
615
613
609
604
603
608
603
610
601
608
612
599
608
614
596
619
611
604
607
606
611
609
603
609
607
614
614
609
600
608
617
604
605
607
610
603
603
611
603
610
597
599
610
610
611
609
604
613
616
614
610
611
605
602
606
605
607
602
601
611
608
606
601
605
599
604
602
593
601
608
607
604
610
602
596
607
612
601
602
610
601
607
597
601
608
609
604
603
604
594
603
605
606
601
605
602
605
599
610
601
600
603
594
599
616
596
609
603
603
602
602
607
603
599
603
600
608
595
601
605
594
603
