598
612
595
605
604
607
613
616
611
601
592
597
601
595
610
609
602
605
611
610
610
619
595
606
612
624
624
618
617
627
631
610
605
610
612
607
597
609
607
602
604
608
606
602
630
619
599
618
616
604
611
603
613
597
605
606
610
610
606
600
607
611
612
601
611
604
599
604
604
599
596
605
599
604
608
605
608
601
608
608
602
608
607
598
608
602
611
604
604
606
611
608
602
602
606
611
596
595
606
596
604
598
604
601
607
600
590
601
600
598
610
594
594
601
602
598
605
604
604
599
596
598
596
606
592
596
600
588
596
607
594
601
607
603
605
601
592
599
601
597
603
603
600
605
607
599
599
599
591
608
604
603
609
602
594
602
598
603
601
597
609
599
605
599
602
601
594
600
605
606
599
595
612
604
606
600
613
601
605
597
610
608
605
597
605
602
598
602
591
596
602
607
604
601
598
604
598
603
601
594
608
599
607
599
607
603
597
593
598
594
597
604
602
602
600
608
603
610
601
599
607
602
608
606
604
602
596
606
602
596
607
602
603
605
607
600
601
605
603
601
598
599
595
591
602
600
601
605
607
603
601
608
604
603
608
611
601
608
610
599
608
594
603
606
602
604
605
605
609
603
605
607
596
604
604
600
606
599
603
599
603
599
614
604
595
601
602
613
606
600
604
598
604
608
601
599
606
605
595
597
600
607
602
602
607
611
616
608
609
604
614
613
602
606
608
608
608
607
613
610
603
600
611
602
603
604
611
606
614
606
612
605
607
615
610
606
607
609
622
615
608
616
604
606
614
603
609
605
611
597
610
604
606
614
613
607
616
613
613
610
608
620
628
611
613
609
621
628
617
626
624
639
618
612
615
621
624
627
616
625
639
633
626
626
622
630
623
626
635
636
633
633
628
636
640
622
642
643
621
629
649
638
635
651
651
645
639
658
643
663
655
639
668
645
670
639
649
661
664
659
691
669
675
675
673
688
657
703
671
691
680
716
702
708
701
731
715
707
717
740
725
726
727
728
745
758
762
759
789
782
777
775
797
786
762
832
811
848
829
849
872
835
841
862
862
894
922
912
909
899
939
947
934
959
1027
995
1007
1035
1007
1059
1062
1036
1031
1064
1127
1021
1074
1099
1127
1207
1152
1177
1221
1140
1232
1249
1245
1268
1405
1279
1381
1364
1409
1396
1447
1425
1408
1534
1608
1530
1506
1527
1606
1603
1700
1679
1672
1729
1704
1682
1831
1896
1786
1933
1853
1848
1901
2028
1994
1953
2102
2106
2134
2136
2156
2154
2133
2268
2334
2307
2295
2389
2412
2513
2508
2480
2594
2560
2618
2606
2651
2612
2735
2772
2793
2724
2766
2901
2925
2921
3072
3035
3051
3054
3077
3000
3289
3169
3329
3252
3357
3336
3313
3445
3448
3386
3495
3426
3443
3554
3637
3507
3643
3681
3699
3755
3711
3814
3765
3760
3984
3826
4016
4072
3918
3973
3936
3892
3990
4044
4089
4087
4014
4154
4117
4053
4105
4174
4195
4202
4272
4227
4282
4285
4280
4304
4252
4112
4133
4311
4153
4264
4217
4406
4502
4221
4328
4185
4373
4355
4453
4233
4320
4300
4227
4357
4368
4369
4389
4343
4428
4391
4435
4342
4347
4337
4475
4283
4250
4318
4439
4402
4276
4442
4388
4396
4414
4387
4369
4295
4419
4424
4376
4399
4383
4297
4333
4271
4366
4326
4236
4318
4375
4168
4309
4185
4238
4168
4251
4220
4258
4299
4175
4238
4096
4210
4110
4121
4241
4247
4087
4073
4100
4041
3960
4060
4146
4065
4053
4014
3926
3907
3932
3796
3987
4038
3981
3841
4033
3879
3949
3814
3715
3761
3876
3806
3815
3717
3760
3774
3712
3843
3698
3511
3684
3652
3534
3688
3569
3606
3583
3589
3446
3494
3408
3535
3456
3418
3387
3424
3348
3309
3314
3245
3204
3164
3167
3246
3189
3173
3048
3152
3088
3062
3131
3009
3052
3073
3047
3011
2947
2931
2978
2905
2831
2855
2784
2797
2742
2794
2639
2634
2680
2726
2752
2625
2612
2655
2560
2573
2673
2549
2557
2552
2513
2493
2461
2369
2437
2339
2314
2353
2272
2331
2248
2122
2192
2272
2256
2127
2122
2100
2117
2100
2035
2053
2074
2019
2018
2009
2008
1983
1917
1916
1874
1884
1811
1869
1735
1822
1859
1733
1737
1673
1732
1630
1690
1616
1679
1639
1698
1661
1593
1620
1616
1577
1527
1531
1510
1497
1471
1568
1419
1459
1488
1427
1452
1428
1363
1397
1405
1375
1434
1336
1299
1355
1289
1291
1310
1303
1240
1236
1266
1262
1239
1224
1195
1185
1178
1207
1145
1225
1121
1131
1143
1165
1104
1096
1141
1065
1097
1094
1122
1098
1063
1070
1078
1098
1056
1001
1002
1005
1025
1037
986
995
1008
958
976
992
974
969
943
940
926
957
954
922
913
918
944
913
924
900
932
873
891
906
852
880
926
840
822
871
825
836
841
875
844
860
847
861
808
802
822
837
801
795
829
800
804
797
769
796
776
788
794
783
801
787
743
800
762
787
797
759
765
761
780
749
756
770
724
754
729
752
751
719
753
715
718
699
731
735
720
741
722
699
721
733
714
703
715
727
698
709
710
724
708
676
701
683
710
700
682
687
677
672
698
680
684
697
695
709
678
700
668
688
681
673
662
657
683
682
681
663
680
686
669
673
675
666
665
661
674
657
673
666
668
671
677
646
671
661
647
678
667
637
637
659
651
659
654
641
654
638
650
657
654
635
641
661
633
650
632
663
640
638
649
647
635
639
635
639
633
633
641
642
647
654
640
625
625
623
631
635
636
623
645
637
627
639
633
639
629
624
633
626
624
625
626
627
635
622
624
620
622
623
616
641
628
622
629
618
628
630
623
606
633
636
620
618
621
623
622
631
622
634
613
626
621
613
610
621
618
605
625
623
610
623
631
623
621
636
623
617
614
610
613
622
616
620
620
615
612
616
616
620
608
617
615
620
611
625
625
604
615
623
617
609
620
608
617
613
605
605
612
625
622
629
616
605
613
617
616
611
616
603
605
614
609
603
617
614
612
608
615
615
599
614
616
615
618
607
602
612
612
612
601
603
607
613
598
608
608
604
604
609
609
611
605
601
615
603
620
623
616
618
610
627
617
623
619
612
604
606
604
606
603
603
611
613
604
607
605
607
595
602
623
605
608
610
606
605
608
603
613
602
607
610
610
605
606
603
607
617
607
606
611
595
609
601
605
614
598
598
610
605
598
613
603
596
616
610
609
606
601
602
605
605
601
606
602
611
602
598
607
599
610
614
598
610
604
602
606
597
608
603
597
605
604
607
607
598
598
601
601
605
616
603
598
605
604
597
596
601
605
599
597
608
612
599
608
606
604
600
602
599
604
602
603
595
597
613
608
597
602
611
598
605
