597
602
608
607
602
599
608
613
596
606
595
596
601
596
602
601
600
597
606
606
599
608
606
602
618
612
605
622
614
618
614
623
610
602
609
612
610
609
606
607
602
612
615
608
606
624
611
607
624
621
613
599
613
604
596
599
602
592
606
606
604
604
603
606
595
598
603
607
586
611
600
604
601
605
606
597
599
600
598
597
600
606
602
606
611
601
598
604
598
601
603
603
610
607
603
611
605
610
606
599
606
594
605
602
599
604
603
607
598
604
601
593
607
606
609
599
604
597
594
608
613
593
604
609
592
596
599
591
593
596
599
602
607
598
594
597
609
599
600
600
598
594
605
600
603
594
605
606
598
596
601
599
597
598
600
600
603
604
607
594
610
594
599
605
607
595
609
602
603
599
594
598
605
596
583
596
591
600
600
602
602
596
603
601
601
608
596
604
603
605
599
600
607
602
598
600
609
600
587
593
598
602
602
600
601
603
588
599
599
595
598
607
609
606
605
612
604
608
603
608
607
605
601
611
600
609
602
606
612
605
606
598
602
603
607
599
605
600
596
606
609
605
609
603
602
605
604
594
604
595
602
602
603
608
606
598
612
602
605
605
615
612
602
605
601
607
602
599
605
597
598
593
606
597
603
594
601
593
604
600
604
602
611
601
607
594
611
604
601
602
603
612
607
605
602
605
607
602
609
609
608
602
616
601
609
612
600
604
600
602
607
598
597
618
608
615
608
614
619
607
609
605
610
605
603
601
607
613
601
612
612
604
608
611
611
607
604
607
601
609
608
609
599
606
607
610
613
618
617
620
602
623
621
624
615
617
607
611
605
607
612
611
613
614
618
616
620
621
620
625
625
619
620
618
631
611
631
617
628
623
622
631
618
634
641
623
634
622
623
630
629
619
638
644
637
644
639
647
642
647
643
656
648
647
661
646
648
658
673
652
655
651
675
693
675
680
655
673
692
680
688
669
691
691
681
690
706
714
693
714
683
725
731
713
731
748
714
724
701
730
750
760
751
783
759
777
778
770
769
796
808
771
831
807
813
827
840
849
867
853
898
920
888
921
924
917
975
931
946
972
996
1000
999
1003
1014
1105
1103
1111
1088
1100
1101
1122
1172
1164
1113
1183
1201
1252
1275
1290
1285
1346
1358
1362
1392
1300
1377
1431
1452
1407
1500
1571
1557
1466
1652
1556
1652
1689
1675
1672
1776
1758
1801
1892
1776
1855
1878
1925
1954
1901
2051
2083
2050
2196
2081
2213
2222
2280
2265
2205
2236
2334
2326
2432
2410
2379
2487
2551
2634
2624
2620
2708
2611
2771
2747
2826
2843
3003
3006
2861
2971
3056
3053
3086
3145
3229
3250
3267
3400
3391
3485
3449
3488
3524
3624
3582
3550
3765
3652
3570
3726
3840
3763
3828
3865
3789
3923
3979
4085
4049
4010
4132
4027
4104
4096
4227
4297
4207
4349
4305
4297
4353
4380
4482
4555
4407
4470
4532
4423
4392
4514
4620
4519
4641
4617
4665
4580
4602
4684
4688
4854
4710
4723
4790
4809
4907
4825
4751
4916
4774
4946
4773
4746
4869
4808
4898
4835
4879
4782
4897
4705
5000
4955
4813
4978
4985
4920
4928
4828
5131
4835
4848
4832
5000
4739
4819
4853
4993
4992
4935
5025
4986
4958
4828
4979
4907
4920
4965
4886
4815
4924
4949
4828
4936
4959
4993
4836
4890
4793
4754
4934
4884
4962
4730
4786
4791
4735
4864
4886
4837
4791
4628
4687
4757
4697
4797
4686
4685
4791
4708
4524
4758
4583
4475
4673
4587
4364
4519
4549
4539
4366
4329
4521
4363
4454
4371
4395
4503
4421
4389
4330
4349
4405
4199
4240
4154
4320
4052
4289
4190
4175
4040
4162
3997
4019
4132
4015
3977
3996
3977
4043
3859
3869
3878
3882
3869
3871
3745
3834
3676
3681
3669
3770
3625
3579
3505
3511
3575
3459
3479
3395
3464
3432
3438
3351
3390
3322
3397
3332
3225
3327
3262
3305
3209
3143
3195
3107
3085
2985
3127
3033
3001
2929
2886
2886
2967
2996
2916
2851
2790
2730
2833
2698
2723
2633
2679
2648
2589
2583
2553
2461
2492
2582
2497
2565
2398
2407
2358
2441
2343
2299
2289
2364
2271
2341
2216
2188
2108
2227
2134
2162
2177
2151
2092
2032
2082
1909
1934
1944
1902
1914
1869
1822
1823
1830
1877
1720
1816
1752
1749
1760
1667
1709
1790
1706
1711
1683
1594
1554
1634
1625
1572
1581
1550
1578
1529
1578
1461
1497
1444
1430
1444
1383
1409
1386
1375
1347
1377
1350
1369
1350
1326
1313
1321
1301
1314
1264
1307
1255
1208
1283
1240
1230
1162
1279
1241
1201
1177
1168
1139
1181
1167
1129
1138
1100
1087
1115
1164
1042
1053
1073
1057
1052
1026
1040
1085
1055
1069
1028
1006
1008
1009
973
1036
997
954
969
963
966
944
976
949
929
914
922
932
915
910
919
912
865
903
891
876
880
891
878
880
852
898
863
869
879
827
825
843
804
796
813
819
860
812
826
813
823
830
813
819
799
780
793
759
785
843
763
768
792
784
739
773
759
799
775
752
751
764
761
774
726
746
735
773
748
756
714
727
743
731
761
735
716
733
733
739
712
732
714
716
741
721
699
717
725
748
716
719
682
701
676
708
707
712
704
694
676
689
707
672
696
715
683
684
706
684
668
687
676
671
669
679
670
678
663
677
692
686
643
685
667
675
656
667
653
677
665
657
643
667
658
648
665
664
655
643
665
649
644
664
658
645
656
667
656
641
650
643
662
652
645
638
637
638
635
643
634
632
641
650
641
638
622
652
639
662
633
630
635
637
636
632
642
632
642
625
629
639
647
639
624
640
628
641
638
617
631
632
623
628
636
643
619
641
636
624
635
635
616
630
628
625
623
620
635
621
617
616
625
624
629
627
621
617
622
626
612
618
617
607
627
625
616
614
620
624
633
609
625
632
615
592
620
615
615
613
617
622
615
611
629
611
612
619
616
623
614
614
607
617
622
611
621
612
611
613
603
629
623
610
608
601
607
608
609
611
611
616
607
613
609
607
605
614
620
619
604
594
619
606
611
610
611
612
612
610
603
605
600
611
611
614
618
607
616
606
602
613
605
610
614
602
618
617
612
620
613
610
608
609
609
610
614
608
611
608
605
610
595
605
609
599
608
616
603
607
596
609
602
614
610
605
609
603
594
611
606
607
605
607
607
598
606
602
598
610
605
593
610
603
602
601
601
598
613
609
600
605
605
600
607
599
611
603
606
600
598
602
608
601
609
599
605
599
602
600
606
602
615
605
609
612
611
611
599
602
601
604
610
601
614
609
602
607
602
602
599
599
595
604
601
605
605
597
600
609
604
600
603
607
605
612
598
597
609
597
598
608
606
605
607
609
612
602
602
609
601
602
601
600
606
600
