605
605
607
604
606
612
604
607
600
608
606
607
614
602
607
603
609
609
606
602
623
613
608
613
618
618
618
623
630
624
625
611
634
613
616
613
611
605
599
594
613
605
606
600
605
606
606
608
619
612
615
607
606
602
612
598
595
607
605
599
595
603
605
610
598
592
607
602
605
603
605
612
601
598
595
602
600
608
608
611
607
609
598
600
594
600
598
609
599
598
603
600
598
602
607
610
611
601
604
610
601
592
610
605
604
603
603
603
603
596
598
607
593
600
600
603
608
602
606
600
599
603
598
602
602
596
592
606
595
599
612
603
593
599
600
599
599
602
605
602
604
603
600
602
598
592
598
601
607
608
594
604
595
600
601
609
597
598
593
604
600
599
598
601
600
605
600
599
608
601
604
606
602
597
600
600
591
599
588
603
595
588
602
604
603
599
597
596
605
600
599
600
598
598
606
603
607
603
602
604
605
605
606
607
608
597
604
605
594
596
603
594
605
610
602
597
591
600
604
612
596
598
597
600
596
596
596
604
611
598
607
598
596
601
602
603
597
602
609
599
602
612
606
605
599
602
608
596
609
613
607
606
604
604
604
606
603
602
596
601
611
607
606
604
599
602
601
604
611
604
607
600
604
597
605
593
608
602
601
611
596
601
605
610
606
605
603
601
605
607
618
617
604
614
607
600
597
600
610
600
610
605
600
602
620
610
606
593
611
603
605
606
611
613
616
599
608
611
604
600
610
610
607
601
602
621
608
602
602
613
619
609
608
604
618
612
610
607
597
602
614
610
609
625
605
617
599
609
610
619
595
624
613
614
606
619
611
620
623
613
627
627
606
621
616
622
616
619
624
620
610
617
622
625
605
618
619
623
627
629
626
618
616
626
630
640
628
629
632
643
618
640
637
629
628
622
640
623
635
635
644
623
641
644
639
644
654
639
649
657
645
667
652
667
685
676
671
668
674
669
682
683
671
680
666
690
682
667
726
703
695
698
706
696
697
730
728
720
729
744
737
732
742
782
793
759
784
770
799
772
801
788
791
795
791
845
828
833
836
857
903
900
885
876
911
912
909
902
910
947
901
920
940
970
960
1019
996
1048
1028
1050
1044
1081
1055
1133
1142
1147
1175
1185
1215
1200
1213
1223
1159
1302
1319
1268
1352
1330
1332
1380
1410
1458
1510
1464
1497
1509
1547
1547
1567
1631
1576
1618
1659
1633
1778
1746
1820
1794
1784
1776
1816
1996
1913
2011
2079
2002
2103
2041
2020
2134
2099
2190
2113
2259
2273
2267
2307
2325
2412
2464
2506
2533
2491
2627
2630
2575
2702
2791
2794
2814
2859
2923
2872
2914
2833
3022
2905
3013
2982
3065
3143
3118
3331
3283
3301
3329
3404
3351
3439
3562
3582
3534
3544
3693
3675
3663
3699
3740
3692
3824
3806
3744
3948
3892
3962
3972
3974
4131
4118
3999
4116
3939
4118
4101
4136
4118
4267
4223
4190
4268
4237
4350
4317
4257
4295
4301
4358
4357
4447
4371
4545
4342
4523
4224
4474
4564
4568
4450
4470
4571
4528
4637
4584
4622
4409
4631
4564
4565
4594
4656
4554
4623
4684
4628
4703
4726
4758
4686
4624
4607
4520
4668
4701
4796
4628
4642
4724
4643
4595
4725
4581
4677
4689
4533
4593
4642
4781
4771
4631
4600
4715
4556
4665
4625
4754
4606
4417
4597
4722
4464
4561
4604
4542
4461
4486
4543
4523
4466
4488
4531
4447
4445
4470
4412
4495
4468
4547
4402
4290
4323
4327
4237
4477
4384
4337
4345
4310
4220
4271
4248
4224
4209
4309
4139
4222
4013
4157
4198
4119
4196
4040
4068
4075
4125
4033
4021
3966
3997
4040
3857
3971
3872
3903
3948
3817
3946
3718
3822
3773
3889
3787
3855
3767
3784
3621
3659
3647
3541
3750
3529
3589
3436
3413
3540
3566
3442
3380
3392
3439
3372
3258
3280
3298
3305
3308
3271
3107
3275
3240
3133
3198
3084
3108
3023
3113
2981
2960
2883
2972
2874
2882
2916
2769
2912
2776
2757
2741
2740
2726
2820
2703
2776
2650
2683
2606
2623
2581
2538
2494
2480
2420
2483
2333
2448
2390
2351
2344
2321
2299
2313
2310
2214
2196
2149
2231
2221
2078
2158
2157
2115
2096
2075
1943
2005
1961
1983
1937
1857
1906
1893
1841
1833
1869
1824
1798
1771
1763
1797
1698
1699
1664
1679
1660
1683
1672
1672
1626
1574
1544
1592
1579
1530
1471
1506
1555
1509
1442
1496
1509
1495
1442
1403
1379
1385
1355
1358
1368
1321
1323
1362
1339
1298
1309
1310
1292
1292
1334
1279
1304
1268
1310
1247
1250
1224
1231
1128
1165
1103
1163
1152
1113
1159
1125
1132
1070
1087
1081
1057
1022
1060
1027
1029
1024
1056
1041
1009
1035
1026
1059
1019
982
975
969
982
1002
999
995
929
954
940
915
966
902
953
949
882
931
886
897
914
913
867
864
923
844
866
865
890
869
852
867
841
845
809
836
853
834
786
832
825
814
800
814
785
788
770
765
771
779
792
782
800
763
753
810
769
777
780
805
766
774
775
765
778
754
756
756
738
769
720
737
723
749
729
758
722
741
715
748
711
741
739
730
714
725
736
720
708
709
717
715
725
707
705
686
710
685
709
692
706
702
696
680
685
693
688
683
688
702
676
687
683
673
681
672
662
662
666
681
687
675
671
678
688
653
663
664
676
649
659
678
682
679
670
667
664
647
645
671
650
656
648
649
647
647
662
678
648
647
661
647
643
646
638
661
639
654
644
654
637
647
641
659
630
632
661
650
629
644
631
639
646
641
642
655
641
621
631
650
627
645
623
640
630
621
636
631
624
623
642
625
628
620
638
638
637
629
641
625
621
630
635
632
624
625
640
626
624
620
635
620
621
627
615
609
612
638
631
619
616
614
619
626
635
613
613
611
631
615
622
626
619
619
612
616
621
615
613
609
610
618
621
616
622
628
614
612
628
629
609
612
608
624
618
615
607
615
606
619
619
615
611
612
613
616
620
613
616
615
625
621
613
616
614
603
611
616
610
611
619
613
605
609
611
614
618
620
620
615
619
610
597
615
611
606
612
610
610
610
612
619
609
608
609
611
612
598
603
601
601
613
602
610
610
616
606
611
598
601
600
610
606
609
609
611
611
611
606
612
604
605
602
604
600
613
603
609
609
598
615
604
604
605
604
602
606
602
609
609
616
614
612
602
602
603
614
606
608
610
621
609
603
603
605
615
616
604
609
618
604
607
608
607
606
605
612
613
600
605
603
602
615
601
601
604
604
604
607
599
607
607
603
609
602
603
605
597
601
603
602
592
604
605
607
606
612
602
609
599
603
611
595
603
598
603
597
591
601
601
601
606
607
597
605
614
598
598
607
602
602
610
605
604
601
605
603
593
605
601
602
