599
598
605
603
604
609
598
605
598
596
598
600
610
597
601
607
610
607
602
605
599
603
604
619
613
608
617
615
605
615
611
628
616
611
619
607
606
609
609
607
604
606
620
608
612
608
616
612
611
612
604
610
605
599
606
610
593
609
595
604
606
601
596
599
599
601
613
602
602
600
593
603
602
598
595
597
605
602
597
609
608
595
604
607
607
595
602
606
606
607
602
611
615
605
610
601
596
605
610
602
607
601
600
609
599
608
604
605
605
605
602
607
599
607
608
607
597
601
598
604
607
601
601
601
599
608
600
604
601
610
595
603
602
601
605
594
601
598
598
598
602
604
606
602
605
589
596
596
604
600
597
604
611
596
606
600
602
601
600
600
600
597
593
594
599
595
604
597
607
604
599
605
604
602
592
601
603
600
597
595
600
600
604
601
612
605
602
602
593
600
598
608
595
602
604
601
612
603
595
607
601
602
596
601
601
593
602
602
599
611
602
602
601
596
601
604
605
600
605
600
605
600
587
605
603
597
605
596
605
599
607
599
604
596
601
597
603
603
603
611
596
603
603
606
602
595
597
599
599
601
609
605
599
596
598
603
592
603
594
602
603
601
607
603
607
604
606
607
604
606
600
602
594
602
609
606
602
607
610
606
601
596
613
603
605
597
602
612
604
594
597
604
598
606
612
604
607
603
600
603
611
594
604
607
598
595
609
605
607
604
609
604
604
604
601
607
609
597
606
607
598
601
608
604
605
602
599
602
598
611
616
609
604
611
615
614
604
606
608
607
613
609
603
603
604
602
593
616
610
609
615
616
620
618
618
606
623
627
626
607
601
610
612
608
615
611
616
620
625
613
629
621
623
623
623
620
627
618
620
637
618
637
615
624
618
632
637
638
636
634
645
613
636
637
645
657
618
635
655
638
635
657
661
658
632
657
639
664
644
653
663
672
647
667
675
651
671
663
667
691
680
690
679
683
687
706
707
713
713
710
704
688
709
700
708
723
748
757
719
748
728
768
742
761
772
784
765
784
759
807
817
818
809
849
831
801
833
852
845
891
894
881
874
929
923
908
916
953
941
1005
959
988
996
997
1016
1040
1022
1080
1098
1137
1082
1125
1128
1145
1131
1182
1210
1184
1234
1224
1250
1333
1241
1302
1399
1312
1376
1402
1474
1466
1454
1494
1452
1557
1549
1517
1574
1646
1592
1607
1683
1732
1741
1729
1780
1819
1902
1907
1813
1867
1957
1971
2029
2020
2041
2176
2108
2214
2210
2156
2255
2271
2352
2333
2305
2385
2475
2336
2576
2554
2580
2604
2745
2678
2706
2752
2814
2885
2897
2953
2937
2991
2858
3074
3183
3107
3129
3104
3340
3236
3359
3335
3398
3471
3513
3575
3626
3685
3602
3658
3625
3724
3724
3862
3724
3871
3875
3862
3986
3990
4019
3949
4083
4056
4027
4083
4191
4288
4244
4382
4329
4307
4473
4259
4423
4333
4487
4464
4505
4477
4438
4456
4456
4565
4487
4539
4660
4677
4535
4680
4707
4577
4746
4821
4713
4735
4752
4896
4744
4902
4871
4707
4932
4755
4749
4828
4677
4647
4887
4985
4813
4807
4758
4796
4858
4810
4892
4883
4822
4857
4905
4991
4922
4939
4864
4954
4939
4839
4851
5045
4889
4787
4995
4861
4995
5038
5021
4904
4933
4944
4961
4931
4836
4991
4879
4846
4833
4920
4863
4873
4834
4893
4738
4737
4639
4856
4767
4714
4614
4720
4664
4686
4736
4603
4519
4784
4665
4715
4641
4691
4492
4555
4583
4577
4449
4504
4487
4503
4465
4572
4454
4447
4423
4267
4582
4469
4532
4369
4496
4259
4224
4424
4347
4264
4269
4215
4087
4151
4240
4115
4127
4073
3943
4108
3991
3799
4018
4058
4078
4066
4084
3947
3983
3843
3941
3833
3859
3710
3781
3753
3669
3804
3769
3718
3609
3664
3556
3527
3596
3544
3502
3548
3428
3353
3396
3447
3388
3381
3283
3420
3286
3224
3317
3268
3138
3098
3194
3060
3189
3120
3071
2935
2961
3012
2939
2802
2891
2886
2856
2826
2866
2794
2816
2654
2713
2669
2605
2667
2624
2602
2568
2540
2414
2442
2380
2504
2472
2405
2343
2292
2313
2326
2291
2327
2250
2267
2254
2177
2199
2141
2178
2159
2013
2024
2053
2013
2071
2091
1970
2030
1911
1903
1866
1889
1782
1849
1820
1831
1844
1740
1787
1773
1740
1783
1684
1627
1753
1656
1615
1658
1608
1596
1543
1591
1597
1510
1552
1515
1518
1614
1428
1502
1460
1515
1432
1416
1344
1397
1344
1357
1336
1369
1349
1341
1320
1308
1282
1298
1283
1301
1304
1291
1205
1296
1230
1130
1182
1197
1192
1174
1158
1106
1142
1127
1117
1168
1153
1130
1151
1112
1062
1119
1054
1012
1120
1090
1041
1020
1041
1083
1034
1015
983
1006
986
996
967
913
987
930
930
937
918
919
978
943
951
895
922
913
862
938
915
913
927
911
880
881
882
865
849
873
863
847
837
842
832
838
802
821
811
839
837
827
822
794
825
825
821
836
806
815
822
783
774
771
780
742
776
742
795
760
765
792
790
778
763
739
757
753
743
774
760
745
759
780
724
756
749
722
734
691
703
733
714
694
709
723
712
714
714
710
701
727
698
712
705
693
701
693
697
717
708
696
694
703
672
688
698
678
690
696
700
680
687
719
683
679
676
673
684
685
686
683
690
665
679
667
663
659
690
670
650
689
673
668
669
675
660
646
667
655
651
652
650
669
665
659
664
644
641
656
648
640
638
648
650
631
641
644
644
638
646
635
647
643
635
639
636
640
652
649
650
624
638
663
668
638
645
637
642
629
626
626
642
636
620
633
634
626
628
634
635
635
631
637
631
635
618
636
624
633
620
623
626
633
627
633
633
627
627
629
628
628
621
620
620
618
628
622
626
621
609
627
621
623
626
625
610
612
639
615
619
633
618
617
630
620
624
626
619
619
627
621
617
617
616
612
620
623
614
612
630
611
629
625
604
621
627
611
618
604
612
603
611
629
615
624
608
618
612
617
612
602
610
609
610
611
615
620
616
612
598
599
612
606
618
616
604
603
606
607
610
608
609
605
613
611
606
616
616
605
600
601
612
606
606
618
607
611
609
602
618
608
608
601
611
601
603
613
606
613
609
602
599
601
602
599
609
603
600
607
607
601
606
609
609
606
612
609
603
607
604
601
602
614
614
604
604
608
611
602
609
600
598
602
612
611
613
604
604
605
601
608
607
611
606
606
616
604
589
614
605
603
606
610
601
605
607
598
604
602
610
603
608
607
602
597
604
604
608
605
607
601
605
603
602
597
605
605
607
609
600
606
603
603
602
604
610
609
601
598
603
595
613
606
604
606
597
605
593
611
600
602
608
604
602
595
606
604
608
613
602
597
601
605
606
607
610
610
