603
619
602
607
605
605
607
606
599
603
601
611
601
608
603
605
603
607
603
597
599
608
611
608
616
611
606
618
623
623
616
608
620
616
611
614
606
612
603
601
606
608
605
623
621
615
617
617
614
612
611
609
611
618
602
603
600
602
603
615
611
600
603
604
604
600
601
601
607
610
607
594
594
601
605
604
596
610
608
600
600
605
600
605
606
603
602
593
603
602
610
599
596
603
598
606
598
611
604
605
600
603
606
598
602
609
604
609
606
595
599
596
593
590
608
606
601
621
603
601
609
611
602
606
601
607
601
605
597
611
603
595
603
599
598
608
607
604
601
604
600
604
601
614
605
603
607
598
599
598
604
598
603
607
605
608
602
609
600
597
611
598
599
593
606
608
601
603
601
603
606
601
609
602
595
604
603
605
604
604
608
604
598
601
603
601
596
607
608
599
604
610
598
610
597
609
605
605
600
597
599
601
598
604
608
599
597
604
603
603
601
606
606
608
599
599
597
599
602
601
603
604
610
606
604
609
604
590
598
597
601
601
608
599
598
601
603
602
613
607
600
606
610
603
604
612
608
596
610
609
601
596
600
598
601
600
599
598
604
600
593
600
600
603
616
598
611
602
597
607
607
602
608
607
606
607
606
607
599
604
601
603
600
608
605
608
600
597
602
597
602
609
594
603
604
605
602
606
605
600
621
613
599
605
601
607
619
617
606
599
605
604
607
600
607
609
606
616
607
608
603
610
608
602
615
610
614
611
608
611
609
606
607
599
617
618
614
608
611
608
600
611
616
609
608
620
614
609
622
605
620
619
614
625
615
616
617
609
614
617
604
627
618
628
618
612
621
617
629
614
627
623
621
638
626
645
626
626
616
618
639
639
633
638
635
615
632
632
644
631
645
641
666
648
641
653
656
654
660
640
650
651
648
638
649
677
675
668
667
664
681
654
675
673
654
685
684
675
680
692
712
685
694
685
721
687
710
694
719
715
742
710
721
731
744
760
769
772
774
756
761
778
802
802
822
806
823
807
767
818
852
823
884
818
872
871
868
914
838
890
923
912
935
955
953
950
970
1002
1006
984
1042
1076
1038
1061
1097
1106
1149
1179
1182
1158
1179
1164
1190
1208
1279
1310
1276
1315
1315
1331
1305
1398
1412
1475
1430
1443
1528
1533
1505
1508
1568
1566
1641
1627
1693
1725
1762
1693
1847
1824
1879
1901
1983
1927
1958
1967
2086
2015
2104
2161
2196
2130
2226
2306
2335
2331
2291
2385
2447
2391
2560
2484
2602
2619
2582
2739
2649
2784
2783
2785
2887
2956
2918
3083
3052
3138
3132
3235
3188
3260
3315
3445
3317
3319
3528
3602
3539
3454
3560
3641
3705
3812
3799
3831
3864
3886
4021
4171
4082
4099
4080
4163
4191
4133
4389
4170
4255
4405
4401
4502
4372
4393
4503
4573
4676
4763
4780
4669
4779
4809
4789
4711
4856
4900
4922
4898
4951
5005
5043
4978
4955
5068
5162
5007
5142
5046
5188
5104
5185
5241
5323
5464
5383
5306
5395
5308
5368
5469
5436
5377
5427
5283
5257
5156
5329
5372
5380
5413
5380
5290
5372
5398
5456
5493
5548
5479
5364
5434
5440
5309
5474
5550
5436
5512
5446
5450
5547
5258
5337
5447
5451
5458
5438
5504
5486
5508
5264
5554
5493
5594
5512
5416
5365
5518
5457
5446
5349
5480
5379
5265
5194
5343
5381
5139
5269
5370
5329
5292
5273
5171
5235
5309
5199
5270
5350
5291
5124
5221
5224
5200
5235
5089
5101
4998
4958
5012
4951
5046
4962
5021
4945
5009
4858
4861
4956
4905
4879
4965
4868
4797
4789
4796
4795
4778
4723
4451
4685
4746
4603
4705
4434
4415
4583
4471
4364
4494
4538
4431
4465
4327
4355
4469
4414
4325
4240
4311
4186
4243
4186
4132
4171
4076
3964
4001
4039
4014
4051
3914
3812
3830
3804
3808
3838
3934
3695
3746
3639
3752
3681
3615
3718
3519
3546
3520
3351
3473
3359
3309
3325
3476
3228
3242
3248
3224
3279
3152
3191
3072
3136
3129
2921
3052
3039
3018
2918
3033
2904
2901
2953
2869
2839
2666
2831
2782
2721
2668
2552
2657
2681
2609
2544
2606
2498
2515
2581
2351
2426
2395
2457
2397
2377
2317
2197
2347
2166
2294
2166
2228
2201
2084
2028
2047
2023
2023
2074
1904
1988
1919
1923
1973
1913
1838
1938
1890
1859
1755
1797
1854
1779
1774
1756
1651
1676
1697
1677
1577
1624
1607
1621
1577
1589
1568
1457
1518
1530
1512
1529
1465
1479
1443
1434
1425
1375
1428
1422
1459
1384
1438
1352
1330
1376
1292
1337
1321
1263
1264
1244
1220
1230
1239
1271
1176
1206
1286
1262
1216
1247
1199
1156
1138
1165
1161
1093
1136
1126
1090
1081
1085
1125
1103
1047
1043
1039
997
1044
1073
1023
1016
1035
1013
1001
989
932
992
967
982
977
979
932
957
969
931
932
907
895
891
897
883
893
896
926
874
853
858
896
884
855
865
873
819
829
842
830
855
867
853
795
815
783
816
819
832
800
760
786
769
819
814
811
816
765
811
777
791
795
794
780
802
770
786
791
745
778
767
748
744
729
744
771
746
729
724
739
737
733
743
726
742
733
737
747
705
721
735
720
716
726
714
714
734
705
714
713
682
691
706
692
728
687
726
692
682
683
705
673
699
699
677
692
707
683
678
694
664
684
684
696
683
677
675
666
668
689
695
679
662
672
647
651
681
662
664
665
659
663
655
663
646
664
655
664
661
682
666
655
640
661
653
663
648
651
658
668
665
653
650
662
625
665
645
661
639
659
637
651
637
656
646
647
651
648
643
656
647
638
639
632
645
640
632
630
648
643
639
632
631
640
633
645
639
624
618
622
632
633
632
623
640
631
628
652
640
631
638
626
628
618
633
632
614
637
637
631
618
615
628
635
619
622
624
616
615
623
629
615
623
631
621
618
611
616
623
620
620
624
627
615
605
626
617
624
619
609
612
618
615
621
610
622
619
612
616
610
625
611
610
620
615
622
614
623
619
613
616
601
611
599
630
607
604
615
624
618
607
614
606
613
612
608
604
603
616
603
608
618
617
614
615
618
607
621
603
617
608
607
611
608
601
599
602
607
611
603
601
610
606
612
607
614
611
615
615
618
608
608
610
609
604
606
602
612
604
616
613
612
617
607
617
607
608
606
600
615
606
601
604
607
613
605
612
611
604
602
608
615
605
605
605
606
598
602
607
609
594
601
603
602
609
595
609
610
606
601
614
608
608
601
605
610
605
602
602
604
603
605
604
605
614
599
598
608
609
609
607
599
601
609
612
604
607
606
600
603
604
610
603
601
600
597
602
604
605
604
609
596
603
607
603
607
604
600
612
606
597
608
608
597
610
611
615
608
608
605
603
606
597
605
604
605
601
