604
609
608
602
610
605
601
601
605
608
599
601
606
605
601
609
603
603
616
614
602
606
594
604
608
603
615
608
604
624
613
619
610
614
618
609
599
599
603
598
601
603
606
608
613
618
626
614
616
606
603
608
603
605
603
606
601
604
603
605
602
599
606
602
594
594
600
597
602
592
609
603
596
595
601
599
597
605
600
602
601
593
601
613
602
606
606
598
600
601
607
599
602
605
597
598
607
612
600
600
603
606
601
600
595
601
603
603
597
603
600
602
611
612
607
605
603
594
595
598
608
589
599
597
596
605
600
599
603
590
600
607
597
610
603
603
605
599
603
606
601
600
589
601
601
606
596
601
601
604
598
603
596
600
604
599
603
597
602
599
591
592
597
591
596
608
596
596
598
604
602
600
604
607
599
594
602
604
606
604
598
591
603
604
601
606
603
603
596
606
600
610
609
604
594
612
600
609
601
598
599
603
599
597
605
599
598
594
610
610
607
609
600
597
598
603
594
598
599
598
599
600
616
593
604
599
597
601
601
594
598
600
599
601
603
599
600
604
603
604
599
596
595
593
604
604
594
602
597
607
607
605
600
593
602
597
594
604
604
600
599
599
595
597
600
594
602
601
592
604
611
603
600
603
599
597
599
600
599
607
601
605
604
596
601
614
604
598
610
610
607
597
597
602
598
610
611
593
613
600
602
605
607
601
598
593
609
603
602
602
610
600
614
595
613
612
601
608
597
610
597
609
610
602
603
605
606
606
606
601
609
616
600
604
612
608
614
608
605
615
611
618
619
613
609
606
608
618
608
614
611
615
609
606
612
606
611
624
620
616
616
615
614
623
620
618
625
609
614
620
619
618
634
616
618
618
637
626
632
631
606
630
624
630
639
640
623
639
626
640
639
649
627
640
639
646
652
638
647
642
651
653
631
660
653
652
639
659
646
664
666
665
642
671
664
676
678
672
664
676
679
685
681
687
697
679
727
693
705
712
723
703
749
717
732
736
725
753
748
783
748
802
754
773
782
781
801
802
797
802
826
802
837
832
856
821
882
885
873
872
881
902
911
901
905
951
948
954
980
987
983
992
1059
1106
1030
1055
1097
1104
1061
1089
1145
1167
1170
1185
1189
1225
1180
1214
1283
1237
1262
1379
1308
1388
1403
1452
1404
1395
1507
1478
1528
1487
1667
1615
1599
1593
1650
1730
1763
1725
1703
1797
1909
1831
1924
1843
1914
1915
1969
2064
2025
2155
2159
2134
2174
2226
2263
2213
2298
2256
2357
2311
2380
2468
2465
2509
2568
2640
2609
2684
2715
2744
2807
2855
3021
2886
2938
2914
3046
3032
3135
3183
3106
3255
3293
3217
3303
3445
3356
3521
3486
3543
3556
3569
3684
3686
3792
3901
3955
3835
3938
3970
3928
4026
3895
4023
4071
4054
4086
4274
4272
4210
4250
4288
4416
4326
4491
4610
4558
4681
4588
4523
4711
4547
4818
4763
4751
4780
4722
4799
4784
4853
4750
4856
4771
4910
4990
4847
5009
4873
4894
4951
5005
4895
5057
5054
5253
5100
5103
5113
5108
5048
5288
5174
5109
5018
4967
5239
4995
5194
5263
5133
5098
5277
5249
5210
5164
5157
5225
5218
5194
5335
5243
5256
5321
5126
5094
5233
5115
5116
5398
5151
5277
5222
5321
5247
5438
5186
5143
5170
5318
5178
5301
5142
5142
5087
4979
5077
5129
5170
5050
5053
5212
5019
4983
5053
5036
5180
4973
5022
5144
5079
5049
5002
5054
4915
5057
4948
5104
4955
4805
5027
4982
4835
4812
4801
4776
4829
4692
4818
4688
4647
4699
4633
4874
4657
4718
4577
4650
4700
4607
4527
4614
4551
4507
4587
4443
4400
4356
4446
4483
4375
4439
4137
4264
4286
4310
4135
4246
4278
4273
4333
4226
4077
4131
4185
4031
3993
3871
4018
3999
4018
3815
3884
3820
3854
3770
3693
3758
3751
3571
3631
3637
3590
3691
3546
3607
3731
3529
3656
3472
3492
3366
3502
3341
3334
3306
3214
3243
3276
3226
3151
3241
3194
3005
3151
3006
2983
3123
3024
3002
2933
2981
2906
2897
2896
2838
2809
2660
2846
2631
2675
2648
2627
2597
2547
2557
2524
2599
2520
2571
2463
2380
2415
2467
2395
2286
2332
2385
2257
2327
2347
2192
2305
2165
2238
2106
2161
2112
2040
1969
1962
2009
1956
1950
1911
1975
1927
1931
1810
1838
1822
1771
1821
1845
1729
1821
1750
1720
1620
1678
1706
1620
1638
1674
1585
1521
1618
1505
1527
1541
1543
1541
1536
1454
1514
1458
1473
1407
1463
1441
1425
1425
1394
1388
1384
1342
1381
1366
1322
1263
1299
1330
1215
1268
1282
1290
1222
1228
1220
1202
1197
1226
1158
1149
1154
1155
1181
1111
1153
1124
1161
1081
1096
1097
1100
1081
1060
1101
1094
1061
1039
1085
1023
1028
1006
988
1015
1053
972
953
1010
946
949
952
932
948
906
997
932
962
943
897
905
967
912
869
885
885
878
867
857
855
926
857
859
875
846
842
855
844
838
824
807
867
798
847
826
803
814
810
828
812
801
795
819
802
790
790
823
751
749
785
769
769
772
782
783
762
771
758
785
741
761
732
763
763
738
762
726
745
734
775
713
737
724
714
712
726
707
701
710
731
727
742
694
707
685
704
719
689
709
698
701
719
703
694
711
683
682
698
699
683
687
675
692
684
680
688
682
679
670
679
678
691
677
667
670
677
683
665
680
662
680
656
665
664
676
659
652
663
664
665
677
656
642
660
662
640
650
658
643
647
663
664
676
642
648
658
650
656
646
649
644
642
648
662
649
644
648
645
647
634
642
650
649
652
644
639
624
646
647
644
641
624
639
645
638
632
637
623
632
641
634
633
635
627
637
609
625
641
627
630
623
626
620
624
619
624
626
622
626
623
626
624
619
629
630
635
616
639
620
621
631
623
631
612
625
622
630
619
634
614
614
624
602
622
601
619
612
609
604
623
620
621
615
631
625
622
611
603
622
610
613
613
604
615
610
615
617
612
599
628
611
614
608
615
607
619
617
605
602
605
610
619
613
611
614
606
606
618
600
621
609
605
601
604
604
604
611
602
619
609
620
624
607
609
601
616
607
610
605
605
603
610
617
596
602
614
607
595
606
610
609
621
604
610
616
612
611
604
611
603
607
604
611
613
610
605
611
611
605
603
599
607
607
602
605
608
602
601
608
601
610
613
601
604
604
601
616
605
601
604
604
615
610
607
605
608
603
610
599
610
606
603
604
604
600
603
611
600
598
606
603
608
607
609
595
607
606
603
613
603
605
591
600
596
611
608
596
607
607
606
604
605
607
608
602
605
602
601
602
600
607
600
601
594
603
602
595
611
604
610
603
591
606
613
599
596
601
606
602
607
595
601
600
608
595
599
613
612
602
596
605
602
605
599
591
603
593
