601
606
600
605
605
611
595
606
605
603
607
605
607
609
605
605
609
600
612
603
601
611
606
615
613
624
610
621
615
622
607
618
618
612
606
608
612
613
603
603
613
607
610
614
618
621
613
610
613
613
597
610
598
598
614
603
599
611
604
602
604
606
603
601
597
602
597
599
598
602
594
596
604
584
599
605
604
596
601
602
598
598
610
604
609
597
609
601
600
601
600
601
597
611
599
606
602
598
593
596
615
602
599
604
608
600
601
601
599
597
602
600
605
602
600
618
603
607
612
597
606
606
603
604
602
599
598
591
607
604
602
609
595
608
602
601
603
604
606
606
601
606
597
601
598
598
612
608
605
597
600
601
596
595
602
602
591
606
599
604
599
604
598
603
590
604
609
589
607
605
601
604
607
605
600
609
597
601
601
609
603
588
601
599
604
602
591
600
599
597
599
603
603
604
593
602
605
615
600
601
605
598
605
597
597
607
605
605
610
599
608
600
600
603
601
604
597
602
602
607
600
596
605
600
604
605
598
602
606
588
606
598
593
608
603
602
604
602
606
603
598
599
592
610
605
598
594
609
600
600
603
605
600
600
610
611
600
603
611
610
600
599
601
596
605
604
607
606
605
604
606
600
603
603
610
605
610
603
602
610
605
618
598
599
602
598
596
614
599
603
607
609
603
604
607
597
612
602
608
598
613
606
606
604
601
615
607
607
609
610
605
606
599
601
608
596
593
606
607
609
605
613
603
618
610
606
612
612
612
615
614
607
608
611
616
605
614
604
613
616
607
609
621
607
614
609
612
615
624
605
611
611
617
620
625
614
614
630
608
616
626
624
618
616
628
614
626
624
621
627
631
630
620
627
628
648
627
627
625
631
643
614
632
639
643
638
643
636
627
636
650
643
634
654
652
662
658
663
672
641
648
670
669
658
688
665
655
660
656
677
675
684
704
671
684
703
698
693
685
710
705
720
716
726
704
733
740
728
757
758
751
743
738
762
759
766
764
764
801
808
790
797
827
828
808
837
797
835
854
878
854
851
898
897
881
906
907
946
966
941
974
974
999
1005
987
1021
1025
1041
1050
1071
1064
1101
1107
1142
1166
1189
1176
1194
1144
1281
1247
1278
1262
1320
1313
1349
1332
1391
1324
1447
1444
1479
1486
1525
1578
1647
1641
1633
1639
1640
1682
1780
1738
1798
1872
1817
1882
1899
1988
1973
2046
1997
2135
2196
2224
2210
2200
2413
2339
2366
2360
2372
2494
2415
2575
2438
2565
2645
2617
2758
2788
2650
2825
2779
2912
2840
2878
3007
3145
3006
3263
3223
3251
3245
3301
3404
3440
3587
3571
3671
3666
3615
3587
3682
3809
3861
3886
3953
3938
4049
4145
4164
4236
4276
4391
4358
4370
4457
4462
4536
4425
4604
4652
4681
4738
4568
4821
4884
4878
4882
4914
5037
4953
5093
5198
5237
5316
5200
5304
5358
5441
5333
5591
5437
5554
5512
5407
5502
5567
5787
5589
5544
5586
5777
5698
5618
5751
5704
5948
5762
5918
5993
6011
5833
5968
5867
6009
5855
6019
5939
6008
5917
5908
5873
5877
5955
5969
5961
6141
5948
6144
6093
6144
6133
5929
6178
6139
6175
6142
5961
6222
6182
6216
6164
6098
6047
6153
6196
6182
6208
6031
6187
6146
6080
5951
6280
6137
6098
6165
6054
6106
6201
6232
6269
6079
5973
5928
5967
6018
5975
6080
6059
5900
5878
5828
5922
5970
5945
5940
6016
5842
5777
5850
5899
5949
6013
5708
5773
5707
5842
5763
5891
5733
5688
5606
5711
5790
5684
5710
5570
5514
5517
5415
5488
5456
5652
5556
5471
5457
5509
5316
5309
5251
5318
5187
5171
5397
5144
5130
5203
5136
5090
5213
5174
5157
4970
5020
5017
4972
5043
4905
4884
4898
4940
4702
4727
4835
4816
4709
4574
4657
4512
4644
4610
4490
4539
4498
4478
4456
4166
4337
4251
4460
4195
4254
4175
4310
4054
4157
4053
4080
3944
4044
3996
3901
3965
3756
3831
3821
3782
3703
3582
3602
3677
3758
3639
3557
3573
3500
3425
3473
3424
3506
3371
3295
3331
3288
3380
3201
3154
3219
3089
3031
3030
3007
2895
2912
2946
2869
2903
2774
2882
2839
2745
2751
2705
2653
2572
2613
2659
2625
2672
2727
2554
2521
2489
2407
2387
2229
2364
2383
2296
2256
2314
2164
2108
2201
2233
2109
2081
2134
2072
2079
2134
2078
1982
2046
2011
1929
1969
1884
1880
1890
1844
1781
1862
1811
1830
1737
1736
1654
1759
1716
1730
1730
1575
1664
1707
1644
1574
1585
1642
1625
1555
1519
1574
1484
1607
1511
1434
1402
1535
1388
1383
1411
1413
1365
1376
1336
1383
1401
1310
1263
1260
1300
1264
1305
1266
1199
1236
1187
1220
1233
1207
1244
1195
1187
1145
1169
1155
1159
1175
1127
1123
1157
1080
1108
1085
1073
1077
1054
1047
1016
1073
1046
962
1013
1000
1012
1055
969
1026
992
986
1025
1006
1000
938
951
953
967
939
917
914
941
904
878
910
883
887
874
883
868
880
873
895
898
895
817
832
831
865
821
831
815
844
868
840
839
834
819
776
866
817
786
786
801
786
790
800
834
776
787
794
788
753
788
801
765
787
772
764
782
734
745
781
726
737
734
752
736
752
765
738
738
742
739
740
741
708
731
760
735
736
718
715
718
696
728
712
733
708
711
724
699
706
698
721
729
676
690
710
705
715
690
697
700
701
712
681
682
691
691
682
689
677
686
689
691
689
678
688
683
658
683
657
661
690
680
665
691
657
664
656
656
659
667
688
684
676
665
649
640
662
656
651
636
638
655
658
661
654
643
645
646
643
644
633
655
660
639
635
634
636
641
637
632
653
672
656
641
664
636
633
648
648
652
638
638
632
631
628
634
635
641
637
643
634
641
649
643
644
633
634
630
630
639
629
639
632
607
630
635
634
629
620
627
615
627
628
619
636
621
617
626
627
622
618
628
622
607
619
619
624
612
610
631
625
622
615
619
616
622
614
620
621
621
613
619
627
613
613
613
629
615
611
614
605
630
622
612
617
615
615
624
610
619
609
618
615
620
614
620
622
602
605
607
608
621
612
620
613
608
604
608
616
614
598
604
611
609
600
617
606
604
613
612
611
603
609
614
615
618
596
611
620
615
615
611
608
605
610
607
612
604
607
616
609
611
609
614
599
595
603
611
609
601
617
610
605
607
609
611
602
615
615
611
594
607
605
597
606
610
610
616
601
604
610
610
605
599
602
606
605
609
599
609
600
609
604
604
605
600
611
611
605
610
612
607
617
597
593
607
600
602
609
603
605
604
603
609
599
604
604
614
607
596
603
600
603
611
613
601
605
598
609
596
606
613
609
607
602
596
605
607
598
605
595
601
609
595
610
605
603
594
607
601
603
606
607
601
603
604
609
606
603
601
602
603
609
