606
604
601
612
600
604
595
599
610
600
596
602
597
592
602
603
599
600
603
603
603
602
605
613
602
604
604
602
618
613
592
616
612
615
604
613
609
604
602
598
601
602
607
612
613
619
619
610
610
601
615
607
602
603
599
597
603
603
598
586
602
590
603
607
601
607
606
598
597
600
593
602
596
599
603
603
603
601
599
607
605
594
607
600
605
595
610
603
598
597
601
607
600
604
601
600
601
603
593
600
591
598
604
596
595
600
593
610
598
610
597
608
604
602
597
599
608
605
603
606
598
602
604
604
596
605
594
597
606
604
596
601
600
607
597
596
604
598
604
604
598
604
600
600
608
609
594
607
594
597
595
605
599
612
609
609
595
598
601
607
613
607
612
602
591
601
598
599
602
598
600
604
601
593
601
607
592
591
601
601
595
607
600
607
597
590
604
603
600
601
604
598
593
598
594
601
597
599
602
592
607
601
604
603
591
591
599
600
596
601
597
590
608
604
600
601
609
602
602
600
601
600
606
597
605
592
599
601
594
604
598
601
612
603
599
602
592
600
607
606
593
607
600
599
596
602
601
598
600
599
597
604
598
596
594
603
591
597
596
597
599
598
598
596
602
596
601
603
604
605
595
603
599
597
604
611
604
605
603
599
597
597
602
601
593
601
603
595
603
600
604
588
608
602
599
599
606
607
602
607
595
606
598
606
600
605
603
603
613
607
606
592
600
604
607
599
607
602
604
602
601
595
601
601
597
607
604
599
603
598
606
600
603
591
600
604
602
603
603
598
597
597
605
602
604
603
601
606
601
597
610
600
600
610
601
604
596
605
601
600
604
600
599
600
604
604
604
599
597
604
611
613
594
601
609
603
609
602
601
599
597
613
604
603
604
593
602
610
604
615
599
610
603
601
599
598
611
602
605
598
605
612
604
609
615
628
607
620
609
617
608
618
606
612
626
613
608
618
615
608
624
612
617
606
616
615
634
609
615
614
613
617
622
613
629
628
619
629
635
636
639
619
632
631
647
640
643
621
632
643
626
642
640
645
654
648
634
642
668
655
633
656
671
669
653
673
675
668
675
679
679
676
653
668
698
675
691
684
698
697
700
686
700
691
708
704
710
713
731
721
735
718
752
737
726
714
733
757
737
777
789
759
754
794
813
778
782
838
774
777
812
799
820
832
823
839
835
858
831
848
892
841
856
916
919
887
872
891
930
920
947
954
888
972
930
922
967
963
977
929
989
1001
999
1008
1015
1021
1000
1061
1091
1069
1093
1023
1057
1060
1083
1069
1140
1112
1159
1111
1085
1155
1112
1149
1202
1171
1170
1140
1199
1187
1183
1162
1162
1182
1218
1175
1205
1197
1207
1198
1235
1256
1295
1244
1283
1279
1268
1370
1271
1324
1322
1277
1340
1337
1289
1293
1327
1309
1353
1353
1368
1336
1391
1276
1338
1467
1361
1388
1350
1374
1380
1448
1378
1354
1379
1345
1425
1399
1340
1432
1320
1377
1453
1405
1403
1375
1405
1433
1456
1348
1420
1442
1393
1410
1458
1424
1436
1418
1357
1418
1443
1391
1465
1446
1447
1443
1421
1397
1398
1486
1377
1458
1473
1412
1393
1424
1431
1483
1452
1395
1394
1383
1390
1410
1410
1406
1400
1419
1431
1435
1350
1432
1376
1366
1390
1436
1412
1427
1387
1392
1368
1360
1399
1371
1401
1355
1351
1416
1366
1415
1350
1345
1340
1328
1278
1359
1400
1374
1346
1315
1367
1294
1304
1309
1318
1352
1364
1359
1378
1316
1344
1337
1288
1321
1345
1212
1293
1276
1290
1308
1295
1224
1221
1316
1230
1278
1253
1234
1259
1282
1212
1198
1257
1221
1234
1242
1229
1193
1121
1222
1220
1225
1202
1172
1158
1169
1174
1172
1198
1157
1134
1193
1145
1084
1121
1131
1088
1129
1131
1088
1100
1112
1119
1078
1090
1096
1051
1022
1075
1064
1087
1094
1041
1042
1021
1034
1019
1003
1017
1041
1032
959
994
1022
1021
973
986
955
981
973
953
930
929
921
912
898
907
959
931
928
893
941
899
898
878
928
871
916
915
880
881
850
859
880
857
857
887
886
830
863
854
833
863
841
855
827
813
840
787
837
831
829
804
806
806
785
824
794
816
798
766
817
794
777
792
767
763
756
777
779
785
745
782
765
763
734
752
751
716
758
754
754
757
735
725
743
711
716
751
723
727
725
722
710
713
715
708
709
730
702
700
684
744
709
693
698
706
689
680
684
712
672
698
690
678
676
700
692
695
684
669
673
673
672
668
658
674
691
676
654
674
664
662
674
674
649
665
657
665
670
670
638
654
638
646
677
643
672
666
651
638
652
638
650
652
649
621
651
651
645
659
658
639
636
655
628
638
644
635
632
637
640
622
643
642
644
637
622
645
634
636
640
620
631
642
621
622
627
623
621
617
637
635
605
639
633
613
631
628
631
628
616
637
621
628
630
626
612
614
633
626
611
617
612
614
623
623
622
631
629
618
628
620
616
611
608
631
623
625
617
624
618
617
616
618
615
611
630
622
620
611
623
610
617
610
611
614
610
611
603
596
600
622
611
625
609
610
604
611
604
607
621
597
611
611
610
611
605
608
614
605
608
610
601
602
606
611
593
613
605
619
606
611
616
617
613
601
612
611
606
603
606
612
603
605
602
613
615
600
615
612
614
612
605
613
614
615
606
604
607
609
603
601
611
610
604
599
603
610
606
602
604
600
610
604
610
607
603
608
601
602
605
608
606
607
603
601
602
599
603
593
603
604
610
598
610
600
603
603
609
606
608
610
601
607
610
602
607
604
602
609
606
609
613
594
604
603
608
598
599
595
597
600
607
595
605
600
599
607
601
601
612
609
609
595
601
613
603
610
599
605
594
592
597
610
604
606
606
599
602
598
605
601
601
597
604
601
606
599
608
595
606
599
608
603
606
609
605
596
601
594
598
605
603
603
611
605
599
606
605
603
605
605
599
600
593
606
605
606
595
599
603
597
600
600
609
597
602
608
604
602
611
605
597
607
606
600
596
596
604
602
601
602
607
598
591
591
600
595
596
592
599
608
603
603
607
602
601
604
599
608
593
602
600
604
602
592
595
598
606
607
604
602
597
600
597
597
594
603
603
602
600
603
600
600
606
596
600
604
600
600
603
604
603
611
605
605
603
604
600
597
604
598
609
600
604
596
604
596
595
601
601
606
603
597
597
608
602
606
593
601
601
600
588
605
596
600
603
602
603
600
603
597
596
602
602
594
606
595
598
