609
599
606
604
603
607
608
609
595
601
600
607
611
606
601
606
602
594
603
598
609
608
601
604
605
606
608
605
603
612
601
589
606
595
599
600
604
598
606
601
606
608
603
600
610
603
596
601
599
603
602
597
597
598
608
602
598
609
600
596
604
605
606
610
606
604
607
601
604
597
594
605
609
607
602
596
604
599
607
600
607
596
597
615
609
597
596
600
603
603
598
598
601
600
604
609
601
594
601
609
591
606
607
595
612
603
602
595
604
598
593
603
592
597
606
593
599
600
606
598
596
606
607
600
602
607
602
602
604
618
605
602
610
609
605
602
600
606
600
597
603
597
596
594
605
602
603
605
607
603
605
605
605
600
603
605
604
600
613
604
600
600
603
606
608
602
603
603
603
602
601
603
606
593
602
605
603
602
609
596
603
604
596
599
600
599
604
605
606
596
596
603
604
602
603
596
605
606
597
600
600
597
601
612
597
599
595
602
600
602
603
598
603
602
593
594
596
604
597
604
611
597
601
601
603
596
603
595
602
607
596
610
596
606
605
605
605
598
600
600
597
605
605
603
606
595
599
603
597
603
603
601
600
592
599
602
600
596
598
607
607
601
596
603
600
602
608
606
603
605
598
611
600
602
600
605
595
607
599
609
602
610
597
598
611
593
598
608
598
615
599
597
602
603
601
608
596
601
603
595
603
604
604
592
601
598
607
597
595
592
601
602
601
605
600
603
598
597
605
601
600
591
604
605
601
595
600
596
603
590
597
598
606
596
613
601
595
602
601
603
610
607
603
607
597
612
603
606
600
608
603
598
598
596
604
616
605
593
600
595
603
609
590
602
610
612
606
604
606
602
602
603
593
608
598
610
609
601
616
609
602
603
605
605
614
606
604
604
596
599
612
611
617
604
605
618
616
602
609
615
606
598
614
605
612
607
622
613
600
622
619
611
620
617
628
621
605
621
626
629
622
612
623
619
617
622
613
627
615
629
614
636
614
625
621
621
620
625
631
630
654
624
627
641
642
648
634
637
655
638
627
657
656
677
632
657
654
674
670
679
679
670
669
673
676
685
697
683
687
691
711
689
681
699
715
727
704
714
700
706
713
746
711
714
742
767
733
771
743
752
794
756
767
811
791
784
813
818
815
830
822
811
843
836
865
815
829
886
863
914
910
881
915
858
894
924
927
975
946
963
976
932
967
997
973
1003
925
986
1021
1022
1069
1021
1038
1078
1071
1022
1093
1097
1104
1097
1115
1104
1085
1088
1150
1182
1188
1203
1221
1194
1213
1234
1239
1231
1243
1247
1250
1220
1291
1304
1244
1349
1280
1279
1331
1394
1348
1375
1393
1378
1387
1352
1385
1377
1411
1389
1462
1482
1407
1484
1437
1499
1466
1496
1445
1552
1467
1520
1477
1618
1509
1505
1554
1475
1545
1543
1584
1532
1544
1595
1596
1570
1605
1565
1549
1554
1678
1640
1540
1580
1568
1586
1622
1587
1546
1651
1585
1610
1618
1576
1584
1710
1542
1644
1642
1533
1584
1647
1648
1600
1668
1672
1660
1669
1613
1639
1657
1674
1634
1673
1605
1601
1644
1616
1677
1657
1658
1678
1683
1619
1584
1632
1724
1647
1636
1630
1561
1634
1655
1617
1661
1606
1658
1650
1627
1643
1662
1627
1666
1528
1665
1625
1584
1655
1596
1570
1597
1628
1530
1542
1598
1507
1540
1576
1558
1619
1574
1645
1513
1508
1570
1535
1520
1558
1432
1493
1526
1518
1582
1524
1566
1543
1491
1586
1585
1529
1555
1556
1567
1465
1422
1472
1520
1506
1454
1411
1444
1414
1465
1458
1442
1426
1390
1358
1402
1341
1391
1393
1433
1444
1425
1407
1359
1371
1388
1323
1346
1358
1344
1312
1363
1285
1312
1334
1290
1327
1280
1300
1209
1265
1298
1206
1249
1189
1269
1228
1242
1156
1225
1183
1240
1190
1167
1189
1145
1151
1227
1164
1165
1174
1105
1133
1174
1143
1119
1140
1076
1125
1087
1093
1094
1129
1065
1075
1032
1034
1030
1068
1038
1001
1043
1072
1018
982
1010
1015
1026
960
1023
981
947
936
957
984
986
993
914
967
942
972
904
909
925
936
946
897
898
893
904
897
858
924
859
899
870
880
851
887
868
840
828
860
834
848
840
840
808
859
858
814
844
813
802
780
816
842
812
768
800
782
787
778
804
770
791
804
771
784
802
806
770
771
767
764
784
781
771
766
759
731
746
744
748
724
745
761
742
720
732
730
723
697
714
719
712
736
710
728
715
727
717
703
724
687
724
724
689
691
679
685
696
689
697
711
671
685
666
673
701
665
682
679
686
667
667
657
663
695
676
681
677
664
675
667
662
665
644
664
658
651
664
662
638
650
648
657
659
662
659
648
631
651
648
643
646
643
651
642
638
641
643
645
620
636
643
637
645
651
656
628
630
624
618
635
638
626
632
660
643
619
627
636
617
633
620
636
635
647
618
620
631
617
628
633
629
623
637
633
640
615
618
619
626
630
638
631
619
626
622
627
632
632
626
624
621
623
630
626
624
622
623
608
621
626
619
607
618
622
625
614
614
618
630
603
627
615
617
628
611
627
618
624
624
621
622
623
619
618
615
620
622
614
614
629
611
609
608
610
617
608
613
613
612
611
622
611
611
612
613
604
620
617
616
612
602
604
615
613
606
608
617
614
616
614
607
604
616
608
601
618
617
610
610
607
617
613
607
615
613
595
613
596
605
606
597
598
602
604
610
602
611
607
614
601
610
598
619
601
601
604
613
604
602
607
596
611
614
606
609
606
600
600
604
600
597
600
597
610
610
611
613
606
604
602
602
607
612
613
610
604
622
598
592
611
606
603
605
605
603
608
604
603
600
607
612
602
599
613
611
599
599
603
605
607
613
602
607
601
600
612
602
600
605
603
598
609
603
593
607
597
597
595
603
598
603
610
598
608
598
601
598
602
597
602
603
603
603
601
599
600
613
605
603
603
603
605
607
598
604
596
600
604
593
603
598
612
607
595
592
614
603
597
601
599
599
602
597
598
611
595
598
602
598
599
598
593
597
597
600
603
601
602
595
607
607
602
597
598
606
600
603
597
590
601
599
593
603
597
592
606
598
601
606
607
603
594
603
598
600
604
601
596
602
608
591
603
596
601
601
602
589
591
601
598
610
596
604
602
600
606
601
605
604
603
599
607
599
602
602
599
592
600
604
598
604
600
597
607
595
607
602
606
605
600
598
607
610
604
600
603
598
605
597
595
602
597
594
603
603
602
597
598
599
590
600
598
601
596
598
595
