572.2858100123734
572.5538540704732
572.8218836440791
573.0898987331913
573.3578993378096
573.6258854579343
573.893857093565
574.1618142447019
574.4297569113451
574.6976850934944
574.9655987911499
575.2334980043116
575.5013827329796
575.7692529771538
576.037108736834
576.3049500120206
576.5727768027133
576.8405891089122
577.1083869306174
577.3761702678287
577.6439391205462
577.9116934887699
578.1794333724998
578.4471587717359
578.7148696864782
578.9825661167267
579.2502480624814
579.5179155237423
579.7855685005094
580.0532069927826
580.3208310005622
580.5884405238478
580.8560355626397
581.1236161169378
581.3911821867421
581.6587337720525
581.9262708728692
582.1937934891921
582.4613016210211
582.7287952683564
582.9962744311979
583.2637391095454
583.5311893033993
583.7986250127594
584.0660462376256
584.333452977998
584.6008452338767
584.8682230052616
585.1355862921525
585.4029350945498
585.6702694124532
585.9375892458629
586.2048945947787
586.4721854592008
586.7394618391289
587.0067237345634
587.273971145504
587.5412040719508
587.8084225139038
588.075626471363
588.3428159443284
588.6099909328
588.8771514367778
589.1442974562617
589.4114289912519
589.6785460417484
589.945648607751
590.2127366892597
590.4798102862746
590.7468693987959
591.0139140268233
591.2809441703569
591.5479598293966
591.8149610039426
592.0819476939947
592.348919899553
592.6158776206177
592.8828208571883
593.1497496092653
593.4166638768485
593.6835636599378
593.9504489585333
594.2173197726352
594.484176102243
594.7510179473571
595.0178453079775
595.284658184104
595.5514565757368
595.8182404828757
596.0850099055208
596.3517648436721
596.6185052973296
596.8852312664934
597.1519427511632
597.4186397513394
597.6853222670217
597.9519902982101
598.2186438449049
598.4852829071058
598.7519074848128
599.0185175780261
599.2851131867457
599.5516943109714
599.8182609507032
600.0848131059413
600.3513507766855
600.6178739629361
600.8843826646927
601.1508768819556
601.4173566147247
601.6838218629999
601.9502726267814
602.216708906069
602.4831307008628
602.7495380111629
603.0159308369692
603.2823091782816
603.5486730351003
603.8150224074251
604.0813572952561
604.3476776985934
604.6139836174368
604.8802750517865
605.1465520016422
605.4128144670043
605.6790624478725
605.9452959442469
606.2115149561275
606.4777194835144
606.7439095264074
607.0100850848066
607.276246158712
607.5423927481236
607.8085248530414
608.0746424734654
608.3407456093956
608.606834260832
608.8729084277745
609.1389681102233
609.4050133081784
609.6710440216395
609.9370602506069
610.2030619950805
610.4690492550602
610.7350220305462
611.0009803215383
611.2669241280367
611.5328534500413
611.7987682875521
612.064668640569
612.3305545090922
612.5964258931215
612.8622827926571
613.1281252076988
613.3939531382467
613.6597665843009
613.9255655458612
614.1913500229277
614.4571200155004
614.7228755235794
614.9886165471645
615.2543430862559
615.5200551408534
615.7857527109571
616.051435796567
616.3171043976831
616.5827585143054
616.848398146434
617.1140232940686
617.3796339572095
617.6452301358567
617.91081183001
618.1763790396694
618.4419317648351
618.7074700055069
618.9729937616851
619.2385030333694
619.5039978205598
619.7694781232565
620.0349439414593
620.3003952751684
620.5658321243837
620.8312544891052
621.0966623693329
621.3620557650667
621.6274346763067
621.892799103053
622.1581490453054
622.4234845030641
622.688805476329
622.9541119651
623.2194039693773
623.4846814891607
623.7499445244503
624.0151930752461
624.2804271415481
624.5456467233564
624.8108518206708
625.0760424334915
625.3412185618182
625.6063802056512
625.8715273649905
626.1366600398359
626.4017782301875
626.6668819360452
626.9319711574093
627.1970458942794
627.4621061466559
627.7271519145385
627.9921831979273
628.2571999968222
628.5222023112234
628.7871901411308
629.0521634865444
629.3171223474642
629.5820667238901
629.8469966158223
630.1119120232606
630.3768129462052
630.641699384656
630.9065713386129
631.1714288080761
631.4362717930454
631.701100293521
631.9659143095028
632.2307138409907
632.4954988879848
632.7602694504852
633.0250255284917
633.2897671220045
633.5544942310233
633.8192068555485
634.0839049955798
634.3485886511173
634.6132578221611
634.877912508711
635.1425527107671
635.4071784283294
635.671789661398
635.9363864099727
636.2009686740536
636.4655364536407
636.7300897487339
636.9946285593335
637.2591528854391
637.523662727051
637.7881580841691
638.0526389567934
638.3171053449239
638.5815572485606
638.8459946677034
639.1104176023525
639.3748260525077
639.6392200181692
639.9035994993369
640.1679644960108
640.4323150081908
640.696651035877
640.9609725790696
641.2252796377682
641.489572211973
641.7538503016841
642.0181139069014
642.2823630276248
642.5465976638544
642.8108178155902
643.0750234828323
643.3392146655805
643.6033913638349
643.8675535775956
644.1317013068624
644.3958345516354
644.6599533119146
644.9240575877
645.1881473789916
645.4522226857894
645.7162835080934
645.9803298459036
646.24436169922
646.5083790680426
646.7723819523715
647.0363703522064
647.3003442675476
647.564303698395
647.8282486447486
648.0921791066083
648.3560950839743
648.6199965768465
648.8838835852248
649.1477561091094
649.4116141485002
649.6754577033971
649.9392867738003
650.2031013597096
650.4669014611252
650.7306870780469
650.9944582104749
651.258214858409
651.5219570218494
651.785684700796
652.0493978952487
652.3130966052076
652.5767808306728
652.840450571644
653.1041058281216
653.3677466001053
653.6313728875953
653.8949846905914
654.1585820090937
654.4221648431022
654.6857331926169
654.9492870576378
655.2128264381649
655.4763513341982
655.7398617457377
656.0033576727834
656.2668391153353
656.5303060733934
656.7937585469576
657.0571965360282
657.3206200406048
657.5840290606877
657.8474235962768
658.1108036473721
658.3741692139736
658.6375202960812
658.900856893695
659.1641790068152
659.4274866354414
659.6907797795739
659.9540584392125
660.2173226143574
660.4805723050084
660.7438075111656
661.0070282328292
661.2702344699987
661.5334262226746
661.7966034908566
662.0597662745449
662.3229145737394
662.58604838844
662.8491677186468
663.1122725643597
663.375362925579
663.6384388023043
663.901500194536
664.1645471022738
664.4275795255178
664.6905974642681
664.9536009185244
665.216589888287
665.4795643735558
665.7425243743309
666.005469890612
666.2684009223995
666.531317469693
666.7942195324928
667.0571071107987
667.3199802046109
667.5828388139294
667.8456829387538
668.1085125790846
668.3713277349216
668.6341284062647
668.8969145931142
669.1596862954697
669.4224435133315
669.6851862466995
669.9479144955735
670.2106282599539
670.4733275398404
670.7360123352332
670.9986826461321
671.2613384725372
671.5239798144486
671.7866066718661
672.0492190447899
672.3118169332198
672.5744003371559
672.8369692565982
673.0995236915467
673.3620636420014
673.6245891079624
673.8871000894294
674.1495965864028
674.4120785988823
674.674546126868
674.9369991703599
675.199437729358
675.4618618038622
675.7242713938728
675.9866664993895
676.2490471204123
676.5114132569414
676.7737649089767
677.0361020765181
677.2984247595658
677.5607329581197
677.8230266721797
678.085305901746
678.3475706468184
678.6098209073971
678.872056683482
679.134277975073
679.3964847821703
679.6586771047737
679.9208549428834
680.1830182964992
680.4451671656212
680.7073015502494
680.969421450384
681.2315268660245
681.4936177971714
681.7556942438245
682.0177562059837
682.2798036836491
682.5418366768207
682.8038551854985
683.0658592096825
683.3278487493727
683.589823804569
683.8517843752717
684.1137304614805
684.3756620631955
684.6375791804167
684.8994818131441
685.1613699613777
685.4232436251175
685.6851028043635
685.9469474991156
686.208777709374
686.4705934351387
686.7323946764094
686.9941814331863
687.2559537054696
687.5177114932588
687.7794547965544
688.0411836153562
688.3028979496642
688.5645977994783
688.8262831647986
689.0879540456252
689.3496104419579
689.6112523537969
689.872879781142
690.1344927239934
690.3960911823509
690.6576751562146
690.9192446455845
691.1807996504607
691.442340170843
691.7038662067315
691.9653777581262
692.2268748250272
692.4883574074343
692.7498255053475
693.0112791187671
693.2727182476928
693.5341428921247
693.7955530520628
694.0569487275071
694.3183299184576
694.5796966249143
694.8410488468771
695.1023865843463
695.3637098373215
695.625018605803
695.8863128897907
696.1475926892845
696.4088580042846
696.6701088347909
696.9313451808033
697.192567042322
697.4537744193468
697.7149673118779
697.9761457199152
698.2373096434586
698.4984590825082
698.7595940370641
699.0207145071262
699.2818204926944
699.5429119937688
699.8039890103495
700.0650515424363
700.3260995900293
700.5871331531285
700.8481522317339
701.1091568258456
701.3701469354635
701.6311225605874
701.8920837012176
702.153030357354
702.4139625289966
702.6748802161454
702.9357834188005
703.1966721369616
703.4575463706291
703.7184061198027
703.9792513844825
704.2400821646684
704.5008984603606
704.761700271559
705.0224875982635
705.2832604404744
705.5440187981912
705.8047626714144
706.0654920601439
706.3262069643795
706.5869073841212
706.8475933193691
707.1082647701232
707.3689217363836
707.6295642181502
707.890192215423
708.1508057282019
708.4114047564871
708.6719893002784
708.9325593595759
709.1931149343797
709.4536560246895
709.7141826305058
709.974694751828
710.2351923886565
710.4956755409913
710.7561442088322
711.0165983921793
711.2770380910326
711.5374633053921
711.7978740352578
712.0582702806298
712.3186520415079
712.5790193178922
712.8393721097826
713.0997104171793
713.3600342400822
713.6203435784913
713.8806384324066
714.1409188018281
714.4011846867558
714.6614360871896
714.9216730031297
715.181895434576
715.4421033815285
715.7022968439871
715.962475821952
716.2226403154231
716.4827903244003
716.7429258488837
717.0030468888734
717.2631534443692
717.5232455153713
717.7833231018795
718.043386203894
718.3034348214146
718.5634689544415
718.8234886029745
719.0834937670137
719.3434844465592
719.6034606416108
719.8634223521685
720.1233695782327
720.3833023198029
720.6432205768792
720.9031243494619
721.1630136375506
721.4228884411457
721.6827487602469
721.9425945948542
722.2024259449679
722.4622428105877
722.7220451917136
722.9818330883459
723.2416065004842
723.5013654281288
723.7611098712796
724.0208398299366
724.2805553040997
724.5402562937691
724.7999427989447
725.0596148196264
725.3192723558144
725.5789154075086
725.838543974709
726.0981580574155
726.3577576556282
726.6173427693471
726.8769133985724
727.1364695433036
727.3960112035412
727.655538379285
727.9150510705349
728.174549277291
728.4340329995533
728.6935022373218
728.9529569905966
729.2123972593776
729.4718230436647
729.731234343458
729.9906311587574
730.2500134895631
730.5093813358751
730.7687346976932
731.0280735750175
731.2873979678479
731.5467078761847
731.8060033000276
732.0652842393768
732.3245506942319
732.5838026645935
732.8430401504611
733.102263151835
733.361471668715
733.6206657011014
733.8798452489939
734.1390103123924
734.3981608912974
734.6572969857084
734.9164185956257
735.1755257210491
735.4346183619788
735.6936965184146
735.9527601903567
736.2118093778049
736.4708440807594
736.72986429922
736.9888700331869
737.2478612826599
737.5068380476391
737.7658003281246
738.0247481241163
738.283681435614
738.5426002626181
738.8015046051282
739.0603944631447
739.3192698366673
739.5781307256962
739.8369771302312
740.0958090502724
740.3546264858197
740.6134294368733
740.8722179034331
741.1309918854992
741.3897513830714
741.6484963961498
741.9072269247342
742.1659429688251
742.424644528422
742.6833316035252
742.9420041941346
743.2006623002502
743.459305921872
743.717935059
743.9765497116341
744.2351498797744
744.493735563421
744.7523067625738
745.0108634772328
745.2694057073978
745.5279334530692
745.7864467142467
746.0449454909306
746.3034297831205
746.5618995908166
746.8203549140189
747.0787957527275
747.3372221069421
747.5956339766631
747.8540313618902
748.1124142626236
748.3707826788631
748.6291366106088
748.8874760578607
749.1458010206188
749.4041114988831
749.6624074926535
749.9206890019303
750.1789560267132
750.4372085670022
750.6954466227976
750.953670194099
751.2118792809067
751.4700738832207
751.7282540010407
751.9864196343669
752.2445707831995
752.5027074475381
752.760829627383
753.0189373227341
753.2770305335914
753.5351092599549
753.7931735018244
754.0512232592004
754.3092585320824
754.5672793204707
754.825285624365
755.0832774437657
755.3412547786726
755.5992176290856
755.8571659950048
756.1150998764303
756.3730192733619
756.6309241857998
756.8888146137438
757.146690557194
757.4045520161504
757.662398990613
757.9202314805818
758.1780494860568
758.4358530070381
758.6936420435254
758.951416595519
759.2091766630189
759.4669222460249
759.724653344537
759.9823699585554
760.2400720880801
760.4977597331108
760.7554328936478
761.013091569691
761.2707357612404
761.528365468296
761.7859806908577
762.0435814289257
762.3011676824999
762.5587394515802
762.8162967361668
763.0738395362596
763.3313678518585
763.5888816829637
763.846381029575
764.1038658916925
764.3613362693163
764.6187921624462
764.8762335710824
765.1336604952247
765.3910729348733
765.648470890028
765.9058543606889
766.1632233468561
766.4205778485293
766.6779178657089
766.9352433983946
767.1925544465865
767.4498510102846
767.7071330894889
767.9644006841995
768.2216537944162
768.4788924201391
768.7361165613681
768.9933262181034
769.2505213903449
769.5077020780926
769.7648682813465
770.0220200001066
770.2791572343729
770.5362799841454
770.7933882494241
771.050482030209
771.3075613265
771.5646261382973
771.8216764656007
772.0787123084104
772.3357336667262
772.5927405405483
772.8497329298766
773.1067108347111
773.3636742550517
773.6206231908985
773.8775576422515
774.1344776091108
774.3913830914762
774.6482740893479
774.9051506027257
775.1620126316097
775.418860176
775.6756932358963
775.932511811299
776.1893159022078
776.4461055086228
776.7028806305441
776.9596412679714
777.2163874209051
777.4731190893449
777.7298362732909
777.9865389727431
778.2432271877015
778.4999009181661
778.7565601641369
779.0132049256139
779.269835202597
779.5264509950864
779.7830523030821
780.0396391265838
780.2962114655918
780.5527693201059
780.8093126901263
781.0658415756528
781.3223559766857
781.5788558932245
781.8353413252697
782.091812272821
782.3482687358786
782.6047107144424
782.8611382085123
783.1175512180885
783.3739497431709
783.6303337837594
783.8867033398541
784.1430584114551
784.3993989985622
784.6557251011754
784.912036719295
785.1683338529207
785.4246165020527
785.6808846666908
785.9371383468351
786.1933775424856
786.4496022536423
786.7058124803052
786.9620082224743
787.2181894801496
787.474356253331
787.7305085420188
787.9866463462126
788.2427696659128
788.4988785011191
788.7549728518316
789.0110527180502
789.2671180997751
789.5231689970062
789.7792054097434
790.035227337987
790.2912347817366
790.5472277409924
790.8032062157545
791.0591702060228
791.3151197117973
791.5710547330779
791.8269752698648
792.0828813221578
792.338772889957
792.5946499732624
792.8505125720741
793.1063606863919
793.3621943162159
793.6180134615462
793.8738181223827
794.1296082987252
794.385383990574
794.6411451979291
794.8968919207903
795.1526241591578
795.4083419130313
795.6640451824112
795.9197339672971
796.1754082676894
796.4310680835878
796.6867134149924
796.9423442619031
797.1979606243201
797.4535625022434
797.7091498956727
797.9647228046083
798.2202812290501
798.475825168998
798.7313546244523
798.9868695954126
799.2423700818791
799.497856083852
799.753327601331
800.008784634316
800.2642271828074
800.519655246805
800.7750688263087
801.0304679213186
801.2858525318348
801.5412226578571
801.7965782993857
802.0519194564205
802.3072461289614
802.5625583170086
802.8178560205619
803.0731392396214
803.3284079741871
803.583662224259
803.8389019898372
804.0941272709215
804.349338067512
804.6045343796087
804.8597162072116
805.1148835503207
805.370036408936
805.6251747830574
805.8802986726852
806.1354080778191
806.3905029984592
806.6455834346054
806.900649386258
807.1557008534166
807.4107378360816
807.6657603342526
807.9207683479299
808.1757618771134
808.430740921803
808.6857054819989
808.940655557701
809.1955911489092
809.4505122556236
809.7054188778443
809.9603110155712
810.2151886688042
810.4700518375435
810.7249005217889
810.9797347215406
811.2345544367984
811.4893596675624
811.7441504138327
811.9989266756091
812.2536884528918
812.5084357456806
812.7631685539757
813.0178868777768
813.2725907170843
813.5272800718978
813.7819549422177
814.0366153280437
814.2912612293759
814.5458926462143
814.8005095785588
815.0551120264097
815.3096999897666
815.5642734686298
815.8188324629992
816.0733769728748
816.3279069982566
816.5824225391445
816.8369235955388
817.0914101674391
817.3458822548457
817.6003398577585
817.8547829761775
818.1092116101026
818.363625759534
818.6180254244716
818.8724106049153
819.1267813008653
819.3811375123214
819.6354792392838
819.8898064817523
820.144119239727
820.398417513208
820.6527013021952
820.9069706066884
821.161225426688
821.4154657621938
821.6696916132057
821.9239029797238
822.178099861748
822.4322822592786
822.6864501723153
822.9406036008583
823.1947425449074
823.4488670044627
823.7029769795241
823.9570724700919
824.2111534761658
824.4652199977459
824.7192720348321
824.9733095874246
825.2273326555234
825.4813412391283
825.7353353382393
825.9893149528566
826.24328008298
826.4972307286097
826.7511668897456
827.0050885663877
827.258995758536
827.5128884661904
827.766766689351
828.020630428018
828.274479682191
828.5283144518703
828.7821347370557
829.0359405377474
829.2897318539451
829.5435086856492
829.7972710328595
830.0510188955759
830.3047522737985
830.5584711675274
830.8121755767623
831.0658655015036
831.319540941751
831.5732018975046
831.8268483687644
832.0804803555304
832.3340978578026
832.587700875581
832.8412894088657
833.0948634576565
833.3484230219535
833.6019681017567
833.855498697066
834.1090148078817
834.3625164342035
834.6160035760315
834.8694762333656
835.122934406206
835.3763780945526
835.6298072984054
835.8832220177644
836.1366222526294
836.3900080030008
836.6433792688783
836.8967360502622
837.1500783471522
837.4034061595482
837.6567194874506
837.9100183308592
838.1633026897739
838.4165725641949
838.6698279541221
838.9230688595553
839.176295280495
839.4295072169407
839.6827046688925
839.9358876363508
840.189056119315
840.4422101177855
840.6953496317623
840.9484746612452
841.2015852062343
841.4546812667296
841.7077628427312
841.9608299342387
842.2138825412527
842.4669206637727
842.7199443017992
842.9729534553317
843.2259481243702
843.4789283089151
843.7318940089663
843.9848452245235
844.237781955587
844.4907042021567
844.7436119642325
844.9965052418147
845.249384034903
845.5022483434973
845.7550981675981
846.0079335072049
846.260754362318
846.5135607329372
846.7663526190627
847.0191300206943
847.2718929378323
847.5246413704763
847.7773753186265
848.030094782283
848.2827997614455
848.5354902561144
848.7881662662894
849.0408277919706
849.293474833158
849.5461073898516
849.7987254620515
850.0513290497574
850.3039181529698
850.5564927716881
850.8090529059127
851.0615985556435
851.3141297208806
851.5666464016238
851.8191485978732
852.0716363096287
852.3241095368905
852.5765682796584
852.8290125379326
853.0814423117131
853.3338576009996
853.5862584057925
853.8386447260914
854.0910165618966
854.3433739132079
854.5957167800256
854.8480451623493
855.1003590601792
855.3526584735155
855.6049434023578
855.8572138467064
856.109469806561
856.361711281922
856.6139382727891
856.8661507791626
857.118348801042
857.3705323384279
857.6227013913197
857.8748559597179
858.1269960436222
858.3791216430327
858.6312327579494
858.8833293883724
859.1354115343015
859.3874791957368
859.6395323726783
859.891571065126
860.1435952730799
860.39560499654
860.6476002355064
860.8995809899789
861.1515472599575
861.4034990454423
861.6554363464335
861.9073591629308
862.1592674949343
862.4111613424438
862.6630407054598
862.9149055839819
863.1667559780102
863.4185918875446
863.6704133125853
863.9222202531321
864.1740127091853
864.4257906807445
864.67755416781
864.9293031703817
865.1810376884595
865.4327577220436
865.6844632711337
865.9361543357302
866.1878309158328
866.4394930114416
866.6911406225568
866.9427737491778
867.1943923913053
867.4459965489389
867.6975862220788
867.9491614107249
868.200722114877
868.4522683345355
868.7038000697
868.9553173203709
869.2068200865479
869.4583083682311
869.7097821654204
869.9612414781161
870.2126863063179
870.464116650026
870.7155325092401
870.9669338839605
871.2183207741871
871.4696931799198
871.7210511011588
871.9723945379039
872.2237234901554
872.475037957913
872.7263379411767
872.9776234399467
873.2288944542228
873.4801509840051
873.7313930292937
873.9826205900885
874.2338336663894
874.4850322581965
874.73621636551
874.9873859883295
875.2385411266553
875.4896817804871
875.7408079498252
875.9919196346696
876.2430168350202
876.4940995508769
876.7451677822398
876.9962215291089
877.2472607914842
877.4982855693656
877.7492958627535
878.0002916716473
878.2512729960474
878.5022398359538
878.7531921913662
879.004130062285
879.2550534487099
879.505962350641
879.7568567680783
880.0077367010217
880.2586021494715
880.5094531134273
880.7602895928894
881.0111115878576
881.2619190983321
881.5127121243128
881.7634906657996
882.0142547227928
882.265004295292
882.5157393832974
882.7664599868091
883.017166105827
883.267857740351
883.5185348903813
883.7691975559178
884.0198457369604
884.2704794335092
884.5210986455643
884.7717033731254
885.0222936161929
885.2728693747665
885.5234306488463
885.7739774384324
886.0245097435245
886.2750275641231
886.5255309002276
886.7760197518385
887.0264941189555
887.2769540015786
887.527399399708
887.7778303133437
888.0282467424854
888.2786486871335
888.5290361472877
888.779409122948
889.0297676141147
889.2801116207875
889.5304411429664
889.7807561806516
890.0310567338429
890.2813428025405
890.5316143867443
890.7818714864543
891.0321141016705
891.2823422323928
891.5325558786213
891.782755040356
892.0329397175972
892.2831099103443
892.5332656185976
892.7834068423572
893.0335335816228
893.2836458363947
893.5337436066729
893.7838268924572
894.0338956937478
894.2839500105446
894.5339898428474
894.7840151906566
895.034026053972
895.2840224327934
895.5340043271212
895.783971736955
896.0339246622951
896.2838631031415
896.533787059494
896.7836965313527
897.0335915187176
897.2834720215888
897.5333380399659
897.7831895738495
898.0330266232393
898.2828491881351
898.5326572685372
898.7824508644454
899.0322299758599
899.2819946027805
899.5317447452074
899.7814804031404
900.0312015765797
900.2809082655252
900.5306004699769
900.7802781899347
901.0299414253989
901.2795901763691
901.5292244428456
901.7788442248282
902.028449522317
902.2780403353121
902.5276166638133
902.7771785078207
903.0267258673343
903.2762587423542
903.5257771328802
903.7752810389125
904.0247704604508
904.2742453974954
904.5237058500463
904.7731518181033
905.0225833016666
905.272000300736
905.5214028153116
905.7707908453933
906.0201643909813
906.2695234520755
906.518868028676
906.7681981207825
907.0175137283953
907.2668148515143
907.5161014901395
907.7653736442708
908.0146313139085
908.2638744990522
908.5131031997022
908.7623174158583
909.0115171475206
909.2607023946892
909.509873157364
909.759029435545
910.0081712292322
910.2572985384255
910.506411363125
910.7555097033309
911.0045935590427
911.2536629302608
911.5027178169853
911.7517582192157
912.0007841369525
912.2497955701954
912.4987925189446
912.7477749831999
912.9967429629614
913.2456964582291
913.494635469003
913.7435599952832
913.9924700370696
914.2413655943619
914.4902466671607
914.7391132554656
914.9879653592766
915.236802978594
915.4856261134175
915.7344347637472
915.983228929583
916.232008610925
916.4807738077734
916.7295245201279
916.9782607479885
917.2269824913554
917.4756897502285
917.7243825246078
917.9730608144932
918.221724619885
