593
596
602
602
606
605
604
604
603
609
602
601
610
598
603
609
606
602
603
603
605
604
602
598
598
604
602
591
606
606
604
604
596
606
607
605
602
596
596
602
606
597
603
600
598
596
608
604
599
602
601
598
597
596
597
601
599
597
604
598
604
608
604
606
589
601
600
600
595
589
600
609
600
600
600
599
601
594
597
606
598
592
597
604
598
598
595
612
603
604
600
608
601
596
601
599
596
600
605
597
600
603
598
601
600
590
604
605
610
601
602
597
603
601
599
595
600
602
603
600
603
598
592
605
600
606
599
606
600
607
605
607
606
605
597
599
597
604
596
598
601
592
607
603
585
605
598
598
605
594
603
613
607
597
599
604
597
601
606
600
603
603
600
603
604
599
594
603
605
603
598
613
602
596
606
593
599
608
601
597
596
596
598
602
609
600
602
600
610
595
600
598
600
599
603
601
601
597
601
602
598
609
596
600
595
603
601
602
613
604
603
606
603
604
595
599
592
601
592
598
599
598
602
594
598
604
598
596
602
602
603
606
598
603
599
604
596
599
597
597
606
595
608
600
598
613
600
602
595
601
606
598
598
602
600
602
600
605
601
605
601
604
607
614
601
600
595
605
607
588
602
605
602
598
596
595
586
606
602
606
598
594
610
603
595
601
604
602
606
594
603
608
612
603
595
604
604
594
594
593
600
603
604
601
613
606
608
603
603
595
601
601
602
609
604
608
603
603
614
615
600
600
603
600
598
603
615
605
603
615
603
616
601
601
607
606
600
614
607
616
613
621
621
611
610
609
616
627
616
597
612
633
619
610
620
624
621
616
621
619
617
622
616
620
632
623
640
632
635
629
627
642
643
634
638
641
640
643
641
637
655
649
665
653
664
668
679
660
669
676
678
694
705
676
710
711
712
749
702
717
727
711
747
733
730
718
763
748
780
774
784
803
789
817
868
858
839
860
853
874
899
879
921
949
962
966
965
990
1036
1006
1011
1059
1080
1098
1105
1180
1164
1174
1140
1167
1240
1267
1340
1258
1318
1366
1332
1467
1344
1443
1500
1458
1483
1490
1536
1622
1640
1612
1704
1681
1751
1700
1713
1799
1807
1729
1747
1790
1826
1728
1778
1780
1950
1914
1935
1902
1945
1886
1960
1933
1847
1894
1968
1879
1841
1889
1882
1768
1885
1928
1873
1848
1819
1852
1866
1712
1837
1707
1775
1852
1770
1777
1708
1719
1730
1736
1681
1674
1598
1557
1492
1632
1533
1582
1537
1488
1541
1491
1433
1466
1440
1412
1384
1410
1308
1355
1308
1298
1251
1315
1265
1300
1221
1233
1264
1243
1201
1131
1134
1129
1143
1134
1156
1113
1119
1114
1119
1132
1115
1109
1075
1012
1004
1018
1026
1057
1017
1040
1014
959
1031
973
991
973
984
931
970
905
948
904
933
912
961
930
891
934
910
898
870
903
922
860
879
868
857
868
851
869
853
855
821
846
861
812
818
822
831
831
797
796
799
816
818
817
809
789
786
797
791
802
797
783
765
782
769
757
766
766
782
779
764
783
760
751
739
727
767
740
737
736
736
710
690
734
726
734
712
721
724
719
724
724
710
707
725
693
717
716
722
715
682
689
706
673
690
690
699
679
685
695
706
688
712
669
682
689
679
667
683
689
681
684
683
670
663
681
665
664
679
672
664
663
668
662
650
653
682
663
663
655
672
669
656
661
677
665
648
659
645
660
648
637
653
663
660
664
647
642
631
653
650
645
653
642
626
647
635
643
659
640
633
634
643
625
643
645
635
642
654
644
624
632
644
632
642
625
636
645
648
634
649
625
636
643
639
642
630
625
638
629
619
619
626
623
614
631
634
619
621
625
631
614
629
616
622
622
619
616
626
618
621
619
618
628
630
632
614
617
627
614
628
622
617
623
617
622
622
611
615
612
626
633
619
612
624
617
622
630
617
623
622
616
606
614
622
635
628
608
619
618
620
624
606
620
614
612
621
622
611
613
614
609
619
608
604
614
611
612
620
611
619
629
600
612
620
605
608
616
612
610
601
616
613
603
618
602
616
613
609
627
608
610
600
609
616
612
606
608
612
607
619
605
604
622
606
612
612
607
600
629
605
608
601
605
605
604
610
614
607
606
604
614
601
598
609
614
618
602
601
610
610
607
597
598
606
612
610
605
607
598
610
605
615
610
601
608
609
604
610
603
609
612
606
600
609
611
601
600
609
605
608
605
594
601
607
601
610
602
605
610
609
618
598
602
600
605
610
614
600
601
605
604
616
596
599
605
608
608
604
603
598
601
601
602
607
597
587
608
603
602
612
600
611
606
602
613
603
609
597
606
600
610
598
603
606
609
606
591
603
609
605
604
607
594
604
599
601
604
600
593
597
599
603
609
600
596
607
588
596
603
607
605
605
605
606
603
602
601
603
599
600
606
603
598
607
597
604
606
597
605
598
603
602
597
602
602
609
600
600
595
596
600
606
592
607
601
601
594
596
603
604
600
602
609
594
611
603
605
612
606
604
595
602
600
607
599
602
601
600
604
602
601
602
601
602
604
602
603
599
601
602
604
606
609
603
602
597
599
597
604
602
598
599
606
592
599
605
603
601
601
600
593
600
603
613
605
611
605
597
597
614
605
603
597
600
595
605
596
601
605
593
605
603
592
592
596
597
608
591
596
599
606
601
600
602
609
596
597
604
603
601
602
598
595
607
603
597
597
596
602
598
600
600
601
596
595
615
597
610
603
596
604
601
612
600
599
600
597
607
602
598
603
600
596
589
599
608
598
593
609
602
606
600
603
602
603
598
606
602
610
597
598
606
599
604
602
600
602
601
604
605
608
601
593
603
604
602
597
600
605
602
601
595
597
594
598
609
601
608
604
596
600
601
608
595
605
596
601
595
598
604
598
600
602
603
595
598
596
598
599
596
596
607
592
604
604
603
599
600
586
607
605
603
593
601
595
596
596
607
601
600
603
604
596
602
596
594
605
601
598
604
600
602
602
592
598
598
598
600
591
596
600
599
600
597
604
598
600
605
595
597
602
601
602
601
604
598
596
603
599
595
597
604
600
598
598
591
604
601
592
607
606
596
600
606
599
599
595
597
599
602
600
601
593
605
598
598
598
598
596
604
605
601
597
604
600
614
598
606
600
597
601
600
603
595
606
596
599
596
597
