610
606
608
612
603
603
599
597
602
599
596
605
604
598
598
602
593
606
603
599
596
599
600
602
609
599
602
603
601
603
602
602
595
604
602
597
608
602
602
608
606
605
604
603
595
607
606
607
597
601
602
604
605
592
600
594
601
600
605
603
601
600
611
606
602
609
601
595
600
596
597
605
594
607
602
607
593
605
603
597
602
600
605
606
596
607
597
600
602
604
595
595
599
596
601
597
601
601
600
608
597
598
597
607
605
600
609
600
602
601
601
606
616
602
604
596
614
598
596
608
601
596
606
596
610
612
591
601
596
599
609
594
605
597
602
591
594
602
595
599
605
602
601
603
596
604
604
596
601
595
598
599
608
599
606
600
601
603
600
605
596
599
601
596
596
604
600
599
605
598
606
601
605
598
602
607
603
596
599
597
602
605
601
601
603
599
601
589
601
597
595
603
604
596
604
591
601
607
601
601
598
594
607
610
601
605
606
601
605
600
601
609
598
602
605
597
600
602
602
598
602
599
598
608
596
602
609
607
609
607
601
602
603
605
608
599
593
614
603
601
603
597
599
601
606
605
604
603
603
597
603
598
602
601
603
607
602
596
594
594
601
606
607
594
602
595
601
603
604
607
604
603
606
601
604
605
597
597
590
603
598
606
604
598
605
603
610
601
606
601
602
610
604
613
609
603
598
595
608
608
610
610
602
598
610
609
596
604
595
598
609
608
598
603
598
595
604
604
601
602
618
612
608
610
619
601
612
612
611
619
613
599
602
614
612
626
611
615
616
609
608
614
620
620
630
619
622
617
619
615
630
625
628
630
633
651
624
636
633
655
636
628
629
642
635
639
644
648
632
648
646
667
670
666
665
670
686
674
666
672
682
669
692
696
708
710
735
691
699
715
725
735
738
738
724
766
772
768
780
821
775
796
829
798
807
807
843
823
880
866
913
960
945
890
949
943
990
1019
983
1072
1058
1077
1056
1054
1157
1115
1176
1196
1253
1287
1308
1372
1326
1365
1373
1450
1445
1478
1535
1602
1543
1705
1652
1703
1771
1771
1835
1853
1864
1928
1904
1949
2063
2099
2176
2096
2175
2175
2269
2302
2416
2365
2355
2463
2370
2417
2424
2466
2492
2512
2541
2455
2549
2561
2610
2611
2506
2643
2589
2606
2705
2643
2539
2536
2592
2527
2511
2594
2550
2520
2471
2432
2521
2474
2464
2403
2452
2507
2406
2383
2373
2475
2490
2336
2280
2247
2204
2229
2214
2161
2175
2165
2125
2045
2012
1971
1988
2012
2024
1973
1907
1852
1934
1854
1833
1777
1767
1661
1719
1694
1725
1664
1669
1600
1549
1602
1476
1499
1552
1479
1428
1450
1453
1410
1430
1438
1359
1384
1404
1432
1346
1358
1321
1345
1263
1263
1264
1254
1254
1215
1249
1180
1201
1158
1223
1210
1184
1161
1179
1139
1123
1073
1112
1069
1107
1100
1083
1048
1102
1049
1036
1007
1050
1031
1095
1019
1008
970
977
989
999
1012
1009
1017
1012
972
952
945
926
953
925
963
901
871
958
926
927
932
916
892
912
900
896
901
853
831
874
851
867
923
872
853
833
845
832
828
845
813
820
840
839
808
839
808
828
817
790
794
762
779
796
802
793
785
785
773
818
774
778
784
726
772
749
761
753
729
775
751
772
759
744
741
720
767
760
747
724
730
755
729
743
733
720
718
734
736
722
724
717
725
717
714
721
727
691
691
703
708
705
714
713
698
723
712
695
687
691
686
701
693
695
694
692
699
679
698
671
671
688
703
677
675
665
658
661
649
671
672
659
667
672
683
664
664
662
673
661
664
683
674
677
653
675
659
663
638
662
647
668
642
650
653
659
657
646
658
638
654
637
654
658
676
647
636
672
646
639
646
626
636
643
657
653
627
657
639
630
648
651
631
663
637
631
650
646
628
635
629
639
631
623
623
636
634
635
633
623
633
631
638
641
646
628
631
628
631
620
619
630
620
631
640
632
623
641
626
625
624
624
630
635
623
632
642
639
627
634
627
620
629
621
633
614
625
651
614
638
617
624
639
622
625
615
629
620
613
622
614
621
611
618
624
622
624
609
611
613
626
620
610
611
609
614
628
616
615
614
596
622
615
615
620
617
611
616
616
624
613
624
620
608
612
605
616
605
618
617
623
629
596
612
627
616
605
614
618
619
613
616
615
610
613
609
601
621
611
614
613
617
609
613
612
620
614
610
616
606
615
615
607
614
610
608
608
607
606
605
610
609
606
611
605
616
602
621
611
616
622
601
607
613
602
612
608
608
606
599
611
605
602
619
609
602
619
611
613
611
606
606
601
604
615
612
608
607
611
607
606
606
601
603
604
599
620
607
604
609
610
602
607
605
609
610
604
594
611
593
613
601
595
606
602
601
601
605
605
615
599
604
604
596
608
612
614
608
618
606
605
617
602
602
606
606
603
603
597
597
603
616
606
606
604
610
599
604
603
596
601
605
618
609
611
604
605
611
602
605
606
607
604
601
598
605
603
606
608
604
599
598
602
608
603
596
593
611
604
614
604
606
612
609
608
599
603
605
604
604
600
598
600
602
603
605
603
600
599
611
603
606
602
607
601
603
597
605
606
602
605
602
605
604
593
611
604
606
604
608
597
604
606
601
599
609
613
606
601
599
595
609
609
604
598
597
593
601
611
608
606
599
599
605
602
598
607
605
600
605
610
605
615
597
601
596
597
599
610
601
604
608
602
604
609
603
605
596
596
596
602
603
599
595
608
605
608
602
603
610
600
612
596
601
601
602
597
603
592
605
598
606
598
595
599
602
603
606
605
606
602
608
601
601
598
600
606
595
603
597
601
601
603
600
607
601
604
601
608
611
596
599
600
598
609
599
596
603
600
595
603
601
601
598
599
599
597
604
599
593
598
600
601
596
598
598
598
609
597
603
601
605
597
600
598
605
605
603
605
595
590
602
602
604
595
593
611
596
596
601
603
603
607
599
596
599
604
610
598
590
598
601
603
608
605
598
598
600
599
595
605
601
612
595
604
609
598
604
598
595
598
605
602
605
603
599
602
604
602
605
592
602
596
597
610
596
599
600
597
600
606
601
601
611
600
600
605
600
594
606
601
600
601
597
598
605
601
595
604
605
599
602
602
604
605
611
603
607
607
606
592
603
598
604
597
597
596
596
603
599
599
590
595
605
593
596
594
598
609
598
597
600
598
