603
607
599
603
605
601
609
599
606
605
602
615
602
598
601
606
600
604
612
602
605
608
602
603
601
603
599
588
599
604
608
604
597
598
596
594
607
611
603
599
605
598
603
598
602
604
599
605
606
605
605
607
603
601
607
595
601
604
611
600
606
593
605
602
604
606
598
606
604
610
607
596
597
604
606
607
607
606
609
604
603
603
604
593
592
607
589
598
605
604
607
601
605
606
601
604
597
605
600
610
602
601
601
601
601
600
605
605
605
598
606
608
595
600
596
602
603
602
602
604
604
611
600
605
612
608
607
612
608
599
592
605
610
599
602
602
605
594
605
596
600
602
605
603
600
608
600
606
607
601
603
599
601
601
601
592
598
601
604
600
597
599
605
602
611
600
600
603
602
605
604
603
603
608
595
608
606
595
612
601
601
605
602
597
606
609
608
604
601
599
600
604
602
604
602
598
602
605
599
606
598
607
605
604
603
594
602
596
601
602
604
599
600
594
594
612
595
602
603
603
602
612
602
605
602
608
603
605
607
597
601
614
599
614
602
606
603
604
597
605
600
597
604
601
614
600
611
603
595
602
601
605
609
611
607
607
601
596
615
604
608
601
599
600
614
593
613
599
609
597
598
605
605
607
597
614
604
604
596
605
606
607
604
600
604
607
603
601
601
603
602
602
604
605
606
607
602
599
605
611
605
597
607
608
603
610
615
605
614
609
610
610
608
607
615
613
611
622
606
613
615
620
612
624
609
613
615
631
617
615
615
611
603
603
620
607
619
629
626
616
629
621
632
623
615
632
632
627
621
633
622
620
633
628
641
627
633
668
630
645
633
633
651
646
657
672
660
647
666
666
663
675
679
666
670
673
673
689
679
701
697
703
701
729
704
733
729
708
714
744
752
749
764
787
801
784
786
788
796
853
838
850
842
920
897
875
920
900
911
935
976
929
949
1018
1037
998
1003
1113
1108
1153
1128
1191
1200
1203
1276
1235
1296
1299
1368
1367
1431
1441
1563
1562
1521
1517
1714
1683
1676
1770
1836
1794
1890
1917
2042
2055
2074
2131
2099
2150
2262
2229
2220
2327
2329
2477
2458
2550
2542
2636
2695
2740
2713
2727
2757
2800
2717
2836
2814
2812
2933
2980
2962
2956
2903
2967
3043
3067
2964
2969
3042
2983
3013
2915
3091
2964
2885
2996
2954
2889
2936
2872
2871
2827
2765
2884
2857
2815
2789
2753
2785
2727
2619
2726
2770
2668
2680
2488
2517
2433
2415
2395
2400
2408
2374
2357
2323
2265
2189
2244
2162
2157
2103
2152
2152
1950
1970
2056
1933
1893
1915
1854
1786
1780
1776
1779
1749
1764
1715
1730
1730
1645
1650
1559
1610
1567
1579
1561
1494
1556
1498
1497
1463
1466
1495
1430
1427
1402
1456
1407
1340
1321
1355
1340
1338
1331
1262
1290
1260
1288
1228
1228
1212
1251
1273
1148
1149
1246
1190
1157
1097
1123
1171
1111
1108
1118
1090
1139
1082
1065
1096
1050
1090
1107
1039
1021
1079
1021
999
995
992
1016
996
994
969
992
956
944
988
901
947
953
974
950
941
950
962
931
914
921
871
916
882
924
884
902
860
875
852
857
873
869
837
850
853
849
820
846
848
873
828
834
834
797
800
833
811
823
811
798
794
798
806
779
803
794
801
811
787
794
761
818
801
777
744
738
768
766
793
750
727
738
756
775
753
758
759
754
738
733
750
722
732
725
739
743
693
718
728
739
724
705
716
729
710
733
694
698
702
681
692
704
698
683
715
707
706
677
697
684
691
683
689
690
686
680
697
702
674
690
672
679
696
677
676
676
702
685
655
664
676
674
675
695
674
666
657
662
657
683
653
663
672
670
673
654
666
652
647
651
662
648
674
665
648
639
654
660
661
648
669
659
644
665
636
665
653
651
647
651
657
648
640
652
639
628
642
648
646
642
659
661
653
637
652
651
635
636
634
623
638
638
634
654
640
646
636
633
628
642
638
630
620
627
644
632
641
628
618
644
631
634
616
620
642
648
622
638
633
629
633
633
632
629
627
638
644
625
636
636
632
632
632
636
611
625
631
629
620
621
625
633
634
633
632
617
615
619
622
639
622
623
607
622
633
611
627
619
619
629
614
614
620
613
619
621
631
615
618
619
624
620
618
621
616
619
617
628
621
610
614
599
609
623
612
616
619
621
616
619
616
616
615
627
616
612
609
616
626
610
619
617
614
615
611
617
622
622
613
613
612
603
610
613
617
621
629
609
618
603
613
620
613
619
611
613
610
617
612
610
617
610
617
611
620
606
606
603
620
614
609
612
605
614
608
605
618
616
600
614
609
617
608
608
613
611
605
603
607
605
611
617
614
606
613
612
617
607
611
605
605
613
610
608
618
610
606
607
604
605
611
605
613
612
598
610
604
606
608
604
607
603
603
614
607
612
612
608
608
600
599
605
602
593
611
601
609
612
607
604
605
607
602
603
605
605
610
604
607
607
614
605
598
615
610
610
620
607
611
600
607
605
609
612
600
598
606
612
596
600
603
606
604
605
599
602
604
607
601
601
607
608
598
612
601
603
611
598
612
606
597
606
610
611
611
601
603
615
597
597
604
608
602
612
609
605
606
604
601
604
602
610
614
601
601
614
602
608
608
602
596
604
605
605
603
600
610
604
604
604
603
605
614
605
593
598
602
610
599
608
609
602
601
599
597
608
603
602
598
595
603
599
607
600
601
605
607
603
591
603
600
602
599
596
606
607
602
608
605
611
596
598
598
602
596
600
599
602
599
609
603
594
612
599
596
608
609
599
608
603
613
608
610
598
602
597
599
607
599
606
608
605
601
597
597
599
602
597
597
604
605
606
602
598
593
599
599
604
590
603
604
601
600
596
599
599
596
594
605
605
602
593
604
607
605
606
609
600
601
603
607
600
601
597
607
610
605
601
605
602
610
602
603
598
599
606
607
601
597
593
589
600
600
603
593
607
590
608
594
600
607
586
598
601
600
602
609
590
601
605
601
606
607
596
601
594
600
603
593
597
599
591
597
610
597
595
602
601
604
604
606
601
597
599
602
601
595
603
599
600
604
597
603
602
611
600
599
606
608
611
600
600
597
592
603
602
592
598
599
601
600
602
606
602
595
602
592
601
598
601
603
595
606
595
599
612
597
598
606
603
605
605
600
602
603
603
598
594
601
599
597
608
602
599
600
601
594
598
604
618
