610
603
610
607
605
608
600
600
613
605
599
601
600
604
611
597
600
603
613
601
602
606
597
598
596
600
616
598
614
595
610
602
588
606
599
615
619
605
601
602
603
598
595
595
610
605
605
608
606
611
610
608
604
603
595
599
608
604
596
598
600
600
602
604
594
600
596
609
612
606
605
609
609
608
603
604
606
601
605
604
601
597
605
590
615
604
605
610
594
601
606
604
598
603
602
611
606
605
606
596
601
610
602
608
603
602
599
603
604
589
600
607
600
599
600
613
613
602
604
603
598
603
607
601
603
594
604
611
597
604
601
601
604
606
597
607
604
607
606
606
597
602
591
598
613
605
600
594
599
605
603
601
593
614
602
602
599
604
612
601
608
594
596
612
593
611
600
599
603
602
596
604
603
594
607
603
604
602
607
604
596
598
606
601
609
600
607
608
596
616
606
602
599
603
604
596
603
602
606
601
610
609
606
609
600
604
590
590
603
596
605
600
600
605
607
603
609
609
598
611
596
598
602
606
603
603
603
598
596
599
596
601
601
607
601
604
604
611
593
597
600
591
606
595
595
602
598
600
598
594
603
608
605
600
606
602
603
606
600
612
603
609
600
601
610
603
600
604
610
603
605
603
604
596
601
613
601
608
599
604
606
613
605
605
610
598
610
604
615
603
604
610
603
610
603
602
609
604
602
605
605
602
607
606
603
606
611
614
604
611
604
598
614
602
597
614
607
600
611
602
618
603
610
613
614
606
610
601
610
610
606
615
606
609
620
616
612
619
608
615
618
625
618
623
626
626
630
624
633
629
619
628
618
625
639
639
624
630
646
622
627
638
644
637
633
653
639
660
649
654
646
649
680
662
675
685
680
684
682
702
690
691
672
701
713
713
724
713
723
721
734
714
724
759
784
754
769
778
797
803
814
847
839
852
853
839
850
891
900
895
917
940
972
991
983
965
1078
1041
1123
1069
1072
1121
1130
1155
1206
1227
1253
1274
1279
1265
1341
1289
1394
1400
1423
1518
1561
1529
1579
1718
1725
1672
1781
1720
1854
1879
1920
1969
1987
2119
1979
2085
2216
2133
2240
2291
2319
2375
2342
2438
2384
2469
2475
2487
2505
2518
2509
2512
2471
2556
2598
2642
2578
2648
2659
2690
2680
2661
2765
2823
2666
2716
2702
2704
2626
2671
2645
2632
2687
2526
2579
2523
2478
2483
2438
2483
2407
2438
2489
2425
2446
2344
2400
2343
2218
2309
2260
2182
2206
2209
2167
2150
2077
1944
2012
2065
2022
1965
1950
1908
1944
1940
1921
1794
1875
1793
1770
1699
1683
1743
1648
1641
1659
1661
1657
1616
1580
1555
1586
1521
1521
1504
1517
1412
1448
1484
1439
1404
1437
1365
1363
1364
1331
1369
1307
1319
1301
1292
1262
1266
1288
1244
1248
1235
1213
1215
1217
1172
1196
1174
1185
1156
1181
1128
1098
1148
1065
1071
1063
1112
1097
1038
1082
1034
1046
1017
1029
1051
1044
1001
1001
982
996
1023
967
990
951
1013
970
981
990
928
955
950
925
958
963
930
916
905
902
932
931
920
881
883
939
903
861
912
885
889
838
883
850
836
838
816
839
831
820
792
833
832
821
842
822
842
802
836
802
821
809
810
779
839
768
770
820
799
805
781
782
777
781
742
780
798
774
742
748
756
756
747
786
716
764
766
752
741
745
755
727
748
731
741
721
719
735
721
720
709
726
728
716
713
723
733
721
687
708
692
682
696
712
699
697
687
679
736
702
703
692
688
695
682
699
689
689
670
677
679
699
702
677
688
684
689
666
664
672
658
691
662
673
681
671
649
668
666
665
662
661
672
651
663
657
655
685
652
668
685
646
655
665
674
641
656
643
642
656
650
659
647
638
664
661
649
664
650
658
664
635
643
630
643
641
637
654
642
657
649
641
639
658
647
636
641
646
642
645
621
646
633
637
628
640
637
639
629
637
648
637
641
617
634
636
627
633
632
627
638
627
637
634
644
639
624
632
638
625
636
626
612
617
621
611
616
622
613
631
617
628
627
624
620
629
611
621
640
605
625
622
614
626
618
621
612
616
617
624
621
637
628
632
611
628
623
609
623
616
627
624
619
625
626
618
628
610
621
622
617
634
622
629
607
610
615
608
611
621
608
625
613
623
605
615
621
615
611
615
614
615
618
615
609
620
618
609
621
614
613
620
611
614
610
603
621
609
605
611
612
617
610
610
618
607
611
616
610
619
612
618
618
607
610
607
619
600
606
610
601
611
620
610
606
613
612
610
614
615
604
604
607
601
606
615
605
618
604
612
614
613
614
610
611
615
608
609
614
608
610
612
611
607
615
602
607
610
600
610
607
611
611
603
620
609
611
605
610
621
612
606
601
601
602
607
615
601
616
607
605
598
607
609
612
604
598
606
604
599
605
609
597
594
603
605
611
602
610
606
607
601
604
603
602
600
615
603
618
612
611
605
608
606
607
604
601
604
600
605
593
602
598
608
601
596
599
610
602
603
602
594
614
601
600
607
606
600
605
605
617
603
600
603
600
599
609
602
606
602
615
610
599
602
608
609
605
601
611
604
607
614
595
605
604
601
607
593
593
596
606
600
608
605
614
592
597
603
598
596
603
595
608
603
593
603
600
606
595
602
609
598
608
603
607
600
605
606
607
607
606
606
609
600
605
609
593
602
594
595
598
606
602
607
597
601
607
605
601
596
601
607
592
607
601
596
606
601
599
601
605
604
611
603
601
609
598
603
600
602
604
600
591
609
598
601
600
600
605
601
603
609
611
603
600
598
610
600
604
593
604
603
596
600
604
601
600
606
588
602
595
603
594
596
594
600
605
599
605
611
600
605
597
595
603
597
604
596
599
602
595
612
606
602
592
601
605
601
601
598
610
602
608
606
595
601
604
603
607
600
600
599
603
605
595
598
595
601
597
596
603
600
603
599
601
602
600
600
603
597
597
611
593
598
605
604
608
614
601
602
594
610
606
602
595
605
603
598
606
602
596
601
598
601
608
598
603
590
598
608
598
592
606
597
602
596
604
605
601
603
606
606
605
591
599
600
599
595
598
600
603
598
607
604
600
599
599
602
594
600
593
594
600
585
601
607
601
597
597
604
600
604
604
587
599
600
592
596
601
602
598
596
594
604
603
598
600
603
600
594
596
603
602
600
593
594
593
593
596
603
596
600
595
597
602
606
597
601
596
