599
614
596
607
605
600
590
598
597
604
596
600
605
601
605
600
609
609
599
605
603
597
597
606
596
603
601
611
593
611
600
592
609
598
599
609
604
603
597
601
601
594
596
601
604
602
598
594
604
596
611
593
603
603
603
607
605
602
597
601
599
599
605
602
602
610
604
594
602
598
599
602
595
603
602
604
593
604
606
597
609
603
602
603
601
600
603
603
601
601
590
601
598
602
609
597
597
600
601
591
594
604
608
596
592
604
598
595
611
599
594
597
597
607
595
602
611
599
602
606
600
598
603
604
601
602
598
601
601
601
600
600
596
614
608
599
593
595
594
601
605
600
608
606
602
606
593
606
603
599
598
599
600
596
612
608
601
607
600
605
607
607
599
597
605
601
601
609
602
603
608
597
603
610
601
603
610
602
602
605
594
602
595
596
602
611
601
602
592
608
600
605
599
596
592
607
601
609
599
598
604
598
604
600
600
600
603
603
604
602
602
606
601
602
593
607
598
596
606
590
602
599
597
606
600
595
606
600
597
608
596
599
609
601
597
602
604
596
600
606
605
600
604
608
602
595
600
602
596
609
604
603
607
606
605
605
600
599
604
612
602
602
605
609
599
609
605
603
606
604
607
592
603
607
602
607
608
609
602
604
610
599
606
605
600
605
603
608
607
597
616
607
600
593
615
603
599
607
598
620
607
606
603
615
614
619
618
594
609
614
609
614
602
615
611
618
614
623
610
618
621
612
611
618
613
614
620
618
625
636
611
637
625
626
629
615
630
618
626
629
616
619
634
629
628
625
623
635
635
626
633
655
633
629
653
661
640
657
642
656
668
668
664
672
668
673
665
670
669
671
691
690
693
673
709
723
696
719
723
716
744
731
749
744
739
772
726
756
764
765
782
809
798
837
852
889
871
850
890
918
911
882
947
921
975
997
976
985
1032
1052
1068
1099
1131
1145
1125
1193
1188
1197
1260
1346
1276
1383
1391
1408
1435
1510
1527
1543
1600
1637
1640
1724
1739
1821
1853
1899
1938
1990
2075
2144
2211
2199
2272
2217
2417
2374
2549
2460
2503
2608
2604
2729
2762
2867
2962
3072
3040
3048
3156
3223
3078
3199
3369
3275
3343
3539
3445
3585
3420
3409
3569
3616
3589
3590
3656
3673
3728
3653
3795
3655
3832
3731
3637
3625
3708
3655
3576
3613
3648
3509
3620
3664
3559
3579
3585
3505
3411
3469
3423
3355
3348
3227
3310
3245
3276
3153
3145
3190
3028
2976
3052
2959
2857
2827
2797
2838
2787
2703
2698
2532
2673
2570
2562
2484
2496
2392
2430
2409
2377
2301
2267
2203
2195
2165
2117
2203
2084
2014
2106
2093
2033
1982
1934
1937
1948
1845
1863
1847
1785
1755
1820
1797
1747
1705
1689
1637
1747
1652
1666
1529
1594
1581
1599
1564
1559
1452
1477
1470
1451
1483
1405
1450
1399
1423
1396
1370
1392
1362
1329
1318
1360
1320
1250
1244
1282
1247
1271
1178
1317
1189
1259
1212
1180
1173
1169
1183
1208
1089
1105
1152
1104
1119
1111
1128
1077
1096
1063
1081
1033
1083
1077
1073
1075
1039
1057
1073
1068
1058
1000
1014
982
994
996
1013
996
922
987
937
997
947
957
979
942
959
906
879
933
923
890
940
932
900
921
914
892
894
880
873
855
863
887
884
838
871
838
835
831
839
858
803
828
849
828
853
825
799
823
812
823
790
782
813
797
779
797
804
820
825
770
800
774
802
774
799
779
775
780
767
765
755
786
759
724
746
722
733
747
732
717
735
759
736
728
728
750
738
728
733
715
706
723
735
739
733
695
706
699
725
719
702
701
709
726
712
717
684
703
698
716
708
720
671
700
700
680
687
683
697
674
683
681
672
686
685
684
685
683
668
665
680
667
687
667
656
675
675
697
671
656
680
655
670
661
657
690
673
665
677
652
672
669
663
652
649
672
661
678
669
663
653
663
657
651
649
648
653
649
658
644
627
647
636
646
639
648
664
648
648
654
651
653
629
641
637
627
641
652
639
638
629
644
648
638
652
628
651
627
619
640
626
623
627
622
644
640
638
645
644
634
641
621
636
629
636
627
641
637
629
644
628
630
623
647
632
629
644
624
626
629
624
633
631
625
622
638
639
642
629
633
627
614
638
633
623
615
617
628
620
618
620
628
626
628
622
618
622
619
640
624
614
629
624
610
616
622
626
618
628
618
604
630
620
620
616
610
631
606
619
613
617
611
623
604
625
618
633
615
614
608
610
615
623
611
621
611
612
616
607
604
610
615
614
618
611
623
618
606
622
607
623
607
613
618
623
616
619
618
622
619
613
615
610
624
602
618
611
601
604
615
609
617
617
611
605
613
612
602
610
612
610
600
608
619
610
617
611
619
612
610
612
613
605
603
614
604
613
610
614
608
614
604
614
610
619
613
613
604
612
607
599
613
614
603
615
612
610
606
605
604
606
604
610
600
598
607
619
614
602
595
613
610
603
612
607
613
609
600
612
601
613
610
610
612
601
611
603
609
610
611
603
606
601
593
606
598
607
605
606
607
600
598
604
607
622
607
608
607
606
600
611
609
594
607
611
604
610
604
610
609
604
607
605
605
601
612
603
612
600
596
602
609
604
608
614
599
596
608
610
607
603
609
609
602
606
600
601
607
609
607
609
596
606
601
601
597
592
607
602
599
602
614
604
605
610
597
605
609
600
599
608
605
602
602
601
599
605
609
600
596
593
600
604
601
595
606
602
610
603
596
603
603
608
602
608
598
598
607
607
597
601
602
599
600
599
606
597
609
600
607
596
606
601
606
603
601
601
597
597
598
599
606
598
597
594
603
602
596
611
602
598
599
600
600
591
601
604
603
606
596
594
602
598
601
602
604
608
599
609
606
603
608
603
603
604
601
603
600
596
599
609
596
600
605
604
605
611
596
602
601
598
609
598
601
606
597
602
596
604
604
599
603
612
599
604
604
600
603
608
598
597
603
607
604
601
600
598
601
600
603
603
597
602
602
598
599
604
593
595
598
607
604
602
603
598
600
596
605
603
597
605
605
605
599
605
600
599
602
598
592
599
606
599
597
598
603
592
598
598
597
606
595
598
597
607
605
594
604
603
594
594
594
601
597
601
600
598
592
597
605
594
596
601
601
597
594
612
601
598
595
611
594
601
601
601
598
602
598
609
593
601
602
591
598
597
603
600
603
599
599
597
599
594
602
598
599
605
588
609
598
598
