604
596
598
602
605
611
608
602
598
616
604
608
614
610
607
604
602
603
615
607
598
605
606
602
605
610
614
598
604
606
613
611
601
603
614
604
606
606
605
614
599
590
598
603
600
605
601
607
599
595
603
605
604
612
606
605
600
607
598
604
609
606
603
598
601
610
605
608
603
597
597
606
595
598
597
606
611
609
600
605
599
598
605
608
599
608
593
608
606
599
609
609
607
610
602
606
601
604
614
606
596
611
606
609
603
607
601
602
598
606
605
608
601
603
602
608
602
602
599
602
598
594
608
599
604
607
605
594
602
603
596
605
605
607
602
604
596
595
608
601
597
609
599
601
601
598
611
603
603
612
606
606
598
604
607
607
595
601
603
608
601
610
597
597
605
598
607
600
598
608
602
602
603
594
601
599
608
599
602
602
608
600
593
608
605
600
608
612
601
606
606
588
604
605
602
602
602
602
604
600
607
604
607
607
603
613
606
601
604
601
598
604
598
600
593
611
605
614
605
606
602
599
594
601
603
596
612
602
599
607
612
596
605
607
605
603
604
594
606
606
609
604
599
612
603
597
611
602
605
606
599
604
612
604
601
594
599
600
605
612
606
604
612
608
599
615
610
597
614
611
605
609
600
605
604
611
607
605
603
601
612
602
605
600
597
601
600
603
602
614
619
596
611
612
606
602
604
602
604
613
602
599
610
610
612
611
607
610
611
599
611
618
607
606
612
608
612
616
610
622
622
609
619
607
612
615
627
622
607
619
617
615
621
614
624
618
644
628
629
624
627
625
626
619
631
625
625
644
622
646
642
624
624
646
637
641
642
646
645
642
645
664
656
645
651
681
667
688
642
664
664
670
670
684
688
707
706
713
709
723
725
724
718
718
743
749
747
774
788
779
743
779
830
793
794
812
825
849
850
852
836
910
908
919
889
890
967
988
933
999
992
1018
1013
1053
1129
1118
1123
1166
1194
1197
1183
1242
1249
1301
1316
1370
1315
1417
1459
1461
1561
1518
1614
1648
1648
1742
1762
1826
1882
1894
1990
1943
2043
2117
2119
2245
2253
2203
2323
2370
2410
2396
2462
2544
2591
2756
2664
2771
2763
2807
2753
2879
2929
2938
3035
3107
3022
3034
3144
3064
3140
3111
3198
3206
3156
3110
3225
3229
3268
3275
3209
3207
3241
3285
3183
3315
3185
3170
3211
3097
3177
3120
2988
3154
3138
3027
2972
2955
2931
2912
2893
2855
2788
2762
2793
2817
2748
2751
2593
2609
2590
2547
2532
2453
2401
2406
2369
2346
2379
2337
2287
2238
2200
2205
2089
2101
2145
2056
2046
2075
2108
2025
1873
1960
1881
1900
1890
1863
1773
1785
1734
1717
1777
1708
1753
1756
1658
1610
1597
1605
1622
1564
1562
1577
1484
1500
1524
1511
1448
1437
1450
1395
1413
1427
1440
1354
1386
1367
1345
1341
1331
1298
1290
1245
1272
1279
1227
1257
1268
1181
1247
1189
1228
1186
1203
1140
1170
1129
1180
1114
1175
1136
1129
1100
1094
1120
1078
1085
1078
1063
1071
1019
1025
1050
1055
988
1041
1044
994
1004
1026
1033
990
993
1008
985
967
985
931
967
961
957
958
922
943
909
884
920
915
909
853
912
913
889
887
887
927
840
875
871
873
850
845
832
899
828
807
824
859
837
847
848
810
812
827
812
833
819
806
838
824
812
837
788
805
772
802
793
748
763
776
789
798
756
790
774
777
739
754
765
758
749
759
713
750
778
722
739
733
726
723
737
743
737
742
734
710
725
717
710
745
752
727
728
717
723
708
710
701
718
710
715
688
693
706
697
695
691
671
700
690
708
698
679
689
701
689
677
689
683
707
682
683
677
670
668
693
662
666
679
698
692
670
700
653
667
657
668
672
653
667
643
674
673
672
655
680
652
664
647
665
656
660
653
644
669
649
674
668
652
653
650
641
655
625
654
663
638
643
644
659
656
647
654
652
642
656
635
649
639
643
647
641
624
637
642
645
648
639
646
626
652
644
646
631
652
641
641
628
635
628
618
635
634
623
629
633
629
636
627
623
620
636
620
639
629
628
637
630
633
625
628
636
626
630
651
630
627
620
636
613
623
618
622
627
624
629
615
611
622
623
613
616
622
631
616
612
624
618
618
620
617
625
605
611
628
632
629
622
621
628
632
616
613
622
618
621
625
611
629
616
618
615
612
616
617
625
620
617
621
618
630
630
617
619
627
618
616
625
611
623
627
619
615
616
615
615
614
611
618
609
611
612
606
605
622
611
618
616
612
607
610
616
619
615
618
621
618
621
608
596
614
605
623
615
619
609
623
621
611
615
610
611
609
609
610
606
622
618
618
613
608
606
611
615
613
594
620
613
608
608
604
615
606
602
617
607
622
624
619
600
620
601
609
613
588
610
606
599
623
613
605
603
607
612
607
616
617
615
612
603
612
599
605
607
604
612
608
612
607
613
620
611
617
605
612
613
623
608
613
620
610
607
603
609
612
607
614
604
608
598
598
604
606
612
603
602
605
609
610
609
616
614
612
605
600
612
603
602
608
600
618
601
596
604
601
594
604
607
606
611
603
603
608
606
602
606
607
600
607
603
616
599
603
611
610
614
605
600
612
598
607
619
614
602
593
603
598
608
600
602
603
611
603
609
605
614
605
598
602
604
614
596
599
605
598
602
601
598
605
601
595
591
599
608
603
607
604
601
606
602
600
596
609
605
601
600
606
605
602
617
598
614
605
600
604
604
609
602
604
603
607
602
610
595
600
610
597
605
610
602
603
603
611
600
608
598
590
613
594
604
607
603
596
607
604
599
602
601
607
600
597
601
599
602
600
605
592
605
597
599
607
592
603
606
597
619
604
601
599
599
603
611
597
604
597
607
593
604
607
592
602
602
603
605
607
597
604
604
605
598
604
599
607
597
601
600
603
602
602
604
606
601
594
605
600
604
606
606
601
612
614
614
605
614
597
604
596
601
597
595
601
606
604
598
603
602
606
599
602
602
603
601
601
598
600
619
600
597
604
607
605
609
607
608
603
604
603
604
608
609
604
605
599
599
594
592
598
602
599
596
602
598
595
598
597
592
598
601
592
598
602
603
596
599
602
604
593
605
601
608
595
605
605
605
607
595
608
602
605
608
610
599
601
601
604
603
605
598
604
594
603
603
595
604
603
606
590
606
604
606
605
604
600
599
597
602
605
598
598
594
602
606
598
596
600
601
599
602
591
