603
608
615
610
599
601
602
607
606
609
593
603
598
600
599
600
600
595
606
597
603
604
595
607
602
599
607
594
604
609
601
610
597
606
601
603
606
606
601
608
604
605
598
599
604
596
606
598
603
601
603
599
597
603
596
600
606
607
609
598
599
603
609
597
600
608
598
602
601
598
613
601
599
606
602
605
608
601
599
606
596
614
606
597
603
599
601
600
594
614
590
600
595
601
601
608
606
596
605
600
607
604
595
599
607
602
604
613
608
597
595
602
606
594
600
603
596
594
610
591
604
595
603
604
599
604
598
599
597
592
598
597
597
606
604
605
605
598
600
605
603
606
596
597
599
605
602
589
607
603
606
604
598
598
602
604
607
597
602
610
597
599
602
593
597
592
603
599
600
604
600
602
606
602
602
596
605
601
610
605
601
601
601
600
602
597
599
602
608
598
593
607
598
597
605
594
606
602
602
593
601
599
606
600
595
597
611
598
598
600
601
608
599
595
591
613
603
601
592
602
604
598
604
605
602
600
597
604
594
608
597
605
597
592
602
612
606
594
604
601
597
600
604
600
600
600
595
606
607
601
597
608
606
607
594
598
604
611
603
607
601
608
612
606
610
608
592
608
602
610
609
600
604
607
609
600
606
605
609
600
604
605
591
600
614
603
598
603
607
610
604
605
606
607
608
600
605
610
609
613
604
615
605
614
614
602
607
613
605
618
610
600
607
611
604
606
613
620
624
624
609
619
623
620
619
598
614
619
618
615
628
614
621
632
610
636
625
604
633
635
629
637
640
633
632
637
639
644
650
639
641
627
657
649
638
670
642
663
667
679
670
684
660
685
657
665
678
673
683
715
656
709
719
696
717
725
713
741
748
717
750
756
765
779
780
774
799
801
815
822
815
807
849
867
862
870
873
901
965
921
946
945
964
969
975
974
1011
1057
1024
1055
1103
1148
1177
1189
1238
1204
1228
1267
1378
1326
1362
1405
1416
1433
1538
1585
1617
1666
1751
1752
1754
1794
1852
1959
2006
2016
2090
2103
2239
2253
2348
2528
2449
2550
2592
2620
2626
2756
2745
2890
2966
3165
3058
3165
3155
3220
3178
3424
3477
3484
3552
3595
3680
3643
3769
3755
3762
3825
3823
3862
3833
3922
3897
3765
3982
3934
4011
3988
4112
4111
3981
4222
4128
4162
3956
4159
3861
3958
4076
3957
3943
3810
3833
3861
3895
3883
3829
3710
3724
3779
3576
3570
3560
3433
3486
3511
3371
3449
3254
3300
3264
3226
3106
3032
2984
2976
2992
2826
2911
2859
2839
2776
2796
2609
2651
2581
2487
2513
2457
2505
2439
2379
2355
2334
2353
2205
2236
2199
2181
2154
2196
2126
1998
2102
2000
2056
2040
1957
1958
1953
1897
1853
1894
1814
1784
1768
1723
1702
1767
1715
1698
1599
1703
1637
1666
1584
1622
1634
1615
1550
1502
1606
1554
1477
1450
1495
1419
1442
1437
1523
1408
1400
1382
1346
1353
1362
1312
1324
1309
1334
1255
1327
1265
1330
1230
1220
1245
1270
1234
1263
1181
1111
1162
1169
1211
1202
1142
1117
1142
1094
1097
1071
1124
1114
1110
1080
1079
1084
1061
1082
1087
1034
1058
1016
989
1000
995
1043
989
970
961
992
990
976
1030
1024
976
989
930
891
934
912
903
916
943
923
928
905
889
898
886
914
896
840
886
889
885
846
863
838
856
851
846
878
838
820
833
828
853
819
816
840
805
805
806
789
791
797
818
829
795
777
814
773
810
785
777
780
805
761
764
808
787
751
756
776
775
742
761
764
755
753
756
733
753
754
790
744
758
713
739
729
772
762
735
724
753
729
723
728
728
731
737
719
708
722
701
716
701
699
734
708
684
711
682
713
702
700
683
701
702
719
690
717
686
708
693
680
677
689
676
693
664
699
684
669
680
666
677
651
677
674
681
672
672
670
684
667
665
673
668
677
678
652
672
659
662
658
672
662
659
668
677
659
652
655
663
650
643
657
649
668
641
679
656
659
636
644
648
654
641
655
645
642
658
640
670
634
642
665
641
643
641
630
640
637
656
657
648
628
657
653
645
639
645
643
645
641
645
651
630
649
644
633
635
632
646
635
633
637
637
632
640
636
631
634
622
640
626
646
633
639
631
641
629
630
630
625
632
623
624
634
619
624
624
623
627
610
620
624
623
632
631
617
626
618
633
613
624
636
620
628
617
618
617
620
610
633
614
622
620
616
620
628
615
622
620
613
618
620
627
625
620
612
615
606
616
617
623
623
628
623
615
614
619
611
616
612
629
623
618
607
614
624
604
619
629
611
614
604
614
628
618
612
611
608
604
612
614
610
611
617
609
612
617
609
606
618
616
618
615
615
619
615
600
604
604
607
610
607
619
611
609
610
605
613
602
620
599
624
607
609
617
609
613
606
600
610
604
616
613
603
606
615
605
600
603
614
606
615
598
611
617
610
600
594
600
605
611
604
605
618
612
613
610
609
608
610
611
607
609
613
602
611
616
599
602
604
609
613
604
599
611
607
598
611
611
613
606
604
606
610
598
615
604
601
600
610
597
598
595
604
607
613
608
607
617
605
617
596
612
619
606
610
605
612
607
610
605
616
605
611
608
598
594
602
611
611
606
597
607
592
598
605
609
606
608
598
601
605
602
607
604
598
608
602
601
603
609
602
617
608
610
597
601
610
597
605
606
602
603
602
612
607
610
596
598
601
596
613
600
600
608
613
603
609
601
606
603
604
599
603
587
596
613
602
606
605
605
611
609
601
608
613
603
610
603
596
610
607
607
605
601
603
603
601
606
597
599
605
597
611
609
598
601
612
602
601
604
597
601
605
609
605
597
593
599
598
598
605
602
600
607
598
598
602
605
599
601
601
603
601
597
603
601
616
609
606
606
598
594
606
594
594
602
596
603
598
602
591
591
596
596
595
600
601
606
597
595
592
595
597
586
606
602
598
609
600
610
607
592
599
596
599
598
601
603
597
604
595
604
607
601
601
596
601
603
605
591
605
594
608
604
597
601
609
604
606
605
600
597
612
594
605
605
597
597
599
596
601
610
603
609
612
605
602
601
612
600
599
604
597
597
604
597
601
597
595
603
600
596
601
614
607
605
601
592
605
599
597
600
598
596
604
597
592
595
595
599
601
602
601
597
593
603
597
600
600
605
601
598
597
589
595
600
607
603
599
602
603
597
604
602
590
596
593
601
605
603
600
587
594
605
603
599
602
598
597
598
604
