609
598
611
596
612
614
599
612
610
600
604
599
598
604
604
605
604
610
600
603
601
610
605
600
607
607
600
613
604
601
609
604
601
603
619
606
596
603
598
611
594
605
595
610
604
607
600
609
604
595
601
600
602
596
600
604
605
604
604
596
607
604
607
609
613
607
604
598
605
612
606
612
602
602
604
595
605
603
612
614
601
607
607
596
600
601
599
598
609
607
615
597
606
594
606
603
597
608
604
601
600
606
597
606
607
604
601
603
601
593
600
605
596
602
604
605
594
607
605
613
596
606
592
611
598
606
595
611
595
602
604
592
603
601
605
600
604
601
600
608
608
603
605
609
609
602
601
603
597
603
603
602
607
598
601
595
600
597
606
598
598
605
605
591
617
600
609
607
600
603
601
602
603
600
606
606
604
606
604
600
598
601
606
600
595
594
612
599
605
595
606
600
609
590
603
598
594
605
596
611
596
601
605
600
604
605
602
610
606
595
605
602
603
604
606
602
600
601
609
598
609
610
602
606
608
601
594
592
604
597
603
605
598
606
601
607
605
594
601
596
609
603
591
618
606
599
600
613
597
606
598
610
601
599
608
594
608
598
607
610
599
613
605
598
605
617
607
599
614
603
603
604
606
609
601
606
616
603
603
604
597
605
600
619
605
600
603
602
593
608
605
607
608
602
600
611
596
615
602
611
610
613
611
614
609
609
606
608
602
606
619
611
610
607
608
620
606
606
603
600
610
615
605
606
608
608
615
612
607
620
619
617
613
605
612
607
615
615
636
625
617
602
608
617
626
621
637
620
636
642
614
629
631
639
635
630
627
636
641
637
651
637
637
653
644
642
654
640
646
652
656
661
676
677
658
672
683
676
674
696
685
696
698
687
707
693
710
709
706
721
733
748
755
749
771
759
777
800
797
786
791
820
811
822
841
835
834
908
856
878
923
928
956
965
959
1018
1041
1004
1018
1078
1070
1138
1140
1127
1183
1181
1225
1260
1234
1320
1353
1425
1404
1413
1474
1469
1580
1572
1583
1658
1702
1753
1797
1813
1925
1923
1919
1993
2090
2119
2143
2174
2263
2359
2407
2396
2480
2446
2519
2605
2710
2785
2759
2747
2914
2861
2866
2800
2897
3038
3054
2989
3163
3154
3187
3145
3231
3261
3321
3318
3372
3489
3291
3503
3454
3370
3367
3342
3416
3374
3362
3403
3553
3323
3474
3418
3512
3383
3320
3468
3390
3405
3382
3403
3297
3308
3315
3229
3355
3124
3141
3092
3056
3092
2948
2900
2968
2899
2844
2782
2624
2706
2774
2730
2698
2634
2590
2538
2446
2471
2467
2411
2386
2317
2199
2336
2185
2157
2168
2230
2105
2111
2089
2031
2041
1937
1967
1926
1908
1836
1838
1871
1785
1738
1715
1730
1737
1601
1677
1699
1655
1560
1583
1594
1598
1591
1545
1580
1472
1491
1510
1515
1448
1431
1420
1425
1365
1336
1321
1393
1326
1293
1381
1312
1286
1313
1296
1276
1279
1231
1201
1281
1197
1236
1210
1227
1156
1237
1186
1170
1154
1162
1119
1138
1115
1079
1101
1113
1098
1097
1076
1102
1104
1095
1040
1076
1046
1032
1044
1053
1033
1021
1024
1030
989
1009
991
957
971
973
955
969
943
953
927
909
960
952
932
967
941
930
908
910
899
906
845
856
863
863
903
877
878
871
855
841
860
847
862
828
836
850
829
817
814
844
835
808
825
784
796
791
817
775
804
810
794
790
799
830
787
766
743
777
745
777
740
756
762
752
796
758
735
751
741
758
728
760
737
739
719
747
715
752
735
753
760
747
746
715
708
737
710
743
719
734
698
699
707
715
703
705
698
714
705
690
699
701
697
686
701
686
695
696
693
682
677
674
700
694
688
674
695
680
698
692
668
692
663
674
652
674
670
661
671
665
664
668
672
678
669
678
667
659
654
672
667
687
667
683
669
640
656
663
652
658
649
661
636
648
663
652
652
662
650
636
640
640
683
653
643
652
623
652
631
635
649
641
632
640
645
629
637
645
652
643
628
637
620
641
634
631
653
626
634
636
642
638
624
657
653
626
632
629
636
633
637
634
627
635
636
644
635
635
633
615
628
627
628
627
626
638
637
626
628
631
626
635
635
639
644
619
628
626
619
624
627
627
618
634
633
632
620
624
619
626
629
617
620
622
613
621
617
625
617
628
622
619
610
623
628
631
619
622
624
619
618
620
625
618
608
623
618
622
621
625
615
623
615
624
610
613
616
620
613
615
618
602
616
611
617
606
616
613
617
623
626
613
618
617
619
615
612
626
621
610
617
617
615
624
609
607
614
612
617
622
604
616
620
614
620
611
617
616
612
625
613
613
607
615
620
614
611
602
615
614
620
607
601
609
613
611
615
619
617
611
616
607
619
616
603
606
612
613
616
615
613
616
608
623
612
612
609
610
617
614
609
599
617
610
610
618
612
604
613
609
606
605
617
603
600
602
605
604
603
604
603
602
600
601
607
599
596
614
611
602
610
597
605
615
614
611
608
601
598
614
612
608
606
609
612
606
607
602
606
609
603
611
616
605
609
601
601
612
608
607
602
610
603
610
603
607
611
602
607
602
598
600
611
606
604
608
601
606
599
607
597
598
604
611
601
606
610
601
601
608
611
615
610
597
613
597
603
609
605
606
606
594
606
605
604
607
591
607
615
598
600
606
605
603
617
605
602
596
601
602
605
597
607
604
609
601
599
602
602
607
610
600
604
606
604
600
603
600
594
606
606
604
606
603
593
605
596
611
595
594
601
604
615
602
595
616
601
598
610
608
593
605
592
606
600
601
594
594
601
599
605
600
602
609
606
595
601
604
603
605
596
596
601
609
613
595
609
602
601
599
602
601
612
597
605
600
603
599
613
596
602
600
609
604
600
595
607
602
603
602
595
606
605
601
607
594
596
603
598
605
595
598
597
603
597
603
604
603
602
601
604
608
596
612
597
600
594
603
602
598
594
605
610
613
599
605
597
598
596
599
594
606
598
602
609
599
592
602
597
600
602
597
602
600
599
593
601
598
600
598
595
602
597
600
595
597
593
591
596
604
601
605
606
602
598
596
600
600
596
609
599
593
600
611
594
604
593
602
603
600
601
605
601
600
602
591
604
594
602
605
600
604
603
596
598
596
602
595
597
585
600
599
596
608
600
602
606
596
593
595
600
602
600
594
606
596
602
601
604
594
603
604
601
604
596
597
598
606
600
603
605
607
598
604
