605
609
608
610
616
615
615
600
601
608
602
603
608
600
611
595
606
606
607
595
613
594
600
603
602
607
601
611
606
602
604
607
622
607
605
603
605
606
606
599
594
602
606
597
598
600
607
605
607
605
594
603
601
611
605
601
598
605
594
609
609
606
608
606
595
607
599
601
599
599
599
604
598
601
610
605
604
602
594
608
609
603
608
590
608
616
610
612
595
600
609
607
604
608
605
598
603
599
601
610
604
611
605
612
604
605
609
599
593
598
608
621
596
608
610
606
606
594
608
610
603
608
588
605
609
608
606
604
601
601
598
599
607
603
598
606
599
606
603
606
608
607
600
605
598
600
602
597
604
604
607
596
606
607
598
601
599
602
605
601
598
605
606
599
600
601
602
604
598
604
594
596
604
596
601
597
588
609
590
603
610
611
603
614
599
613
600
600
605
606
610
610
612
608
605
601
598
598
602
613
609
614
621
602
598
606
604
597
604
604
599
601
601
600
603
599
604
607
606
604
598
600
597
603
594
605
618
610
599
609
605
607
602
609
599
604
607
596
610
608
607
607
609
611
603
609
604
606
613
604
602
610
612
617
604
607
605
602
607
609
609
610
609
601
607
608
597
606
604
608
613
600
605
601
615
602
597
611
621
602
613
608
605
612
610
606
616
608
610
609
599
595
606
605
604
604
612
624
610
609
605
609
610
613
607
611
613
612
610
612
621
607
616
612
599
599
618
624
619
614
621
619
601
619
611
625
627
617
623
634
621
631
618
619
621
630
622
625
636
634
639
637
633
628
636
632
626
641
649
628
626
638
649
645
672
651
658
653
657
657
668
658
644
669
682
683
682
683
686
691
710
685
683
719
713
706
718
727
734
737
719
725
761
769
785
806
775
799
777
808
795
843
837
828
851
871
871
880
915
955
931
927
923
966
1004
970
976
1061
1013
1046
1056
1084
1110
1179
1194
1204
1223
1248
1224
1347
1318
1382
1439
1421
1484
1517
1541
1602
1637
1650
1725
1705
1790
1843
1997
1984
2045
2166
2267
2261
2248
2346
2379
2382
2561
2597
2648
2692
2876
2780
2925
2994
3076
3273
3243
3360
3453
3538
3614
3698
3706
3838
3790
3710
3917
4164
4103
4131
4217
4240
4323
4416
4393
4381
4517
4717
4704
4747
4680
4716
4831
4920
4727
4740
4958
4925
4933
4945
4807
4989
4983
4962
5065
4982
4881
5140
4865
4908
4891
4938
4971
4922
4820
4813
4892
4844
4788
4780
4722
4556
4358
4439
4438
4411
4324
4224
4302
4053
4013
4037
3921
3956
3864
3753
3757
3699
3502
3477
3509
3390
3406
3291
3388
3144
3267
3173
3073
2952
2982
2911
3007
2839
2867
2840
2659
2743
2748
2688
2609
2465
2454
2495
2430
2504
2316
2372
2179
2260
2256
2237
2222
2162
2142
2142
2071
2016
2041
1975
2008
2028
2014
1933
1954
1878
1930
1830
1941
1761
1726
1789
1766
1637
1710
1659
1718
1677
1697
1662
1562
1654
1589
1641
1518
1545
1527
1511
1550
1530
1539
1561
1491
1474
1429
1466
1414
1370
1486
1337
1306
1370
1330
1364
1433
1376
1325
1357
1298
1342
1234
1263
1293
1272
1200
1254
1201
1244
1168
1195
1165
1190
1173
1229
1186
1124
1150
1129
1147
1126
1096
1134
1123
1083
1092
1109
1056
1030
1085
1050
1028
1080
1046
1003
978
1022
1022
992
998
1010
982
1009
959
961
980
969
963
935
921
935
958
920
927
936
919
939
910
938
893
920
898
901
910
859
848
855
874
892
897
829
841
835
831
832
825
855
821
817
833
832
831
832
807
819
828
798
787
821
794
798
789
810
797
784
789
798
780
781
775
801
777
767
753
748
722
765
724
787
734
756
732
735
740
754
762
735
730
731
730
745
733
739
717
724
737
734
728
716
698
717
706
727
700
709
699
693
697
714
712
708
697
700
718
712
690
703
696
697
704
689
705
681
697
702
680
680
688
725
691
700
686
677
683
688
668
698
681
709
680
675
667
672
694
671
674
650
666
677
673
669
657
668
671
653
659
663
654
658
684
671
650
658
680
652
642
656
667
661
664
664
660
660
666
658
660
654
650
660
654
655
640
655
656
650
646
634
643
654
641
668
652
649
623
648
642
649
650
647
640
649
642
648
650
642
636
646
653
646
634
632
625
641
645
632
644
641
642
625
637
647
641
658
636
636
637
633
631
639
637
632
625
634
632
632
630
627
634
638
630
621
639
631
624
630
637
635
631
631
618
627
625
633
631
628
640
647
624
631
635
618
629
614
631
635
630
622
625
628
629
626
628
630
641
629
629
628
614
615
631
625
614
620
615
628
613
616
615
622
625
622
624
621
615
615
627
607
623
614
615
614
624
609
619
614
608
616
626
614
632
619
616
611
612
618
620
609
618
610
616
609
615
618
613
619
611
614
610
621
620
608
613
620
627
628
613
622
613
608
611
613
612
607
604
617
615
614
613
616
622
604
612
618
612
611
616
616
618
606
606
622
619
614
618
612
611
603
623
614
620
609
609
619
611
618
623
613
608
615
606
615
615
612
614
613
611
597
613
607
612
608
596
604
602
615
604
615
607
600
612
618
610
612
608
616
612
610
599
605
612
606
611
614
611
599
603
607
612
609
606
616
604
608
606
617
607
601
606
612
603
604
596
603
607
610
611
616
608
594
607
610
608
609
608
601
602
606
605
607
615
601
605
610
602
594
604
610
602
609
608
622
617
598
611
600
600
610
604
603
606
605
602
607
598
604
603
599
599
602
604
611
601
601
618
606
605
601
615
603
609
603
610
607
605
603
603
608
593
596
608
607
605
606
602
607
619
599
605
608
598
599
601
604
602
602
614
611
609
593
620
601
600
603
603
599
604
595
607
611
599
612
601
605
608
596
600
612
600
603
612
600
603
600
607
602
607
603
611
607
601
605
606
604
604
597
597
605
607
598
603
603
603
603
603
604
599
601
602
596
599
611
597
601
597
606
609
599
602
600
605
607
607
594
599
603
593
597
605
595
607
602
602
601
602
600
600
596
590
603
600
598
595
591
594
602
599
602
597
599
594
596
594
616
595
606
599
592
605
602
601
603
599
599
607
601
603
602
605
602
613
602
605
602
606
604
605
608
598
605
603
602
598
601
604
598
604
604
599
607
605
603
603
595
602
607
607
594
604
606
594
604
594
599
606
603
599
602
595
602
604
602
601
594
598
597
602
597
605
593
609
602
606
596
598
603
599
604
606
609
597
609
593
603
