609
600
602
601
610
604
605
600
607
613
606
599
605
597
615
610
610
614
612
605
609
607
603
597
605
612
604
607
596
603
602
605
609
610
603
598
605
601
598
604
607
598
598
599
604
616
609
601
605
589
600
601
603
604
608
601
606
607
600
605
607
603
604
605
603
606
610
605
605
610
606
608
605
594
602
607
610
606
604
610
602
599
603
602
611
599
607
597
609
612
599
594
604
603
601
610
596
604
599
604
598
603
602
608
614
604
610
608
615
602
598
604
614
605
600
610
609
613
603
609
606
596
605
601
601
604
605
607
611
615
601
603
605
607
600
602
602
605
602
601
602
606
603
605
596
600
607
601
601
598
598
605
605
592
601
604
606
594
613
595
599
584
597
602
608
603
594
608
602
603
598
600
606
601
601
605
605
603
595
603
599
608
598
599
604
602
607
602
603
605
606
609
605
606
599
608
603
600
603
605
598
608
600
593
601
606
598
605
601
604
603
603
602
601
602
601
599
600
605
607
603
601
606
602
601
604
605
609
604
606
603
603
598
601
599
600
594
602
600
608
605
606
606
606
605
605
600
606
602
596
608
607
602
603
609
599
608
603
606
604
613
598
613
611
605
610
606
612
610
611
609
613
603
610
599
601
613
603
615
605
609
598
609
609
609
615
602
617
595
610
617
605
617
608
603
615
612
612
605
609
612
609
613
619
606
612
615
614
615
620
615
612
610
617
614
623
628
613
595
623
619
624
617
632
634
619
637
628
612
614
614
637
629
644
629
630
624
649
632
627
650
636
633
648
649
639
633
652
649
641
657
675
641
665
662
686
681
673
662
664
666
682
705
683
691
698
683
678
681
697
711
726
725
722
727
726
735
746
758
785
778
793
779
813
785
792
790
829
802
859
862
838
892
928
926
895
910
979
983
992
1019
1019
974
1020
1071
1064
1120
1134
1154
1168
1239
1151
1236
1331
1317
1361
1385
1383
1479
1492
1531
1576
1632
1648
1774
1725
1840
1790
1826
1970
1969
2044
2027
2131
2322
2344
2433
2435
2503
2538
2661
2750
2826
2733
2900
3103
3230
3162
3115
3213
3496
3511
3450
3637
3711
3791
3838
3856
3876
4054
4198
4246
4243
4290
4349
4460
4545
4542
4567
4620
4656
4832
4854
4987
4825
4969
4845
5027
5027
4996
4970
5011
5058
5116
4985
5005
5211
5003
4974
5129
4951
5027
5062
5016
4823
4924
4972
4818
4751
4773
4773
4736
4607
4541
4645
4540
4535
4380
4449
4448
4172
4226
4131
4031
4013
4064
3895
3886
3935
3783
3725
3634
3674
3487
3548
3450
3376
3368
3307
3225
3194
3156
3036
2994
3034
2993
2925
2910
2744
2799
2841
2705
2640
2688
2572
2523
2512
2570
2456
2444
2381
2380
2350
2275
2309
2209
2190
2171
2243
2126
2056
2067
2075
1976
1914
1954
1919
1911
2012
1883
1859
1831
1847
1840
1798
1816
1748
1756
1645
1701
1712
1610
1600
1632
1568
1605
1630
1484
1593
1621
1576
1472
1470
1434
1487
1448
1415
1409
1428
1414
1401
1354
1352
1326
1349
1376
1281
1279
1354
1319
1325
1258
1299
1278
1258
1234
1246
1245
1147
1251
1190
1205
1206
1160
1143
1249
1125
1152
1108
1126
1111
1142
1128
1084
1162
1054
1097
1094
1102
1026
1098
1081
1041
1027
1032
1011
983
1010
998
1030
1034
970
955
978
987
990
980
998
917
974
943
948
940
907
962
936
904
904
903
903
896
904
938
874
876
900
896
885
858
880
848
832
853
839
848
843
850
847
839
837
850
818
838
832
829
813
818
828
798
789
831
840
775
800
807
783
794
781
805
781
773
796
751
782
772
768
763
794
759
782
748
736
764
751
715
763
723
727
757
745
737
734
761
749
745
713
756
699
749
710
701
714
724
740
718
760
734
700
712
698
707
724
717
725
736
698
702
677
705
706
694
696
712
718
695
710
688
691
669
696
685
697
705
686
670
700
676
692
682
709
686
676
676
708
688
691
685
671
669
680
665
679
684
681
655
679
683
676
676
652
674
671
657
674
661
653
658
675
654
664
652
660
657
664
658
660
650
649
649
652
658
658
651
639
644
636
641
676
667
655
647
649
666
646
644
654
649
644
646
669
654
656
654
638
645
635
640
636
633
656
638
641
646
638
645
649
657
644
629
637
632
639
632
647
626
631
632
629
635
633
633
634
632
636
622
635
625
631
631
611
624
615
641
638
621
630
624
626
643
626
629
610
617
630
636
631
621
617
614
627
623
624
631
615
630
629
637
621
632
617
607
628
617
632
622
633
637
617
615
627
619
616
636
611
622
622
618
618
606
629
629
609
631
628
630
603
627
636
622
625
612
625
604
621
626
628
631
620
611
618
621
632
623
620
604
613
621
613
618
625
615
624
615
632
614
610
618
613
609
617
604
605
618
607
605
626
617
615
613
609
605
621
600
618
627
610
621
603
603
606
620
607
615
609
608
612
623
615
622
613
611
605
612
618
614
613
609
609
606
613
613
604
602
621
611
600
621
611
602
618
613
603
600
612
606
603
620
613
608
595
604
622
606
608
610
619
616
618
607
606
614
611
619
613
614
608
605
614
619
611
612
605
604
604
600
604
605
618
601
611
610
598
604
606
605
610
605
604
614
603
611
614
610
604
609
603
615
613
604
606
606
608
616
600
613
609
601
600
611
612
602
604
608
601
607
606
598
596
603
607
604
604
601
614
604
600
617
606
607
610
600
606
597
609
603
600
599
610
605
613
606
604
606
605
609
601
596
609
600
609
606
605
605
599
598
593
604
608
603
607
605
601
601
603
610
605
612
607
604
610
592
604
610
608
601
615
606
596
605
612
606
609
588
598
605
598
601
605
603
600
609
603
606
596
605
602
601
607
611
605
603
610
594
601
600
600
602
593
601
606
597
596
610
605
596
602
607
613
601
604
600
600
599
604
602
606
602
597
604
599
597
600
602
602
603
591
596
606
606
597
605
596
598
602
603
609
604
597
601
597
601
595
604
602
615
598
608
597
599
599
601
597
600
601
604
596
605
605
600
592
595
606
603
603
596
598
602
600
604
597
605
598
603
595
597
600
601
604
601
602
602
599
601
603
600
602
600
597
610
594
606
596
604
599
599
596
597
597
604
608
601
597
609
608
599
605
605
596
605
596
598
592
602
598
600
607
605
603
599
601
599
606
606
605
601
602
608
598
601
601
610
598
601
600
600
600
611
604
598
596
604
596
598
601
600
609
601
600
595
609
