612
613
607
604
610
613
612
598
602
608
601
604
613
598
608
604
609
615
597
596
605
601
606
603
607
616
602
600
613
602
597
611
609
607
608
599
599
601
601
598
606
603
605
598
598
601
605
608
611
595
615
607
597
609
606
602
604
603
598
608
611
606
616
602
604
601
600
610
602
603
605
597
600
610
604
606
596
614
595
606
600
598
603
610
606
603
602
602
605
619
600
598
603
601
607
594
596
601
605
601
607
603
613
602
605
596
602
598
606
613
605
595
606
605
599
602
601
606
601
600
614
606
601
604
605
599
606
612
603
606
604
599
607
611
604
608
603
594
595
599
600
606
604
599
602
608
600
613
595
600
601
603
597
609
605
606
611
607
607
603
604
604
609
598
612
603
603
604
602
609
604
602
598
598
616
597
599
598
601
597
603
600
601
602
600
593
608
603
606
607
599
597
598
597
604
601
596
602
596
604
596
605
601
604
594
603
605
604
610
601
602
602
603
593
600
604
602
608
605
610
597
607
598
603
609
600
593
606
596
608
604
613
614
598
606
616
613
610
605
606
604
603
599
601
597
603
604
593
607
606
596
611
609
607
602
605
608
596
587
602
610
607
612
619
608
613
608
606
599
613
602
606
607
605
613
614
615
614
614
604
609
606
604
603
618
612
601
603
618
614
605
618
612
605
604
613
607
615
615
612
605
613
610
610
617
608
614
603
614
618
606
618
613
606
617
613
625
615
611
618
615
615
607
607
629
621
627
616
635
620
616
633
619
635
631
635
634
645
637
646
641
643
637
644
639
646
644
662
642
657
641
661
671
673
647
658
681
675
674
658
674
698
689
711
697
700
715
710
699
713
744
743
719
727
750
759
759
765
764
775
800
796
770
800
805
812
860
853
873
851
857
905
871
924
926
954
950
1012
1014
1041
1042
1061
1077
1074
1089
1145
1171
1184
1171
1171
1353
1300
1347
1312
1367
1370
1465
1463
1546
1577
1612
1693
1703
1677
1777
1776
1918
1931
2011
2119
2097
2123
2294
2349
2358
2474
2546
2585
2725
2815
2796
2813
2861
3056
3059
3200
3348
3398
3401
3509
3604
3684
3907
3833
3970
4071
4192
4221
4210
4548
4495
4568
4615
4690
4758
4782
4927
5073
4967
5164
5096
5262
5075
5132
5314
5379
5382
5414
5465
5571
5474
5646
5575
5563
5509
5537
5590
5475
5632
5581
5549
5484
5512
5458
5333
5407
5398
5381
5324
5376
5364
5171
5246
5226
5185
4986
4896
4843
4844
4784
4677
4738
4464
4450
4412
4450
4393
4362
4196
4217
4098
4136
4016
3936
4041
3890
3678
3537
3672
3466
3671
3502
3354
3317
3297
3248
3203
3085
3122
3106
3075
2969
2951
2787
2796
2815
2790
2806
2600
2684
2586
2577
2580
2471
2425
2409
2413
2273
2285
2279
2309
2256
2248
2206
2229
2149
2158
2151
2085
2041
1927
1973
1947
1962
1989
1934
1804
1803
1829
1774
1764
1790
1806
1738
1772
1696
1697
1669
1772
1670
1678
1677
1754
1634
1634
1559
1577
1625
1548
1496
1479
1495
1497
1508
1403
1386
1435
1393
1361
1364
1426
1388
1433
1330
1364
1336
1327
1241
1271
1258
1266
1251
1255
1246
1208
1154
1234
1215
1188
1187
1150
1180
1160
1177
1154
1137
1104
1175
1118
1104
1111
1107
1103
1121
1109
1091
1077
1115
1030
1088
1031
1002
1042
1029
986
1044
1003
1004
1022
1026
1025
989
1000
994
1011
958
978
939
905
898
956
934
895
936
891
923
920
917
911
915
896
922
878
884
872
889
877
853
870
859
894
871
834
861
871
840
819
845
803
851
852
801
838
816
840
817
823
791
820
809
783
796
797
794
785
777
771
775
784
780
776
749
767
776
784
804
761
775
737
752
767
727
747
754
769
738
748
733
757
701
765
740
750
735
721
747
722
709
752
723
732
696
713
727
725
705
714
728
711
696
724
720
689
705
744
694
685
703
711
694
702
701
724
679
714
672
683
697
724
699
688
679
686
705
692
689
684
673
679
705
698
671
678
685
663
690
685
666
679
657
680
672
663
665
672
674
667
668
672
664
668
673
666
682
668
684
659
670
656
670
678
668
670
667
655
660
651
673
648
657
659
650
651
660
656
654
667
661
657
660
658
651
661
642
642
646
633
646
641
639
646
651
642
658
648
655
664
632
654
638
642
650
653
654
655
629
641
640
641
644
640
626
633
635
648
635
649
639
621
624
638
631
635
635
642
630
627
636
621
641
629
635
622
628
632
629
618
629
625
620
624
620
621
621
628
628
633
628
620
638
627
634
619
637
624
622
631
630
629
632
631
623
609
634
628
620
614
614
616
626
613
616
612
611
639
615
626
640
617
620
622
628
603
630
611
616
627
613
618
625
609
637
611
621
623
619
612
620
621
620
618
626
610
622
626
620
620
619
628
612
625
607
609
612
626
614
610
606
630
615
606
612
615
615
616
614
613
624
615
616
606
618
628
618
618
614
603
612
602
619
618
618
622
619
606
610
616
610
615
623
613
606
607
610
605
603
610
614
607
605
608
601
615
605
624
624
601
613
609
610
614
600
617
599
602
624
615
615
617
610
611
617
604
605
605
606
604
608
612
606
609
605
606
620
616
604
616
603
608
608
596
610
606
604
611
600
601
607
615
617
615
605
609
608
614
607
609
607
621
611
614
605
597
612
614
607
612
614
611
618
605
604
611
604
608
614
611
608
600
605
617
603
606
597
608
604
614
599
601
606
612
612
602
603
606
600
603
601
607
603
598
603
593
604
609
610
603
613
599
606
612
600
612
601
599
605
602
604
605
604
595
594
604
607
601
602
601
600
601
609
598
606
602
601
607
608
601
610
604
612
604
599
600
608
589
603
608
606
607
606
606
597
600
600
602
611
606
606
601
601
602
610
602
604
600
605
590
608
601
604
593
596
614
611
600
611
602
599
605
606
600
598
609
598
594
605
598
603
606
603
602
607
599
594
605
598
596
602
606
609
610
599
606
609
605
601
601
602
607
603
599
600
604
599
595
599
600
597
598
601
604
608
604
599
596
599
602
609
599
604
606
598
605
599
608
602
592
593
599
608
589
600
598
604
598
602
604
609
588
594
597
605
607
610
596
600
600
597
600
602
605
597
597
591
601
593
598
600
603
603
600
602
606
600
594
600
599
603
605
591
602
607
602
610
599
599
606
597
609
602
608
599
605
601
596
603
603
601
601
606
603
605
595
588
605
598
600
590
596
597
603
601
606
602
600
599
607
602
590
601
