609
607
606
603
599
608
618
598
610
614
605
602
600
605
608
602
597
600
598
606
604
612
615
605
596
614
602
602
605
607
611
612
603
605
605
597
604
609
599
605
604
601
606
607
598
603
599
602
611
603
603
610
610
611
609
605
609
610
614
612
606
600
600
603
607
594
605
611
607
600
609
606
610
610
606
603
604
599
609
603
595
611
606
598
601
605
597
609
603
601
608
605
613
604
603
606
608
598
612
611
603
605
596
598
606
599
606
602
604
611
601
598
605
611
603
602
600
608
612
601
606
606
609
603
598
599
602
601
609
603
602
605
608
596
607
601
607
604
602
612
603
601
601
604
602
605
607
595
599
607
597
600
609
599
612
595
594
601
608
615
609
604
613
597
601
608
603
603
604
605
602
606
609
601
603
611
595
612
603
599
603
594
609
598
606
605
605
598
610
604
597
597
602
604
614
608
608
603
603
599
602
600
596
601
603
603
606
610
599
603
612
607
602
604
606
605
609
611
610
613
604
604
602
603
601
605
609
606
606
599
605
608
601
611
602
601
606
613
608
602
602
614
604
601
610
607
599
601
602
597
613
603
605
605
604
618
614
603
594
610
605
607
605
606
611
601
608
612
611
608
605
606
610
606
612
608
607
611
610
621
609
620
593
628
607
612
614
600
603
606
616
608
618
607
616
615
612
612
616
610
608
606
598
618
621
616
620
620
609
607
620
617
604
615
603
619
612
622
626
613
617
618
614
627
619
632
626
615
628
627
625
622
639
626
624
635
646
636
635
631
637
640
645
624
639
638
634
650
650
659
665
642
671
644
668
666
652
663
670
670
691
664
695
688
719
691
691
681
683
710
730
684
744
715
752
743
744
753
739
725
766
809
793
764
802
821
806
854
839
844
868
827
857
887
872
907
936
903
960
979
1013
1017
1022
1039
1050
1071
1079
1136
1127
1159
1203
1218
1287
1304
1258
1332
1359
1435
1432
1485
1467
1513
1567
1722
1687
1745
1771
1786
1855
1904
2032
2008
2106
2127
2243
2317
2320
2429
2521
2530
2590
2670
2861
2983
2951
3019
3154
3196
3374
3329
3418
3628
3626
3678
3798
3886
4083
4036
4186
4319
4516
4365
4482
4675
4765
4792
4877
4786
5003
5032
5174
5174
5340
5329
5389
5294
5590
5446
5607
5573
5695
5785
5611
5869
5656
5759
5815
5791
5950
5538
5762
5771
5805
5735
5736
5656
5691
5617
5618
5632
5653
5776
5650
5670
5612
5632
5295
5450
5400
5143
5099
5072
5011
4975
4890
4712
4892
4656
4802
4610
4492
4593
4480
4390
4253
4225
4183
4012
3970
3905
3857
3784
3713
3719
3638
3656
3501
3448
3432
3361
3433
3259
3179
3118
3062
3058
3174
2927
2955
2880
2822
2865
2749
2766
2648
2710
2522
2494
2509
2511
2422
2429
2413
2449
2263
2260
2306
2275
2244
2191
2226
2232
2217
2065
2154
2120
2030
2019
2070
2027
1987
1904
1895
1879
1889
1821
1924
1918
1767
1779
1787
1825
1782
1727
1770
1702
1679
1694
1628
1621
1651
1522
1583
1586
1587
1549
1558
1489
1524
1528
1524
1530
1485
1439
1459
1473
1445
1476
1414
1384
1377
1368
1349
1399
1386
1345
1355
1257
1311
1352
1273
1285
1252
1251
1196
1220
1258
1210
1202
1181
1173
1195
1207
1165
1139
1132
1106
1104
1117
1103
1068
1134
1047
1086
1069
1062
1127
1064
1048
1055
1040
1041
1046
985
1037
1034
1026
978
993
970
1007
968
983
973
956
970
963
947
948
949
916
953
912
914
912
907
915
901
897
915
895
894
897
915
873
864
863
876
873
864
863
876
824
840
850
822
820
829
840
861
827
846
849
824
856
828
801
801
777
774
794
808
797
783
809
801
783
769
772
806
735
743
780
776
765
736
754
774
747
768
764
745
751
767
749
745
739
731
771
760
728
727
727
708
742
742
721
724
716
710
748
740
721
718
717
701
718
718
698
742
720
701
703
700
699
709
726
687
697
708
679
697
699
700
680
689
684
689
672
688
696
689
705
708
686
688
677
689
674
686
687
683
661
697
697
687
677
681
675
680
663
697
686
675
674
676
682
655
672
675
672
650
653
659
649
657
667
637
652
656
663
665
646
670
656
658
655
663
640
666
646
665
665
660
676
634
652
659
663
657
644
642
640
659
641
648
642
643
651
655
653
642
633
661
641
638
646
647
650
662
633
637
650
654
641
635
653
624
628
645
646
635
645
631
631
636
630
630
637
629
629
646
631
635
640
629
639
621
639
633
621
639
634
642
628
635
632
626
628
623
626
629
624
629
625
629
626
620
634
615
624
632
620
640
620
629
623
617
614
618
629
623
615
613
620
621
611
627
612
631
627
623
616
621
629
624
624
618
633
611
614
632
612
618
613
621
614
625
637
617
611
618
626
618
633
615
621
627
627
622
615
619
625
622
632
623
618
619
618
630
619
616
610
620
619
618
619
627
618
613
628
613
613
621
623
615
619
616
616
619
608
630
616
619
622
625
607
611
606
611
618
612
607
605
608
615
615
605
608
616
623
614
612
608
604
620
608
603
620
609
608
612
606
616
611
615
611
605
615
620
614
609
614
616
620
608
609
615
618
604
608
610
611
616
609
610
612
617
607
608
615
615
607
608
611
606
603
612
616
597
600
605
613
610
612
602
606
605
605
608
602
616
609
613
612
606
607
609
596
602
613
605
609
610
608
602
605
607
610
608
605
610
607
609
608
608
615
608
604
615
607
602
613
601
613
611
609
604
613
602
612
607
604
608
614
606
612
602
613
609
610
604
610
608
611
602
604
604
605
604
606
604
595
606
594
604
604
603
605
607
600
611
592
605
605
603
599
599
602
599
600
611
603
612
610
599
601
599
605
596
607
603
599
609
608
601
609
605
600
607
608
601
599
603
599
604
606
604
607
607
601
610
603
603
605
607
617
611
604
620
599
603
603
608
596
613
598
602
616
604
606
608
603
604
604
603
603
597
609
604
593
594
607
599
592
609
594
603
596
592
600
599
598
602
594
601
604
612
605
592
602
609
608
604
600
605
602
606
603
602
606
600
599
602
601
597
608
597
609
606
601
603
605
604
608
599
602
604
598
602
597
596
603
596
604
606
603
602
610
604
601
615
594
595
601
599
599
603
597
601
598
603
602
599
606
602
597
598
603
608
600
605
606
606
592
604
607
601
599
594
599
595
603
597
602
608
597
600
611
599
604
602
603
606
606
601
606
599
601
605
606
605
597
597
599
609
602
609
598
599
