592
607
603
604
609
600
602
604
606
609
607
608
609
603
605
609
607
603
609
599
603
607
608
607
606
599
611
597
610
600
608
611
600
607
604
597
602
610
604
602
593
603
608
600
599
609
611
600
596
607
602
604
607
603
594
609
608
604
602
602
598
600
602
611
596
600
602
608
602
603
589
594
606
598
594
604
608
598
608
608
607
599
609
606
607
604
608
600
595
605
596
608
603
591
596
597
599
600
605
592
599
605
599
603
595
607
603
599
602
604
602
601
613
605
608
592
599
609
602
605
601
597
606
606
597
603
603
602
611
600
606
603
602
606
610
601
604
589
603
606
597
597
603
599
606
611
603
603
601
603
600
609
597
601
609
602
608
605
604
605
595
596
599
601
600
602
611
604
601
601
606
601
605
603
608
601
604
592
608
604
604
605
604
598
599
597
608
607
609
607
600
604
597
606
603
607
599
599
596
599
599
596
597
601
600
603
607
603
605
609
605
595
596
604
602
603
606
605
606
608
602
609
600
602
596
609
607
606
613
610
600
604
603
602
596
606
610
604
603
604
598
609
612
598
601
611
603
598
612
604
596
606
604
599
601
601
594
601
606
601
608
606
602
603
606
610
612
598
602
597
603
612
619
602
611
597
606
605
608
593
607
594
619
605
603
612
618
612
610
607
614
599
621
611
601
612
595
606
608
609
613
613
611
620
612
618
614
601
621
604
620
619
613
611
626
607
617
615
609
621
623
629
619
623
619
617
630
643
622
629
612
625
622
627
626
641
632
643
641
636
647
656
655
637
638
652
664
655
655
656
669
660
655
666
668
690
692
669
714
684
702
697
694
698
699
708
700
699
724
722
705
730
732
778
728
750
785
778
787
781
795
806
843
797
825
824
884
866
905
929
892
897
960
977
934
948
1034
1050
1049
1059
1067
1052
1164
1153
1159
1147
1162
1215
1178
1226
1338
1305
1343
1428
1446
1426
1425
1579
1689
1669
1750
1754
1767
1837
1935
1870
2063
2010
2079
2178
2222
2257
2446
2465
2533
2657
2734
2779
2738
2900
3081
3154
3093
3392
3357
3526
3483
3614
3775
3819
3924
3890
4112
4310
4323
4524
4624
4761
4750
4822
5032
5152
5085
5065
5260
5416
5365
5500
5434
5400
5647
5704
5777
5785
5986
5955
5995
6106
6002
6133
6140
6292
6072
6220
6304
6194
6078
6043
5980
6032
6164
6190
6201
6117
6157
6259
5994
5982
6134
5958
5874
5998
5858
5691
5740
5817
5565
5574
5428
5369
5268
5053
5076
5067
5151
5002
4896
4831
4846
4833
4583
4565
4576
4375
4314
4205
4107
4274
4058
4027
3911
3927
3783
3664
3685
3611
3625
3524
3354
3377
3396
3319
3246
3273
3064
3035
3018
2988
2959
2894
2806
2826
2895
2814
2724
2709
2622
2650
2482
2576
2597
2433
2445
2333
2436
2403
2276
2283
2242
2321
2249
2158
2192
2182
2132
2086
2095
2008
2085
1980
1887
1970
2047
1960
1926
1893
1874
1919
1853
1825
1756
1784
1829
1746
1675
1682
1685
1665
1629
1590
1658
1631
1610
1526
1535
1521
1532
1576
1557
1457
1484
1499
1452
1453
1444
1470
1412
1364
1350
1370
1365
1350
1356
1285
1298
1318
1302
1267
1282
1252
1237
1245
1305
1256
1216
1248
1201
1254
1194
1170
1225
1173
1207
1148
1183
1134
1096
1144
1122
1124
1088
1080
1096
1080
1098
1103
1048
1082
1020
1065
1067
1044
1022
1061
985
1010
1011
968
996
962
985
997
983
974
1008
949
937
916
939
927
937
960
962
932
916
930
908
955
876
899
904
843
878
899
910
856
857
896
824
846
891
831
829
840
844
826
855
842
841
842
868
831
854
832
808
849
790
848
808
818
775
796
778
800
779
785
765
792
810
798
747
775
764
807
759
758
778
768
764
770
771
738
745
752
739
735
748
726
735
731
749
726
739
740
740
725
735
717
731
723
716
718
716
741
703
721
712
732
720
733
701
720
707
728
708
708
707
711
714
692
692
689
720
718
716
673
686
694
691
690
706
671
675
687
695
675
692
655
667
681
697
682
673
674
675
678
672
674
686
689
672
665
672
679
658
683
652
669
681
660
679
663
659
664
654
680
672
659
673
671
656
674
654
646
660
655
649
657
654
660
659
638
659
656
661
647
644
637
656
645
646
640
650
619
670
660
646
642
632
643
634
659
650
642
652
644
637
632
633
648
631
644
643
641
640
646
634
658
639
629
634
656
620
645
638
644
640
632
654
624
635
631
638
630
631
627
634
623
631
624
619
640
633
631
630
622
651
626
620
621
625
627
637
632
618
638
626
631
633
628
625
621
626
627
632
640
626
615
639
611
612
623
619
616
623
617
626
616
628
618
614
625
617
609
625
620
627
611
626
625
622
637
614
616
606
626
624
610
626
615
617
614
615
623
620
631
625
621
617
621
616
617
622
608
612
620
629
611
624
604
623
605
612
622
621
623
615
615
599
613
611
620
624
623
605
620
619
619
615
608
608
622
614
610
613
607
610
620
604
619
610
606
617
605
619
612
614
623
608
616
616
608
616
618
603
623
608
608
618
612
605
613
605
617
609
615
613
609
607
614
608
600
612
605
610
613
615
614
605
618
612
609
607
609
605
604
616
613
608
617
601
608
608
604
609
603
607
624
614
615
610
617
604
608
603
620
612
601
611
620
606
614
610
612
604
606
601
606
608
612
605
605
603
606
599
610
601
609
597
600
601
602
602
608
598
604
607
602
603
592
617
606
603
615
602
608
606
595
606
602
602
603
618
598
601
607
611
611
604
603
607
603
605
611
599
605
600
608
591
612
604
607
606
601
609
600
600
609
598
612
601
597
607
605
608
600
598
601
607
604
605
600
599
599
605
599
597
613
607
598
608
603
603
601
597
609
607
593
610
605
591
592
591
599
604
604
609
596
590
597
595
598
610
602
593
610
593
604
596
598
603
606
609
603
604
600
600
599
609
600
594
598
597
601
601
607
605
600
602
596
603
596
608
605
594
604
601
599
602
600
601
600
611
602
606
595
603
586
594
589
601
600
603
595
598
603
605
595
603
600
599
606
605
603
604
603
600
601
599
600
602
604
594
596
599
591
594
594
599
595
598
604
604
602
596
597
599
602
606
595
602
606
603
601
601
599
596
605
604
595
606
592
600
606
593
602
597
604
604
604
594
599
605
602
597
596
593
603
604
595
608
599
600
602
603
600
600
603
600
600
601
596
597
594
603
605
593
600
604
597
599
595
601
600
589
594
598
597
605
597
