606
615
616
605
609
615
614
605
601
604
606
606
603
608
602
599
598
605
606
602
603
606
607
603
607
600
605
607
604
602
604
601
605
602
597
609
605
604
610
602
596
601
602
608
599
598
603
606
597
605
609
596
597
602
613
610
597
598
606
594
601
602
605
601
611
593
598
606
601
601
602
599
607
603
601
600
602
607
607
605
597
606
600
605
599
599
594
596
605
600
596
597
602
593
612
611
609
605
603
611
606
597
603
614
601
595
602
600
598
608
606
605
596
601
612
611
603
601
588
605
611
600
614
606
607
604
602
603
609
605
597
599
604
602
610
610
601
599
594
594
605
599
603
600
605
607
608
595
609
599
597
613
592
596
602
604
597
600
600
609
598
619
605
605
609
606
606
604
603
596
593
607
602
607
605
611
597
610
606
619
605
606
605
601
602
607
605
600
602
607
592
605
600
603
609
596
603
602
608
599
599
609
598
609
604
603
613
610
603
609
597
610
613
601
608
598
600
601
602
604
610
615
607
609
605
605
610
603
607
604
600
613
611
608
607
604
601
609
617
603
607
605
603
612
606
613
606
609
605
605
607
610
608
610
608
612
607
606
603
616
607
605
616
599
607
606
600
613
619
612
609
611
604
610
611
596
616
611
611
613
613
602
608
609
610
613
614
607
606
615
612
617
609
614
610
612
618
619
617
614
609
620
615
618
612
619
610
618
607
617
607
621
613
608
625
610
617
609
629
612
635
626
616
633
630
618
621
629
644
629
626
622
615
635
656
639
638
648
641
646
652
645
661
665
658
662
655
674
683
678
689
669
658
685
668
683
689
674
728
697
699
724
711
736
731
710
726
764
728
738
754
758
797
789
790
832
785
808
802
774
863
867
869
822
856
888
864
905
907
945
922
950
988
994
992
1060
1140
1027
1056
1100
1166
1171
1170
1145
1207
1223
1240
1267
1332
1384
1407
1426
1476
1506
1592
1578
1679
1709
1714
1797
1793
1869
1900
1993
2091
2091
2178
2225
2290
2417
2428
2500
2537
2695
2853
2812
3025
3061
3083
3243
3358
3383
3680
3630
3753
3784
3845
4006
4160
4194
4340
4570
4596
4795
4969
5029
4970
5204
5229
5434
5449
5663
5734
5756
5990
6024
5966
6349
6153
6380
6455
6561
6453
6584
6897
6930
6975
6969
6935
7066
7079
7151
7298
7275
7000
7187
7311
6922
7439
7057
7180
6732
7172
7159
7181
7166
7160
7211
6953
7013
6990
7049
6843
6941
6850
6710
6607
6453
6382
6415
6253
6365
6168
6122
5897
5910
5733
5770
5549
5431
5506
5192
5385
5246
5028
5065
4959
4850
4843
4623
4649
4509
4396
4386
4278
4188
4168
4067
3992
3962
3957
3922
3814
3825
3696
3720
3636
3544
3489
3383
3315
3264
3301
3265
3183
3188
3075
2945
3046
2927
2923
2850
2736
2843
2780
2796
2747
2566
2710
2614
2524
2508
2456
2517
2503
2407
2321
2340
2402
2226
2271
2209
2232
2209
2197
2221
2141
2126
2045
2093
2032
2031
2032
1920
2018
1922
1959
1890
1886
1822
1822
1894
1838
1830
1826
1791
1699
1734
1695
1724
1753
1620
1673
1688
1643
1654
1612
1612
1556
1542
1544
1582
1447
1500
1466
1477
1402
1445
1447
1482
1430
1434
1397
1378
1383
1408
1383
1416
1391
1284
1412
1267
1298
1299
1278
1253
1251
1257
1276
1200
1222
1216
1159
1115
1194
1226
1190
1143
1173
1150
1158
1176
1129
1090
1130
1100
1077
1136
1069
1097
1101
1052
1011
1056
1061
1048
1082
1121
1037
1012
1013
955
981
972
998
977
987
959
1003
912
959
944
905
933
917
941
957
948
945
915
898
925
901
894
883
881
934
888
853
870
887
874
861
839
852
886
851
850
846
805
873
820
847
866
818
810
832
804
807
816
813
806
840
801
833
774
800
823
810
782
792
770
801
792
796
779
787
756
762
776
771
770
783
767
745
762
762
731
747
758
761
762
783
736
736
764
747
741
721
759
735
752
724
744
725
729
719
721
753
728
701
733
723
708
719
711
704
729
705
715
697
697
705
728
700
697
703
691
711
712
700
701
690
680
704
697
692
682
677
701
700
683
688
678
667
684
664
686
676
689
660
691
681
685
667
666
669
691
692
693
665
665
665
671
680
681
662
665
679
654
666
661
674
668
656
665
665
677
665
668
673
640
663
666
654
655
666
653
650
650
657
669
644
672
633
647
649
650
650
655
661
662
646
643
645
641
647
643
655
653
644
651
660
655
639
635
655
659
644
641
663
633
639
657
638
653
647
634
642
644
636
645
626
627
651
636
644
652
644
645
645
646
621
629
620
633
616
632
636
622
625
626
630
611
630
629
636
630
624
629
640
630
643
635
615
628
635
634
624
621
632
629
619
614
624
623
626
622
636
635
630
632
632
622
618
622
627
619
614
614
643
620
611
632
620
627
627
619
621
623
621
621
621
623
633
637
607
631
620
617
620
626
624
632
618
618
613
615
615
623
605
625
619
627
619
615
613
617
613
617
620
624
616
613
617
612
609
616
619
614
617
610
617
629
613
610
608
619
624
627
616
615
617
615
619
625
622
604
607
612
611
632
609
619
622
615
608
607
610
607
613
614
608
623
624
620
620
628
613
606
619
604
614
621
602
618
607
605
607
613
612
618
610
602
603
617
616
610
620
610
617
612
608
605
619
612
610
608
610
601
613
601
609
604
592
617
613
607
607
609
614
604
606
598
613
608
609
602
608
613
611
610
601
612
607
613
609
605
609
604
611
608
602
602
618
601
599
613
613
597
605
614
597
602
608
608
592
597
606
601
607
604
609
615
610
607
597
614
602
611
600
612
599
598
611
599
604
605
603
606
601
600
606
604
602
613
605
600
605
599
605
605
598
593
602
600
596
605
606
604
602
604
604
611
611
613
607
604
606
614
603
606
600
600
601
598
603
600
603
609
602
595
603
607
607
608
603
600
595
599
593
602
595
601
592
597
607
595
606
602
592
593
601
606
598
610
597
608
601
596
607
609
603
598
599
597
605
607
600
608
607
599
601
609
604
605
607
602
604
606
598
595
600
593
595
606
599
597
598
599
607
603
599
602
596
598
606
598
607
607
613
603
604
607
609
594
598
596
606
603
598
605
606
596
604
610
604
604
606
603
596
605
598
597
610
600
600
604
604
604
593
596
610
597
591
609
589
601
595
597
599
595
596
602
596
602
594
596
599
598
606
606
601
587
605
606
593
600
599
597
602
601
599
599
600
595
598
598
601
596
599
603
601
599
610
604
605
599
601
603
