607
604
611
607
607
613
611
610
602
602
602
600
604
600
608
601
609
596
605
604
590
597
606
608
607
605
610
609
603
604
601
609
603
605
613
605
604
598
601
608
610
610
604
597
609
604
598
599
606
612
600
603
598
601
606
605
603
594
607
605
601
610
605
596
605
599
611
607
602
614
594
605
597
601
608
615
604
603
604
597
606
597
605
604
607
603
605
600
602
600
602
587
600
612
603
604
604
598
594
610
612
604
606
603
607
606
607
605
608
605
603
595
605
596
600
613
612
605
610
606
605
611
607
606
601
600
605
599
602
603
605
599
603
593
605
605
602
605
606
602
600
590
599
599
613
598
605
599
595
607
603
590
606
604
609
608
603
603
604
603
597
604
601
601
607
605
607
605
610
603
605
610
606
599
607
602
601
612
603
610
603
605
601
610
603
596
624
612
608
604
610
610
608
600
600
610
600
596
605
605
609
598
600
606
605
600
608
607
599
600
606
612
603
604
615
601
599
598
606
601
595
611
605
600
607
600
613
606
610
605
600
613
606
601
612
600
605
607
606
607
602
604
605
612
619
621
614
614
610
615
610
610
609
609
616
605
611
599
606
606
605
607
611
613
616
612
606
601
617
610
609
615
603
611
611
608
626
609
626
611
615
602
607
595
612
604
607
607
613
617
620
619
606
610
607
615
618
611
614
608
612
610
616
627
622
621
625
618
623
621
619
615
624
627
619
623
634
619
637
623
617
622
613
622
621
642
640
641
633
638
650
652
643
643
634
630
644
665
655
655
654
661
647
659
665
672
668
683
672
664
667
672
669
690
688
699
692
714
691
702
712
702
708
708
739
730
718
745
761
771
797
762
775
779
791
802
834
806
858
834
843
856
879
901
846
883
936
954
944
926
958
1020
985
1008
1028
1064
1096
1112
1143
1140
1167
1180
1182
1234
1279
1325
1295
1370
1340
1370
1456
1481
1624
1579
1605
1700
1760
1784
1806
1823
1935
2007
2003
2071
2195
2188
2254
2347
2446
2603
2544
2782
2733
2890
2959
3098
3282
3273
3408
3582
3670
3810
3767
3856
3900
4075
4438
4455
4586
4390
4789
4853
5076
5165
5256
5354
5609
5617
5737
5981
5965
6172
6107
6224
6463
6529
6552
6765
6901
6847
6943
6869
7074
7440
7419
7598
7614
7551
7724
7770
7785
7838
7849
7751
7932
7826
7771
7664
7712
7930
7748
7642
7747
7651
7782
7790
7613
7941
7592
7702
7784
7432
7313
7392
7393
7343
7201
7203
7184
7094
6954
6826
6755
6582
6523
6388
6336
6268
6115
6179
5997
5835
5794
5705
5631
5565
5329
5439
5183
5157
5096
4973
4926
4871
4716
4612
4486
4519
4339
4470
4265
4198
4213
4076
4037
3910
3880
3765
3781
3744
3552
3761
3513
3508
3575
3456
3274
3149
3262
3286
3230
3196
3081
3055
2934
3025
3055
2867
2861
2818
2803
2796
2766
2795
2732
2525
2505
2519
2471
2471
2324
2424
2329
2452
2363
2292
2304
2286
2234
2210
2199
2239
2097
2095
2005
2109
2051
2064
2033
1983
1953
1954
1979
1918
1865
1873
1883
1827
1895
1845
1847
1820
1776
1787
1772
1714
1695
1676
1638
1644
1617
1614
1609
1650
1544
1616
1496
1516
1529
1512
1555
1477
1491
1460
1419
1460
1482
1359
1407
1421
1394
1432
1384
1342
1337
1327
1284
1287
1286
1351
1275
1308
1297
1350
1288
1280
1225
1222
1220
1215
1262
1197
1167
1172
1217
1143
1137
1152
1121
1110
1132
1115
1116
1140
1081
1106
1073
1066
1061
1077
1057
1047
999
1045
1047
1043
1049
985
1008
982
983
964
995
1018
1007
987
940
942
976
929
976
962
934
937
887
986
931
951
947
917
895
881
942
905
904
894
885
882
878
886
851
832
890
873
858
858
846
873
833
859
840
822
837
845
809
868
810
787
808
816
800
795
795
804
796
773
813
821
771
784
786
797
784
798
789
763
776
788
772
763
767
754
749
745
769
758
762
762
761
752
785
743
752
756
733
735
746
747
766
743
737
743
724
741
725
721
714
758
722
727
753
709
711
708
708
755
697
719
716
747
724
706
714
689
706
680
709
716
708
698
700
702
699
699
695
688
692
689
706
700
696
702
698
685
685
674
660
700
701
716
662
696
688
670
687
690
664
681
674
678
683
683
675
670
683
680
659
656
657
673
659
678
674
654
647
659
674
654
658
680
662
670
644
681
660
655
655
648
670
651
648
651
679
638
671
665
653
640
658
643
651
652
654
653
655
631
651
639
648
655
639
650
625
632
644
639
652
646
660
660
642
635
653
630
650
630
652
640
651
634
647
631
627
643
634
652
637
637
632
639
653
636
634
643
634
626
642
635
630
629
616
631
632
632
625
632
625
631
637
630
636
641
637
641
633
621
629
627
627
625
612
627
636
630
628
619
624
631
635
618
630
632
622
633
628
629
627
625
618
635
628
628
609
633
618
627
619
629
612
627
612
625
628
625
610
634
627
620
636
620
621
615
622
623
615
610
639
618
616
614
623
600
629
631
622
616
620
621
633
615
609
620
619
610
625
616
612
613
614
617
618
629
615
610
615
619
618
620
614
605
612
614
596
616
614
611
611
611
607
604
623
614
620
620
611
618
626
620
616
610
615
608
610
613
620
610
615
612
605
623
608
602
607
617
606
609
614
609
620
611
619
593
608
613
612
611
614
617
609
614
600
604
609
602
610
608
605
611
616
609
603
605
616
607
607
611
609
605
617
605
609
610
606
612
606
605
603
608
589
603
606
607
615
609
605
604
615
606
611
612
604
606
610
609
606
612
599
601
604
604
610
607
600
612
603
606
603
601
613
612
610
604
598
618
611
600
613
602
601
599
607
606
609
602
607
596
610
595
605
607
601
602
606
611
610
607
600
606
598
609
604
597
601
603
594
609
603
601
601
612
594
596
599
606
602
609
609
604
600
602
601
596
604
604
609
599
606
592
602
603
605
609
598
603
604
602
600
600
600
602
590
610
607
600
602
603
595
601
601
598
601
598
596
601
605
599
602
598
602
604
610
613
597
594
606
604
596
602
606
606
602
599
607
606
607
600
597
602
601
606
601
604
598
596
600
603
595
597
600
603
602
602
603
595
602
599
599
611
596
600
609
599
604
594
608
601
595
603
598
602
600
611
600
596
597
597
600
596
602
591
606
602
597
605
595
598
602
601
599
603
604
597
600
606
596
602
607
602
596
606
600
602
596
598
598
601
606
604
596
604
603
603
602
596
604
606
607
598
599
597
610
601
592
604
603
602
612
597
596
601
