603
599
607
611
607
606
608
607
607
602
614
610
614
601
611
603
605
603
597
615
607
607
606
614
610
614
592
606
611
610
602
607
603
608
599
607
603
603
600
601
599
611
600
607
602
607
597
596
602
603
608
614
608
602
610
602
599
597
601
601
610
605
603
605
602
601
608
596
599
602
607
608
593
609
608
605
607
605
608
610
609
609
604
607
602
605
607
603
602
617
605
605
594
600
605
605
601
615
606
602
609
612
602
606
596
603
600
605
608
607
606
595
606
601
609
602
608
601
598
597
605
598
607
619
604
596
615
597
602
608
607
611
601
614
604
601
605
602
612
599
601
612
602
612
610
599
603
596
601
604
605
604
606
603
598
605
601
608
604
600
608
598
595
604
604
607
605
598
607
605
600
606
599
603
600
613
597
608
598
599
609
598
612
597
598
611
605
608
604
605
608
605
605
594
601
596
608
597
598
609
602
612
602
613
609
610
603
606
608
607
604
604
596
604
609
607
610
609
605
600
613
608
591
608
605
606
606
604
602
606
608
608
606
605
605
606
615
617
613
608
599
604
604
599
609
616
614
615
611
604
610
597
610
611
612
610
607
597
607
615
605
599
601
600
597
609
616
613
608
618
609
607
610
601
592
607
616
608
610
611
603
614
606
613
609
613
619
620
613
616
612
607
613
628
614
633
615
624
613
609
614
620
624
617
618
623
620
621
619
623
620
616
612
607
617
633
625
622
619
634
637
619
635
629
637
623
639
637
638
644
637
645
637
634
640
647
648
671
638
656
665
655
659
658
656
656
646
662
675
667
692
678
680
680
713
691
699
678
693
694
707
718
721
714
734
729
716
735
746
736
769
769
759
782
802
824
800
830
792
823
837
842
893
849
887
894
925
922
903
950
957
996
1017
1040
1018
1050
1074
1031
1094
1094
1175
1142
1187
1193
1271
1311
1287
1332
1385
1403
1392
1523
1492
1525
1540
1643
1669
1781
1783
1728
1861
1989
1926
2045
2059
2149
2209
2205
2394
2383
2525
2579
2613
2772
2865
2890
3068
3199
3318
3260
3419
3484
3618
3779
3749
3956
4041
4190
4385
4337
4708
4716
4891
4975
5016
5268
5155
5483
5540
5742
5803
5917
6061
6133
6358
6284
6179
6399
6500
6567
6777
6803
6912
6983
7125
7155
7367
7374
7374
7328
7458
7567
7531
7517
7592
7443
7406
7526
7737
7626
7667
7566
7633
7759
7551
7522
7476
7426
7644
7426
7521
7374
7339
7301
7140
7156
6909
6889
6978
6826
6766
6506
6586
6488
6403
6499
6258
6180
5984
5841
5878
5944
5517
5571
5645
5389
5339
5183
5088
4924
4926
4980
4755
4731
4632
4513
4538
4489
4347
4245
4154
4202
4030
4050
3971
3913
3821
3803
3749
3569
3534
3517
3497
3435
3483
3358
3339
3251
3121
3220
3094
3074
2998
2985
2970
3001
2795
2818
2800
2816
2763
2786
2775
2627
2606
2611
2569
2555
2477
2374
2472
2344
2388
2419
2331
2337
2213
2161
2233
2189
2213
2162
2132
2127
2081
2058
2051
1999
2039
1982
1920
1998
1864
1939
1865
1905
1870
1796
1889
1763
1795
1775
1777
1792
1679
1660
1709
1700
1650
1634
1625
1533
1641
1624
1625
1567
1521
1444
1538
1535
1531
1477
1526
1440
1452
1480
1428
1434
1425
1375
1389
1352
1370
1359
1348
1305
1317
1299
1268
1267
1276
1269
1265
1219
1211
1246
1205
1177
1176
1207
1224
1204
1171
1195
1190
1170
1187
1098
1093
1136
1083
1091
1034
1107
1087
1079
1089
1080
1037
1061
1019
1039
1067
1048
1013
1024
991
1036
994
1016
987
972
983
971
954
942
981
966
962
978
949
921
945
946
915
934
955
914
913
894
895
909
926
859
916
853
907
870
856
858
867
819
914
858
826
848
833
862
860
878
835
832
869
824
855
808
829
808
797
789
794
813
785
790
785
819
777
799
793
795
776
788
779
784
795
776
767
785
776
728
760
764
779
761
762
745
745
753
784
734
735
719
750
759
742
743
739
716
707
740
723
731
698
713
745
733
725
741
710
735
718
710
726
715
727
716
706
679
732
717
677
721
702
700
735
691
691
690
683
679
677
693
695
717
691
703
677
665
681
687
675
690
674
691
694
664
679
678
684
677
708
701
668
685
674
701
667
678
662
683
677
688
663
677
695
659
681
676
681
688
681
663
656
649
681
672
661
661
667
665
662
655
668
673
661
649
663
661
658
678
645
668
650
641
657
640
667
665
652
650
658
647
655
636
653
648
648
655
653
652
641
634
648
647
632
646
639
634
642
640
642
642
651
643
637
649
649
643
640
651
642
644
620
632
651
623
638
630
631
635
649
641
653
626
635
632
639
643
644
622
643
624
636
633
654
654
637
633
621
621
641
641
622
636
635
641
608
620
645
614
643
639
617
630
629
624
622
627
626
618
630
628
630
616
639
635
620
627
635
641
622
618
612
623
617
621
631
620
635
626
609
612
605
622
624
638
614
630
616
636
636
616
614
619
617
627
615
605
633
612
616
624
623
613
626
616
625
622
613
621
604
609
623
615
611
618
622
609
622
612
623
631
624
620
617
624
623
621
617
612
619
624
623
611
623
627
615
617
616
613
617
627
618
627
611
622
633
609
617
616
620
616
616
618
617
620
616
613
614
620
608
604
605
618
612
613
615
608
608
610
603
620
608
607
610
616
608
621
618
611
607
615
608
606
613
604
607
611
608
611
612
613
606
616
610
621
609
600
608
618
612
602
614
613
612
607
611
614
610
595
613
599
609
601
604
605
606
611
613
605
604
603
602
602
603
614
603
604
606
613
612
604
607
607
610
608
607
603
602
600
602
612
603
594
604
603
602
611
613
603
609
613
604
612
605
600
612
598
605
609
603
613
603
593
609
618
604
598
600
608
592
604
607
596
605
613
594
597
611
597
604
608
607
605
610
609
606
604
599
607
588
602
611
603
603
611
608
601
603
601
616
608
603
608
606
598
609
610
606
604
607
606
606
604
602
609
601
605
603
601
598
600
607
604
608
605
593
607
610
599
599
599
600
604
605
607
602
611
605
610
596
600
607
602
592
606
600
602
613
607
605
602
603
606
603
607
613
604
599
605
600
602
606
597
608
612
601
604
609
608
601
610
604
609
600
600
597
604
601
599
599
601
599
605
612
600
596
596
600
608
603
601
602
603
602
596
601
601
593
599
611
604
607
598
600
601
592
604
599
593
604
595
598
612
604
601
606
596
612
608
594
605
603
598
600
604
595
606
608
602
610
604
609
606
601
599
613
613
605
602
