606
610
617
607
606
610
603
606
608
613
600
605
599
615
609
600
602
605
603
604
604
599
600
592
598
608
601
604
599
601
608
604
600
605
616
603
601
596
597
614
605
597
596
600
603
596
602
601
617
596
607
599
597
608
603
601
601
596
606
601
605
600
606
600
612
593
601
609
605
601
598
608
596
601
599
605
609
602
603
604
607
606
606
597
601
606
605
604
591
606
602
600
595
600
608
599
607
593
603
592
594
598
594
602
602
601
600
595
605
612
607
601
601
601
603
604
610
605
596
592
602
598
603
604
596
607
605
604
609
602
607
598
607
596
602
604
597
602
605
603
603
606
608
604
607
605
611
598
603
607
603
605
610
601
595
605
597
606
607
598
596
606
613
612
595
606
603
596
597
605
596
611
606
601
608
605
606
604
600
601
607
606
596
603
603
596
598
602
607
610
596
614
597
602
596
597
597
605
595
603
602
601
605
607
607
609
599
595
599
597
605
603
600
602
601
594
606
599
600
610
600
601
601
606
609
603
604
596
612
600
599
604
602
605
610
601
600
599
613
600
602
601
604
607
605
610
592
605
603
611
604
606
606
601
592
604
607
595
599
603
608
599
602
604
609
609
600
609
594
602
607
594
608
596
603
610
607
599
605
601
611
606
616
597
600
599
603
610
601
606
614
616
609
611
611
608
608
604
602
601
600
599
606
602
610
596
600
612
602
603
601
605
610
601
602
607
601
612
615
609
613
610
605
620
617
606
597
610
606
604
600
605
604
610
604
616
603
610
607
597
611
611
608
605
616
619
607
608
600
609
615
601
610
616
608
607
607
607
607
607
614
622
608
611
623
609
615
622
614
614
608
616
622
610
621
614
615
610
618
635
627
613
636
627
624
616
630
619
637
629
617
634
642
633
629
640
651
650
632
641
621
644
648
659
642
652
650
646
644
656
660
659
644
647
676
655
644
681
655
674
680
684
655
668
688
684
670
667
708
684
688
690
691
722
722
699
731
698
704
763
713
711
717
710
757
770
770
753
794
761
759
752
803
754
788
832
837
759
809
865
829
844
845
856
858
859
871
869
891
903
914
913
964
942
943
976
974
965
996
1004
1020
1049
1025
1054
1068
1052
1111
1077
1101
1162
1151
1098
1155
1190
1165
1213
1219
1191
1266
1321
1290
1359
1322
1394
1348
1420
1377
1392
1402
1450
1482
1493
1452
1504
1512
1593
1520
1584
1627
1635
1642
1664
1731
1708
1768
1765
1665
1829
1806
1788
1837
1931
1972
1889
1977
1943
1950
1944
1986
2021
2069
2121
2101
2211
2096
2146
2159
2220
2327
2264
2259
2345
2348
2383
2357
2441
2377
2494
2535
2487
2535
2491
2642
2509
2629
2791
2629
2799
2749
2823
2826
2824
2875
2847
2978
2906
2944
2934
2910
2915
2977
3125
2955
3186
3141
3031
3119
3263
3165
3334
3295
3257
3248
3422
3330
3301
3472
3352
3317
3414
3514
3495
3366
3368
3518
3420
3598
3435
3463
3500
3553
3699
3630
3585
3692
3656
3603
3675
3469
3694
3667
3599
3734
3718
3793
3640
3735
3642
3757
3748
3687
3689
3751
3658
3783
3786
3854
3835
3701
3902
3758
3846
3803
3845
3800
3821
3672
3765
3822
3800
3894
3782
3820
3746
3759
3836
3865
3778
3808
3901
3826
3782
3872
3795
3773
3816
3874
3795
3765
3778
3638
3703
3662
3626
3663
3620
3680
3774
3704
3704
3645
3704
3647
3611
3712
3749
3540
3675
3654
3559
3470
3613
3492
3653
3610
3445
3527
3579
3496
3601
3457
3417
3508
3401
3513
3373
3396
3377
3396
3432
3276
3410
3327
3390
3297
3380
3213
3238
3219
3319
3156
3209
3117
3190
3174
3107
3157
3132
3064
2939
3046
3068
3078
2858
3011
2969
2986
2983
2978
2992
2876
2909
2850
2836
2866
2755
2777
2794
2685
2786
2742
2704
2663
2590
2641
2700
2565
2621
2628
2519
2507
2533
2486
2439
2476
2469
2454
2473
2424
2430
2345
2338
2279
2289
2355
2296
2232
2236
2230
2206
2166
2131
2108
2141
1994
2171
2056
2065
1970
2142
2022
1949
1983
1981
1960
1935
1915
1893
1855
1814
1823
1807
1755
1759
1703
1744
1697
1775
1789
1731
1695
1636
1671
1701
1623
1610
1648
1625
1533
1499
1483
1559
1556
1500
1464
1458
1445
1496
1433
1369
1410
1389
1385
1367
1356
1350
1363
1377
1318
1339
1356
1267
1340
1272
1168
1204
1279
1232
1157
1228
1198
1223
1125
1144
1173
1178
1103
1122
1146
1110
1092
1081
1095
1117
1140
1072
1113
1078
1027
1029
999
973
1040
968
1003
1024
1018
977
958
966
998
960
970
977
957
943
922
932
977
907
942
918
897
916
903
891
891
872
836
896
875
852
858
817
852
832
831
860
834
837
845
839
803
823
817
801
779
835
803
804
800
803
812
780
779
788
790
769
782
761
780
762
779
771
752
771
745
776
780
737
748
748
772
749
729
747
755
748
717
746
725
745
725
740
727
733
744
711
709
719
708
698
708
728
687
712
696
696
686
706
698
684
691
694
699
697
712
689
696
694
700
713
717
686
704
693
680
675
679
690
660
670
682
666
674
679
667
675
691
659
667
666
664
673
645
657
669
661
694
681
672
661
670
658
675
637
649
658
657
652
656
659
648
648
648
657
662
674
651
635
650
648
644
654
632
655
647
637
652
644
637
635
630
622
641
634
658
641
638
639
634
633
645
622
631
643
617
630
626
630
629
641
624
627
635
642
639
625
618
631
633
636
624
618
624
636
643
628
635
625
623
632
636
627
615
637
631
614
612
630
608
618
628
620
630
616
632
632
623
624
629
615
609
633
630
613
613
609
619
625
615
626
625
627
625
629
609
614
615
615
616
615
601
612
610
628
622
615
627
608
621
611
618
611
620
616
613
613
609
610
608
607
613
612
614
621
609
610
602
608
615
617
619
611
608
615
620
608
610
604
616
598
617
616
617
608
610
603
606
600
617
615
600
598
606
610
618
604
608
602
613
609
606
611
608
603
611
610
613
613
609
615
605
608
609
607
615
610
612
609
604
611
605
610
601
604
604
601
595
595
605
608
596
610
607
602
607
598
610
602
602
608
600
605
602
610
600
607
601
601
604
599
611
605
609
617
602
602
608
602
604
609
605
599
611
611
610
608
611
599
601
601
609
608
602
597
604
605
601
605
620
600
609
600
608
599
609
598
597
595
605
606
608
608
600
611
604
611
602
599
609
606
609
605
605
599
608
605
599
601
607
595
600
606
598
606
602
589
609
602
600
606
601
601
599
599
604
599
600
611
606
599
603
605
600
594
600
600
604
601
601
607
602
607
599
601
605
607
604
607
607
603
606
604
612
603
603
598
611
599
