588
609
601
601
608
605
604
600
597
607
613
593
603
608
608
602
603
595
607
601
608
600
601
603
614
611
610
606
603
602
605
603
609
614
603
603
599
600
611
608
607
603
602
605
605
596
607
608
606
605
602
598
601
598
606
598
603
603
604
606
605
611
605
595
605
606
606
595
602
603
602
601
602
601
605
602
599
600
602
605
606
605
609
604
611
599
593
596
603
609
600
605
606
604
594
604
600
606
597
608
605
600
604
614
604
593
617
612
606
603
605
604
603
605
600
609
604
607
602
609
604
604
599
606
597
602
611
611
602
613
592
603
606
600
602
610
594
597
602
605
608
602
594
602
603
600
604
602
603
600
605
598
610
604
597
607
601
599
608
598
612
608
603
593
601
602
602
606
595
609
597
598
612
591
599
606
608
605
600
601
601
604
607
601
600
602
594
606
599
602
594
598
604
603
601
603
603
599
606
604
607
603
606
597
603
605
612
599
601
604
613
606
608
602
602
612
623
605
603
603
602
605
600
610
602
602
602
600
601
595
603
611
605
603
608
602
605
607
604
614
608
605
606
606
597
603
608
612
613
611
601
598
607
602
604
611
604
613
598
601
606
604
608
604
600
604
603
609
609
599
606
603
613
604
603
595
598
604
607
602
601
603
601
604
602
606
597
600
606
614
612
611
610
610
602
608
611
604
602
605
607
605
605
597
606
609
611
609
613
613
597
608
619
608
615
613
622
625
606
620
610
614
617
610
615
613
618
611
607
605
615
609
615
610
619
623
615
611
613
615
628
620
629
613
622
628
624
623
632
612
621
625
627
617
623
609
623
632
623
640
634
625
622
624
635
624
635
637
633
628
637
640
636
646
641
652
640
630
652
642
648
646
650
654
645
649
653
670
650
672
666
650
677
660
668
658
664
659
682
685
690
692
675
688
687
686
679
688
697
693
727
693
718
717
719
719
705
733
724
714
715
719
737
769
745
767
739
756
762
808
799
802
808
801
804
830
837
849
862
829
843
859
885
870
896
919
878
910
969
910
933
955
996
952
992
1027
956
1051
1033
1004
1065
1108
1084
1133
1158
1112
1139
1198
1138
1163
1146
1240
1211
1306
1258
1261
1370
1361
1346
1319
1401
1441
1380
1427
1424
1543
1502
1494
1614
1599
1582
1630
1612
1737
1726
1779
1796
1753
1873
1858
1788
1903
1928
1977
1990
2014
2027
2067
2174
2076
2162
2225
2246
2233
2354
2314
2300
2337
2471
2462
2548
2517
2526
2650
2607
2721
2751
2891
2833
2773
2940
2918
2896
2953
3024
2964
3064
3134
3155
3250
3309
3284
3442
3401
3355
3450
3448
3532
3590
3646
3701
3809
3763
3703
3888
3922
4080
3941
4004
3993
4067
4200
4202
4195
4272
4278
4366
4398
4423
4678
4536
4667
4441
4693
4752
4674
4790
4673
4777
4871
5028
4960
5065
5062
5026
5090
5139
5341
5260
5351
5337
5458
5402
5550
5447
5521
5599
5546
5586
5542
5599
5579
5751
5556
5819
5784
5825
6008
6073
5848
5845
5953
5882
6062
5945
6205
6215
6007
6197
5927
6228
6056
6050
6163
6134
6081
6249
6286
6197
6087
6185
6251
6269
6414
6397
6384
6375
6368
6420
6407
6443
6454
6515
6370
6418
6287
6324
6280
6454
6294
6343
6428
6466
6329
6338
6588
6441
6532
6377
6380
6431
6292
6421
6478
6452
6526
6304
6307
6427
6389
6251
6243
6337
6425
6361
6285
6396
6175
6258
6411
6273
6269
6354
6204
6342
6353
6266
6259
6259
6195
6121
6100
6074
6141
5966
6339
6020
5986
5820
5920
5955
5886
5847
5987
5969
5834
5946
5940
5808
6007
5865
5789
5965
5786
5786
5666
5719
5550
5567
5545
5519
5272
5361
5366
5650
5451
5485
5427
5549
5492
5434
5422
5339
5249
5191
5282
5331
5159
5236
5160
5002
5078
4758
4992
4935
5015
4769
4772
4829
4694
4785
4715
4574
4736
4676
4662
4627
4517
4648
4404
4327
4432
4285
4421
4405
4239
4184
4271
4163
4176
4193
4167
4105
3943
4032
4002
3929
3917
3817
3850
3813
3918
3768
3700
3732
3674
3789
3552
3602
3471
3630
3542
3505
3369
3444
3281
3328
3255
3297
3227
3126
3240
3112
3209
3027
3100
2936
3023
2967
3021
2877
2958
2896
2851
2788
2748
2721
2610
2696
2599
2524
2648
2609
2534
2430
2426
2402
2504
2510
2491
2325
2321
2377
2269
2331
2244
2193
2327
2145
2154
2110
2081
2085
2050
2050
1997
1978
1941
1908
1970
1946
1843
1846
1854
1820
1788
1801
1687
1792
1743
1682
1786
1740
1717
1721
1692
1664
1680
1597
1633
1549
1569
1567
1504
1495
1545
1493
1452
1465
1441
1380
1390
1397
1432
1357
1338
1357
1345
1304
1349
1291
1329
1240
1273
1297
1246
1228
1239
1253
1219
1195
1223
1226
1220
1135
1135
1229
1152
1158
1123
1133
1151
1133
1078
1067
1067
1040
1086
1045
1034
1047
1069
1042
945
988
979
1003
1044
982
979
970
952
993
999
922
995
952
969
961
916
901
898
911
901
905
931
875
898
914
923
883
882
858
911
876
909
842
886
856
869
829
820
843
826
853
806
807
839
822
817
810
826
808
797
778
783
817
760
787
771
800
792
758
775
810
784
777
769
775
765
740
724
757
758
767
745
767
749
751
735
742
733
740
743
734
764
770
712
730
747
750
708
740
719
720
747
737
730
702
739
699
726
723
691
699
710
705
692
713
707
711
697
702
719
708
684
703
698
689
693
694
694
697
701
677
681
682
699
679
668
687
667
673
671
675
671
676
666
668
662
656
652
641
675
679
647
645
673
675
659
667
652
666
657
652
659
652
645
653
672
643
645
646
655
661
673
667
667
647
641
659
652
657
655
664
642
648
639
649
648
655
630
649
658
644
657
662
638
646
630
626
633
647
632
638
631
643
621
646
636
633
627
645
627
633
626
625
643
633
645
645
637
646
643
618
639
629
628
619
627
639
630
634
626
625
617
630
625
617
631
614
624
620
629
626
624
617
641
629
627
623
627
620
624
626
624
609
612
612
619
606
617
621
617
614
613
617
621
614
624
614
617
630
627
615
622
623
612
607
612
614
619
623
620
610
609
614
612
616
605
618
620
607
613
621
623
605
612
613
614
608
607
625
613
624
619
606
608
606
613
613
625
616
611
611
603
622
612
606
607
603
628
609
620
625
612
610
614
607
607
620
603
620
607
598
609
612
608
613
606
605
621
607
602
605
612
620
603
605
607
611
599
603
606
602
608
617
621
607
604
605
606
613
614
600
603
611
606
597
615
612
602
606
606
609
619
611
604
609
611
600
614
613
609
608
596
602
604
604
604
601
604
595
598
609
607
605
592
606
600
602
609
602
604
610
602
601
609
603
612
611
612
608
602
600
612
609
601
606
603
605
595
603
609
596
595
604
605
610
609
