615
604
609
609
606
615
605
603
595
605
613
608
612
611
604
609
609
603
602
599
603
606
608
606
598
599
611
611
604
609
604
601
599
605
605
602
607
597
608
604
607
608
599
603
608
610
608
613
608
607
609
610
608
600
606
604
596
609
605
601
602
600
606
609
600
601
603
607
607
611
603
615
606
599
602
605
602
603
599
597
598
598
598
600
605
603
606
602
601
608
605
608
600
600
605
605
598
610
621
606
603
599
601
610
615
606
607
601
595
597
602
603
605
609
603
604
600
606
593
597
611
612
599
602
600
602
601
603
614
605
600
599
607
598
593
601
595
610
607
596
601
597
601
604
590
602
605
605
601
606
607
603
603
601
598
602
615
600
601
600
608
604
602
611
605
601
612
604
611
604
601
596
611
606
601
605
600
612
598
598
596
597
610
595
593
607
599
606
605
609
602
605
607
597
606
603
600
613
591
610
602
601
609
605
600
602
606
607
602
611
600
608
605
600
604
601
598
601
599
604
605
596
599
608
610
606
606
605
600
603
600
600
608
600
606
606
608
603
602
615
605
602
596
610
606
616
599
604
602
608
612
605
600
611
607
603
606
601
603
611
606
607
602
604
604
611
602
600
613
611
608
600
604
612
612
599
607
612
605
609
608
613
611
603
617
620
606
618
620
609
610
619
608
612
604
601
606
608
620
602
616
616
613
628
612
619
604
625
609
620
613
618
623
611
618
611
624
606
608
618
610
610
619
613
619
619
609
616
613
625
622
625
623
618
624
629
624
619
632
618
619
622
626
613
614
627
624
630
623
626
646
640
620
630
633
627
640
628
621
626
623
639
619
631
627
629
636
639
626
638
649
648
649
648
621
652
645
655
663
652
659
669
659
657
672
655
669
658
681
670
671
676
656
689
706
700
667
684
686
696
687
703
713
699
731
703
694
720
729
737
703
755
732
763
754
743
752
762
763
744
744
762
806
764
773
795
818
823
809
840
848
806
852
852
866
864
874
860
854
912
914
936
933
924
947
934
995
1005
980
1033
1016
1033
1094
1048
1051
1077
1052
1122
1077
1137
1139
1175
1198
1183
1195
1276
1318
1246
1296
1353
1391
1312
1355
1388
1399
1436
1506
1544
1509
1506
1640
1593
1662
1642
1666
1663
1734
1742
1742
1821
1952
1858
1895
1965
2015
1984
1974
2014
2091
2158
2183
2235
2224
2319
2333
2303
2358
2449
2484
2584
2481
2522
2638
2561
2758
2790
2732
2768
2847
2929
2873
3071
2939
3223
3168
3090
3320
3317
3281
3366
3383
3393
3341
3468
3595
3588
3656
3663
3699
3776
3915
3926
3830
4107
4107
4190
4196
4263
4281
4337
4360
4443
4362
4454
4543
4642
4822
4814
4732
4813
4927
5003
5034
5022
5278
5287
5284
5453
5406
5515
5375
5491
5424
5843
5760
5672
5913
5882
5776
5818
5928
5986
6088
6114
5862
6289
6403
6400
6402
6394
6426
6532
6613
6642
6490
6635
6774
6487
6755
6735
6724
6861
7078
6921
6988
7052
6991
7109
7162
7051
7314
7257
7347
7317
7280
7326
7161
7274
7374
7493
7500
7444
7378
7434
7349
7472
7455
7413
7364
7309
7676
7452
7695
7495
7738
7725
7716
7672
7459
7691
7831
7761
7784
7648
7413
7777
7594
7786
7754
7754
7702
7738
7682
7841
7728
7703
7565
7604
7785
7866
7649
7611
7864
7826
7955
7669
7760
7787
7772
7499
7651
7627
7543
7763
7651
7750
7601
7681
7605
7714
7645
7613
7439
7897
7564
7681
7434
7586
7292
7370
7369
7282
7444
7206
7280
7417
7345
7399
7220
7201
7417
7170
7281
7177
7267
7116
7305
7214
7128
7113
7060
7125
7006
7020
6928
6860
7079
6760
6952
6666
6691
6780
6686
6695
6625
6543
6596
6538
6538
6416
6613
6554
6433
6583
6347
6361
6595
6310
6220
6085
6099
6119
6164
5987
5828
5864
5965
5967
5755
5782
5735
5667
5594
5650
5631
5520
5673
5512
5548
5348
5515
5372
5325
5220
5278
5098
5016
5138
5208
5131
5005
4893
4980
4831
4809
4717
4721
4579
4599
4557
4583
4540
4650
4417
4350
4517
4214
4345
4348
4279
4269
4164
4033
4098
4019
4120
3929
3913
3836
3897
3837
3978
3712
3841
3758
3665
3726
3653
3473
3591
3543
3521
3378
3364
3388
3372
3320
3200
3188
3284
3080
2956
3044
3011
2810
2842
2811
2891
2803
2868
2786
2704
2715
2752
2639
2667
2557
2622
2605
2526
2513
2452
2418
2449
2320
2350
2309
2276
2326
2257
2287
2243
2222
2149
2068
2021
2047
2089
2070
1990
1959
2026
1852
1918
1883
1910
1867
1846
1811
1870
1789
1734
1756
1772
1635
1673
1671
1665
1705
1667
1648
1586
1624
1601
1565
1574
1615
1569
1498
1518
1493
1436
1445
1396
1427
1436
1383
1403
1364
1314
1315
1351
1362
1320
1370
1270
1238
1317
1249
1296
1251
1271
1211
1226
1211
1170
1207
1154
1151
1221
1121
1112
1123
1050
1092
1083
1099
1088
1098
1115
1054
1107
1112
1021
1043
1030
1087
1077
1013
1029
1055
984
1025
993
988
992
988
950
993
956
953
912
986
934
876
919
963
914
928
943
939
920
901
937
893
893
882
888
866
880
817
835
924
859
853
847
826
864
846
823
875
843
845
830
786
803
793
836
792
798
815
816
807
796
826
808
809
765
783
789
778
817
769
760
802
791
765
784
797
773
766
771
765
742
742
758
754
758
782
750
765
749
747
747
729
721
742
732
697
715
718
722
716
715
704
722
723
704
725
683
691
702
702
694
694
697
685
732
712
700
698
710
688
682
698
694
676
677
686
673
687
677
685
707
676
682
688
690
672
662
667
689
673
692
669
673
675
657
668
671
671
689
655
670
678
666
675
650
670
662
666
657
661
675
666
651
663
675
661
653
648
661
633
637
646
664
654
655
653
665
655
652
654
651
651
640
634
645
646
648
655
648
653
637
637
635
627
646
629
657
648
641
639
633
644
637
648
645
646
649
642
643
639
633
637
633
640
632
636
633
653
649
625
623
623
622
616
629
628
618
632
618
629
623
622
639
627
631
624
623
629
620
623
613
619
622
628
632
634
618
628
625
627
613
616
625
612
618
619
622
612
619
615
614
617
630
615
633
632
616
606
614
623
617
611
615
620
607
625
621
615
624
629
611
618
605
621
615
618
624
617
608
623
606
625
620
614
618
610
616
610
620
618
612
619
620
611
623
615
612
616
620
614
613
614
623
602
618
614
615
607
614
606
607
611
601
621
614
605
606
611
605
612
606
616
610
612
607
620
609
613
616
606
611
621
613
610
611
604
604
611
602
608
614
610
611
599
605
604
604
608
601
610
607
612
602
613
606
611
615
611
613
606
602
605
626
607
611
616
609
615
601
610
614
611
618
609
619
604
614
605
603
604
615
606
607
607
607
601
603
606
601
610
600
610
611
612
602
606
602
