612
602
610
604
607
609
613
605
598
602
607
600
594
614
604
602
603
601
606
607
598
611
602
608
600
605
608
601
610
597
603
597
605
603
608
608
607
599
609
603
617
608
593
614
615
604
593
599
603
611
601
598
599
609
608
604
611
605
602
601
611
598
601
599
599
603
611
606
603
603
598
611
597
606
596
607
607
607
603
601
604
595
603
604
611
614
611
611
610
604
596
597
598
600
600
603
601
605
601
602
607
595
600
602
602
599
604
612
601
613
600
609
602
598
602
597
605
614
611
602
602
611
590
603
612
606
611
608
611
602
604
612
609
604
607
609
607
610
603
602
605
599
604
594
602
604
597
618
609
610
605
598
609
606
604
607
605
603
600
609
605
601
606
604
612
603
609
612
602
607
598
592
602
604
606
596
602
603
602
611
613
598
600
609
606
593
594
602
599
605
603
599
600
599
599
605
603
603
596
607
608
609
599
603
613
597
606
612
602
608
594
606
609
602
602
605
604
617
604
597
608
604
601
603
611
599
606
602
610
612
601
605
609
602
608
609
614
602
601
604
613
600
617
607
609
606
611
609
611
617
601
610
598
601
606
613
607
606
610
605
610
595
598
599
607
617
604
601
619
605
608
610
615
597
613
615
609
606
610
613
614
597
614
606
611
623
602
606
626
612
613
610
601
613
605
621
608
605
614
616
626
626
609
614
604
621
613
616
621
614
610
616
611
612
605
617
610
608
619
636
603
614
622
623
604
628
610
628
620
624
633
614
621
627
627
623
632
610
618
639
620
630
637
628
631
640
634
628
634
644
638
627
641
648
653
644
648
637
646
636
645
651
646
647
647
651
660
656
648
664
661
653
671
663
660
683
675
661
679
683
673
669
694
703
680
676
687
687
703
666
714
698
714
695
731
712
729
714
719
719
735
725
767
726
764
752
724
765
758
772
770
810
779
773
802
828
825
809
812
819
859
837
865
856
851
878
906
874
896
901
917
918
937
939
948
913
934
974
1005
1002
1055
1004
1098
1026
1074
1076
1096
1075
1195
1140
1109
1186
1244
1210
1286
1232
1263
1253
1322
1315
1317
1428
1369
1361
1461
1460
1485
1534
1537
1633
1667
1683
1735
1695
1742
1846
1827
1849
1825
1959
1938
2042
2054
2020
2095
2126
2183
2220
2169
2299
2178
2287
2420
2462
2421
2548
2671
2593
2734
2742
2744
2859
2960
2955
2977
3007
3104
3078
3212
3190
3322
3354
3521
3367
3672
3484
3709
3701
3677
3867
3924
4021
3985
3917
4075
4285
4082
4126
4337
4412
4534
4556
4565
4544
4712
4852
4905
5090
5005
4930
5232
5211
5386
5363
5546
5627
5551
5735
5797
6068
5950
6018
5979
6121
6230
6239
6386
6456
6470
6691
6654
6909
6819
6817
7192
7015
7316
7271
7433
7492
7502
7621
7649
7549
7877
7805
7864
8008
7842
7952
8310
8174
8236
8290
8532
8767
8641
8720
8715
8780
8919
8917
9153
8912
9276
9315
9317
9283
9314
9432
9433
9414
9590
9572
9576
9534
9876
9655
9669
10128
9848
9872
10041
10048
10106
10328
10303
10053
10263
10328
10172
10279
10267
10398
10186
10487
10436
10611
10494
10178
10387
10741
10549
10644
10911
10703
10816
10834
10776
10946
10500
10863
10858
10837
10585
10633
10823
10758
10909
10672
10671
10631
10916
10842
10811
10756
10887
10694
11012
10638
10574
10968
10718
10732
10818
10899
10637
10709
10426
10623
10672
10506
10700
10542
10637
10675
10657
10313
10301
10747
10731
10692
10425
10486
10242
10429
10443
10494
10520
10121
10312
10344
10169
10175
10102
10147
10117
10259
9838
10217
9898
9866
9800
9865
9970
9957
9722
9788
9692
9859
9673
9604
9522
9529
9472
9257
9445
9416
9266
9304
9085
9234
9076
9142
9052
9186
8898
8878
8851
8876
8610
8989
8767
8693
8363
8560
8525
8303
8349
8407
8345
8321
8176
8181
7975
7999
7989
7901
7809
7602
7833
7703
7617
7533
7324
7516
7335
7457
7293
7212
7204
6976
7213
6861
6919
6876
6837
6905
6924
6685
6544
6497
6499
6542
6363
6309
6225
6158
6148
6233
6050
6055
5915
5996
5905
5847
5709
5517
5668
5639
5421
5247
5253
5316
5247
5175
5175
4948
5102
5061
4931
4911
5041
4776
4968
4561
4636
4645
4599
4558
4461
4532
4368
4294
4142
4233
4186
4155
3845
3992
4007
3822
3901
3765
3802
3723
3776
3577
3461
3636
3514
3497
3529
3320
3376
3206
3323
3268
3243
3282
3158
3003
3103
3029
2975
2968
2797
2990
2767
2856
2763
2776
2726
2651
2633
2552
2585
2485
2529
2613
2557
2513
2439
2346
2414
2320
2324
2383
2396
2305
2199
2156
2126
2177
2031
2061
2116
2033
2059
2048
1936
1959
1880
1897
1911
1891
1822
1802
1793
1771
1808
1762
1714
1732
1746
1671
1708
1699
1665
1604
1600
1617
1570
1503
1591
1493
1561
1527
1526
1428
1527
1402
1481
1422
1351
1409
1418
1373
1398
1354
1352
1382
1335
1398
1343
1312
1288
1278
1282
1206
1270
1207
1190
1185
1190
1212
1169
1240
1211
1102
1208
1144
1180
1147
1122
1147
1170
1141
1080
1115
1106
1092
1077
1076
1068
1053
1037
1021
1039
1005
1034
1014
1030
1006
964
961
1027
960
1011
988
964
970
959
926
932
960
953
953
943
935
930
893
939
898
904
882
924
882
885
891
868
857
870
866
865
838
879
880
847
855
854
854
847
856
846
858
853
847
838
807
782
840
839
844
801
791
801
812
766
817
796
775
832
809
767
783
795
778
760
785
774
772
793
760
766
758
753
745
776
756
749
734
740
756
760
729
734
730
737
741
732
729
713
722
743
706
720
734
709
709
744
727
715
708
740
704
714
711
719
704
696
692
680
708
702
701
715
704
722
698
681
691
688
687
681
678
691
692
685
698
686
704
692
684
670
652
686
673
681
675
685
667
677
668
677
687
680
676
657
655
681
653
664
655
647
669
672
658
658
665
658
632
665
661
666
659
644
644
652
661
654
671
661
652
665
658
655
644
665
644
644
633
641
642
644
651
644
647
650
641
649
647
650
653
632
637
643
634
647
647
636
641
628
638
645
636
622
631
632
641
635
618
638
640
638
638
639
621
629
623
630
629
634
631
621
623
630
630
632
631
635
634
640
640
636
629
642
624
630
646
630
630
626
618
635
630
617
636
638
626
636
624
619
622
621
627
627
629
623
632
623
631
606
629
621
621
626
625
624
617
620
612
644
607
612
619
623
617
622
618
624
620
615
611
622
622
620
625
622
609
628
600
632
635
614
614
612
617
622
604
615
617
613
605
609
616
607
616
615
606
617
603
610
609
606
609
611
618
615
611
614
606
609
612
606
605
612
600
618
611
613
614
613
610
608
609
611
608
606
612
606
604
612
604
606
630
607
610
609
619
611
607
610
612
603
609
612
602
596
605
613
611
614
616
610
608
609
619
596
592
609
604
614
604
606
607
614
606
613
607
