608
610
604
614
611
601
612
620
607
609
603
603
603
603
605
603
606
609
605
601
597
612
603
606
596
601
596
611
602
609
613
607
611
601
591
601
599
605
605
608
609
596
600
604
605
599
610
608
603
607
610
609
606
607
602
608
605
604
607
610
611
613
604
606
610
597
605
603
605
606
603
608
601
614
604
600
594
600
599
612
589
600
606
602
601
601
607
594
605
593
599
606
600
601
602
600
602
602
602
597
615
600
601
606
599
606
614
600
602
601
606
609
599
611
595
608
604
598
601
601
599
612
611
597
606
605
602
607
603
605
603
608
615
612
596
599
599
601
610
598
595
599
600
607
607
607
606
595
601
607
601
600
603
610
603
600
605
607
611
602
613
609
602
612
604
609
614
597
609
607
616
611
600
608
613
612
613
607
607
606
606
608
607
616
602
596
596
600
606
600
610
606
602
605
609
601
607
603
607
596
602
603
611
611
613
619
612
606
606
603
601
605
603
613
613
602
595
603
605
605
607
610
598
603
610
613
605
601
612
611
600
612
612
607
599
609
609
608
605
596
607
612
605
605
599
602
602
616
610
614
600
617
618
596
607
610
601
595
603
604
610
612
610
607
598
614
622
612
610
609
612
609
617
607
616
616
612
623
603
613
618
622
617
612
609
612
612
618
618
610
618
614
620
620
615
609
609
614
614
626
624
609
623
620
604
614
622
627
610
628
625
622
618
617
623
619
629
612
612
628
631
612
620
630
618
617
638
626
623
630
631
636
630
627
626
634
631
631
635
618
635
640
636
631
621
628
638
641
650
649
635
639
640
637
639
646
646
654
657
650
648
670
671
656
651
667
664
687
665
663
658
661
665
667
683
675
675
700
681
697
669
688
688
687
722
731
691
688
708
692
720
706
716
725
735
715
753
734
759
754
762
745
767
782
785
789
756
764
832
796
803
809
816
829
850
851
834
837
892
861
882
872
892
877
923
877
904
920
933
929
940
967
1018
1009
1004
1008
1017
1077
1061
1053
1130
1076
1145
1138
1156
1206
1171
1168
1201
1225
1253
1267
1310
1354
1278
1387
1424
1468
1392
1439
1551
1514
1558
1580
1657
1588
1663
1741
1698
1760
1787
1764
1816
1847
1889
1935
1973
2044
2119
2216
2075
2194
2296
2285
2395
2393
2399
2360
2534
2504
2530
2506
2663
2780
2696
2770
2967
2734
2991
2923
3190
3207
3217
3283
3394
3348
3549
3496
3528
3494
3611
3724
3855
3708
3847
3932
4067
4149
4171
4287
4366
4456
4290
4395
4687
4689
4731
4797
4839
4999
4959
5067
5055
5274
5407
5311
5516
5539
5669
5912
5974
5898
6117
6040
6188
6265
6366
6571
6638
6554
6643
6685
6769
6997
6895
7046
7047
7308
7556
7503
7537
7559
7838
7694
7888
7916
8322
8193
8382
8441
8488
8697
8543
8645
8856
8763
9020
8849
9025
9278
9199
9261
9595
9524
9541
9743
9881
9970
9897
10073
9979
10175
10546
10381
10295
10342
10273
10422
10571
10506
10922
10799
10791
10578
10877
11068
11210
10972
11373
11274
11206
11301
11378
11455
11517
11594
11618
11341
11574
11509
11501
11727
11656
11814
11746
11430
11594
11960
11831
11859
11984
11884
11991
11948
12091
12135
12331
12061
12298
12140
12128
12136
12063
12319
12238
11916
12101
12004
12382
12295
12303
11987
12285
12336
12099
12455
12311
12145
12586
12396
12403
12321
12401
12313
12200
12312
12055
12292
12312
11925
12041
12005
12122
11917
12110
12089
12025
12265
11906
12227
12147
12012
11829
11896
12057
12003
11898
12014
11828
11441
11761
11816
11679
11662
11537
11448
11559
11584
11386
11329
11278
11308
11405
11211
11319
11206
11126
11191
11069
10988
10927
11068
10827
10875
10851
10661
10571
10496
10633
10271
10581
10430
10364
10074
10225
10305
10337
10083
10155
9973
9897
10028
9931
9909
9644
9797
9677
9585
9581
9408
9326
9292
9392
9278
9195
9087
9030
9033
8956
8937
9007
8628
8715
8535
8476
8558
8509
8415
8457
8356
8236
8311
8089
7890
7868
7839
7895
7848
7732
7681
7732
7508
7330
7275
7460
7119
7200
7302
7069
7076
6947
7048
6790
6674
6781
6714
6585
6569
6489
6366
6392
6055
6319
6068
5783
5988
5991
5767
5892
5852
5693
5471
5624
5471
5546
5408
5407
5361
5166
5138
5235
5053
5053
4824
4902
4816
4760
4827
4614
4501
4551
4516
4476
4399
4332
4356
4317
4096
4101
4077
3984
4062
3932
3895
3931
3831
3863
3718
3692
3750
3638
3627
3603
3494
3399
3578
3287
3235
3125
3157
3081
3170
3058
3164
3100
2950
2951
2980
2794
2877
2762
2766
2857
2816
2660
2654
2659
2585
2593
2556
2521
2543
2312
2439
2356
2390
2344
2259
2160
2314
2210
2235
2216
2205
2062
2133
2117
2061
2061
2101
2023
1950
1970
1985
2002
1962
1869
1870
1817
1809
1777
1810
1808
1729
1686
1730
1688
1636
1606
1597
1634
1640
1609
1584
1612
1583
1549
1545
1555
1492
1451
1437
1430
1466
1451
1411
1365
1435
1378
1392
1411
1303
1337
1307
1315
1339
1308
1282
1309
1344
1229
1262
1253
1249
1208
1235
1183
1188
1211
1182
1177
1227
1125
1183
1144
1129
1126
1138
1100
1132
1113
1073
1113
1069
1051
1090
1075
1035
1070
1029
1040
1027
1017
1036
1065
1015
1004
1022
964
1016
1013
973
1007
941
1003
961
945
923
883
941
947
916
939
929
935
899
901
907
902
918
894
920
864
893
883
863
898
891
885
842
870
860
839
833
807
873
871
807
858
843
838
794
844
809
807
859
842
801
819
808
787
771
801
765
795
817
795
776
803
783
791
793
751
795
765
774
727
789
769
745
752
755
732
758
753
727
761
752
735
745
731
729
743
716
755
740
719
745
730
717
727
704
740
713
728
723
732
727
683
745
722
700
717
705
696
713
700
703
724
706
720
668
695
703
701
678
698
700
687
703
688
696
672
677
690
679
705
706
694
650
693
676
673
703
679
667
674
688
666
670
688
685
674
663
649
677
668
659
665
691
657
667
667
686
655
673
661
663
658
672
644
656
668
649
648
664
629
651
663
660
667
665
658
667
657
647
647
630
643
655
648
638
653
633
641
653
651
665
645
641
638
645
644
630
641
646
640
648
633
633
650
636
633
636
632
629
634
635
635
645
637
625
651
640
639
642
635
628
636
631
623
639
628
628
631
628
621
620
624
631
626
616
626
613
617
631
632
633
636
623
647
628
641
623
617
632
629
641
625
632
621
639
629
617
623
619
610
620
617
624
626
613
624
613
635
631
633
619
614
621
614
613
622
610
614
606
612
624
617
606
621
611
621
615
615
612
608
606
622
620
613
621
612
618
613
603
618
617
609
605
617
613
621
611
606
611
622
620
615
613
617
617
616
612
611
601
625
604
620
607
611
604
620
613
623
603
612
618
609
611
613
613
597
607
607
617
607
614
609
619
606
620
610
613
614
599
623
614
606
596
605
609
609
606
600
612
604
605
607
604
