612
612
611
616
605
594
601
610
606
602
599
603
602
597
602
604
601
604
610
600
603
606
604
607
607
608
610
613
606
606
606
604
614
605
592
611
608
609
603
606
600
605
615
600
601
603
612
604
612
600
599
600
599
601
599
611
609
613
601
600
593
602
607
598
602
600
610
603
608
608
611
608
601
602
605
607
610
601
598
599
602
604
602
599
602
604
604
601
605
604
609
592
606
604
605
624
612
607
602
603
606
612
601
601
602
601
616
604
605
605
604
611
614
610
605
606
603
608
605
610
611
607
597
602
602
604
597
605
614
595
609
600
609
596
604
612
600
603
610
600
602
604
610
596
609
611
604
605
602
608
603
593
611
603
603
604
587
595
601
607
607
604
612
606
596
610
598
592
593
605
600
603
602
603
602
610
601
602
600
614
607
599
608
605
597
604
603
604
603
610
616
611
597
599
603
601
604
609
605
605
606
601
600
604
603
599
601
610
616
605
613
606
602
604
615
604
604
612
603
603
609
607
609
604
611
604
604
613
597
612
610
606
604
611
603
605
620
610
613
605
604
609
604
606
594
619
607
607
610
610
613
602
601
614
603
598
607
613
608
601
612
610
612
602
603
613
608
603
607
607
605
614
606
619
612
619
615
609
613
620
610
608
611
613
611
602
608
618
602
616
610
625
616
610
621
612
618
611
619
618
617
617
604
609
611
614
620
612
612
620
612
613
609
609
614
610
620
618
621
614
614
621
619
624
621
635
622
630
631
625
636
625
613
634
614
618
622
628
624
631
640
616
627
624
633
624
647
645
648
630
625
634
632
655
649
624
631
637
653
645
653
667
655
651
655
661
647
648
650
657
658
689
663
661
664
651
662
677
675
686
672
667
691
673
694
687
700
696
706
690
698
683
711
711
722
746
714
731
720
725
757
750
736
763
739
762
767
747
754
745
801
774
801
781
810
815
812
831
835
834
826
842
893
879
870
898
883
908
897
949
929
890
933
996
969
1001
992
1005
1007
1019
1015
1066
1069
1086
1103
1108
1131
1138
1175
1130
1197
1174
1254
1174
1216
1345
1285
1297
1393
1398
1416
1369
1387
1394
1446
1569
1501
1549
1547
1598
1564
1691
1689
1728
1740
1789
1854
1939
1867
1974
2000
2018
2104
2058
2121
2131
2205
2203
2268
2316
2401
2443
2450
2498
2544
2577
2651
2636
2675
2823
2751
2969
2867
2885
3049
3056
3100
3178
3252
3292
3484
3352
3433
3492
3494
3582
3685
3700
3814
3836
3831
3915
3981
4086
4139
4223
4231
4435
4527
4474
4641
4586
4627
4775
4720
4777
4800
5015
5115
5148
5189
5288
5492
5395
5621
5471
5775
5865
5853
5977
5902
6074
6049
6194
6126
6282
6447
6448
6605
6656
6598
6806
6953
7001
7010
7076
7314
7394
7513
7227
7511
7744
7674
7790
7744
7941
7913
8185
8103
8160
8185
8323
8206
8400
8787
8630
8630
9009
9088
8844
9081
9053
9267
9210
9205
9312
9512
9538
9354
9591
9335
9610
9563
9612
9566
9642
9726
9939
9796
9982
9952
10066
10103
10138
10306
10352
10360
10027
10248
10227
10332
10250
10215
10384
10213
10530
10367
10446
10444
10568
10529
10320
10531
10702
10866
10711
10704
10934
10817
11108
10690
10757
10809
10716
10875
10731
10730
11061
10600
10714
10796
10731
10843
10844
11009
10959
10945
10960
10935
11115
10771
10622
10918
11035
10850
10992
10850
10926
11012
10719
10722
10630
10664
10664
10728
10784
10648
10550
10700
10727
10585
10576
10679
10783
10685
10546
10639
10631
10334
10406
10558
10535
10423
10358
9875
10434
10323
10455
10363
10061
10137
10013
9996
9978
10184
10153
9945
9997
9953
9764
9763
9979
9764
9691
9664
9720
9780
9498
9580
9458
9330
9399
9318
9328
9423
9310
9380
9060
9211
9270
9203
8986
8880
8903
8945
9011
8723
8615
8478
8725
8728
8354
8503
8607
8512
8346
8294
7904
8070
8173
8070
7939
7804
7941
7808
7895
7859
7838
7668
7669
7416
7614
7509
7412
7260
7228
7139
6986
7030
7085
6841
6894
6920
6930
6819
6621
6522
6679
6630
6477
6404
6319
6246
6238
6354
6248
6078
6040
5920
5879
5808
5743
5604
5677
5437
5671
5431
5436
5507
5365
5144
5298
5088
5183
5135
4943
4868
4919
4880
4836
4775
4783
4757
4716
4660
4426
4352
4503
4329
4261
4303
4375
4181
4171
3986
3987
3904
3976
3839
3858
3869
3845
3681
3753
3724
3617
3566
3515
3470
3471
3409
3357
3353
3334
3168
3289
3221
3071
3008
3056
2910
2962
2917
2930
2847
2784
2722
2724
2698
2631
2670
2672
2696
2612
2583
2597
2554
2494
2505
2361
2357
2386
2275
2228
2307
2216
2178
2109
2265
2189
2204
2106
2033
2076
2003
2010
1973
2017
1918
1923
1941
1853
1909
1863
1735
1810
1864
1770
1666
1757
1742
1675
1685
1621
1590
1604
1542
1647
1625
1587
1537
1511
1547
1495
1520
1496
1453
1510
1426
1418
1438
1461
1365
1400
1375
1339
1359
1370
1326
1310
1285
1324
1236
1268
1273
1289
1272
1245
1256
1221
1260
1201
1164
1179
1198
1203
1201
1156
1167
1167
1089
1098
1102
1103
1099
1085
1165
1097
1080
1126
1073
1037
1033
1072
1066
1071
1048
996
1047
1007
1052
997
1004
993
1024
957
937
960
962
932
991
953
957
910
898
961
953
915
933
944
916
855
913
878
882
887
878
893
863
861
810
870
864
840
870
872
842
849
848
862
826
817
864
845
806
821
850
826
811
819
812
800
790
823
794
803
802
781
797
837
794
796
796
804
802
793
801
788
773
758
801
744
767
742
750
763
771
752
764
761
732
750
736
745
728
752
711
735
747
755
712
738
726
724
735
711
725
729
702
754
717
673
721
715
708
704
708
711
719
683
706
695
675
679
689
669
706
697
674
698
670
704
674
701
699
707
671
684
662
664
671
705
695
672
677
682
682
679
685
687
668
683
678
675
650
654
682
680
672
656
677
666
652
660
680
671
644
663
652
653
666
665
654
653
649
659
660
654
655
649
647
643
654
636
649
638
664
659
642
649
653
640
638
651
651
649
650
655
648
654
645
634
637
637
627
650
648
641
636
621
637
651
636
622
637
640
629
626
629
638
638
637
640
642
639
627
617
630
616
646
637
625
630
624
631
632
620
633
630
638
640
631
630
628
630
633
619
638
621
631
637
632
618
630
618
617
627
633
612
625
619
616
614
615
613
620
619
624
629
616
618
630
628
621
621
615
614
626
628
624
619
618
613
622
609
617
615
615
614
634
616
613
618
607
623
624
624
613
612
611
615
610
601
629
617
614
609
627
620
606
619
619
616
623
611
603
604
613
610
606
611
615
605
602
612
618
621
616
607
607
613
612
607
629
608
616
605
602
601
604
610
611
609
605
620
601
606
608
609
605
611
612
604
619
606
610
614
613
605
612
623
613
608
615
613
612
618
612
618
618
610
608
609
610
603
603
595
601
605
613
