600
610
610
614
611
612
596
600
614
610
599
614
613
609
610
609
608
615
604
612
618
601
603
612
607
619
619
611
607
611
609
610
599
612
601
601
609
603
614
610
602
610
601
604
599
604
611
602
603
602
608
600
607
603
601
609
602
604
602
597
603
606
619
601
598
606
605
608
601
607
608
606
601
601
600
608
609
611
602
599
600
600
615
616
614
601
598
609
609
605
609
606
615
609
616
607
597
606
605
609
602
606
609
603
607
604
611
598
599
603
604
609
613
609
609
606
600
603
612
605
610
597
611
595
606
604
590
610
606
604
610
594
610
607
607
614
610
607
609
604
605
600
601
606
620
611
607
608
606
603
619
612
616
601
602
606
606
599
607
602
612
611
607
603
609
600
600
611
608
607
608
612
599
597
609
605
606
599
615
603
601
609
611
598
609
608
610
609
605
609
603
607
612
607
601
609
601
599
609
610
611
607
608
610
606
623
607
604
604
607
598
601
607
610
605
612
611
606
606
605
603
607
594
595
605
611
603
604
600
612
607
601
612
600
601
605
621
606
607
601
611
606
602
606
608
607
598
604
613
596
610
612
609
595
597
606
613
621
609
595
613
603
613
607
609
610
604
618
616
608
609
605
601
611
616
614
611
615
614
606
627
601
610
620
617
626
604
617
613
612
623
618
620
609
611
619
621
613
613
610
614
610
617
617
619
618
624
618
623
624
623
618
628
614
630
623
620
630
622
625
624
628
638
628
630
636
629
622
638
627
621
621
644
646
649
636
627
640
629
633
646
649
635
645
651
638
649
651
634
654
649
636
652
654
655
651
656
679
655
654
645
666
678
670
659
687
656
679
662
678
666
685
698
687
678
698
723
714
695
707
684
679
698
707
712
721
708
691
750
722
699
714
738
715
727
727
771
719
773
757
767
735
767
793
772
793
780
787
797
829
817
849
863
823
829
860
818
851
887
895
866
892
912
922
937
916
922
960
986
1017
981
999
995
1027
1115
1037
1060
1062
1085
1078
1121
1125
1182
1174
1180
1214
1199
1222
1255
1292
1289
1345
1364
1350
1381
1405
1440
1462
1503
1543
1592
1622
1500
1619
1589
1639
1684
1694
1693
1821
1765
1869
1867
1940
1894
1962
2054
2032
2153
2146
2214
2224
2341
2281
2291
2461
2464
2529
2588
2660
2608
2755
2737
2794
2848
2993
2903
2896
3194
3106
3197
3255
3174
3397
3527
3372
3466
3608
3724
3663
3721
3948
3869
3923
4047
4114
4239
4291
4499
4354
4471
4512
4574
4513
4785
4831
4706
4822
5036
5177
5192
5342
5403
5393
5496
5512
5594
5708
5849
5961
6219
6041
6304
6319
6351
6540
6644
6611
6591
6869
6783
7032
7044
7064
7132
7294
7620
7364
7466
7592
7638
8002
7869
8115
8190
8208
8333
8663
8553
8676
8621
8813
9085
9074
8877
9058
9008
9210
9441
9333
9523
9586
9652
9911
9827
9983
10027
9990
10319
10373
10368
10400
10739
10670
10724
10697
10794
10757
10819
10915
10849
10924
11056
11172
11170
11039
11395
11460
11545
11518
11377
11534
11653
11927
11641
11750
11913
11856
12023
12276
11877
11953
11923
12072
12205
12021
11989
12015
11899
12192
12389
12309
12459
12531
12698
12511
12395
12412
12352
12668
12636
12629
12628
12300
12429
12291
12760
12515
12674
12425
12395
12721
12407
12675
12551
12727
12626
12582
12819
12765
12739
12783
12693
12725
12643
12740
12672
12716
12435
12549
12416
12510
12511
12512
12596
12369
12591
12577
12236
12633
12375
12391
12141
12362
12297
12388
12140
12198
12308
11932
12055
12041
11992
12150
12009
12011
11831
11855
11842
12022
11950
11773
11650
11387
11403
11679
11746
11724
11683
11550
11692
11281
11316
11364
11340
11192
11130
10999
11068
10989
10964
10920
10870
10778
10837
10577
10662
10683
10448
10436
10728
10486
10570
10445
10332
10239
10425
9915
9989
9935
9859
9899
9925
9919
9621
9811
9705
9718
9408
9386
9490
9350
9046
9128
9187
8965
9005
8969
8816
8801
8731
8574
8791
8537
8566
8329
8397
8323
8203
7842
8100
7926
7636
7770
7707
7647
7588
7855
7537
7595
7649
7407
7331
7373
7258
6971
7110
7063
7151
6711
6901
6702
6657
6565
6565
6364
6326
6455
6303
6215
6083
6323
6005
6028
6005
5887
5739
5787
5643
5623
5544
5549
5319
5293
5277
5303
5202
5024
5209
4964
5004
4925
4794
4632
4599
4485
4727
4494
4344
4369
4338
4211
4392
4216
4313
4167
4033
4165
3934
3967
3916
3756
3771
3698
3720
3729
3568
3509
3513
3582
3399
3383
3302
3313
3226
3282
3158
3106
3185
3105
3015
3083
2951
3006
2887
2834
2905
2704
2811
2692
2617
2644
2745
2590
2495
2538
2552
2498
2454
2511
2359
2292
2338
2433
2351
2281
2228
2168
2248
2198
2100
2172
2163
2106
2078
1998
1965
1890
2011
1905
1880
1993
1841
1825
1882
1839
1751
1805
1722
1722
1781
1788
1751
1737
1678
1717
1617
1635
1638
1541
1589
1562
1590
1444
1585
1427
1531
1440
1478
1505
1460
1420
1367
1392
1327
1411
1350
1363
1397
1329
1375
1336
1303
1292
1311
1285
1232
1282
1254
1322
1268
1238
1228
1208
1224
1190
1211
1209
1137
1120
1134
1148
1147
1134
1091
1116
1101
1097
1071
1084
1122
1080
1135
1081
1095
1021
1012
1069
1073
1038
1050
1007
1012
995
1008
1044
1011
1010
960
988
1006
981
927
952
954
920
967
950
933
946
940
935
921
944
926
932
889
894
893
921
913
854
862
865
884
844
863
894
890
853
882
846
875
866
839
812
810
845
814
851
820
796
808
841
777
841
829
780
810
804
803
789
794
742
813
782
790
787
806
776
764
775
767
766
767
796
760
752
768
742
760
749
758
747
735
732
743
760
754
751
744
737
715
763
709
718
741
731
737
737
713
725
707
725
741
723
723
700
705
697
704
688
698
688
729
690
708
723
708
736
695
688
712
682
684
705
683
692
705
681
698
699
680
667
673
687
692
684
678
687
678
670
668
681
687
667
666
683
666
659
685
673
664
687
666
664
673
679
680
649
671
679
661
661
659
667
657
635
649
680
654
669
636
663
652
670
652
670
646
653
651
643
690
634
647
648
640
642
633
658
648
641
641
636
652
629
633
634
637
644
645
639
636
634
641
637
639
645
633
637
642
651
641
658
637
637
638
619
632
635
639
645
628
610
640
628
646
621
626
620
629
632
616
631
627
622
634
630
625
631
628
625
623
628
624
635
630
629
636
625
638
636
617
636
612
642
623
627
635
631
616
625
622
637
625
617
618
633
618
616
618
621
622
616
618
614
626
619
612
618
627
617
624
627
623
613
625
617
623
621
610
613
622
614
609
608
607
614
619
613
612
618
612
614
614
616
616
625
622
607
613
619
607
614
613
605
618
616
614
618
612
614
624
619
608
606
605
618
603
613
612
608
603
599
613
613
609
608
615
603
606
610
613
614
599
611
594
603
618
613
612
620
612
612
620
613
610
615
621
612
