602
606
606
610
604
607
601
603
606
602
601
612
602
600
603
608
603
604
603
607
604
608
604
614
608
603
598
599
607
599
603
606
601
608
594
603
609
602
616
607
614
605
605
607
601
605
612
612
602
599
613
602
598
608
599
614
619
602
611
603
603
604
596
613
600
605
600
599
613
598
608
603
607
605
606
612
610
616
605
605
605
607
603
605
607
604
604
594
605
602
602
604
601
601
604
604
599
612
609
604
605
599
602
604
605
603
609
610
603
610
614
607
599
603
607
614
626
610
607
603
601
600
604
604
603
605
610
601
608
612
602
605
601
597
613
608
603
609
605
605
606
600
602
614
596
609
609
606
603
604
602
598
601
595
608
613
606
599
604
595
599
604
610
601
614
607
604
604
609
600
610
606
604
609
615
602
609
599
610
601
600
610
603
600
600
610
607
598
601
602
607
608
597
602
605
610
598
611
604
608
614
600
605
600
600
599
592
599
601
600
605
605
605
598
595
617
609
601
611
609
606
610
600
604
598
603
617
608
609
606
607
605
592
606
607
607
611
601
609
602
606
600
609
605
608
612
605
607
609
612
604
615
613
605
609
612
606
614
605
612
591
609
607
619
615
622
618
608
609
618
613
606
608
618
610
609
609
613
605
623
608
595
616
606
609
610
625
616
614
611
620
610
603
618
612
620
618
619
611
616
618
633
625
616
616
613
618
615
621
623
617
620
631
623
623
615
626
632
621
633
608
637
631
627
635
629
630
632
639
628
634
635
637
633
632
635
646
636
658
633
645
645
644
648
654
654
643
652
646
645
644
651
657
674
678
652
666
663
639
657
666
662
662
660
706
696
664
685
662
678
681
686
679
689
668
678
687
695
686
698
698
723
702
714
722
728
731
721
735
710
721
730
720
753
739
735
743
776
755
776
787
769
780
782
802
819
784
812
806
783
813
864
823
837
888
894
888
892
877
888
890
891
925
958
964
936
1019
969
925
1009
986
1030
1042
1062
1038
1072
1105
1097
1086
1133
1116
1156
1157
1217
1195
1205
1250
1297
1304
1371
1314
1374
1386
1477
1419
1458
1510
1519
1609
1520
1605
1681
1704
1697
1758
1727
1772
1832
1850
1889
1848
2047
1998
2002
2054
2129
2229
2210
2324
2320
2337
2347
2433
2469
2473
2479
2661
2654
2718
2841
2821
2837
2934
2880
3066
3079
3087
3288
3281
3290
3539
3441
3612
3597
3630
3679
3744
3788
3972
3957
4025
4137
4152
4230
4227
4258
4575
4588
4766
4811
4852
4733
5007
5091
4906
5098
5185
5428
5410
5603
5644
5678
5498
5838
5949
5966
6039
6318
6142
6512
6575
6604
6700
6736
7013
6947
7102
7258
7357
7248
7463
7578
7511
7711
7951
7836
7903
8009
8051
8294
8247
8476
8475
8632
8804
8830
9002
9293
9180
9299
9517
9454
9503
9691
9757
9788
9926
9916
9993
10149
10284
10640
10408
10815
10565
10900
10908
10882
11313
11050
11185
11270
11433
11430
11542
11635
11575
11907
11625
11962
12079
11930
12097
11942
12204
12113
12123
12489
12563
12337
12385
12603
12617
12935
12620
12978
12946
12890
12889
13009
13051
12888
13128
13296
13121
13105
13080
12908
13092
13260
13121
13225
13311
13364
13294
13535
13407
13692
13533
13753
13686
13727
13872
13481
13401
13669
13747
13907
13630
13689
13557
13624
13683
13395
13463
13794
13643
13600
13785
13778
13810
13570
13829
13807
13850
13510
13564
13594
13458
13704
13608
13762
13608
13617
13268
13355
13471
13293
13381
13519
13648
13580
13563
13469
13371
12958
13058
12967
13236
13136
13034
13042
13187
13030
12853
12667
13200
13044
12646
12641
12512
12699
12932
12678
12627
12433
12487
12632
12446
12453
12159
12419
12304
11923
12255
12030
11906
12076
11607
11698
11564
11703
11691
11737
11645
11477
11462
11644
11077
11321
11308
11249
11004
11258
11152
11112
10936
10918
11005
10805
10665
10430
10653
10390
10325
10201
10342
9865
9960
9980
9925
9952
9811
9713
9615
9590
9482
9418
9400
9399
9187
9208
9138
8979
9082
8960
8746
8653
8640
8530
8600
8528
8321
8299
8286
8301
7876
8107
7806
7987
7898
7658
7545
7813
7599
7633
7415
7229
7320
7061
7304
7083
6857
6840
6746
6773
6734
6661
6486
6473
6551
6573
6574
6222
6183
6109
6139
5885
5956
5967
5776
5858
5516
5568
5646
5387
5537
5392
5311
5159
5266
5123
5086
5031
4873
4692
4830
4767
4719
4662
4501
4490
4421
4368
4398
4259
4130
4230
4234
4076
4069
3921
3925
3936
3856
3760
3790
3623
3682
3548
3497
3441
3482
3373
3391
3343
3390
3395
3090
3143
3186
3122
3158
3007
3005
3061
2984
2862
2927
2842
2694
2705
2785
2721
2721
2652
2606
2675
2433
2448
2516
2438
2440
2407
2504
2351
2325
2331
2371
2272
2272
2174
2170
2136
2139
2169
2074
2166
1987
1987
1938
1964
1971
1889
1911
1899
1892
1870
1860
1716
1750
1759
1795
1768
1809
1730
1657
1656
1618
1671
1694
1702
1588
1606
1603
1587
1533
1493
1500
1462
1446
1448
1465
1454
1409
1400
1400
1387
1458
1357
1349
1318
1306
1351
1333
1313
1335
1295
1253
1286
1270
1210
1235
1224
1253
1302
1178
1177
1158
1139
1238
1169
1195
1161
1215
1154
1157
1129
1146
1105
1122
1064
1111
1094
1138
1105
1009
1067
1051
1012
1009
1030
1018
1061
1023
998
1011
995
1002
1032
994
989
983
976
974
978
928
942
977
927
902
963
892
935
902
911
907
930
931
908
897
908
896
918
862
894
878
891
880
878
838
873
834
858
850
825
865
872
861
820
845
841
830
822
842
818
838
826
793
771
781
839
808
805
773
802
797
797
766
784
762
792
818
822
762
758
749
764
767
754
772
740
775
767
750
756
766
761
764
747
728
751
756
764
728
731
732
728
735
716
706
725
709
739
726
730
716
715
746
714
708
687
711
689
731
715
721
726
672
705
703
692
691
719
696
700
721
709
683
686
704
713
693
705
685
694
714
690
672
687
687
671
667
670
690
671
698
686
683
678
679
675
664
683
675
665
661
654
666
675
674
674
655
657
665
670
668
666
663
649
662
673
661
663
652
661
656
659
660
655
662
653
655
648
659
652
648
658
637
650
649
641
669
651
631
642
645
641
649
648
647
635
644
640
641
644
645
646
637
635
644
634
624
644
630
630
636
642
628
630
633
641
626
626
639
624
648
646
627
627
632
639
629
627
639
631
624
627
623
629
623
619
629
629
628
629
638
629
626
636
632
620
636
632
625
625
623
624
627
623
623
623
631
619
630
617
629
635
616
625
615
619
621
625
618
623
630
619
619
607
612
621
624
606
622
625
619
630
608
625
618
609
620
620
622
608
624
621
630
618
617
625
614
624
619
614
624
614
616
621
607
627
625
617
611
608
611
619
621
619
612
615
623
595
615
612
618
608
604
606
611
598
619
610
610
613
607
613
609
616
609
619
597
607
608
603
617
608
614
614
613
602
601
610
618
612
604
604
607
604
