606
615
602
607
606
606
622
610
608
608
613
621
619
611
610
603
606
607
603
610
614
595
610
614
603
599
617
605
609
615
608
619
601
606
606
613
613
607
602
599
607
604
601
617
601
612
606
605
613
609
604
603
606
606
598
609
604
614
595
612
607
597
605
612
604
610
617
603
614
603
605
610
608
607
615
602
605
605
605
612
607
602
607
607
609
601
608
597
606
613
615
612
606
606
611
607
611
606
610
604
607
606
600
602
600
606
605
609
610
609
608
604
603
613
604
597
602
609
596
612
618
606
613
601
605
601
608
604
611
604
605
599
603
616
605
604
611
606
593
608
605
614
606
610
610
611
610
610
603
610
607
614
611
603
608
600
602
599
604
602
599
611
605
606
602
602
607
599
613
603
612
602
595
608
616
608
612
610
606
602
599
610
614
605
600
607
603
613
612
602
606
605
601
612
610
605
606
605
602
597
595
607
606
605
604
603
615
601
605
601
599
604
611
603
604
610
605
620
614
615
606
604
604
599
605
604
611
611
612
607
601
598
605
611
607
612
610
608
613
607
604
614
614
608
608
614
601
614
607
618
612
606
610
610
612
611
610
616
610
612
617
607
602
619
608
618
615
614
613
625
619
617
609
626
615
618
615
616
623
619
615
624
617
616
628
615
615
616
629
618
628
627
622
625
624
627
623
618
619
610
631
623
623
627
623
624
629
624
618
636
626
625
631
622
630
636
630
622
630
622
633
626
627
640
651
651
628
651
619
642
614
649
625
639
638
642
631
648
651
631
643
648
644
638
641
637
650
651
655
661
649
653
658
669
648
661
647
661
675
653
688
665
691
691
669
690
687
678
681
691
702
677
677
677
683
719
689
710
728
693
722
712
709
688
731
699
719
719
722
751
740
763
754
725
772
766
765
782
786
798
789
825
793
799
819
831
787
839
819
817
875
869
856
871
869
878
852
881
859
893
955
948
947
989
977
969
993
1022
969
1008
1024
1066
1046
1075
1130
1097
1123
1160
1173
1204
1215
1231
1209
1269
1312
1254
1279
1302
1347
1309
1375
1338
1438
1425
1453
1475
1504
1503
1642
1613
1665
1681
1730
1797
1839
1757
1880
1880
1938
1985
1942
2043
2053
2093
2092
2165
2267
2351
2289
2493
2417
2484
2615
2564
2552
2674
2780
2775
2682
2956
3008
2963
3143
3097
3180
3156
3265
3356
3413
3446
3738
3531
3721
3730
3731
3833
3914
4103
4070
4069
4112
4223
4384
4346
4509
4648
4655
4730
4684
4857
5027
5122
5170
5179
5211
5201
5342
5470
5733
5575
5914
5942
6015
6124
6100
6000
6309
6439
6544
6723
6852
7019
6854
7220
7291
7160
7434
7589
7357
7642
7732
7880
7956
8019
7995
8030
8208
8303
8485
8601
8771
8820
9020
9016
9338
9236
9349
9393
9815
9689
9800
9825
10226
9897
10532
10052
10407
10450
10470
10544
10828
10751
10658
10992
10962
11269
11504
11580
11593
11640
11636
11856
12180
11865
11895
12158
12142
12069
12156
12084
12385
12514
12592
12457
12783
12659
13124
12715
13008
13205
13248
13284
13520
13317
13371
13390
13566
13424
13292
13681
13417
13623
13624
13587
13419
13434
13650
13477
13842
13771
13736
13947
13789
13985
14401
14073
14037
14095
13792
14269
14188
14394
14287
14372
14219
13881
14106
14474
14137
14160
14381
14362
13988
14293
14369
14353
14375
14033
14341
14267
14367
14312
14275
14245
14444
14409
14078
14203
14220
14220
13918
13874
13957
13891
14225
14108
14284
14184
13976
14081
14155
13899
14103
14280
13869
13956
14218
13837
13862
13856
13846
13720
13598
13586
13481
13623
13632
13510
13370
13205
13476
13278
13267
13139
13545
13303
13009
13106
12955
12991
13030
13054
12910
12847
12849
12581
12796
12534
12559
12301
12290
12408
12181
12182
12409
12297
12176
12254
11990
11881
11951
12086
11964
11870
11821
11713
11395
11447
11498
11260
11387
11037
10985
11040
10891
11136
10863
10678
10656
10568
10708
10536
10477
10494
10409
10239
10213
10022
10020
9956
9872
9806
9773
9714
9375
9543
9564
9431
9323
9148
9143
8968
8787
8970
8792
8756
8630
8689
8572
8425
8546
8193
8327
8222
8123
7972
8036
7825
7699
7729
7712
7526
7465
7189
7466
7329
7214
7144
7086
7110
6857
6723
6882
6591
6557
6784
6486
6444
6394
6276
6268
6382
6178
6100
5804
6024
5775
5749
5762
5397
5446
5454
5326
5389
5104
5315
5096
5110
5041
4992
5008
4938
4821
4708
4761
4725
4789
4539
4564
4575
4396
4138
4150
4237
4112
4221
3984
4015
3982
3878
3872
3750
3779
3812
3692
3713
3682
3494
3565
3501
3388
3342
3299
3292
3251
3262
3180
3149
3087
3120
3082
3058
2944
2818
2803
2905
2872
2795
2799
2687
2684
2572
2654
2620
2548
2543
2529
2497
2510
2365
2435
2366
2299
2284
2348
2214
2259
2210
2162
2119
2200
2137
2014
2136
2065
2002
1913
1901
1940
1951
1965
1864
1837
1912
1867
1877
1829
1839
1790
1865
1796
1746
1694
1706
1624
1674
1648
1560
1552
1632
1613
1583
1481
1546
1498
1514
1522
1454
1521
1417
1448
1468
1381
1372
1471
1384
1341
1372
1312
1324
1324
1363
1332
1370
1306
1272
1260
1281
1232
1294
1243
1222
1249
1242
1227
1230
1220
1214
1192
1175
1158
1111
1163
1110
1170
1100
1158
1133
1131
1121
1146
1096
1085
1090
1069
1077
1011
996
1047
1028
995
1012
1009
1004
1005
1021
1017
957
966
941
988
991
961
1010
935
980
991
943
943
957
953
893
901
907
937
907
917
948
893
887
930
880
876
869
875
888
857
863
846
837
852
884
845
857
829
857
845
852
860
837
816
821
820
828
847
823
806
807
795
800
794
781
791
796
773
796
836
767
801
782
781
779
769
761
792
806
751
768
791
761
783
759
756
778
754
767
753
751
710
762
742
742
742
733
759
728
745
748
755
698
731
749
725
729
709
727
709
723
714
701
703
685
721
722
716
687
706
713
708
698
718
700
732
690
697
671
675
706
698
684
713
689
702
695
682
682
682
671
704
681
678
695
666
672
682
683
688
659
672
681
672
659
675
682
671
678
682
677
662
673
672
673
650
662
660
650
658
651
662
666
655
671
673
651
648
649
656
661
654
657
652
654
638
663
667
663
643
637
637
646
650
635
651
644
650
645
652
649
647
636
632
649
641
652
638
631
648
632
643
637
635
639
636
632
632
631
648
655
644
630
630
641
637
651
637
635
634
634
627
645
631
647
639
613
629
629
640
629
644
621
637
628
631
625
631
642
615
620
634
647
627
627
630
627
634
616
624
620
624
626
629
625
635
628
626
622
625
627
622
616
625
632
633
616
631
624
622
638
613
629
618
619
617
616
614
624
622
614
622
619
611
610
610
605
612
625
624
616
619
615
619
610
611
613
620
623
614
619
615
616
631
623
612
627
603
605
610
611
619
616
615
612
613
616
613
609
621
622
618
615
615
623
608
612
622
604
614
604
605
616
611
612
607
622
615
611
605
615
610
614
