608
616
602
607
610
602
606
605
614
608
601
605
601
614
614
618
608
615
610
606
601
603
611
612
602
630
607
608
616
616
621
598
602
616
608
602
604
607
600
607
601
605
603
605
608
605
605
603
608
606
601
594
605
607
619
601
608
610
611
605
593
609
619
617
609
611
607
608
599
608
605
607
605
617
615
608
609
609
612
604
600
607
600
616
610
601
607
603
600
599
607
600
604
608
606
604
610
604
606
612
607
613
608
620
618
607
603
614
609
612
613
606
602
610
612
613
607
606
607
615
602
610
604
611
602
610
607
608
606
611
605
599
595
605
624
606
607
612
608
608
614
612
608
606
596
611
599
597
603
610
599
619
611
596
611
601
600
605
609
606
609
602
609
610
607
601
612
610
616
604
623
606
601
614
602
601
607
612
606
601
604
604
620
619
609
606
609
605
606
610
606
612
605
616
603
613
624
609
606
615
609
608
618
592
609
603
605
599
606
607
605
611
611
619
608
613
610
604
624
612
605
610
604
612
615
609
617
614
613
602
615
609
616
608
613
602
617
613
608
605
613
605
616
598
603
623
609
612
607
605
615
600
602
601
609
612
611
609
613
620
612
612
619
603
615
613
609
617
618
610
624
609
614
619
627
610
622
618
612
607
615
617
616
618
618
622
630
623
616
623
614
618
613
624
622
620
631
626
624
617
624
633
625
616
621
619
619
620
629
630
629
626
629
625
646
639
620
627
650
632
639
647
634
629
644
642
636
645
635
633
636
634
636
638
629
626
642
646
654
659
652
649
646
654
649
661
662
663
667
648
678
641
687
658
663
679
673
669
667
665
660
678
681
693
696
680
716
702
697
694
702
691
683
719
695
709
736
704
708
737
735
738
735
741
731
736
723
739
750
777
746
764
796
774
784
792
783
770
782
789
878
809
815
836
844
833
830
844
877
827
865
875
856
939
927
898
930
937
951
968
975
975
1003
1044
1026
1068
1027
1030
1024
1082
1105
1123
1104
1149
1140
1143
1182
1188
1225
1188
1266
1265
1279
1287
1306
1296
1412
1450
1468
1437
1524
1579
1557
1577
1572
1648
1654
1730
1749
1746
1826
1766
1848
1904
1927
1953
1950
1973
2024
2116
2129
2325
2212
2251
2318
2368
2511
2463
2479
2530
2615
2691
2759
2813
2805
2921
2957
2980
3147
3066
3060
3242
3379
3299
3340
3390
3616
3578
3783
3798
3891
3972
3949
4147
4168
4195
4314
4291
4300
4622
4435
4745
4734
4833
4867
4903
5112
5101
5305
5401
5496
5524
5580
5773
5891
5915
6062
6006
6084
6273
6477
6363
6523
6577
6770
6772
6944
7159
7227
7479
7566
7572
7754
7676
7879
8021
8035
8220
8470
8569
8243
8469
8708
8724
8951
9115
9199
9165
9394
9619
9558
9685
9693
10006
10011
10056
10435
10472
10604
10729
10836
10933
10960
11053
11159
11167
11707
11556
11647
11987
11997
12059
11983
11938
12217
12288
12754
12628
13021
13045
12813
13039
13084
13094
13100
13262
13478
13758
13402
13677
13762
13925
13780
13939
13881
14063
14125
14322
14141
14435
14431
14562
14705
14816
14898
14837
14809
14811
15081
14906
14779
14963
14911
15164
14995
15204
15144
15253
15401
15278
15114
15254
15498
15643
15842
15630
15853
15762
15738
15715
15662
15551
15925
15456
15750
15421
15543
15727
16038
16010
15751
15854
15921
15593
15688
15712
15802
15830
15835
15751
16080
15525
15830
15677
15744
15783
15556
15825
15664
15587
15609
15551
15569
15462
15727
15349
15440
15632
15543
15792
15453
15410
15647
15562
15601
15481
15729
15287
15555
15304
15320
14978
15233
15117
15089
14978
15161
15100
14904
14666
14833
14951
14774
14997
14584
14849
14847
14748
14412
14214
14472
14130
14020
14364
14088
14311
13973
13982
13867
13744
13591
13597
13922
13562
13585
13462
13287
13603
13389
13321
13283
13133
13093
13112
12972
12614
12954
12397
12600
12608
12408
12473
12375
12348
12112
12164
11951
11946
11778
11760
11505
11676
11593
11302
11392
11270
10938
11240
11153
11179
10794
10927
10841
10554
10758
10425
10734
10597
10306
10243
10140
9783
10132
9906
9862
9682
9543
9435
9443
9453
9390
9273
9218
9065
9241
8832
9020
8838
8821
8778
8328
8470
8209
8367
8204
8077
8157
7995
7723
7655
7528
7604
7634
7453
7365
7233
7162
7349
7154
6914
7096
7015
6724
6789
6549
6575
6445
6336
6169
6209
6068
6220
5961
5951
6026
5815
5831
5628
5551
5654
5345
5444
5377
5267
5284
5113
5027
5180
5118
5079
4914
4884
4724
4540
4621
4518
4545
4328
4349
4280
4229
4219
4093
4176
4111
4123
3971
3875
3878
3874
3848
3834
3637
3690
3623
3573
3608
3439
3476
3478
3435
3235
3255
3328
3072
3225
3103
3129
3138
2925
2935
3020
2858
2812
2819
2765
2743
2679
2606
2697
2710
2586
2523
2578
2427
2576
2428
2432
2383
2304
2391
2332
2323
2237
2292
2220
2166
2185
2106
2135
2071
2094
2042
2027
1997
2003
2046
1945
1931
1910
1863
1851
1796
1833
1779
1808
1789
1739
1691
1716
1685
1713
1624
1686
1604
1593
1641
1631
1576
1515
1536
1527
1523
1555
1501
1485
1495
1457
1523
1419
1406
1434
1456
1429
1397
1353
1349
1333
1315
1331
1347
1287
1275
1279
1292
1278
1302
1313
1266
1251
1256
1213
1154
1224
1145
1176
1202
1169
1205
1168
1169
1191
1146
1128
1141
1114
1124
1085
1157
1145
1085
1105
1081
1089
1053
1029
1042
1036
1043
1053
1047
1065
1051
995
1005
990
1004
1000
988
989
993
948
1004
908
1002
948
931
958
934
932
897
916
916
944
912
929
895
933
863
929
907
882
889
869
896
918
886
865
871
856
880
835
822
872
823
842
837
849
814
817
847
824
843
808
850
822
783
836
817
825
786
769
810
815
779
809
766
765
784
788
788
797
759
800
758
749
775
778
772
743
765
746
779
762
761
752
751
757
728
775
751
750
738
732
728
751
756
735
735
722
699
732
733
722
719
733
720
718
716
714
694
715
726
724
729
716
684
724
721
700
699
684
694
723
720
702
680
702
704
707
689
692
688
695
686
694
698
711
680
684
696
707
672
683
695
699
675
675
673
668
665
662
683
705
656
698
668
670
651
663
671
665
681
646
670
671
656
649
663
658
640
679
655
651
682
663
672
674
669
660
649
635
670
650
641
644
653
646
655
647
647
654
650
627
649
653
652
648
637
670
656
654
631
644
659
643
641
643
657
648
636
638
625
641
630
639
636
635
631
621
663
643
636
642
635
631
628
636
643
650
642
657
638
638
645
639
623
621
638
609
616
628
627
626
633
633
627
630
627
622
613
629
630
616
613
627
630
624
611
626
611
616
625
624
620
631
617
620
629
621
623
625
616
614
617
627
611
615
614
627
618
621
625
632
619
620
617
610
625
622
618
615
619
613
620
614
627
624
611
624
627
626
615
608
611
614
622
615
624
621
627
611
620
609
607
623
607
619
618
621
605
600
615
616
615
613
624
624
606
616
614
623
611
617
615
609
598
617
616
605
