605
593
609
606
600
603
602
606
605
602
602
600
600
594
602
605
600
590
609
604
601
603
604
600
594
604
604
608
597
601
601
606
601
605
602
603
600
598
595
598
599
584
601
611
597
605
597
594
608
598
606
598
592
603
602
603
603
598
594
603
606
600
607
606
599
617
599
597
606
600
599
607
596
596
601
603
600
603
601
596
600
596
600
594
597
601
602
609
609
607
605
606
596
602
607
600
603
600
596
601
594
603
603
609
595
602
605
600
607
601
594
609
599
595
604
598
604
595
601
595
597
594
605
599
597
599
596
605
597
603
604
597
603
598
597
595
603
600
595
598
599
598
601
597
606
598
598
609
593
600
602
597
598
596
595
595
600
608
606
604
590
603
602
603
604
600
602
602
598
599
589
597
602
611
600
602
596
598
607
605
603
601
607
603
607
601
594
601
600
600
597
596
613
602
590
596
611
602
606
610
600
602
611
602
598
596
595
596
604
597
606
601
602
604
592
600
604
598
595
596
602
598
597
595
602
603
598
603
600
607
613
602
599
598
607
598
598
600
604
610
612
604
598
605
606
604
600
600
602
603
605
600
593
613
607
595
601
592
605
602
599
606
608
593
597
597
599
596
601
600
598
602
596
598
601
603
605
609
609
602
599
608
601
605
604
596
601
604
598
601
602
603
608
612
598
605
605
607
601
606
598
598
601
598
600
601
599
604
601
606
597
602
600
603
608
604
602
597
608
604
604
596
594
596
605
612
609
597
607
599
600
592
602
601
595
599
606
600
600
595
603
603
604
600
606
607
604
606
597
610
612
600
606
604
600
606
595
601
600
600
601
608
598
608
613
599
602
600
602
611
607
601
604
608
612
610
605
606
616
609
605
616
609
613
603
614
606
600
611
607
609
609
615
621
604
626
611
620
610
610
611
608
605
610
615
625
609
610
624
618
617
613
603
610
621
614
626
625
627
626
618
631
624
626
620
627
636
625
629
626
629
636
634
638
652
631
636
632
645
641
642
650
644
649
652
659
658
657
646
645
661
653
666
661
688
656
664
667
662
682
679
685
710
693
697
690
729
671
706
702
680
691
710
736
732
716
717
729
727
734
762
712
748
746
758
768
768
772
746
763
756
756
820
786
825
818
809
796
769
832
820
833
815
836
814
845
868
886
866
881
880
829
870
897
907
935
898
947
927
916
912
930
939
944
932
951
1004
1009
1011
1023
995
1010
1051
1033
1042
1081
1084
1079
1087
1068
1107
1108
1119
1136
1081
1108
1142
1146
1180
1192
1154
1140
1203
1195
1176
1230
1227
1219
1269
1229
1261
1268
1275
1320
1316
1291
1340
1260
1284
1355
1321
1338
1332
1342
1337
1379
1429
1337
1403
1426
1376
1423
1410
1425
1480
1492
1434
1437
1443
1494
1470
1524
1469
1468
1529
1493
1537
1450
1552
1471
1522
1486
1572
1499
1588
1574
1513
1538
1603
1630
1651
1624
1591
1647
1698
1581
1628
1584
1693
1596
1619
1578
1620
1593
1671
1668
1658
1677
1690
1641
1634
1653
1696
1669
1680
1686
1654
1608
1652
1627
1697
1662
1698
1646
1700
1665
1672
1641
1681
1662
1738
1691
1674
1713
1664
1671
1660
1712
1640
1684
1685
1690
1655
1633
1645
1702
1609
1600
1642
1611
1626
1727
1632
1640
1593
1634
1680
1626
1705
1629
1585
1701
1565
1588
1665
1623
1600
1553
1677
1609
1629
1623
1594
1545
1569
1535
1549
1543
1571
1558
1530
1589
1541
1563
1516
1572
1515
1503
1532
1521
1489
1546
1520
1599
1429
1499
1480
1496
1453
1431
1451
1400
1461
1465
1491
1382
1383
1444
1321
1425
1445
1456
1440
1430
1401
1394
1400
1393
1394
1323
1341
1330
1310
1346
1297
1285
1280
1292
1385
1268
1298
1257
1293
1281
1281
1234
1256
1180
1238
1295
1220
1234
1236
1230
1235
1166
1189
1205
1172
1224
1199
1153
1205
1096
1164
1153
1117
1157
1110
1106
1107
1124
1124
1081
1024
1081
1039
1068
1097
1047
1077
1112
988
1029
1063
1073
1020
1041
1003
974
1046
1012
1004
992
972
969
960
950
951
960
957
948
972
911
906
917
925
918
911
939
897
900
861
899
864
864
900
878
881
868
905
838
877
879
869
877
824
842
831
808
827
819
822
817
797
793
843
798
793
790
826
799
778
795
794
801
759
792
768
757
764
768
768
753
724
746
754
751
754
746
743
744
702
765
725
718
731
705
727
718
723
719
704
707
708
709
711
713
684
734
686
685
703
665
683
685
685
687
685
697
705
682
688
673
687
678
682
679
665
665
681
670
683
664
667
686
673
666
654
667
673
649
668
654
648
658
659
674
667
664
658
664
663
655
641
665
656
644
640
645
645
634
648
651
634
648
659
640
637
646
653
648
643
635
640
626
658
650
644
631
638
638
646
649
622
634
635
626
642
639
624
643
632
627
633
633
630
634
629
641
633
618
626
629
628
628
617
635
633
631
627
632
624
630
634
624
626
637
636
632
620
628
615
631
625
623
629
611
624
620
615
619
622
624
627
620
624
614
615
617
621
623
616
621
605
613
615
630
617
621
599
610
616
615
614
630
605
613
631
606
613
606
614
617
618
614
620
627
607
614
609
620
607
602
622
611
610
619
608
605
615
606
602
613
607
612
621
612
625
613
612
610
598
610
614
608
609
615
606
613
618
612
610
615
617
617
607
609
609
609
618
606
610
611
600
610
608
609
609
611
607
615
593
610
611
610
601
613
604
609
605
609
609
611
606
603
607
603
609
601
605
599
610
602
602
604
607
600
604
610
603
620
607
612
604
601
597
605
612
608
606
605
611
606
599
599
605
603
604
600
611
605
598
609
612
602
608
606
597
597
594
602
601
614
604
604
603
601
610
613
599
607
605
605
605
606
602
601
598
597
608
602
605
602
600
603
598
610
604
603
605
605
602
600
599
596
609
609
609
604
611
603
611
604
601
610
601
601
610
602
592
605
602
603
606
595
604
606
605
600
602
591
595
591
601
593
598
609
607
592
600
607
600
609
602
602
607
600
599
602
604
599
597
607
608
600
604
601
596
604
605
599
599
619
597
606
594
603
601
602
601
600
600
604
594
602
606
610
601
602
605
606
603
602
593
593
605
603
595
597
594
603
601
600
602
599
600
606
604
595
604
596
602
599
599
596
604
604
609
596
597
604
601
600
593
607
599
604
609
600
597
600
607
604
609
602
598
595
596
601
599
597
600
602
604
594
601
609
610
609
598
604
598
603
606
605
604
603
603
599
