597
603
612
602
610
600
600
600
605
593
594
605
601
593
599
598
607
598
603
608
593
602
600
602
596
598
603
604
597
598
608
600
606
592
601
597
604
596
601
604
601
599
609
602
605
605
592
608
596
599
608
599
595
604
600
598
596
593
603
606
601
605
601
598
601
597
602
610
599
607
605
608
607
610
601
598
608
604
601
607
605
605
600
592
604
600
599
601
605
598
589
602
597
605
594
606
596
608
607
606
597
606
599
604
603
597
603
601
595
602
595
600
602
598
600
610
593
597
598
593
600
593
605
598
601
596
594
601
596
607
604
597
595
607
601
594
603
598
605
598
597
605
603
602
602
604
601
598
589
603
603
601
599
598
609
604
602
602
603
593
606
601
601
609
603
597
610
598
594
604
596
602
597
597
600
601
604
597
595
595
599
599
598
600
597
598
605
599
601
601
598
591
597
603
596
606
601
604
598
594
608
593
604
602
597
603
598
597
601
605
601
603
599
603
607
602
597
599
598
606
600
597
604
593
602
599
603
602
602
594
596
603
608
604
605
594
599
605
596
605
601
600
601
605
605
587
607
597
601
600
596
605
594
604
598
599
603
605
604
606
601
602
603
603
596
600
598
598
606
602
595
604
604
603
604
598
604
602
608
600
601
604
610
604
602
612
601
606
604
600
603
600
593
600
598
597
603
595
599
608
602
604
603
599
597
612
595
598
598
594
608
598
602
604
596
594
597
597
596
598
590
600
598
603
605
603
594
608
594
593
604
602
599
597
602
601
603
600
608
601
598
603
595
596
591
602
601
595
603
595
599
607
609
602
598
597
602
596
599
600
598
594
612
601
604
602
604
609
601
605
605
596
602
605
594
602
596
597
604
599
598
602
598
600
601
602
597
598
592
601
604
597
596
609
604
605
598
597
611
594
597
601
600
600
597
606
608
608
597
600
598
601
606
601
596
603
593
601
601
592
604
602
603
603
604
605
603
602
598
597
597
593
606
597
603
603
597
601
595
601
602
601
598
599
605
604
600
601
599
596
595
596
603
594
604
605
600
596
603
599
603
602
601
600
605
596
602
604
605
603
606
604
606
604
604
604
600
604
607
598
610
604
604
602
605
596
599
604
604
604
607
603
593
598
607
605
597
598
602
604
600
606
603
605
602
603
589
602
603
599
596
595
599
597
609
597
606
601
590
597
601
599
603
600
599
614
602
601
597
604
604
601
593
603
594
604
606
600
596
606
607
606
597
611
603
612
602
605
607
603
596
607
594
602
601
592
601
598
602
597
597
605
599
602
604
597
610
603
602
607
600
611
603
605
601
605
597
600
601
601
602
603
598
606
603
600
594
598
601
594
607
606
604
605
598
594
590
598
601
600
593
608
601
595
607
598
601
599
601
609
605
607
604
602
599
602
597
604
605
599
593
597
602
599
599
600
591
604
596
599
609
604
603
595
596
602
598
604
602
599
604
598
602
605
597
604
602
595
598
598
606
599
602
602
600
605
599
597
607
605
590
594
598
601
597
596
599
605
603
599
599
605
600
599
600
598
605
596
611
600
607
603
601
599
598
598
608
599
600
601
599
604
598
604
597
593
607
604
596
597
597
607
603
600
597
601
602
606
594
607
608
599
603
592
602
607
599
607
601
596
602
604
594
607
595
603
598
594
608
602
601
598
599
597
604
598
606
600
601
606
606
606
602
612
605
593
602
594
597
596
589
602
590
603
603
590
601
600
597
602
597
595
599
600
596
602
599
599
597
597
598
598
596
603
597
602
606
603
598
605
609
598
595
606
602
611
599
599
606
604
604
601
598
606
604
598
603
594
598
594
602
594
601
604
599
607
618
608
610
598
604
603
615
602
601
604
606
603
595
599
608
598
603
602
611
603
603
600
603
608
598
601
606
598
603
598
606
601
602
604
598
602
595
597
598
603
599
602
597
602
597
602
598
606
603
600
606
601
600
595
602
605
601
608
604
589
597
605
599
601
606
588
602
607
596
599
590
599
602
606
605
610
594
599
595
601
597
604
595
601
596
601
599
591
603
591
600
603
604
597
602
604
599
600
605
597
599
601
598
601
614
598
602
599
600
599
601
604
593
599
604
602
599
605
596
593
604
602
593
596
606
604
601
602
606
596
601
601
608
602
611
600
603
604
609
602
609
597
601
604
595
602
597
598
599
602
604
600
601
597
607
593
602
595
606
605
601
601
603
605
594
614
601
596
600
594
606
604
595
601
596
601
600
606
602
614
603
601
601
589
596
601
603
602
596
603
598
602
601
592
600
595
604
602
606
598
598
600
602
598
608
604
607
598
601
606
606
604
605
606
608
591
597
601
604
601
598
596
601
598
603
607
603
605
605
596
607
602
605
601
599
596
607
595
603
603
600
606
604
605
603
598
599
604
604
604
602
605
595
596
604
601
601
594
603
605
601
597
603
595
610
603
599
594
600
596
605
601
601
605
594
601
598
602
601
596
595
603
607
601
606
602
597
600
604
601
597
598
595
590
599
594
590
604
604
605
601
604
599
608
604
603
599
602
597
605
603
598
606
606
597
600
602
603
602
597
599
602
602
603
607
592
604
605
596
601
588
594
599
597
597
590
598
599
608
596
597
611
605
602
598
596
597
602
597
608
596
600
605
595
601
601
600
606
601
599
603
601
606
601
601
595
593
601
598
599
610
609
605
599
604
600
603
599
612
597
606
603
603
608
610
599
607
598
593
604
603
597
608
601
608
601
605
607
601
594
611
593
605
598
601
604
604
602
604
595
604
603
600
597
601
601
602
605
599
595
600
605
593
602
597
600
600
597
595
596
600
595
598
598
610
596
592
606
604
596
596
604
606
599
598
601
608
597
601
603
605
602
605
600
597
604
601
603
598
599
603
600
604
599
600
604
597
606
599
604
601
603
603
608
593
600
602
601
597
595
600
603
606
605
603
604
599
598
602
597
603
596
591
601
598
599
600
605
590
601
597
601
601
602
595
599
604
602
603
605
592
596
597
601
609
599
595
598
601
603
597
602
612
601
601
604
595
602
601
602
606
597
603
604
