597
609
601
613
594
606
605
597
605
602
604
600
606
598
607
598
597
602
603
596
608
598
608
600
604
605
592
602
606
606
605
598
599
601
602
602
601
604
595
608
604
602
591
607
608
598
604
607
604
596
604
601
598
597
604
595
603
597
594
597
605
612
596
605
597
604
601
609
600
603
609
601
596
601
604
594
603
600
600
603
597
599
599
601
589
597
600
597
607
599
603
598
596
602
602
604
605
596
606
612
598
606
610
601
602
601
595
597
604
596
597
590
598
596
600
599
601
596
600
600
604
600
605
601
595
594
601
603
605
591
602
601
609
602
601
599
613
605
604
598
606
597
596
602
604
607
598
600
603
598
604
603
598
598
597
604
607
596
606
596
604
603
603
604
603
599
595
602
599
599
601
602
605
599
593
605
597
606
599
600
598
596
609
603
601
590
604
606
606
598
605
606
599
601
603
602
599
598
602
597
607
601
599
604
600
603
593
602
603
599
604
595
605
597
608
599
594
600
601
598
603
592
590
599
595
606
597
598
602
604
598
589
604
600
600
607
604
604
599
605
591
599
606
598
599
598
600
598
598
600
607
596
607
585
601
605
597
605
597
606
597
604
607
602
598
597
593
599
597
595
592
603
605
599
601
596
599
605
598
602
601
596
604
600
591
599
600
595
601
598
599
596
600
603
602
602
596
606
602
603
598
596
605
607
604
600
604
605
603
603
606
598
598
594
606
591
603
601
597
596
609
605
598
600
606
606
596
593
612
595
603
596
607
605
604
597
604
601
604
604
596
599
600
606
596
602
600
589
604
601
593
592
597
597
596
599
610
600
598
607
594
600
602
604
598
613
604
603
602
595
601
602
593
610
596
596
602
602
604
599
602
602
596
604
598
598
592
597
601
602
601
600
590
592
601
594
599
597
596
590
598
593
600
607
609
599
595
600
604
595
603
594
604
598
602
602
603
603
602
600
606
605
598
597
601
609
597
602
601
594
601
598
600
606
593
596
614
595
600
600
603
599
594
600
606
601
603
595
597
602
609
600
603
603
597
597
603
599
600
598
590
603
592
601
597
597
598
601
598
596
600
597
603
603
603
605
606
603
606
592
596
602
594
604
606
594
594
596
595
594
602
601
588
602
595
601
603
604
599
607
595
605
589
601
595
600
598
595
597
596
597
603
598
593
599
605
595
604
604
599
602
603
597
601
602
605
602
600
604
599
601
599
604
601
600
598
597
605
600
600
606
598
602
602
599
595
603
601
599
601
594
597
602
607
602
598
602
606
601
598
609
596
597
595
602
596
609
597
603
600
600
605
599
603
604
600
606
603
599
595
601
607
605
609
604
598
602
587
599
597
605
598
602
606
593
606
594
600
605
602
600
604
603
611
602
601
601
601
604
599
596
602
600
606
596
598
602
603
605
589
603
596
604
600
602
600
594
598
597
598
598
603
604
598
602
602
606
605
601
596
605
603
599
601
599
605
596
601
601
602
603
597
600
596
604
606
605
604
598
602
599
596
604
602
595
603
597
600
605
601
601
601
602
600
598
602
596
605
603
595
590
596
601
599
597
599
609
595
601
603
597
594
598
592
601
595
594
601
599
604
590
599
593
603
595
602
596
602
592
610
607
601
596
604
601
601
603
606
595
604
592
599
600
600
597
603
604
601
596
596
606
602
599
603
598
597
597
602
605
602
597
602
601
599
590
604
600
595
600
601
595
596
602
596
596
604
603
593
604
599
593
601
601
604
598
599
601
597
596
600
595
605
595
605
598
607
597
597
598
603
600
606
597
596
600
595
602
606
605
597
604
596
602
609
602
591
595
598
598
589
594
595
596
594
604
606
605
588
601
604
602
599
601
606
595
600
602
603
598
603
598
598
592
593
599
598
598
609
602
603
598
605
608
595
600
592
595
604
596
603
602
600
600
604
602
604
600
598
601
609
604
597
606
607
604
611
598
603
596
595
605
601
595
594
607
596
604
605
598
610
602
593
606
602
605
594
596
601
598
605
598
602
600
610
596
598
605
606
604
602
599
602
594
603
598
607
594
602
604
589
597
595
605
600
603
597
610
596
606
607
591
596
602
593
607
603
597
606
598
595
600
592
595
609
601
601
605
597
598
594
595
601
602
595
598
591
600
593
603
601
598
602
601
596
593
600
602
603
606
603
598
599
603
600
593
598
592
602
600
602
604
604
604
608
598
601
601
598
605
598
600
598
599
599
595
603
599
602
600
605
602
606
599
609
600
601
603
603
597
596
597
600
599
604
602
603
601
606
601
602
595
606
598
594
602
604
599
594
601
597
597
589
615
603
596
607
600
611
600
601
592
607
603
600
598
601
595
610
598
596
598
597
593
595
597
596
589
590
597
600
597
602
601
597
594
599
595
598
590
601
598
597
598
588
609
598
599
593
599
600
597
600
600
598
589
598
593
607
598
605
605
601
603
606
605
602
602
608
605
602
609
602
602
603
604
605
598
601
604
602
606
595
602
603
607
596
603
603
603
603
599
607
598
592
587
605
603
602
603
602
599
602
601
610
606
600
604
595
600
603
593
608
603
604
600
601
610
605
601
599
594
593
605
601
601
611
601
603
612
598
598
600
590
604
608
595
591
599
601
596
597
597
603
606
601
600
594
601
603
596
594
604
603
598
610
596
603
598
595
602
601
598
604
607
601
607
608
603
600
594
599
600
603
603
607
605
607
605
601
596
602
600
602
600
600
611
607
597
602
592
610
600
596
598
598
591
603
599
602
614
604
600
593
603
598
605
605
607
603
599
601
599
592
609
606
596
598
598
598
600
598
597
608
595
595
599
597
595
600
593
599
598
600
598
600
597
603
593
603
604
598
597
593
598
597
602
595
602
602
598
605
591
600
608
603
601
603
593
601
596
592
596
603
602
599
601
601
599
586
606
601
606
597
603
605
600
596
605
595
602
602
614
604
596
605
595
603
603
600
597
603
601
596
593
596
610
596
601
595
596
601
592
603
597
595
599
612
599
598
612
599
599
603
594
597
606
600
604
592
599
606
602
596
600
595
606
596
605
607
598
