596
600
607
596
606
603
595
604
606
598
599
608
600
601
605
604
597
602
602
597
600
601
598
598
597
598
606
603
609
615
598
595
610
601
607
606
598
594
602
601
603
606
609
598
600
595
600
604
593
606
600
594
610
605
596
605
599
605
601
604
602
603
597
599
598
610
601
600
600
605
600
603
602
600
598
596
601
601
603
607
604
596
610
601
598
605
595
605
604
607
592
601
607
599
601
598
605
606
598
599
597
602
590
596
598
615
602
597
594
596
595
598
596
594
602
605
600
604
595
607
602
604
601
604
604
602
604
607
598
596
595
593
606
610
602
598
613
600
602
602
587
606
595
594
596
594
601
599
595
595
601
605
611
603
598
604
598
598
601
600
598
600
596
600
608
601
601
600
595
593
599
592
603
596
602
596
605
606
604
597
601
601
601
594
599
595
599
599
598
598
596
607
599
598
600
600
590
602
604
604
596
603
597
598
599
599
603
594
607
605
603
601
602
589
593
603
597
603
616
605
600
602
604
601
592
603
606
608
594
603
599
604
600
602
604
601
602
595
600
597
597
596
605
592
606
603
606
598
596
604
608
599
601
605
600
606
605
597
604
600
603
603
602
600
602
596
595
592
599
599
608
601
601
596
602
598
598
603
596
603
601
604
606
605
603
603
597
602
601
601
591
601
601
604
607
602
602
598
593
590
606
596
598
592
609
606
602
612
598
603
599
598
603
603
595
602
594
600
598
602
596
599
598
595
592
601
598
598
598
597
605
602
607
601
600
601
597
599
600
598
598
605
610
602
608
606
599
597
601
594
601
590
599
600
610
599
597
598
607
601
610
597
601
603
597
601
609
597
595
605
597
601
600
602
600
606
598
597
606
600
603
603
603
598
595
605
606
598
600
600
597
597
595
588
603
609
596
598
598
599
599
596
601
601
594
593
601
596
600
598
602
593
595
597
606
600
593
603
607
592
596
606
607
601
595
599
598
603
595
603
604
603
600
603
604
600
593
604
601
607
607
605
598
604
603
602
597
602
596
600
603
595
599
599
599
597
608
595
606
603
600
602
602
594
601
601
594
597
601
594
608
598
601
604
598
597
604
602
600
594
600
606
594
592
600
590
597
599
600
600
597
607
600
598
605
600
599
598
596
600
599
598
598
593
603
605
597
595
604
604
595
602
595
599
603
604
599
603
595
599
605
601
600
601
593
600
602
602
590
607
592
590
600
592
591
589
597
595
598
592
604
595
594
603
598
597
600
604
601
605
609
602
601
601
597
596
595
605
608
605
609
595
605
607
597
593
600
598
599
603
603
598
597
597
598
598
604
604
599
604
599
602
601
600
597
594
596
604
603
596
597
602
598
605
594
609
598
598
595
600
601
600
600
598
605
592
604
597
593
602
600
600
597
601
599
596
610
597
601
602
590
594
601
597
601
598
598
600
597
603
598
595
594
598
602
601
604
593
600
599
594
595
601
597
601
603
601
605
593
597
602
600
605
594
597
595
600
602
601
600
602
596
601
600
596
597
611
587
600
600
595
600
598
597
602
599
598
603
607
603
611
600
605
601
609
597
602
594
599
594
600
599
598
599
604
592
604
598
606
605
598
601
603
607
600
604
607
605
596
602
594
599
602
600
602
601
606
602
601
596
596
600
601
594
600
601
593
596
608
602
609
592
605
598
606
599
596
601
600
595
598
598
607
599
601
599
598
599
601
602
602
606
599
603
591
593
598
602
595
592
596
596
603
603
602
603
594
603
599
603
596
601
599
598
595
605
598
598
601
602
607
599
602
602
604
598
602
602
599
605
602
598
606
599
594
610
601
600
603
596
600
604
600
597
594
603
601
603
600
599
595
600
607
604
600
591
605
597
598
595
610
596
592
593
596
606
605
596
597
608
606
600
594
600
597
595
593
603
593
601
611
598
600
607
603
599
606
598
611
600
605
599
595
604
598
596
596
599
594
606
594
605
602
597
597
604
603
600
597
596
598
594
597
598
597
599
596
604
589
598
594
599
602
600
604
608
600
599
602
600
603
602
595
601
599
602
600
608
596
597
598
598
602
595
606
592
602
603
602
604
598
595
614
602
596
605
597
594
607
600
600
594
595
600
597
608
598
594
598
603
601
599
595
600
595
605
602
595
598
597
595
600
603
600
601
597
595
603
597
601
599
607
598
597
593
604
615
594
603
602
607
598
593
604
602
597
602
600
602
601
598
602
595
600
590
597
602
601
602
604
599
601
605
604
600
597
601
596
604
608
595
606
601
605
603
601
598
601
605
597
598
604
601
603
607
605
597
604
601
600
594
604
601
591
605
605
602
603
600
594
607
594
605
597
599
602
604
595
604
599
601
598
601
609
601
601
593
602
595
590
599
603
594
601
595
599
605
606
598
602
600
600
604
608
588
597
606
603
591
594
595
601
601
597
598
596
598
605
600
597
601
603
598
606
605
597
602
598
600
597
594
598
602
594
602
600
593
593
598
597
603
598
595
598
603
599
603
595
594
605
596
601
601
603
594
601
596
607
596
599
602
612
600
597
601
613
596
598
600
593
603
595
600
605
596
615
604
601
605
605
597
602
598
596
600
599
607
605
606
604
605
606
596
598
607
596
597
595
595
600
607
588
597
592
595
601
599
604
607
601
594
600
608
601
604
594
599
602
606
606
603
596
601
603
594
598
599
594
589
602
596
596
603
599
596
598
584
603
607
602
602
603
598
600
602
598
595
601
595
605
601
590
605
605
603
600
607
600
607
603
596
603
594
598
602
600
603
601
602
598
605
609
593
598
606
602
604
606
602
600
597
600
595
604
614
605
589
595
600
596
589
608
600
596
601
595
603
602
594
601
603
597
598
604
589
607
602
601
597
598
600
606
601
596
597
601
596
601
597
599
601
600
603
603
600
602
594
593
607
596
602
598
599
594
597
603
606
606
603
606
607
602
600
602
604
603
598
601
604
600
598
606
604
600
593
598
599
598
607
606
607
608
599
594
606
601
594
601
596
595
599
599
593
599
605
599
602
597
599
601
597
598
609
596
605
597
606
598
592
597
