598
594
605
601
604
611
602
600
592
600
597
591
603
595
607
595
595
594
596
602
598
599
607
596
599
610
594
590
598
597
610
599
605
609
603
596
605
599
590
598
604
595
602
597
602
601
601
603
604
607
595
602
607
604
598
606
603
602
594
609
589
601
597
609
596
599
601
603
599
606
604
596
597
605
598
596
595
595
591
601
603
597
599
611
595
591
612
600
600
603
606
589
604
601
600
609
597
599
597
599
604
601
598
601
594
597
601
587
601
596
602
597
597
594
601
599
593
605
596
601
602
604
605
598
598
604
598
598
597
604
596
596
595
598
603
608
596
594
602
601
597
594
601
591
597
597
596
603
598
595
598
595
613
603
594
610
600
597
605
601
590
603
602
597
604
601
608
594
600
598
591
598
591
599
598
597
598
596
604
606
596
606
605
601
597
603
591
607
595
598
595
600
600
604
596
601
599
598
607
593
601
601
595
611
597
600
603
600
598
598
603
593
609
600
599
598
601
607
607
605
608
592
603
594
597
600
599
598
595
607
601
601
604
596
597
600
598
610
596
594
604
604
603
597
598
602
596
602
602
595
601
596
593
600
602
593
585
600
606
597
606
595
596
592
594
603
597
610
588
597
600
591
603
600
602
601
600
600
586
605
602
602
597
597
600
598
602
598
604
598
595
596
598
600
597
604
601
604
601
601
598
597
601
602
600
608
602
608
602
606
597
610
596
601
593
603
600
596
602
605
599
604
598
593
601
597
601
598
599
600
605
597
595
600
601
603
601
602
601
599
601
599
596
603
599
599
602
599
597
593
598
600
594
601
602
598
603
589
596
601
603
604
596
597
598
597
600
593
609
597
595
602
597
599
604
605
596
603
602
606
601
600
595
603
601
601
597
610
603
600
596
596
602
593
605
598
595
592
593
604
599
603
599
602
605
606
596
598
600
593
604
599
595
600
602
605
598
607
604
594
596
602
599
603
598
598
601
601
600
600
598
604
602
599
595
601
594
601
594
604
599
599
604
597
602
601
596
598
600
601
593
603
603
591
603
595
592
605
601
598
602
603
598
600
592
606
603
594
598
603
598
595
604
599
592
592
604
604
598
598
602
596
598
597
599
600
599
593
590
595
608
597
599
604
599
602
593
598
600
608
604
600
600
601
597
595
594
598
601
592
597
596
604
603
602
600
607
596
599
599
598
607
601
598
602
597
593
608
603
598
599
604
601
609
605
593
602
601
605
597
598
596
594
604
593
600
601
602
595
606
602
593
597
598
597
604
605
601
597
595
597
595
594
605
598
596
604
595
597
604
597
602
602
594
604
606
597
593
600
600
597
590
597
603
601
595
604
598
598
599
597
597
600
597
609
596
595
602
596
595
598
597
600
598
591
596
595
597
598
602
603
599
593
594
593
594
595
600
597
601
599
610
597
613
601
602
600
602
607
600
602
597
595
606
603
602
601
601
608
601
602
605
595
598
600
599
597
605
599
594
606
602
598
598
598
592
601
605
603
595
600
592
599
599
601
601
601
602
595
600
600
593
603
601
588
597
592
603
601
596
600
592
599
602
596
588
597
598
592
596
591
599
593
605
595
604
597
601
606
601
597
602
598
594
603
595
601
593
596
599
593
608
600
595
601
600
597
603
596
595
603
595
600
595
597
605
601
599
590
605
598
599
598
594
597
605
599
597
594
601
602
600
604
600
593
606
601
594
604
594
598
604
601
601
604
596
604
602
602
602
602
602
609
599
606
607
597
598
603
599
595
600
596
599
602
604
604
600
603
599
592
601
600
594
603
602
597
601
602
601
598
610
594
596
601
603
595
604
591
601
597
601
603
599
600
600
600
605
598
608
589
595
594
599
598
599
602
598
596
601
597
602
599
604
601
597
598
611
603
605
599
591
602
592
597
593
601
603
595
592
601
601
596
600
600
599
600
596
603
596
601
604
597
602
597
600
596
597
598
594
595
603
597
599
604
591
598
597
595
605
598
602
591
595
597
593
599
599
602
598
592
603
601
607
607
593
606
592
595
598
602
609
598
596
593
599
604
597
594
599
602
601
595
593
596
602
596
594
592
603
598
598
595
608
600
600
607
600
601
602
589
597
604
597
597
596
603
597
603
597
603
598
595
593
602
596
600
598
595
599
601
598
594
599
601
603
595
599
597
602
595
598
592
595
595
604
600
601
602
593
599
602
603
603
606
604
605
601
601
609
595
597
601
595
601
598
604
602
600
606
604
596
596
605
597
605
601
598
600
604
600
602
608
595
591
598
595
595
604
604
601
595
595
603
605
597
602
591
604
604
601
597
607
603
602
602
602
603
605
601
598
602
607
604
601
596
598
599
597
600
602
599
594
601
602
598
608
598
599
601
604
607
594
606
596
606
596
601
591
599
604
595
602
604
597
598
605
603
602
594
594
594
603
604
604
598
598
598
602
598
603
599
599
602
602
607
598
602
603
598
601
600
604
601
602
600
600
605
606
597
602
594
607
603
601
597
594
602
595
604
598
602
591
601
599
608
604
599
594
609
598
595
601
601
591
600
595
612
601
598
606
593
606
608
594
600
594
600
600
601
599
612
604
593
605
597
603
607
602
598
604
598
602
596
601
600
592
591
600
594
590
599
593
591
595
601
603
588
606
596
594
600
605
599
598
605
591
593
598
600
596
600
597
598
601
593
606
598
599
596
595
604
608
597
601
598
596
597
596
609
598
595
603
597
602
603
605
599
599
603
595
598
611
597
597
604
595
596
607
599
599
599
597
591
593
596
608
590
591
588
596
599
596
597
595
600
593
593
602
602
599
608
607
600
598
597
594
595
601
604
589
598
599
611
605
600
601
597
598
604
594
599
595
598
600
596
604
599
607
601
600
593
594
600
600
601
605
596
599
600
591
602
597
601
598
603
599
605
594
598
609
597
602
600
599
606
608
597
604
600
594
600
602
586
599
601
585
607
611
597
595
599
602
597
600
597
596
596
604
599
600
594
596
595
601
596
604
601
600
604
605
605
601
601
602
598
603
594
602
606
599
604
594
598
600
599
607
606
588
602
