606
608
608
602
607
596
594
600
607
602
612
600
597
598
601
602
602
598
602
614
605
596
599
603
599
596
611
602
603
610
598
597
594
599
600
599
600
605
607
598
602
603
601
609
597
604
598
597
605
602
607
599
590
604
597
593
598
600
595
587
597
599
605
595
601
596
599
598
598
604
600
599
594
603
601
593
609
596
599
611
592
598
596
595
605
599
601
600
595
609
597
597
599
602
596
605
607
604
600
604
602
598
596
602
601
598
596
607
592
600
591
602
602
606
600
603
597
600
605
600
598
597
605
604
604
601
595
615
602
600
602
594
603
607
599
600
597
605
601
596
601
603
605
601
601
603
600
602
602
606
604
598
604
600
595
593
595
599
608
597
598
600
594
600
594
602
602
600
603
597
600
598
587
594
596
594
598
597
599
602
593
601
605
603
598
600
599
593
600
602
594
595
598
603
606
605
600
597
592
597
605
596
594
604
593
601
609
602
598
601
595
600
598
613
604
603
597
595
600
589
602
601
597
601
595
602
606
595
601
602
603
605
603
602
602
606
604
600
607
598
608
596
600
601
599
601
590
600
602
610
594
593
598
606
605
598
599
598
600
595
609
599
609
598
601
604
602
606
596
600
596
601
599
602
606
601
604
603
603
592
604
593
603
601
589
586
604
601
605
589
593
599
602
604
601
600
602
604
601
598
595
597
599
602
596
606
601
604
600
589
605
601
601
590
600
597
593
597
593
594
601
599
596
604
591
603
606
597
600
597
600
601
607
598
601
601
595
599
601
605
594
599
604
598
597
602
596
603
594
597
607
604
603
601
589
597
605
604
590
599
592
597
607
597
601
601
595
605
596
594
596
598
599
601
592
598
595
596
600
596
593
606
598
602
601
601
603
602
593
604
602
600
596
607
604
595
602
598
596
602
600
600
605
602
610
599
597
602
601
607
595
605
597
603
602
606
594
598
595
612
595
602
600
596
593
597
597
593
600
604
593
609
596
596
599
602
603
598
597
611
594
591
607
595
604
596
604
594
602
599
598
602
600
606
602
596
600
598
601
601
599
599
601
600
598
595
593
603
603
603
593
599
604
597
595
597
589
611
603
593
607
604
598
603
602
597
602
608
598
599
600
600
598
604
601
605
594
601
598
601
600
608
603
594
602
605
603
603
598
604
602
605
598
597
599
604
601
594
605
597
596
597
596
604
597
597
603
606
600
607
595
602
607
596
602
602
599
602
605
601
603
600
606
605
598
605
607
594
606
592
599
601
604
609
605
602
597
605
605
598
595
596
597
598
597
607
599
600
591
606
609
601
603
604
598
604
603
596
596
601
600
597
592
601
604
605
600
596
603
586
596
598
597
602
595
599
597
602
594
594
601
597
610
604
599
604
607
610
604
605
594
600
595
599
601
600
595
601
590
601
604
590
601
606
598
603
603
590
598
600
602
594
605
600
605
603
599
595
592
605
599
588
609
594
592
601
595
604
603
595
604
609
595
596
605
599
607
597
606
606
601
602
598
598
599
612
593
601
604
608
601
606
608
598
601
611
605
600
588
597
610
600
600
602
596
596
596
601
603
604
594
601
604
601
595
597
599
592
600
599
600
603
596
599
602
597
606
594
595
595
606
605
602
607
603
607
605
605
603
605
596
592
607
601
589
602
588
608
609
593
596
595
599
597
594
605
597
603
602
609
604
601
598
596
602
597
602
596
594
602
592
602
596
599
597
597
604
602
611
607
601
601
589
601
594
590
595
597
593
596
600
595
602
604
594
596
596
600
595
603
596
604
591
599
608
603
605
596
596
606
599
597
593
599
607
596
604
602
601
595
597
602
599
600
594
599
588
602
596
597
599
590
604
598
588
596
600
607
602
594
601
606
604
597
600
599
603
600
599
604
593
602
606
613
602
600
603
597
604
595
603
598
598
606
597
600
597
595
593
595
597
592
604
597
597
600
599
600
601
602
597
598
600
602
597
603
605
601
601
603
603
602
608
596
601
606
604
601
596
598
601
596
598
604
603
592
596
608
598
598
594
604
604
606
595
600
602
605
602
600
598
601
603
593
596
598
597
604
593
595
599
597
600
597
601
603
606
599
604
603
595
605
599
602
591
594
598
597
600
600
591
596
598
603
603
600
604
605
607
602
601
601
607
608
598
595
600
594
596
597
593
603
593
602
590
605
594
598
596
602
604
594
600
605
598
603
602
603
602
595
609
601
602
603
613
598
600
601
597
601
607
602
600
601
602
600
595
588
589
598
601
592
592
591
602
605
598
599
598
602
600
600
600
601
596
604
606
598
596
601
604
602
597
594
598
601
602
606
602
600
595
597
600
597
603
605
603
597
605
606
604
596
595
601
601
600
607
600
606
604
607
612
592
595
611
596
594
597
595
595
597
603
598
598
601
607
603
598
600
600
607
607
600
602
604
609
596
602
611
596
603
606
603
610
601
600
604
604
597
597
597
598
600
604
599
598
594
598
594
600
601
590
594
600
597
597
593
600
600
598
590
603
604
604
597
596
608
602
595
608
600
601
597
596
600
604
605
596
606
606
598
602
599
602
607
600
592
604
596
602
602
588
609
596
600
595
598
603
597
606
601
595
596
587
595
594
598
602
602
602
592
608
599
600
598
602
604
597
602
603
599
607
600
601
601
601
601
602
599
605
599
602
600
592
595
603
604
597
605
599
601
601
588
604
589
595
606
597
589
606
595
607
597
594
601
603
605
594
604
598
594
600
589
605
596
597
598
596
595
590
604
606
604
601
604
607
595
599
590
604
599
597
603
608
599
605
601
600
598
605
596
600
596
589
602
599
611
597
596
599
591
601
595
595
594
601
605
601
601
590
594
598
604
593
593
588
595
596
604
596
600
598
594
597
598
597
601
601
595
603
602
599
596
598
601
599
606
606
601
604
603
596
598
596
599
601
607
594
612
603
607
605
602
605
603
604
603
609
597
603
600
597
606
597
600
611
603
595
597
599
597
600
596
604
600
597
596
595
603
602
597
604
593
595
598
593
594
599
596
598
602
602
596
605
595
595
597
593
600
602
