599
606
606
607
609
606
610
606
602
608
598
604
600
606
603
607
598
596
603
602
604
600
595
603
605
600
598
606
607
593
597
601
602
595
611
600
599
606
594
605
599
601
603
599
599
594
597
604
596
598
601
605
597
606
602
600
604
598
600
596
600
601
589
604
597
598
599
595
603
593
612
599
599
597
600
600
600
596
606
598
600
603
609
596
598
597
601
604
593
600
598
592
605
596
593
602
600
604
600
596
600
601
600
598
597
598
601
599
596
596
595
594
606
596
600
607
598
598
598
600
610
602
600
606
602
610
599
603
605
598
602
597
605
595
602
604
600
597
605
598
598
603
597
598
598
594
603
592
603
605
591
599
599
590
605
608
598
600
598
599
605
598
604
605
596
602
600
599
593
598
603
596
601
597
602
602
605
598
601
597
597
602
598
592
598
601
597
597
596
599
606
598
603
600
598
598
600
596
600
590
596
592
601
599
605
610
600
602
602
598
603
600
606
604
598
602
595
600
597
595
600
605
598
600
596
596
602
605
601
598
605
598
595
604
599
599
600
600
599
592
604
604
598
602
593
597
597
599
600
608
597
601
606
595
596
600
600
598
602
594
599
601
599
603
605
598
606
605
604
599
601
602
599
602
599
591
607
595
601
588
596
593
595
597
596
603
585
600
601
600
609
600
597
610
602
608
600
610
597
599
600
593
592
593
592
602
592
601
592
605
596
594
594
596
597
596
601
598
609
592
598
592
598
597
594
592
602
608
608
600
605
605
601
598
610
601
606
596
606
600
603
610
598
606
600
604
609
598
603
595
596
596
608
610
601
605
610
609
600
594
604
609
602
597
610
601
592
605
605
599
598
598
596
602
598
605
593
598
603
585
598
597
602
599
604
601
604
597
592
601
603
603
592
606
595
596
597
602
601
601
601
602
610
601
602
596
606
591
596
599
594
593
591
595
595
602
595
596
598
600
607
601
604
594
602
606
600
596
599
600
596
595
596
605
607
600
593
599
599
602
601
608
605
598
603
600
601
589
603
599
597
600
597
610
601
607
603
600
607
597
601
597
593
595
597
601
600
605
596
600
600
605
595
604
598
600
601
591
593
597
597
602
606
602
597
600
600
601
601
596
601
597
592
601
600
605
595
600
596
606
584
602
583
607
597
599
597
604
601
598
592
591
596
601
597
603
595
602
597
601
599
598
596
597
603
604
591
601
606
601
600
597
597
605
598
603
596
601
602
602
596
602
602
602
597
601
591
601
602
602
601
595
604
596
606
593
601
602
600
606
594
595
605
603
606
602
593
600
602
596
596
607
610
606
599
601
596
599
607
605
596
600
602
603
611
598
603
602
599
597
597
594
597
600
605
600
596
597
601
607
604
601
603
595
606
601
601
604
602
595
598
599
606
601
604
595
597
588
603
601
599
594
593
598
599
596
597
601
599
596
601
600
603
593
601
602
596
604
603
598
599
601
595
595
599
611
588
587
607
595
596
602
608
600
606
596
598
598
605
599
595
594
600
610
607
607
599
599
599
595
601
606
597
596
603
598
602
595
597
600
596
597
607
595
595
599
595
600
600
597
598
600
603
603
599
593
600
592
594
599
598
602
598
591
605
597
603
596
597
603
597
599
601
594
596
601
596
598
610
604
597
602
602
601
600
600
603
607
587
603
598
603
597
596
604
603
600
601
601
591
600
600
596
601
603
604
597
596
602
605
589
601
603
603
601
595
596
602
593
599
592
601
589
605
595
599
602
604
594
595
596
604
601
603
605
599
599
592
598
598
598
602
600
597
595
600
594
603
600
593
614
601
599
606
597
601
600
598
602
599
595
598
597
602
601
602
596
598
601
594
603
601
603
598
592
604
596
590
598
604
590
598
595
608
603
596
594
606
595
600
601
602
604
599
593
596
600
597
596
598
599
599
606
600
594
604
595
602
608
598
598
602
601
598
598
602
601
596
601
600
607
594
596
604
608
598
606
601
593
604
607
596
590
595
601
598
592
600
598
604
603
595
607
605
601
599
606
602
601
605
599
600
599
609
603
606
594
603
599
594
597
595
600
607
592
599
589
601
601
598
605
603
601
598
600
599
599
605
602
602
591
599
602
598
603
599
603
601
598
600
599
601
605
604
596
600
603
603
596
596
600
602
605
593
603
592
604
605
608
606
603
596
611
597
603
609
601
596
605
604
595
603
607
603
601
598
598
601
596
607
600
596
597
600
601
601
602
604
593
595
607
594
596
595
605
598
595
599
607
603
598
607
597
598
592
604
594
600
606
598
603
594
603
602
602
601
600
602
601
603
603
597
599
607
597
600
599
599
593
600
603
595
598
600
601
605
603
599
608
598
610
605
603
594
599
599
601
602
599
593
599
608
597
597
597
599
593
603
606
602
598
599
602
604
604
604
602
597
591
601
603
601
597
595
597
595
605
597
601
600
590
591
597
596
597
603
600
598
597
594
596
594
596
595
601
598
603
596
606
604
601
597
595
599
594
604
596
589
598
598
593
598
604
600
601
599
606
600
594
602
606
602
601
600
601
596
598
600
597
605
606
597
596
602
594
608
597
608
606
594
608
606
598
606
599
603
593
594
596
600
601
595
603
597
593
606
602
604
606
600
599
602
603
602
600
599
607
598
602
603
597
600
595
608
599
600
597
596
603
602
601
597
596
602
595
598
597
602
608
596
606
602
601
603
602
602
606
597
595
601
607
600
597
597
595
602
593
599
602
599
601
600
600
605
598
600
602
597
596
595
592
600
595
599
599
601
600
597
604
597
609
599
601
611
605
610
602
598
603
597
598
597
597
598
593
602
602
601
591
600
602
594
603
602
603
601
599
597
591
589
605
601
595
595
598
591
603
597
603
603
597
602
601
606
596
600
599
599
596
601
603
595
600
596
598
611
594
593
607
600
602
603
592
607
603
599
599
601
596
613
601
600
610
603
600
598
603
598
603
605
605
602
589
602
601
600
593
594
602
603
603
594
596
599
594
602
593
604
597
601
600
598
603
593
589
600
603
601
601
613
605
601
606
596
602
600
597
604
604
597
