605
602
599
600
604
603
602
596
605
605
599
602
596
599
609
606
605
602
609
601
611
606
603
607
594
608
596
597
601
601
602
598
603
597
602
595
601
599
594
598
595
600
599
603
603
599
599
602
606
598
597
597
597
606
602
595
601
603
600
604
611
600
613
601
592
597
599
604
603
605
600
594
606
597
595
595
597
596
590
612
603
600
595
602
595
600
598
605
600
600
616
606
596
609
610
607
596
606
600
600
599
594
598
595
606
603
602
605
604
594
594
595
588
605
603
607
604
602
596
601
603
607
608
598
607
602
598
610
596
595
604
601
601
602
601
601
596
604
594
607
596
604
602
604
600
600
594
597
598
596
594
604
608
602
603
593
603
600
602
601
598
598
599
595
597
600
602
593
603
604
599
603
596
597
595
603
600
602
596
606
601
597
598
605
596
600
604
606
605
610
605
601
602
605
599
597
603
600
595
607
600
597
597
604
601
598
594
598
603
598
604
602
596
600
592
611
607
603
608
598
598
600
604
601
597
609
595
601
595
598
598
596
601
601
597
604
603
605
601
599
600
600
597
606
598
609
605
603
600
600
596
596
595
595
602
605
607
594
611
606
607
605
598
601
605
601
595
602
601
592
600
598
607
603
597
600
599
604
604
597
601
599
601
594
600
595
600
603
599
601
594
592
615
593
600
599
602
600
605
600
601
606
601
602
600
597
597
604
602
600
596
596
597
605
593
596
603
601
593
601
598
596
599
606
596
595
606
592
599
603
599
601
602
596
603
593
602
607
609
604
607
597
597
601
599
600
601
597
594
606
595
597
603
603
598
607
599
605
609
599
602
599
609
600
596
606
606
599
602
598
604
600
610
600
605
597
603
597
604
605
603
594
605
598
602
594
595
604
595
597
598
604
598
598
602
601
603
596
599
608
600
598
606
595
591
601
609
599
600
593
596
599
595
614
596
604
605
603
606
603
601
596
604
601
595
599
602
600
604
598
606
603
593
595
601
606
601
607
603
609
601
600
604
596
597
596
594
594
599
602
596
603
592
602
605
592
600
596
602
601
596
605
592
599
601
598
600
597
597
594
599
602
599
602
594
608
606
594
602
595
603
598
601
600
600
604
590
592
593
600
600
603
600
604
602
606
594
608
599
603
594
596
595
597
601
595
608
596
608
599
603
602
601
602
604
600
601
604
609
601
604
598
602
597
600
598
603
604
601
603
602
606
600
598
603
596
604
602
597
599
606
605
600
598
602
604
597
601
601
601
601
594
598
604
587
586
595
599
595
593
596
608
603
597
602
598
593
598
592
596
601
599
605
604
594
589
604
599
602
596
601
597
605
594
605
602
600
611
597
601
609
601
602
600
600
601
595
604
606
604
604
599
603
601
611
602
597
604
599
609
598
592
605
600
598
593
603
598
599
596
600
595
601
604
600
610
603
598
597
602
604
597
605
600
598
606
590
609
601
598
610
601
601
609
607
602
607
609
592
605
591
608
594
591
593
594
599
599
603
596
611
602
593
602
597
603
605
603
594
606
603
604
598
604
587
611
596
599
603
598
606
598
603
604
600
602
600
605
594
605
599
594
603
601
597
600
591
604
598
605
605
601
591
601
600
601
601
596
603
606
596
606
604
597
604
590
593
596
602
604
600
601
610
603
606
597
598
605
600
600
596
598
597
596
598
601
598
606
602
602
599
604
601
592
588
601
597
606
602
600
595
597
605
590
603
604
608
606
599
597
595
593
600
601
595
611
594
605
608
599
598
596
598
600
605
599
609
603
592
603
593
602
596
599
597
607
594
599
599
597
598
602
601
603
601
597
610
595
594
594
602
601
600
596
598
601
595
600
597
600
604
601
600
599
597
600
604
590
602
595
599
603
604
594
609
604
597
593
606
599
609
603
590
604
599
604
587
590
600
602
594
598
603
593
595
597
609
607
602
603
598
594
600
603
596
597
599
607
600
611
599
599
607
587
603
602
601
592
605
599
601
597
609
604
603
605
606
603
595
602
601
598
598
600
593
596
599
602
593
602
594
593
601
601
598
613
601
604
611
605
597
601
598
601
592
601
597
601
602
607
597
598
596
606
600
602
593
601
594
601
600
603
596
606
605
601
593
607
610
596
603
600
606
597
602
601
597
599
599
598
603
606
597
599
594
597
595
600
602
598
595
603
605
611
591
603
590
595
602
598
603
607
590
600
604
598
600
598
600
597
595
601
592
606
600
598
596
606
597
590
605
600
600
601
599
603
600
592
601
599
595
600
603
602
606
604
599
593
598
593
605
598
602
593
601
601
602
603
605
602
599
604
597
607
608
601
602
601
604
603
601
601
596
601
603
600
599
599
601
605
589
602
601
598
602
594
604
604
599
591
603
602
598
599
596
603
600
600
597
597
600
601
602
594
599
600
598
596
606
598
593
596
604
605
599
605
595
596
599
605
599
592
599
608
602
602
602
605
602
601
602
595
603
595
596
602
593
606
604
601
601
603
600
604
604
596
606
594
601
601
597
604
603
607
594
600
589
606
598
602
597
601
592
605
595
604
611
600
595
599
604
600
598
592
605
592
596
606
590
596
601
600
597
604
600
600
608
599
599
602
598
601
600
603
596
596
601
599
602
596
601
597
600
602
599
600
600
598
595
607
602
601
606
600
594
598
600
599
600
588
606
601
603
600
604
600
601
597
600
596
601
592
597
598
601
600
601
600
600
600
604
598
591
603
593
596
603
588
599
602
600
597
603
597
604
601
601
594
595
598
591
600
598
601
596
603
603
603
603
597
606
597
596
600
602
599
593
614
592
596
602
597
602
596
595
604
606
589
592
590
598
599
597
593
599
604
594
597
598
598
596
598
601
600
600
610
596
589
599
596
602
595
597
606
606
604
612
603
597
606
599
599
600
601
607
598
604
602
599
603
604
601
601
594
603
602
600
602
595
602
599
606
601
596
609
603
601
600
608
610
591
591
593
606
601
598
598
603
600
598
590
601
595
603
602
602
599
592
613
591
600
598
601
600
600
604
601
604
603
602
598
606
598
594
599
594
604
592
599
600
