610
606
610
607
602
603
609
599
601
599
599
597
592
602
604
601
606
602
607
600
601
598
603
607
604
597
601
596
603
601
597
594
599
597
601
596
601
594
596
599
603
601
594
594
596
601
595
601
606
596
603
598
601
602
600
596
597
595
601
600
601
604
594
609
604
595
596
595
595
593
598
598
598
594
602
600
594
598
602
594
605
606
594
595
597
593
589
595
601
598
604
598
610
600
600
603
596
603
601
595
603
601
601
607
600
595
604
593
604
608
610
600
606
599
594
600
597
605
596
606
607
595
605
594
596
597
608
594
598
594
603
601
596
605
596
607
595
607
607
602
603
599
601
601
599
592
608
598
604
597
606
599
602
596
601
597
609
603
602
598
600
592
604
600
592
605
594
609
603
598
603
605
595
608
597
598
601
598
601
606
613
595
606
598
602
600
603
602
590
591
600
597
595
596
606
598
593
598
609
599
602
610
598
601
601
600
601
599
596
603
602
598
611
595
605
601
590
601
603
601
606
599
597
600
593
597
601
595
593
592
595
593
604
596
599
596
592
599
601
594
596
593
595
590
597
596
604
595
600
589
597
602
594
603
596
602
602
603
600
597
602
598
604
604
608
603
599
604
600
603
597
600
599
595
602
605
611
605
599
595
597
595
606
605
598
608
594
591
600
605
604
599
594
606
600
604
601
606
604
597
594
593
599
593
595
599
592
603
603
607
601
595
600
599
603
597
602
598
597
606
606
597
601
604
595
608
592
598
604
596
595
594
595
598
595
591
601
604
600
597
597
601
602
596
601
598
600
601
600
603
596
596
598
598
606
600
595
600
607
601
598
604
606
594
601
601
606
601
592
598
607
605
598
592
605
605
609
595
598
598
599
600
594
607
600
601
611
595
589
598
598
601
610
598
600
597
598
601
592
601
601
598
596
605
596
596
603
602
601
594
595
597
592
598
600
597
602
593
597
602
600
596
593
596
587
603
600
599
604
600
603
602
601
590
595
603
597
595
596
603
593
610
598
596
595
596
602
600
600
603
595
610
602
600
609
604
608
601
597
605
597
602
602
603
600
590
599
597
597
602
598
603
599
597
609
601
604
597
601
598
595
602
594
596
604
598
587
601
600
598
598
604
605
598
594
602
593
590
598
591
602
599
598
600
598
610
591
602
584
598
603
607
598
608
600
600
606
605
594
592
602
595
589
600
596
594
603
597
598
600
597
598
600
599
597
594
599
606
601
593
598
598
594
606
602
600
596
597
600
607
596
593
602
593
601
598
601
602
602
612
603
600
606
600
606
609
600
603
602
599
608
605
598
595
607
602
598
607
598
599
597
595
606
596
589
602
593
606
596
603
598
596
602
605
601
603
600
600
598
598
595
592
604
595
595
588
591
602
603
598
600
607
589
607
603
595
605
602
597
602
596
601
605
602
598
597
596
602
596
599
609
605
606
600
600
597
604
592
609
601
603
598
610
598
603
602
602
602
594
602
602
597
599
601
597
604
605
601
602
603
605
597
596
599
600
600
596
604
598
592
606
601
596
600
600
601
601
597
605
594
601
595
604
599
597
595
604
606
609
601
591
600
604
597
607
597
594
596
592
602
596
605
591
603
596
596
589
596
601
598
595
593
603
597
610
600
595
599
601
594
596
602
601
596
595
599
595
594
606
594
595
596
596
601
601
590
602
594
604
600
606
601
596
599
603
609
599
601
594
611
599
592
603
594
597
591
597
595
588
607
594
598
602
601
594
600
601
599
599
593
597
593
601
595
601
594
610
598
605
604
593
593
601
598
592
603
595
596
609
591
604
601
600
598
608
607
599
603
603
597
602
603
597
600
600
593
600
601
592
601
600
599
601
600
599
602
597
602
598
592
600
591
602
597
601
600
604
598
593
608
602
593
600
603
588
601
600
597
596
599
602
600
606
594
596
601
606
603
601
598
601
597
591
594
605
593
595
605
596
614
598
597
597
604
604
598
601
598
595
602
601
596
611
605
605
600
602
602
597
604
598
602
593
590
592
602
592
603
600
601
591
595
600
599
594
599
597
597
599
598
594
596
600
596
605
597
603
594
597
597
601
604
591
598
600
598
604
603
610
596
604
604
592
597
603
605
596
600
592
599
597
594
595
610
597
595
598
594
603
593
594
597
597
596
602
604
602
605
596
600
600
598
587
609
595
605
596
593
604
597
594
599
596
598
601
598
606
596
596
607
598
597
602
598
599
600
589
603
605
601
602
587
598
610
607
603
593
603
598
601
596
593
602
599
607
601
604
599
589
602
601
604
596
603
604
598
606
604
590
604
593
596
598
604
603
599
595
596
598
600
601
608
603
597
598
597
601
600
604
603
607
604
601
610
602
603
598
600
603
603
596
594
606
595
606
604
610
606
604
596
609
601
601
609
601
596
595
600
595
601
603
598
607
595
599
596
602
604
605
596
592
592
595
596
598
600
597
598
600
597
598
593
599
599
600
598
605
596
591
597
607
598
602
602
604
601
599
607
598
598
603
587
602
605
592
594
591
603
598
600
595
596
598
603
605
595
597
600
601
597
611
597
600
601
597
604
602
602
603
601
593
604
596
599
601
589
595
602
602
601
593
601
595
600
592
600
602
603
599
599
601
604
603
611
594
595
597
604
595
605
594
607
604
603
609
601
607
602
599
593
599
595
586
608
598
592
597
595
595
602
602
595
601
598
605
604
597
601
604
600
601
604
607
597
596
596
606
599
602
604
600
598
607
611
601
603
602
609
601
597
602
599
603
606
594
602
600
603
600
601
598
599
604
596
606
606
599
597
594
594
602
601
596
596
598
596
600
598
594
603
598
594
600
601
596
602
606
606
589
598
600
608
598
598
595
598
591
603
595
608
596
603
593
603
597
604
601
603
596
602
596
600
604
602
598
601
602
599
597
605
601
598
600
601
598
603
610
600
599
599
595
607
611
597
600
606
604
605
598
599
596
599
594
592
606
591
589
596
601
600
598
600
597
593
602
595
602
602
604
604
602
603
595
607
603
598
602
593
595
601
599
602
594
609
601
591
600
597
594
600
