602
602
593
601
600
607
612
603
593
608
604
604
597
601
599
600
595
611
601
601
604
595
594
603
597
603
596
592
593
598
600
598
604
596
596
596
592
602
600
603
601
605
605
604
597
599
602
608
602
597
595
604
601
597
597
597
603
599
604
601
602
602
603
598
603
595
593
596
594
602
599
605
603
601
594
606
599
594
601
601
605
608
602
603
595
601
591
600
602
597
606
598
599
593
604
607
599
592
601
596
602
600
600
595
593
600
602
606
607
606
606
603
607
588
599
597
603
611
607
598
601
598
599
603
601
602
605
598
598
604
595
600
593
587
604
597
591
600
596
601
599
601
605
599
603
596
599
597
597
599
602
592
599
599
604
602
614
603
593
604
603
601
596
596
594
600
602
595
603
589
598
597
602
600
596
603
598
602
601
603
603
600
596
600
605
600
609
599
599
595
606
595
605
597
597
599
600
593
607
598
593
597
600
600
599
603
602
596
593
600
601
601
598
597
604
596
596
607
605
601
597
601
604
601
599
597
597
593
599
599
595
603
601
591
597
595
602
598
601
597
605
604
593
603
597
600
594
600
595
591
595
598
595
600
603
597
596
603
600
600
603
601
599
611
601
602
598
598
602
596
594
604
603
595
593
597
599
598
595
590
598
603
597
593
591
603
597
599
603
608
600
602
595
600
596
598
602
597
598
601
594
601
592
594
602
597
600
600
605
596
598
593
604
596
606
601
592
603
599
603
600
596
599
602
602
597
601
602
601
595
600
606
593
601
605
597
596
599
597
601
604
592
607
603
605
595
597
594
597
597
597
598
601
601
600
598
592
603
599
602
595
597
599
599
604
602
596
602
599
595
602
602
594
600
597
605
592
596
597
604
608
600
597
599
603
610
588
596
596
596
596
600
603
599
599
593
602
598
603
607
603
606
602
596
599
603
599
597
597
610
602
610
600
604
599
600
607
590
597
592
603
598
600
605
604
600
596
600
600
602
605
596
596
599
599
601
599
596
589
597
601
598
606
597
601
597
604
606
594
608
593
606
604
603
603
601
591
599
591
600
598
596
600
598
598
599
601
603
596
596
596
603
603
607
603
603
599
605
592
599
602
601
599
592
598
604
601
597
594
597
600
598
599
605
594
601
597
601
602
612
606
603
605
602
595
609
595
598
594
606
601
599
594
601
595
593
601
599
593
601
595
608
601
597
597
604
598
598
601
602
603
605
604
598
608
602
600
593
600
602
595
602
601
597
590
596
597
593
602
612
598
599
600
596
603
598
597
602
604
594
597
599
592
598
602
600
598
599
603
602
597
598
598
601
600
597
592
600
603
597
601
592
589
605
599
599
611
595
605
604
602
597
597
602
599
610
608
596
592
608
602
592
594
601
603
598
593
589
602
603
596
595
601
601
600
602
600
594
599
602
602
595
598
597
601
603
589
594
598
596
604
604
597
606
594
596
605
594
595
592
585
611
599
599
601
599
601
604
597
606
596
596
600
597
604
605
603
599
608
600
596
599
606
600
595
602
600
603
592
602
597
600
605
594
601
604
595
595
605
599
599
598
601
599
595
602
603
598
599
602
609
602
604
593
596
599
598
604
598
599
603
595
598
602
598
603
598
601
603
594
601
600
596
602
587
604
603
610
597
605
601
594
599
593
601
599
607
604
601
601
610
591
592
604
600
599
599
597
600
604
601
597
597
599
599
599
598
598
594
595
606
602
601
598
599
599
594
598
607
600
604
601
602
594
600
603
608
603
600
603
589
600
595
604
592
604
600
595
600
596
587
599
597
610
598
596
601
597
596
595
601
602
601
599
596
607
602
600
600
603
604
602
604
596
597
606
610
601
592
600
593
595
601
595
605
600
602
600
601
601
602
601
597
598
595
601
601
599
601
599
599
601
593
601
604
597
604
609
591
595
598
592
597
597
599
599
600
591
600
599
598
610
609
598
599
601
601
605
606
599
588
594
605
598
606
605
603
605
598
600
596
593
602
607
594
597
600
600
602
601
596
599
599
609
593
597
593
601
603
598
600
599
598
599
597
595
594
601
592
600
601
605
606
601
602
600
603
597
589
607
601
608
598
599
606
604
595
603
600
601
598
604
602
599
599
593
605
598
598
601
598
600
600
605
609
595
604
593
597
600
605
597
605
595
596
599
601
591
589
601
596
600
607
601
600
606
606
598
600
600
600
601
606
602
602
596
597
603
595
593
604
604
599
600
595
585
594
594
598
602
602
604
601
602
596
602
596
604
603
597
597
596
598
598
600
605
598
598
597
604
595
601
598
593
604
597
600
601
601
602
604
597
600
604
601
604
598
606
600
605
597
603
601
600
602
592
602
598
599
605
599
597
603
603
605
600
600
601
598
596
597
597
594
599
603
603
599
602
600
607
600
602
601
604
599
601
602
593
608
596
600
594
603
597
586
586
595
604
600
601
604
600
599
595
602
604
595
603
600
593
599
594
608
606
592
602
603
598
598
598
599
595
601
598
602
600
589
601
601
601
599
596
600
605
599
608
596
599
599
601
599
595
597
601
601
593
599
593
598
596
596
595
596
596
599
597
596
594
608
598
604
603
601
600
598
603
602
600
604
608
592
603
593
594
608
595
587
604
599
599
602
596
590
601
595
600
600
598
599
607
602
600
608
602
605
601
595
605
599
605
600
602
602
593
604
600
596
594
589
596
595
603
596
605
593
599
606
602
594
601
601
599
595
602
601
598
593
600
595
597
592
601
602
595
595
588
597
601
596
599
594
599
604
591
592
601
604
604
604
594
601
596
601
596
600
594
593
592
595
595
602
597
601
599
601
604
596
604
600
602
599
600
607
604
596
612
601
599
599
594
592
598
596
603
594
601
591
608
599
604
594
590
599
594
604
603
589
599
601
601
597
601
602
610
604
596
601
604
591
599
596
593
603
608
593
600
605
602
595
598
606
609
598
601
594
603
592
605
602
599
598
597
598
601
596
596
599
602
600
593
597
591
596
599
592
592
594
605
604
601
594
598
601
606
599
600
595
602
592
605
600
596
597
601
597
601
602
591
600
604
