604
598
608
605
607
600
612
604
607
594
598
607
605
596
596
595
602
613
599
597
610
605
604
606
600
604
602
613
609
595
605
604
602
604
600
600
596
601
601
601
594
599
603
588
600
600
604
606
597
604
600
608
603
603
596
596
604
606
606
610
601
592
602
594
599
597
600
601
605
603
602
605
598
602
601
594
596
603
606
602
604
606
598
602
605
602
606
612
600
596
598
603
602
596
595
596
599
605
599
605
602
601
605
602
600
598
598
606
600
597
600
601
601
601
598
608
601
599
604
604
598
601
596
600
602
601
603
603
602
604
597
597
603
598
602
604
594
597
597
596
598
606
597
597
603
603
607
603
599
601
599
590
597
601
597
596
606
600
598
605
600
599
597
599
607
599
601
603
589
600
602
604
600
596
596
609
598
611
598
605
603
594
600
597
598
598
597
587
597
599
601
590
596
603
597
601
598
600
600
594
605
603
593
591
607
598
597
595
604
595
601
600
607
605
597
604
602
600
599
598
602
601
595
603
601
602
607
600
605
599
601
599
607
596
596
602
604
595
600
598
595
595
600
596
598
595
599
592
593
607
601
594
601
599
601
606
599
610
599
604
598
603
597
603
603
596
597
600
598
609
605
603
603
604
605
603
604
598
593
595
593
599
602
600
597
600
597
597
596
602
601
596
602
605
612
609
601
600
602
596
595
596
603
595
594
600
593
604
600
598
597
595
597
595
596
601
598
592
591
607
601
588
604
602
604
600
596
600
604
595
592
601
594
603
598
606
595
603
602
604
609
601
596
598
595
603
592
604
607
599
596
601
600
601
597
602
595
595
597
603
603
597
599
600
591
595
600
601
604
597
596
608
602
600
602
596
595
604
593
605
601
602
602
595
605
605
600
597
600
603
605
603
602
601
593
602
600
598
594
596
601
602
596
593
595
607
601
601
598
603
601
598
597
604
600
588
605
603
603
608
601
593
600
597
600
593
596
596
602
591
592
594
602
593
604
604
598
589
614
600
599
597
600
607
599
593
605
607
601
601
601
596
599
605
595
598
605
597
595
601
596
603
599
601
600
600
602
602
593
594
599
600
601
596
595
604
597
590
606
604
604
597
598
601
609
595
599
603
596
603
609
598
594
602
603
605
601
605
604
605
591
599
602
605
601
603
595
604
596
595
603
590
604
608
600
602
599
600
597
598
600
598
598
597
600
598
601
602
606
595
604
594
600
600
601
600
600
596
600
595
611
605
596
602
597
597
607
600
602
604
601
602
595
601
601
598
599
606
597
596
605
604
604
603
597
603
598
606
602
603
592
600
599
593
598
599
606
609
597
603
602
603
611
603
608
602
589
594
600
603
593
591
600
597
592
604
603
591
598
596
593
595
595
594
596
598
598
592
600
604
604
594
603
599
601
600
594
602
601
594
595
603
603
598
596
601
597
602
606
605
593
605
594
594
598
601
598
593
604
602
596
593
605
587
592
603
597
607
601
598
594
594
605
600
604
601
606
597
604
604
601
597
602
604
594
602
599
603
600
600
597
605
598
607
600
595
595
606
592
592
594
595
603
598
601
595
598
600
597
605
600
591
594
603
604
590
600
598
596
597
601
591
603
602
595
594
600
596
597
594
597
597
598
601
605
594
598
610
599
598
597
607
596
603
590
606
597
601
590
598
598
594
592
595
598
599
604
599
597
602
600
598
605
606
599
593
597
597
602
602
604
596
598
609
603
603
603
606
603
603
598
603
603
602
594
597
598
597
594
595
611
608
594
602
606
598
603
595
607
594
600
604
600
596
599
604
597
598
600
597
596
598
591
597
595
601
599
603
601
607
595
606
606
603
607
597
604
601
604
596
595
591
604
601
600
603
599
601
599
605
599
599
607
598
598
603
599
608
600
597
597
601
606
599
592
604
602
604
606
601
600
594
601
600
605
602
597
597
601
601
595
603
599
600
606
594
598
597
602
605
601
605
603
599
602
602
609
594
604
602
592
590
594
601
600
601
598
598
603
606
595
601
602
595
604
594
601
598
590
601
600
593
604
604
603
595
594
606
599
595
601
597
600
597
598
606
599
595
602
601
602
594
600
603
592
601
590
599
600
597
606
602
609
601
594
599
604
604
608
587
602
608
598
599
606
602
595
596
603
596
599
601
596
598
602
604
607
601
604
601
593
607
600
601
596
599
603
605
598
600
599
600
601
602
600
600
612
595
604
595
601
600
595
611
598
596
606
603
600
603
597
598
605
600
601
605
597
601
600
603
597
604
600
599
601
601
598
602
596
601
601
606
600
599
599
602
599
600
598
597
610
599
605
605
600
594
604
601
604
602
596
602
610
603
596
599
603
598
597
602
611
595
607
599
602
607
602
596
597
600
593
607
610
597
605
598
602
602
610
591
600
598
602
596
598
589
599
604
595
604
593
596
601
600
601
597
607
608
600
598
611
598
596
601
600
600
600
602
591
602
596
595
601
602
603
599
594
601
600
593
604
589
597
606
599
598
588
595
595
596
600
598
606
597
605
605
603
605
604
604
607
600
596
598
597
598
607
600
600
600
603
612
602
598
597
600
605
594
595
599
595
606
596
598
597
595
600
592
596
601
597
594
599
598
610
597
597
609
598
598
603
602
598
602
593
602
604
603
597
602
600
607
606
604
603
601
602
597
596
596
601
601
597
604
600
601
594
595
591
592
596
598
594
599
596
599
597
601
599
600
604
601
601
602
601
601
591
603
600
593
600
609
600
597
601
611
601
598
602
602
602
598
597
604
604
593
600
602
593
595
604
594
589
594
592
603
605
597
592
599
603
604
593
595
607
597
595
603
599
600
599
599
595
603
601
603
601
597
598
601
599
604
602
598
600
607
599
605
612
602
598
598
601
603
602
602
602
593
607
601
599
603
604
600
608
594
599
607
597
601
602
597
596
605
597
603
587
591
599
596
603
594
602
597
589
601
594
601
594
595
597
594
590
595
596
596
595
598
600
596
598
605
601
601
596
602
596
603
598
597
603
601
601
602
608
601
595
608
603
597
596
605
599
593
601
605
597
603
609
604
