608
609
601
602
601
605
604
610
606
611
620
607
601
606
606
599
610
607
605
607
601
609
603
613
603
607
609
605
599
609
610
598
611
605
607
603
605
600
607
602
609
602
611
616
605
597
614
602
609
611
605
602
606
603
598
606
600
607
615
604
601
603
603
607
602
607
598
604
603
606
597
612
602
599
614
611
611
608
605
604
603
600
603
602
605
614
606
596
602
601
607
615
601
607
604
601
593
609
596
612
600
597
605
611
608
614
606
599
596
601
599
604
602
604
607
607
600
602
605
609
607
601
603
606
599
617
605
608
601
610
612
607
604
605
597
609
606
596
600
602
605
605
606
610
606
606
602
602
606
600
606
610
607
602
607
603
612
602
604
604
604
593
599
602
607
603
607
597
598
602
600
607
602
611
606
602
610
606
610
603
603
617
609
606
609
606
602
608
611
601
600
601
598
591
602
598
603
597
603
600
603
608
606
603
607
606
602
609
614
605
601
602
600
598
602
609
597
604
603
611
604
599
598
596
613
607
606
603
596
605
615
598
606
607
600
608
609
600
599
596
596
612
608
606
607
605
609
609
600
602
602
611
599
611
612
602
606
613
597
601
607
603
611
601
591
608
607
603
609
615
607
607
612
610
614
618
610
603
612
613
605
614
611
597
607
607
603
608
608
607
612
606
612
607
607
606
606
610
605
614
615
618
606
616
612
615
611
608
612
609
606
620
606
611
611
612
621
613
600
604
620
617
629
619
622
619
613
621
630
622
600
620
608
616
617
616
620
612
616
626
631
626
611
638
612
611
623
617
627
634
621
618
621
624
635
626
632
626
620
639
625
644
611
628
636
626
640
638
642
637
642
649
629
637
627
638
631
650
653
641
641
647
650
645
652
642
652
647
662
659
638
657
639
670
670
649
656
658
710
665
699
654
681
688
693
677
671
687
703
702
671
688
703
700
721
708
683
718
735
724
724
738
714
747
758
749
785
770
760
747
777
777
780
763
773
801
826
806
800
806
835
840
845
857
846
862
856
896
898
880
922
907
917
919
916
930
925
1008
993
978
1009
1045
1070
1052
1017
1050
1072
1102
1097
1108
1137
1131
1144
1122
1162
1251
1250
1289
1250
1350
1276
1336
1387
1383
1435
1420
1455
1491
1484
1464
1574
1497
1566
1597
1520
1686
1623
1662
1762
1788
1799
1841
1780
1842
1952
1939
1933
2016
1947
2041
2129
2085
2123
2165
2205
2279
2413
2356
2401
2444
2454
2548
2579
2610
2618
2565
2668
2766
2766
2748
2889
2973
2917
3009
2998
3042
3164
3145
3294
3184
3452
3458
3501
3553
3555
3637
3686
3891
3861
3889
4033
4001
3941
4022
4075
4160
4380
4269
4177
4356
4432
4407
4657
4707
4722
4764
4721
4959
5168
4886
5075
5084
5303
5288
5333
5317
5368
5603
5399
5524
5566
5799
5722
5704
5779
5785
6119
5952
5928
6206
6350
6015
6269
6233
6378
6388
6460
6582
6520
6494
6563
6543
6627
6584
6579
6545
6932
6907
6928
6887
6817
6741
7033
7085
7131
7028
7001
7157
6948
6944
7198
7015
6932
7178
7201
7181
7128
7082
7289
7433
7188
7268
7482
7195
7367
7287
7519
7510
7357
7411
7499
7517
7305
7397
7519
7318
7408
7283
7361
7177
7369
7242
7232
7404
7214
7491
7461
7323
7326
7267
7410
7227
7222
7373
7271
7317
7244
7351
7311
7193
7047
7267
7269
7117
7130
7136
7194
7056
7135
7289
6996
7067
6905
7152
7030
7085
7070
6989
6771
6884
6975
6782
6848
6691
6830
6879
6626
6638
6573
6729
6638
6531
6571
6438
6703
6695
6604
6597
6590
6382
6603
6560
6388
6468
6418
6295
6395
5949
6301
5987
6000
6069
6189
6094
5964
6003
5916
5941
6090
5951
5897
5895
5825
5912
5729
5650
5752
5674
5624
5626
5548
5550
5565
5278
5453
5478
5294
5330
5338
5166
5158
5133
5021
5189
5171
5047
5162
4950
4930
4820
4821
4884
4780
4688
4686
4797
4623
4678
4579
4723
4544
4461
4544
4448
4402
4315
4352
4363
4344
4285
4222
4218
4218
4101
4313
3999
4003
3994
3872
3924
3800
3857
3755
3603
3616
3628
3600
3552
3446
3488
3534
3510
3485
3455
3399
3369
3284
3393
3239
3199
3186
3261
3220
3076
3152
2912
3101
2987
2867
2927
2921
2764
2788
2716
2669
2746
2719
2660
2599
2619
2602
2577
2595
2562
2419
2496
2479
2429
2376
2429
2305
2399
2257
2227
2274
2243
2256
2147
2097
2126
2142
2086
2068
2022
2057
1999
1923
1971
1907
1984
1894
1894
1862
1842
1911
1804
1888
1789
1826
1726
1632
1731
1697
1644
1666
1605
1578
1624
1605
1573
1527
1609
1525
1492
1512
1467
1517
1451
1468
1521
1445
1442
1373
1378
1440
1360
1359
1353
1408
1281
1322
1320
1298
1302
1252
1220
1262
1200
1217
1154
1201
1192
1151
1236
1166
1196
1156
1155
1162
1159
1151
1111
1133
1074
1154
1089
1108
1075
1045
1047
1047
1018
1025
1032
1032
1033
1001
1001
1000
954
983
986
950
972
991
943
944
950
956
941
897
935
948
945
924
959
925
892
915
914
875
881
916
894
859
896
889
877
858
856
871
825
869
881
829
852
839
856
860
853
829
821
821
819
816
822
827
789
804
812
785
788
785
771
821
797
797
757
801
785
792
761
788
757
800
769
785
738
771
788
750
749
773
739
747
711
742
781
743
743
738
745
727
726
747
726
726
716
704
749
730
716
735
701
707
702
728
697
716
712
709
708
699
719
725
694
671
696
716
715
693
685
688
675
708
678
662
692
674
671
672
695
680
690
672
693
667
685
672
668
688
682
675
664
669
669
675
659
678
676
653
666
658
683
647
667
649
667
657
656
659
670
657
662
656
657
669
654
651
655
658
637
652
652
639
646
650
643
645
655
656
650
637
638
650
646
658
646
644
641
649
658
645
658
639
625
637
631
626
628
642
649
647
629
637
639
641
636
638
626
624
627
629
632
635
640
626
641
629
610
643
628
629
633
621
641
625
625
618
636
628
625
633
626
631
625
616
630
630
636
628
626
632
629
620
625
620
624
626
619
621
633
627
617
613
622
607
616
615
631
616
633
619
611
620
614
616
627
623
628
612
609
622
619
621
612
625
626
612
622
599
616
610
610
621
618
616
620
622
607
610
614
611
610
616
604
615
610
621
611
617
608
612
622
612
604
626
610
617
623
619
610
613
604
614
620
609
616
622
619
599
630
617
607
612
610
609
603
604
606
617
611
600
614
605
597
601
603
592
614
607
612
620
605
616
613
620
600
618
594
606
613
602
615
605
602
610
613
608
608
609
602
613
605
610
602
606
599
596
608
607
598
605
615
605
610
612
610
602
613
608
606
603
614
613
600
604
606
608
608
611
614
613
610
599
608
600
602
610
598
614
614
602
606
603
601
609
615
609
611
