605
602
612
614
602
598
615
607
612
609
602
611
601
606
610
599
612
613
606
607
599
605
605
603
616
605
605
611
602
612
606
617
611
605
615
606
601
603
602
606
602
604
605
601
605
611
615
613
602
614
613
604
605
604
605
606
596
607
622
605
617
609
597
602
602
607
610
607
603
606
611
606
603
603
602
601
605
610
608
608
609
614
613
609
597
601
607
607
600
598
600
598
603
603
612
610
607
612
610
597
604
609
605
612
612
602
600
600
604
598
604
604
607
611
601
606
606
605
613
614
607
608
603
612
605
602
607
601
600
602
606
607
611
607
604
614
606
602
602
609
608
613
610
604
604
613
609
599
610
593
605
602
602
598
618
603
602
610
602
607
604
603
609
607
604
601
607
600
597
602
610
598
612
608
603
600
616
608
609
609
606
615
607
606
608
600
608
610
604
609
598
607
608
617
602
605
613
600
603
615
598
601
603
606
608
600
608
603
604
605
605
599
605
605
602
612
607
611
607
613
598
611
611
607
619
602
622
598
605
611
598
609
608
601
616
610
615
603
605
600
604
613
610
600
603
607
611
622
607
607
612
601
604
597
615
607
597
608
609
597
603
613
607
611
605
614
601
609
616
605
618
617
619
609
619
615
602
609
610
613
618
618
615
615
611
612
627
602
614
609
611
616
619
619
608
613
620
612
613
602
625
615
624
616
608
612
626
612
615
618
621
617
620
619
621
614
630
629
642
622
614
622
631
632
630
624
625
633
630
631
628
632
633
640
622
630
627
646
628
644
656
657
642
641
643
650
642
639
639
625
654
639
651
650
637
660
656
652
663
668
657
664
664
644
665
657
675
672
665
687
669
673
672
678
693
660
672
682
698
687
705
673
671
675
696
696
701
703
722
710
689
710
748
718
749
731
731
724
739
722
734
766
751
741
767
753
774
773
787
806
777
788
800
793
821
803
789
846
810
858
846
880
825
858
857
903
926
852
925
907
931
932
921
973
936
991
981
985
979
1020
1056
1044
1039
1044
1081
1086
1092
1096
1180
1170
1115
1190
1193
1174
1210
1243
1338
1292
1329
1343
1389
1408
1401
1460
1451
1482
1514
1579
1587
1568
1624
1659
1673
1694
1717
1712
1807
1841
1860
1880
1866
1961
2087
2044
2093
2213
2117
2226
2310
2302
2364
2356
2362
2434
2456
2615
2617
2645
2614
2685
2907
2796
2818
2977
3088
3113
3264
3133
3307
3346
3330
3430
3513
3540
3625
3731
3803
3881
3949
3934
4027
4208
4183
4359
4426
4367
4529
4540
4617
4751
4880
4853
4999
4993
5079
5126
5185
5272
5520
5571
5774
5921
5753
6208
6246
6338
6299
6639
6564
6764
6579
6678
6717
7110
7199
7064
7402
7383
7387
7616
7897
7879
7986
8110
8138
8280
8434
8506
8811
8870
8999
8899
9099
9069
9395
9382
9544
9367
9637
9809
9683
9878
9998
10217
10201
10370
10514
10581
10617
11035
10901
11064
11020
10904
10924
11214
11433
11283
11370
11623
11578
11489
11509
11573
11940
12095
12205
12224
12102
12516
12498
12499
12353
12759
12495
12532
12406
12719
12695
12440
12694
12801
12749
12866
12782
12900
13001
12731
13062
12855
12927
12959
13309
13109
13109
13208
13116
13203
13348
13502
13317
13218
13163
13177
13169
13242
13280
13306
13020
13251
13302
13334
13223
13092
13237
13121
12987
13098
13225
13013
13185
13116
13461
13335
12937
13090
12998
12972
13121
12955
12994
13181
12927
13139
12900
12849
12995
12748
12817
12758
12477
12781
12717
12446
12889
12849
12756
12700
12703
12521
12312
12342
12316
12187
12244
12030
12167
12238
12115
12187
11982
11821
12018
12145
12195
12161
11792
11917
11870
11753
11890
11702
11566
11609
11542
11210
11309
11288
11430
11138
11105
10969
10884
10832
10984
10810
10740
10851
10746
10939
10746
10568
10505
10404
10483
10449
10623
10362
10009
10031
10229
10107
9880
10136
9805
9824
9715
9514
9441
9599
9508
9433
9365
9168
9285
9085
9166
9084
9007
8950
8735
8812
8703
8592
8326
8485
8138
8369
8247
8250
8372
7858
8244
7833
8033
7791
7825
7827
7568
7608
7596
7664
7468
7224
7193
7524
7090
7034
7080
6816
6920
6835
6783
6615
6587
6521
6565
6345
6277
6121
6192
6188
6085
6174
6051
5915
5915
5746
5879
5772
5668
5530
5497
5447
5478
5387
5255
5200
5206
5074
4921
5096
4912
4787
4839
4795
4684
4655
4651
4626
4588
4572
4407
4415
4294
4187
4176
4325
4132
4025
4075
4159
3872
3742
4002
3751
3721
3671
3663
3630
3562
3439
3505
3295
3439
3390
3304
3305
3353
3200
3286
3194
3166
3150
3086
3209
2991
2980
2924
2883
2865
2827
2841
2675
2675
2782
2678
2567
2538
2646
2555
2507
2520
2429
2394
2378
2384
2316
2368
2239
2285
2233
2226
2240
2235
2091
2134
2073
2125
2167
2062
2050
1942
1880
1922
1930
1941
1863
1868
1834
1703
1771
1746
1769
1752
1786
1737
1761
1636
1783
1705
1745
1596
1626
1605
1620
1532
1519
1546
1503
1534
1526
1508
1465
1460
1434
1401
1453
1462
1372
1396
1397
1431
1394
1284
1339
1372
1272
1270
1305
1312
1276
1219
1249
1230
1286
1198
1213
1307
1204
1180
1175
1186
1169
1184
1158
1102
1139
1102
1177
1120
1114
1103
1119
1096
1073
1083
1097
1052
1095
1042
1051
1039
1084
1052
1074
1006
1060
1041
1044
1016
996
1016
996
956
964
943
990
970
964
923
907
968
973
927
940
932
934
943
928
925
923
890
878
856
905
904
881
875
873
880
908
857
894
821
863
865
844
834
853
861
810
842
877
806
814
838
829
827
842
811
834
817
824
825
795
802
849
786
798
774
783
781
814
781
786
790
776
769
763
758
759
758
737
753
720
762
750
756
755
748
770
760
741
704
751
736
727
737
732
715
716
718
732
704
714
724
700
728
715
743
719
698
723
721
707
703
705
717
705
705
707
682
699
716
704
693
687
690
696
689
697
694
714
668
675
698
675
685
665
676
649
682
669
675
661
687
667
674
676
679
673
659
686
670
661
692
668
682
666
650
670
657
663
658
653
662
665
658
652
653
660
666
648
650
652
660
642
668
660
656
648
654
636
654
668
641
659
651
659
641
649
663
645
653
633
647
643
650
645
659
637
644
637
642
637
641
655
632
629
635
637
621
656
642
623
642
641
640
630
636
641
641
631
612
630
627
640
645
639
631
623
621
627
623
644
611
635
614
630
625
623
626
618
631
615
631
624
622
618
635
625
623
629
619
621
611
622
630
624
628
612
632
634
625
636
622
620
619
614
615
619
623
619
627
624
627
624
606
622
620
619
624
617
609
618
613
619
615
617
614
612
607
628
626
620
629
607
621
602
619
623
618
622
615
614
615
614
607
614
610
615
611
621
616
621
609
612
619
623
605
615
621
606
606
615
612
613
626
612
604
613
618
607
603
610
607
604
603
619
612
613
611
611
607
612
607
600
602
606
607
608
618
609
602
611
607
607
619
615
