601
610
609
614
612
607
615
602
611
611
613
603
606
612
607
601
610
602
604
610
611
607
603
603
598
612
609
610
603
608
609
603
603
611
606
602
609
608
608
614
618
610
607
612
609
603
606
613
616
613
603
615
610
611
607
610
605
616
602
614
608
604
613
607
606
609
599
610
610
603
607
605
604
604
605
604
608
603
614
606
601
602
611
603
605
604
604
610
606
611
606
611
613
607
602
608
601
614
605
613
599
601
609
601
603
605
607
604
608
600
606
605
600
607
606
610
605
605
601
615
600
609
603
611
602
602
620
604
591
595
610
605
607
605
605
605
607
605
606
604
602
603
602
607
600
615
607
611
615
604
611
610
597
609
612
596
616
608
609
612
600
596
612
606
603
604
605
615
612
607
602
602
613
607
611
614
604
604
603
614
603
609
616
597
607
611
610
609
610
602
600
612
600
603
607
613
603
607
603
610
608
598
604
605
604
612
607
618
604
604
605
614
611
601
599
601
605
604
610
600
601
604
600
606
618
618
612
610
604
607
618
602
610
610
600
604
610
614
607
603
601
612
606
600
604
610
612
607
602
617
614
606
601
596
600
616
607
613
611
611
613
621
604
609
602
610
609
617
611
613
607
616
614
603
617
624
612
602
619
609
613
612
611
616
606
611
614
612
614
614
606
611
615
618
621
608
613
618
629
608
622
620
622
626
611
614
622
620
617
612
619
612
622
628
616
624
608
628
613
625
633
623
626
643
631
645
627
618
609
617
614
612
632
624
623
617
618
629
619
637
628
636
651
637
627
652
638
636
643
637
652
639
632
645
646
646
650
645
629
650
664
659
650
649
660
633
669
650
647
649
669
655
654
667
676
661
686
664
666
694
676
688
690
716
675
668
690
701
709
710
676
709
686
698
693
726
728
719
730
721
748
733
730
756
726
741
758
754
764
758
752
756
779
773
760
795
793
798
774
791
823
826
853
815
824
841
866
875
906
881
879
923
918
924
929
969
960
956
954
977
1005
1004
974
1000
1029
1009
1035
1061
1100
1080
1140
1139
1142
1137
1181
1181
1245
1328
1228
1256
1285
1302
1310
1334
1324
1380
1441
1449
1455
1500
1519
1560
1544
1507
1594
1630
1651
1684
1663
1744
1761
1764
1884
1925
1986
1924
1923
2009
2058
1992
2141
2196
2256
2180
2202
2291
2314
2320
2338
2558
2588
2494
2619
2668
2655
2829
2796
2733
2923
2927
3057
3036
3076
3191
3250
3276
3295
3247
3421
3445
3595
3519
3580
3905
3867
3828
3945
4063
4049
4058
4225
4232
4319
4422
4439
4495
4719
4760
4687
4790
4878
4948
5170
5128
5356
5290
5537
5407
5538
5786
5768
5772
5936
5948
6017
6001
6252
6251
6454
6408
6639
6785
6793
6716
6909
7109
7279
7265
7515
7575
7459
7878
7782
7957
7800
8030
8098
8028
8144
8319
8348
8594
8469
8669
8819
8980
8894
9118
9113
9079
9186
9227
9347
9422
9644
9734
9740
9854
9797
9971
9906
9884
10158
10173
10110
10162
10440
10334
10487
10519
10777
10801
10962
10872
10864
10766
10859
10862
10717
11169
11085
10874
11061
11118
10911
11040
11087
11311
11092
11164
11322
11493
11503
11367
11306
11632
11483
11378
11581
11743
11556
11846
11694
11397
11559
11662
11579
11608
11557
11567
11603
11598
11654
11582
11669
11661
11437
11762
11519
11383
11693
11590
11439
11613
11461
11545
11450
11476
11550
11364
11443
11292
11204
11360
11103
11280
11300
11324
11263
11284
11439
11331
11100
11394
11391
11377
11178
11003
11212
11085
10884
10998
10768
10816
10647
10865
10895
10839
10671
10666
10648
10615
10629
10526
10276
10584
10607
10449
10229
10275
10221
10551
10229
10151
10355
10128
10151
10237
9959
9850
10086
9717
9820
9588
9630
9659
9588
9428
9710
9615
9534
9346
9384
9267
9362
9042
9134
9120
9259
8995
8859
8891
8947
8915
8635
8530
8469
8567
8538
8435
8508
8298
8439
8105
8174
8192
8258
7991
8069
7764
7734
7793
7852
7550
7788
7537
7568
7386
7308
7368
7209
7182
7173
7155
7094
7025
6918
7051
6905
6832
6832
6953
6816
6709
6500
6620
6413
6467
6323
6188
6252
6223
6027
5914
6012
6023
5991
5803
5809
5718
5698
5728
5733
5526
5620
5607
5435
5395
5353
5231
5253
5218
5094
5079
4960
5014
4834
4793
4843
4617
4682
4646
4338
4481
4375
4367
4381
4380
4173
4224
4219
4262
4158
4180
4068
3786
3968
3834
3784
3868
3792
3726
3722
3559
3563
3783
3513
3432
3409
3376
3331
3211
3347
3104
3222
3211
3117
3169
3257
3031
3108
2928
3036
2913
2926
2835
2842
2746
2659
2708
2617
2619
2617
2659
2638
2489
2486
2436
2394
2354
2411
2334
2346
2259
2228
2210
2221
2132
2180
2152
2040
2210
2079
2081
2013
2016
2074
1927
1936
1996
1877
1952
1888
1841
1924
1845
1780
1843
1734
1786
1731
1753
1741
1674
1759
1701
1632
1592
1620
1556
1599
1587
1551
1572
1520
1560
1550
1451
1440
1423
1484
1520
1454
1405
1401
1385
1352
1357
1370
1322
1289
1319
1332
1239
1311
1284
1258
1273
1297
1318
1268
1211
1192
1225
1157
1251
1211
1250
1183
1185
1206
1136
1117
1099
1130
1166
1101
1121
1130
1075
1094
1066
1065
1073
1052
1027
1047
1042
1034
1074
1015
1053
1015
1042
1036
993
1014
983
1013
1005
966
966
994
956
932
952
936
957
932
926
972
946
930
928
933
907
901
904
936
896
899
907
888
877
883
862
844
887
845
862
860
880
850
829
885
845
852
866
866
804
854
840
800
820
839
808
818
838
822
787
812
796
830
795
793
798
798
796
785
778
771
766
797
761
798
777
781
785
744
749
728
717
763
763
754
757
743
760
756
718
756
743
737
768
752
733
722
719
735
736
710
701
734
713
736
721
722
701
696
700
733
700
716
700
719
688
685
719
693
696
695
685
714
687
711
697
690
690
695
654
723
690
684
707
694
654
680
670
688
694
685
679
694
679
665
665
667
679
665
680
667
661
664
675
670
673
694
656
701
668
669
676
666
651
666
646
659
669
663
667
638
662
675
661
641
666
648
644
651
648
635
659
661
641
676
655
635
661
651
639
642
632
649
654
645
654
655
633
634
646
648
641
646
647
647
636
639
632
638
638
620
634
656
623
633
636
632
633
638
636
634
641
639
641
643
648
647
627
626
646
637
625
637
640
617
634
638
631
624
643
634
630
636
634
624
620
641
630
620
628
621
614
635
619
628
618
632
622
620
618
622
625
616
635
626
627
631
614
614
616
615
621
625
623
612
618
616
621
620
624
615
613
605
621
623
613
605
612
606
623
615
620
620
619
623
611
608
611
620
635
616
614
622
612
614
616
610
614
608
616
620
620
617
608
611
613
611
614
619
619
613
613
613
617
618
616
611
609
598
628
596
614
605
610
598
613
620
610
611
612
612
602
612
604
614
609
607
608
616
607
601
605
614
607
597
619
607
611
603
611
