626
613
611
610
601
605
607
613
610
618
600
612
615
611
609
609
616
599
606
595
608
620
614
604
605
609
617
624
611
621
608
608
616
610
613
622
610
621
606
612
610
621
611
607
622
618
606
608
615
606
615
616
618
610
604
600
614
608
619
615
606
610
603
606
609
611
602
602
618
621
615
613
607
610
609
608
625
610
613
608
609
614
616
604
615
609
612
612
616
607
612
610
604
614
604
606
618
604
598
612
604
609
623
605
611
609
613
616
605
607
612
612
612
607
611
615
614
614
603
624
610
614
599
605
610
608
611
605
606
599
605
602
611
608
614
613
606
601
608
605
609
612
604
608
606
596
612
607
601
613
621
614
617
601
603
599
610
599
610
612
607
606
604
607
612
602
610
608
607
608
599
610
610
607
604
606
614
615
602
605
609
619
618
607
616
604
621
601
598
599
613
611
617
616
599
614
613
607
606
618
608
603
607
608
606
615
624
618
607
614
604
611
612
615
609
616
610
612
612
632
615
619
601
614
615
613
610
621
608
612
621
624
606
621
614
614
617
615
611
616
612
615
610
608
614
607
614
626
610
620
610
616
622
608
606
611
615
606
604
627
608
612
605
610
617
612
617
609
611
604
603
623
618
616
617
623
618
626
617
623
625
605
616
633
622
616
623
631
627
628
622
611
619
620
619
608
621
621
627
616
619
633
623
637
628
619
608
629
619
638
633
632
645
619
633
635
624
626
631
631
633
629
628
654
624
638
642
645
641
627
640
646
664
650
638
653
651
630
651
647
648
658
637
636
647
654
639
652
665
657
650
668
667
679
677
663
666
654
655
688
660
660
683
672
664
661
703
682
699
718
700
710
689
707
703
709
698
703
690
729
703
708
708
721
732
733
732
724
757
775
735
723
767
782
774
783
765
789
769
776
813
810
823
830
813
807
817
763
838
880
821
856
828
859
855
879
887
879
919
904
903
912
910
969
949
942
976
938
967
1013
1050
1030
1075
1048
1079
1111
1092
1122
1152
1125
1118
1151
1243
1197
1199
1260
1227
1261
1289
1276
1320
1328
1364
1447
1413
1457
1484
1512
1563
1568
1535
1563
1581
1643
1673
1661
1726
1713
1751
1782
1843
1868
1981
1960
1989
2213
2190
2109
2195
2198
2215
2241
2351
2405
2460
2531
2406
2577
2603
2707
2689
2693
2790
2819
2877
2954
3104
3143
3276
3295
3322
3434
3550
3517
3653
3668
3620
3710
3794
3896
3863
3908
4063
4163
4259
4271
4387
4496
4620
4562
4758
4792
4944
5028
4985
5181
5292
5284
5405
5538
5814
5726
5699
5906
6008
6036
6304
6420
6344
6468
6537
6922
6804
7031
7263
7182
7514
7442
7436
7829
7950
7853
8122
8083
8163
8398
8553
8782
8664
8940
9205
8963
9464
9367
9622
10098
9842
10187
10354
10344
10515
10432
10585
10778
10795
10993
11085
11425
11297
11307
11620
11761
11772
12024
11901
12187
12409
12547
12874
12543
12950
13061
13170
13256
13338
13356
13372
13434
13559
13730
13470
13860
13930
13907
14163
14213
14149
14461
14829
14832
14971
15024
14923
14977
14982
15156
15200
15306
15104
15326
15429
15432
15290
15521
15413
15555
15587
15585
15659
15727
15636
16033
16134
15927
16113
16188
15839
16215
16179
16186
16381
16118
16161
16157
16229
16131
16165
16003
16040
16218
16160
16158
16299
16306
16240
16133
16402
16576
16338
16418
16219
16508
16313
16363
16124
16230
15909
16131
15975
16336
16175
16055
16027
15919
15891
16027
15845
15762
15827
15899
15641
15797
15623
15806
15778
15703
15812
15581
15568
15116
15302
15392
15193
15361
15087
14998
15134
15122
14953
14981
15008
15123
14964
15194
14897
14601
14716
15015
14593
14408
14429
14467
14523
14168
14521
14235
14003
14202
13714
13915
13865
13781
13831
13538
13711
13648
13817
13561
13704
13337
13787
13283
13203
13144
13058
12934
12982
12876
12923
12603
12714
12649
12556
12416
12250
12173
12301
11919
12071
12002
11941
11859
11690
11479
11760
11719
11440
11419
11520
11388
11265
11074
11086
11075
10999
10841
10766
10923
10752
10514
10104
10540
10513
10106
9914
9875
10018
9753
9674
9605
9658
9595
9302
9405
9151
9280
9202
9163
9104
9007
8839
8750
8699
8542
8633
8497
8288
8041
8418
8205
7948
7943
7994
7918
7950
7706
7637
7633
7527
7390
7383
7258
7131
7225
7105
7029
6918
6790
6603
6851
6677
6430
6331
6301
6265
6143
6274
6038
6170
5896
5822
5867
5927
5756
5636
5619
5516
5579
5396
5498
5265
5079
5192
5020
5035
4975
4967
4805
4814
4770
4765
4613
4556
4425
4434
4381
4418
4315
4381
4218
4196
4152
4050
4149
3877
3926
3950
3825
3883
3742
3743
3658
3724
3560
3581
3530
3421
3372
3296
3355
3269
3180
3191
3141
3083
3056
3101
2988
3107
2923
2958
2933
2866
2882
2842
2837
2738
2743
2625
2664
2668
2618
2603
2440
2615
2429
2447
2421
2400
2372
2393
2340
2308
2265
2272
2199
2287
2157
2195
2164
2180
2112
2060
2152
1983
2028
1970
1894
1955
1893
1909
1788
1816
1876
1835
1795
1823
1825
1726
1727
1691
1684
1675
1731
1644
1572
1599
1702
1552
1611
1554
1588
1450
1562
1581
1506
1488
1509
1464
1453
1461
1488
1420
1457
1438
1460
1399
1419
1328
1373
1331
1391
1334
1382
1331
1323
1253
1288
1269
1276
1238
1270
1174
1194
1237
1224
1220
1203
1126
1213
1204
1184
1192
1118
1127
1155
1116
1142
1137
1138
1159
1084
1128
1056
1137
1117
1075
1068
1054
1100
1051
1077
1018
940
984
1008
984
1001
1016
981
1001
969
931
984
976
969
1006
973
978
943
935
990
957
967
923
925
944
937
906
892
934
928
926
908
875
885
888
901
897
850
886
873
861
879
884
889
839
846
854
840
856
842
874
852
850
832
806
802
805
817
824
822
789
791
793
810
802
837
801
823
780
815
789
798
811
769
787
784
775
758
780
796
769
757
802
745
775
731
772
763
750
768
758
740
714
757
762
743
729
744
728
741
735
730
710
734
722
702
712
716
726
705
729
697
714
696
739
716
710
715
689
700
724
705
690
709
685
716
715
686
701
721
711
664
697
689
670
709
694
674
684
682
673
683
671
715
696
698
693
677
679
696
677
679
666
676
673
658
672
693
678
680
673
657
662
655
676
687
660
663
658
684
663
675
653
657
668
647
657
668
665
659
653
672
637
675
653
648
665
654
660
639
636
654
654
650
641
635
621
634
640
629
648
624
637
636
639
642
640
626
634
641
636
629
642
649
647
640
624
643
651
642
624
640
645
641
641
646
640
622
629
629
631
645
636
622
623
637
628
640
631
633
644
630
634
622
633
631
636
630
624
637
640
622
632
638
634
632
642
640
631
625
627
629
636
637
625
631
622
622
626
624
618
627
628
639
622
626
630
631
611
625
635
614
627
624
613
612
622
613
622
623
615
620
614
627
637
619
625
620
630
616
629
617
615
618
624
621
611
629
611
608
617
628
607
619
619
623
628
602
617
609
615
616
624
612
607
611
599
622
