623
629
620
612
613
627
606
613
608
602
606
615
605
610
621
617
616
627
608
619
620
619
616
613
613
619
616
623
621
617
613
613
610
622
622
607
622
614
615
613
616
616
603
616
612
610
618
622
614
616
612
628
620
613
614
615
622
628
603
612
608
603
607
623
613
617
613
609
620
610
614
615
619
607
614
621
621
611
612
610
617
609
622
610
615
620
610
614
613
607
613
600
614
608
608
613
622
613
605
612
622
603
622
616
625
608
626
615
605
598
606
611
610
615
618
614
611
599
612
614
621
613
613
617
622
612
608
618
616
609
621
621
620
616
608
610
605
616
611
613
613
613
623
614
618
610
619
617
610
629
614
604
611
617
614
625
614
605
608
603
605
602
628
615
607
618
619
612
614
625
611
606
607
608
607
613
608
614
604
625
608
622
612
612
608
606
620
614
615
599
612
610
615
601
617
618
614
620
603
613
614
612
620
625
607
620
602
605
614
621
620
600
618
608
610
612
618
627
616
608
616
624
601
612
615
614
617
628
615
615
622
613
606
611
618
610
613
612
619
618
629
629
622
610
616
622
605
644
623
625
629
634
622
624
625
620
622
623
622
625
630
623
628
613
624
628
635
621
625
649
618
615
641
634
632
620
623
625
641
625
622
635
636
643
639
636
623
641
627
631
629
631
621
637
639
631
625
657
652
654
649
640
651
637
632
633
630
650
645
644
650
653
640
644
646
662
672
667
656
655
638
644
668
658
660
667
658
664
655
660
674
671
668
683
669
660
666
671
692
679
697
676
674
685
687
683
697
682
689
683
691
716
693
703
702
695
693
717
721
734
733
742
694
734
747
737
741
734
735
762
754
741
742
755
762
783
765
769
757
759
802
769
817
826
779
831
782
828
821
812
816
838
840
866
882
881
874
866
916
907
858
932
925
944
960
936
950
947
970
999
981
1018
959
1101
1006
1062
1078
1054
1095
1027
1079
1144
1127
1135
1118
1187
1199
1221
1198
1182
1247
1220
1229
1269
1343
1333
1359
1403
1393
1462
1476
1478
1517
1439
1498
1608
1582
1526
1661
1718
1714
1762
1876
1787
1746
1873
1923
1960
1939
2042
2108
2074
2093
2267
2263
2265
2382
2310
2430
2439
2584
2588
2588
2629
2782
2841
2787
2854
3005
3205
3097
3029
3280
3347
3324
3434
3474
3640
3569
3744
3890
3800
3864
3938
4114
4150
4332
4345
4469
4648
4597
4857
4832
5101
5081
5151
5120
5402
5364
5461
5629
5745
5804
6014
6283
6041
6212
6470
6506
6718
6803
6991
7069
7135
7386
7454
7519
7697
7650
8048
8137
8263
8399
8621
8614
8852
9050
9326
9263
9531
9873
9848
10262
10401
10406
10669
10961
11236
11041
11379
11306
11720
11548
11962
12079
12439
12517
12473
13041
13133
13319
13454
13663
14023
14244
14329
14685
15100
15106
15080
15386
15478
15351
16136
16170
15843
16268
16278
17012
16959
16952
17250
17252
17857
18105
18183
18369
18479
18609
18704
19120
19292
19514
19601
19489
19515
20029
20375
20195
20176
20565
20420
20536
20939
21207
21470
21578
21645
21537
21982
22248
22073
22588
22813
22592
22227
23006
22910
22938
23161
23184
23108
23347
23240
23429
23491
23529
23727
23658
23703
23586
24057
23868
24029
24368
24493
24311
24445
24468
24786
24465
24444
24615
24393
24246
24639
24302
24352
24249
24671
24571
24488
24364
24860
24644
24362
24502
24751
24961
25010
24745
24726
24844
24698
24548
24359
24410
24619
24735
24409
24435
24382
24595
24168
24068
23933
24297
24215
24140
24374
23986
24145
24367
23968
24403
24065
24103
23844
23817
23798
23680
23087
23218
23453
23191
22988
22966
23248
23328
22874
23136
22991
22777
22654
22610
22602
22842
22776
22963
22794
22439
22410
21934
22063
22180
22066
22067
21526
21619
21671
21451
21380
21035
21045
21057
21088
20779
20954
20500
20603
20482
20597
20591
20159
20438
19969
20289
19690
19795
19781
19496
19274
19471
19356
19161
19206
18947
18560
19090
18576
18784
18321
18395
18202
18153
18179
18085
17789
17519
17617
17609
17349
17336
17017
17136
16688
17054
16719
16526
16433
16211
15995
16164
15930
15756
15708
15376
15498
15296
15295
15359
14945
15211
14971
14623
14572
14442
14436
14110
14198
13758
13800
13688
13545
13309
13403
13218
12992
12804
12605
12857
12436
12357
12558
12238
12542
11921
12281
11859
11868
11589
11611
11295
11398
11273
10993
10852
10861
10555
10723
10550
10270
10188
10213
10031
9830
9609
9876
9842
9466
9275
9343
9194
9115
8853
8669
9076
8658
8660
8771
8469
8414
8245
8128
7899
7896
7838
7619
7515
7519
7354
7435
7276
7106
7160
7119
6914
6758
6776
6681
6769
6690
6548
6294
6466
6197
6208
6138
5990
6018
6053
5735
5798
5792
5609
5467
5444
5433
5336
5121
5228
5158
5138
5065
5043
4953
4726
4900
4727
4604
4697
4564
4349
4448
4359
4235
4243
4211
4313
4121
4208
4082
3953
3973
3937
3877
3827
3773
3567
3701
3652
3623
3429
3495
3404
3344
3366
3400
3265
3221
3177
3222
3130
3045
3022
3025
2951
2903
2942
2819
2862
2806
2718
2760
2732
2656
2650
2653
2618
2579
2570
2536
2495
2460
2483
2431
2453
2442
2441
2377
2227
2335
2250
2259
2310
2161
2239
2141
2145
2174
2049
2161
2085
2006
2000
1988
2004
1930
1853
1946
1875
1862
1867
1864
1831
1901
1802
1788
1783
1790
1755
1668
1744
1739
1680
1660
1746
1629
1593
1629
1574
1628
1583
1576
1525
1561
1532
1530
1482
1485
1533
1511
1503
1505
1431
1468
1428
1432
1405
1374
1395
1385
1374
1378
1301
1334
1323
1336
1271
1342
1301
1257
1224
1213
1185
1210
1207
1247
1203
1242
1225
1164
1255
1162
1172
1123
1177
1172
1180
1178
1087
1131
1085
1101
1091
1123
1069
1127
1113
1112
1108
1028
1038
998
1040
1053
1047
1049
1025
1044
958
1004
1010
1026
1004
999
1005
984
981
997
967
965
1008
932
932
944
937
967
961
970
902
917
930
909
917
905
943
914
897
896
903
882
917
899
877
867
870
874
867
884
852
876
857
865
867
828
875
852
856
848
820
832
820
849
829
845
830
787
813
805
813
814
806
798
807
787
802
793
803
786
775
786
766
806
767
783
774
811
752
781
762
749
768
722
773
739
744
762
775
758
764
739
741
725
753
741
752
738
748
735
729
725
727
715
727
736
709
727
710
715
716
727
681
743
730
728
713
705
706
699
705
725
695
704
690
701
690
690
694
682
701
702
700
677
681
705
688
685
693
689
672
701
681
679
696
677
691
689
680
673
679
675
674
660
691
667
687
694
673
661
672
668
656
673
688
664
684
668
651
665
646
670
684
653
667
667
647
645
676
648
652
667
652
662
648
658
657
650
642
648
665
655
644
642
643
629
642
647
652
651
647
643
645
657
648
649
648
654
642
646
640
625
641
642
649
643
639
633
639
656
638
647
656
621
641
648
642
631
650
647
634
630
641
637
630
624
634
623
625
633
622
638
631
630
636
620
630
635
638
628
636
634
635
621
628
635
627
629
628
645
630
644
621
633
620
620
638
631
630
628
629
625
615
611
628
632
623
633
630
628
