610
610
615
622
617
621
625
616
615
616
624
630
630
632
614
618
617
611
615
609
621
618
624
618
624
611
622
613
608
616
609
621
616
613
610
626
607
624
618
612
618
613
610
612
611
618
622
624
622
621
617
607
615
619
610
629
612
616
621
619
615
623
616
619
613
613
626
606
617
615
608
616
616
627
629
614
615
624
614
619
621
604
608
622
635
619
622
620
616
615
609
613
609
620
609
615
609
619
607
614
610
610
612
637
620
615
631
623
618
619
621
599
612
629
618
629
620
608
630
617
605
616
626
604
619
629
609
615
614
614
611
613
620
620
617
622
617
621
619
614
618
603
609
606
624
617
613
608
627
611
613
621
619
627
610
609
620
616
612
608
614
618
614
606
615
614
617
605
608
623
629
613
619
612
623
623
620
619
607
618
605
622
622
622
625
622
614
619
618
615
630
610
616
619
618
622
630
613
630
627
629
625
611
618
616
616
613
608
621
618
623
611
623
623
632
619
617
625
627
629
623
640
613
632
614
621
622
615
604
620
634
637
619
619
617
622
620
632
621
619
617
619
621
622
617
617
628
631
637
624
621
627
637
629
625
646
628
639
642
630
632
632
620
657
620
642
630
645
642
635
637
637
648
645
637
645
646
646
654
632
639
649
655
657
659
657
643
653
643
631
659
651
634
653
645
656
646
641
643
643
652
672
648
649
658
656
653
638
657
664
672
666
657
656
655
670
691
679
662
675
690
695
687
695
682
694
672
691
687
685
673
688
678
685
700
677
705
709
707
726
709
716
720
743
718
720
709
701
705
733
712
740
766
722
712
778
753
765
745
750
763
782
766
792
780
769
792
809
796
833
793
782
825
827
808
814
819
789
845
860
872
852
872
863
881
847
893
925
848
919
917
872
936
938
906
981
973
962
975
980
974
986
1046
1072
1053
1048
1024
1074
1044
1120
1098
1121
1088
1195
1140
1187
1240
1219
1246
1219
1187
1310
1334
1350
1306
1381
1418
1394
1407
1411
1410
1490
1483
1575
1512
1574
1575
1666
1660
1708
1660
1734
1778
1859
1847
1850
1948
1910
1934
2051
2034
2145
2214
2187
2207
2253
2348
2281
2458
2478
2591
2592
2650
2684
2820
2847
2807
2976
3136
3007
3166
3145
3261
3327
3469
3552
3532
3577
3714
3765
3857
3946
4040
4182
4186
4285
4557
4608
4677
4635
4791
4821
4961
5194
5199
5228
5391
5514
5569
5762
5923
6066
6124
6525
6344
6682
6715
6713
6980
7377
7068
7281
7286
7648
7599
8017
7999
8048
8280
8442
8675
8988
8895
9198
9466
9683
9459
9865
10042
10025
10333
10620
10777
10814
10965
11418
11539
11583
11941
12037
12535
12808
12937
13162
13222
13790
13901
14084
14199
14472
14955
15055
15050
15476
15348
15766
16073
16599
16479
16510
17172
17138
17577
17690
18226
18475
18671
19215
19295
19586
19467
19994
20147
20523
20706
20668
21378
21023
21598
21482
21667
22243
22114
22783
22983
22843
23574
23406
24256
24153
24819
24416
24931
25377
25310
25400
25797
25683
25916
26321
26151
26578
26547
26568
26705
26978
27514
27456
28143
28140
28934
28235
28627
29069
28922
29030
29282
29422
29339
29683
29492
29293
29205
29445
29797
30054
30102
30274
30394
30115
30142
30548
30838
30981
30822
31055
31202
31343
30583
31519
31212
31078
31423
31106
31306
31261
31062
31315
30897
31310
31412
31589
31216
31298
31111
31944
31549
31167
32042
31806
31422
31742
31904
31893
31274
31496
31125
31331
31424
31167
31127
30898
31251
31282
31047
30954
31495
31191
31046
31052
30637
31323
30578
30840
31048
30857
30093
30703
30812
30578
30403
29971
30422
30230
29644
29868
29620
29915
29792
29449
29209
29160
29715
29316
29325
29424
29245
28963
29014
28933
28981
28943
28482
28426
28594
27762
27874
27840
27648
27668
27304
27446
27394
27426
26905
26885
27025
26721
26892
26856
26463
26892
26447
26601
26079
26232
25988
25433
25454
25662
25016
25465
25026
25032
24635
24416
24687
24175
24295
23754
23766
23841
23406
23531
23261
22755
23174
22885
23091
22969
22567
22394
22101
22005
21925
21775
21955
21469
21178
21040
20854
20809
20694
20736
20556
20290
20201
20052
19730
20046
19510
19516
19325
19653
19222
18825
18980
18666
18859
18247
18248
17908
17463
17344
17354
17040
17081
16639
16898
16903
16348
16336
16445
16503
16114
15641
15615
15403
15514
15322
15204
15097
14920
14803
14451
14301
14014
14012
13919
13483
13561
13297
13015
13153
12956
12866
12540
12646
12569
12422
12092
12173
11794
11938
11662
11428
11362
11152
11254
11170
11048
10794
10601
10512
10354
10396
10115
10078
9860
9622
9716
9604
9373
9178
9228
9147
8918
8954
8714
8542
8479
8560
8367
8194
8332
8152
7955
8054
7744
7787
7493
7669
7364
7408
7300
7128
6992
6869
6874
6809
6587
6726
6516
6613
6452
6337
6386
6157
5983
6090
5920
5889
5778
5736
5656
5569
5447
5535
5290
5457
5112
5231
5029
5023
4998
4891
4879
4672
4825
4578
4699
4477
4395
4462
4323
4302
4251
4241
4213
4311
4149
4180
4026
3955
3816
3838
3809
3768
3800
3555
3578
3560
3478
3502
3427
3398
3357
3301
3207
3183
3325
3131
3276
3112
3106
3069
3105
2884
2934
2905
2923
2982
2803
2817
2765
2742
2721
2740
2620
2685
2585
2430
2531
2482
2505
2510
2436
2502
2431
2453
2362
2403
2334
2314
2289
2164
2287
2145
2247
2223
2135
2170
2106
2110
2093
2062
1957
1938
1861
2007
1867
1881
1910
1903
1958
1858
1828
1867
1858
1751
1782
1770
1767
1786
1740
1734
1734
1648
1659
1696
1721
1608
1583
1649
1533
1579
1593
1583
1528
1525
1515
1522
1523
1514
1461
1497
1457
1468
1462
1436
1386
1436
1406
1295
1430
1320
1410
1346
1326
1394
1301
1267
1289
1298
1303
1291
1281
1271
1251
1257
1224
1244
1251
1186
1168
1167
1220
1180
1173
1132
1111
1140
1180
1143
1150
1131
1112
1127
1097
1134
1119
1027
1115
1072
1031
1062
1092
1047
1079
1065
1038
1048
1017
987
991
999
1027
1030
1033
1005
977
983
969
949
964
931
924
975
967
968
991
946
903
987
950
928
929
947
893
909
936
910
888
896
882
887
900
915
899
894
888
871
865
892
847
882
886
883
854
882
865
815
893
829
829
829
872
795
804
806
830
823
820
804
812
836
802
802
823
817
808
798
810
792
800
789
795
773
797
793
776
770
774
759
810
754
771
772
755
774
752
763
756
740
740
749
733
741
744
767
747
758
747
723
729
730
741
763
754
708
720
715
717
709
752
720
690
706
719
696
714
721
707
717
722
704
722
714
715
722
717
695
711
718
701
694
693
705
679
688
683
690
689
702
682
703
686
703
675
676
699
680
702
679
676
677
679
675
679
677
675
689
677
692
673
673
676
671
681
692
674
665
676
674
665
675
643
666
669
650
650
676
658
669
642
668
679
649
661
662
646
655
652
663
657
628
638
659
660
654
648
652
665
655
632
650
645
645
656
650
643
657
640
637
639
652
641
642
638
660
658
652
646
630
642
639
635
631
634
647
642
651
642
644
629
638
631
648
643
631
622
634
632
638
638
637
645
631
632
629
640
651
627
635
643
639
626
637
627
629
