620
614
631
627
619
621
622
628
615
633
627
617
617
622
611
618
638
626
617
626
631
624
606
621
614
612
616
621
612
623
625
605
614
618
619
608
608
617
632
610
634
621
616
629
628
616
615
622
619
626
615
613
614
627
614
607
634
613
627
605
618
615
623
613
609
612
619
613
609
619
640
616
619
612
619
619
618
614
618
618
615
615
620
623
636
608
617
619
621
617
631
618
633
619
624
618
609
626
620
627
619
626
616
615
622
609
620
608
629
626
618
623
640
617
615
612
625
617
618
611
623
604
610
613
612
624
617
628
624
619
622
613
616
614
614
624
616
621
619
615
617
613
621
627
611
618
621
620
621
619
606
615
624
609
619
624
616
614
622
620
622
617
609
620
623
610
626
619
615
635
615
631
611
615
618
606
604
609
620
618
623
621
626
632
614
615
621
626
613
627
615
622
626
607
625
629
638
631
626
620
621
621
630
626
622
623
626
628
620
624
628
617
617
628
609
610
622
621
622
621
635
639
618
637
613
624
622
612
635
618
627
630
621
630
623
637
618
616
634
620
640
628
636
629
621
644
627
628
636
638
635
628
637
621
639
638
630
645
649
622
637
641
635
632
659
628
645
632
628
641
637
650
644
631
648
654
641
643
647
645
636
638
640
632
647
643
657
641
659
662
666
652
645
670
646
650
651
654
638
647
647
663
656
664
653
670
655
676
672
677
682
683
663
672
678
690
692
674
686
691
679
694
689
687
722
683
704
720
698
680
723
702
704
717
706
704
717
717
711
699
724
737
713
746
717
709
725
749
748
740
730
755
735
695
726
775
757
772
777
776
736
751
748
767
816
753
798
837
816
760
806
843
813
796
812
813
830
853
816
835
871
873
855
891
905
866
897
905
938
937
917
978
938
972
991
1006
1051
992
1015
999
1002
1034
1048
1069
1098
1110
1105
1068
1133
1085
1125
1188
1186
1177
1221
1237
1206
1229
1318
1292
1312
1321
1353
1341
1411
1403
1408
1432
1456
1487
1503
1469
1569
1574
1549
1575
1617
1673
1708
1706
1800
1848
1802
1897
1907
1935
1927
2026
2015
2024
2099
2149
2221
2227
2247
2430
2341
2396
2541
2557
2637
2709
2738
2739
2835
2747
2819
3001
3068
3048
3211
3337
3356
3436
3574
3457
3710
3661
3721
4011
4017
4048
4039
4198
4251
4508
4414
4465
4668
4800
4864
4874
5169
5170
5309
5435
5479
5698
5798
5911
6160
6196
6114
6277
6447
6592
6799
6774
6974
7186
7342
7530
7452
7605
7855
8232
8247
8294
8530
8656
8817
9167
9262
9325
9472
9639
10081
10135
10440
10217
10645
10763
11226
11179
11594
11329
12103
12028
12169
12293
12702
12710
13375
13471
13674
13829
14006
14396
14545
14588
14914
15099
15503
15719
15991
15942
16270
16504
16822
16791
17293
17523
18075
18168
18567
18933
19203
19491
19617
19783
20205
20207
20697
20759
21217
21059
21575
21550
21826
21814
22400
22530
22658
22842
23301
23713
24022
24258
24753
24675
24968
24986
25571
25721
25987
26259
26470
26497
26802
26969
26565
27372
27728
27914
27737
28045
29065
28454
29287
29271
29415
29312
29770
30035
29640
30319
30199
30178
30209
30916
29977
30487
30408
30954
31087
31196
30975
31521
31575
31421
32109
31534
32304
32406
32173
32397
32803
32746
32420
33001
32465
32629
32929
32911
32825
32938
32657
32945
32958
32994
32927
32927
33396
33253
32903
33294
33340
33066
33815
33313
33906
33250
33440
33370
33605
33619
32766
33287
33317
33024
33277
33141
33167
32993
32710
33175
32747
33018
32797
33496
33026
32829
32377
32863
32690
32557
32828
32167
32692
32324
32056
32316
31807
32026
31732
31962
31417
31506
31561
31455
31503
31680
31363
31130
31073
31370
31332
30864
30492
30267
30421
30665
29977
29973
30169
29937
29600
29705
29592
29272
29228
29163
29238
28970
29161
28887
28668
28535
28713
28591
28384
28242
28041
28352
27909
27846
27712
27750
27375
27315
26842
26748
26735
26881
26921
26303
26220
25746
25620
25623
25750
25369
25467
25015
25029
24989
25136
24615
24746
24389
24576
24274
23949
23726
23934
23340
23140
23127
22862
22955
22790
22341
22579
22230
21879
21777
21773
21520
21285
21319
21194
21302
21130
20663
20242
20616
19974
19928
20009
19928
19876
19330
19037
18987
19024
18597
18736
18440
18066
18377
18098
17516
17772
17712
17468
17115
17184
16946
16811
16827
16569
16707
16153
16066
15818
15986
15481
15030
15175
14902
14755
14758
14594
14734
14206
14288
14034
13998
13697
13466
13473
13431
13273
12702
13090
12605
12746
12314
12289
12221
11933
11872
12053
11937
11683
11421
11185
11100
10726
10924
10729
10733
10395
10461
10191
10039
9996
9942
9737
9792
9574
9628
9534
9275
9401
9094
8776
9064
8675
8565
8458
8443
8187
8290
8054
8091
7869
7777
7540
7662
7506
7276
7308
7219
7313
7080
6896
7001
6878
6747
6758
6794
6667
6257
6415
6382
6327
6150
6192
6013
6003
5863
5717
5569
5540
5775
5538
5505
5322
5179
5124
5208
5030
4959
5135
4936
4918
4684
4795
4730
4529
4637
4365
4378
4537
4418
4302
4132
4187
4193
4170
3936
3991
3965
3945
3998
3856
3691
3690
3648
3600
3658
3490
3550
3483
3419
3409
3571
3364
3288
3227
3252
3090
3136
3291
3133
3147
3042
3001
2943
2916
2904
2864
2690
2721
2916
2693
2699
2676
2664
2697
2668
2558
2637
2487
2516
2494
2439
2411
2496
2329
2339
2438
2255
2317
2256
2227
2303
2209
2113
2185
2165
2134
2061
2167
2008
2003
1919
2079
1937
2045
2011
1925
1898
1867
1816
1874
1802
1871
1796
1859
1835
1840
1698
1754
1738
1672
1737
1705
1734
1668
1585
1627
1647
1616
1532
1596
1650
1558
1563
1488
1537
1528
1466
1545
1498
1526
1415
1445
1440
1378
1404
1408
1362
1357
1428
1357
1301
1395
1351
1356
1313
1357
1295
1326
1293
1273
1354
1228
1283
1231
1292
1221
1236
1214
1249
1226
1174
1158
1146
1186
1149
1201
1145
1141
1177
1152
1138
1134
1087
1127
1118
1151
1108
1060
1076
1092
1048
1054
1059
1063
1034
1073
1054
1076
1036
1028
1028
1045
1058
1023
972
979
1034
1021
973
987
972
1004
991
949
990
1008
916
946
921
979
964
934
936
920
884
931
929
912
887
889
947
912
877
888
854
911
889
882
854
892
877
855
850
836
874
861
850
858
849
848
839
840
823
810
849
833
817
803
848
815
861
835
827
802
781
827
857
784
783
768
788
795
795
765
824
806
782
761
786
772
773
810
794
776
753
801
766
757
811
773
769
765
753
780
757
721
744
742
758
741
738
749
735
744
725
742
715
695
718
733
719
741
740
708
723
711
711
720
717
696
719
725
711
733
694
702
692
722
706
717
702
717
705
683
698
711
693
701
714
698
710
690
686
703
678
681
682
709
691
686
690
673
666
680
678
698
671
688
702
680
680
685
653
653
686
688
680
652
679
662
661
681
674
637
659
676
671
663
670
660
662
653
671
671
658
641
651
667
670
648
661
663
661
665
659
651
638
660
649
658
654
648
636
644
652
637
641
638
638
660
640
643
645
659
640
638
646
639
635
633
643
617
630
633
628
638
638
631
626
624
643
630
635
638
622
634
653
641
641
636
633
635
638
