613
616
613
626
613
624
615
610
621
604
610
628
621
620
629
619
625
614
621
625
624
621
629
616
625
630
615
630
623
613
616
630
623
612
627
620
633
623
635
612
619
622
628
624
625
620
631
615
630
618
612
618
622
630
615
622
623
615
622
625
628
627
605
621
620
612
612
610
625
622
616
622
610
609
618
624
615
628
630
609
619
620
606
623
614
623
626
615
618
619
615
617
610
611
619
619
612
624
629
614
628
616
617
615
623
630
613
613
610
617
607
616
627
612
612
624
619
622
612
617
609
607
622
610
620
623
620
616
618
616
610
628
619
621
617
618
614
621
619
626
626
619
619
615
616
619
600
617
633
626
615
631
623
616
626
620
637
628
604
622
617
620
620
614
622
624
618
607
619
634
626
620
629
629
611
621
622
622
623
625
619
615
616
621
623
617
644
624
616
624
618
631
620
628
632
611
629
613
623
624
624
626
615
624
620
617
637
619
629
628
641
619
617
618
614
617
622
621
612
621
616
620
620
617
635
628
629
641
630
616
631
637
648
634
621
628
625
634
625
633
629
637
622
633
628
638
629
632
639
632
640
637
623
624
640
629
648
640
636
644
644
622
625
627
639
649
642
636
652
646
645
640
652
633
636
647
650
634
634
650
656
660
641
647
651
666
662
673
663
650
669
663
658
664
639
657
657
658
678
673
659
673
672
659
665
681
661
670
680
676
688
691
674
672
671
685
699
699
704
708
660
692
683
710
694
688
717
679
689
703
703
703
691
718
702
752
716
725
730
741
731
721
743
732
721
738
758
740
741
754
776
742
765
779
780
780
758
807
784
797
808
784
803
823
800
782
843
807
778
811
831
806
866
843
876
882
861
902
902
876
859
882
874
908
900
940
968
939
986
948
952
959
959
961
1027
1026
972
1023
1034
1071
1099
1094
1072
1141
1105
1146
1105
1168
1156
1159
1148
1234
1279
1244
1260
1196
1309
1244
1317
1276
1362
1387
1343
1391
1470
1469
1465
1469
1508
1499
1552
1626
1619
1676
1698
1658
1729
1764
1797
1897
1841
1823
2002
1955
2060
2046
1969
2066
2108
2218
2234
2299
2253
2330
2447
2630
2613
2560
2718
2726
2840
2798
2939
3008
2962
3062
3078
3178
3271
3338
3329
3535
3528
3657
3765
3753
3910
4029
4073
4146
4210
4304
4455
4528
4705
4831
4899
4910
5031
5105
5315
5166
5472
5450
5740
5852
5922
5807
6044
6161
6438
6671
6504
6953
7058
7200
7341
7447
7624
7697
7918
7904
8235
8092
8493
8746
8940
8871
9329
9453
9513
9907
9889
10243
10220
10441
10521
10970
10985
11133
11489
11482
11585
12103
12203
12369
12673
13006
12882
13458
13569
13667
14133
14531
14878
15210
15158
15500
15668
15828
15958
16331
16583
16606
17025
17285
17855
18194
18399
18505
18846
19377
19421
19698
19650
20142
20302
21087
20964
21424
21255
21630
22007
22267
22477
22645
23241
22914
23342
23683
24195
24319
24646
24650
25280
25576
25800
26184
26926
26594
27248
27132
27602
27816
28009
28132
28413
28568
29149
28896
28967
29254
29597
29609
29907
30147
30449
30769
30980
30640
31320
31232
31715
32107
32336
32622
32220
32445
32522
32562
32508
32423
32394
33143
33167
32950
33310
33492
33484
33509
34065
34380
34177
34056
34511
34208
34610
35003
34696
35089
34928
35276
35051
34836
35106
34539
34582
34640
34933
35289
34660
35271
35248
35768
35160
35049
35366
35492
35521
35356
35752
35573
35753
35717
35000
35359
35014
35406
34860
35070
35043
35254
35135
35049
34953
35299
35104
34503
34517
35069
34695
34872
34870
34504
34691
34427
34658
34839
34139
34174
34411
34011
33710
33654
33495
33583
33040
33185
33270
33453
33006
33478
33229
32978
33065
33202
33164
32948
32466
32802
32207
32630
32151
31747
31969
31367
31114
31381
31300
31420
31023
30520
31057
30932
30441
30973
30407
30586
30106
29918
30261
30013
29887
29715
29891
29682
29355
28883
29199
29011
28721
28647
28283
28240
27952
28167
27513
27251
27650
27033
27322
27358
27088
26561
26907
26571
26255
25796
26573
25765
25828
25529
25494
24910
25205
24608
24578
24191
24142
23851
23805
23730
23712
23241
23423
23484
22988
22954
22960
22541
22415
22308
22261
21972
22012
21637
21517
21190
21211
20639
20771
20444
20482
20051
20085
19695
19943
19684
19590
19254
19010
18692
18771
18331
18398
18301
18131
17588
17758
17486
17540
17275
17264
16906
17059
16356
16103
16076
15757
15887
15681
15669
15295
15194
14834
14782
14432
14582
14522
13973
14221
13993
13863
13721
13820
13541
13287
13380
12941
12855
12874
12457
12556
12246
12015
11940
11882
11646
11291
11503
11398
11335
10949
10938
10818
10684
10694
10422
10443
10225
10145
10170
9826
9722
9536
9716
9498
9356
8919
9222
8813
8749
8707
8506
8411
8387
8242
8187
8086
7979
7877
7719
7738
7678
7597
7540
7308
7103
7170
7071
7182
6980
6635
6713
6760
6639
6491
6506
6318
6399
6235
6097
5950
5980
5646
5809
5647
5643
5588
5405
5519
5462
5144
5277
5099
5185
5033
4970
5013
4877
4787
4755
4702
4724
4593
4572
4446
4288
4417
4376
4188
4118
4081
4090
4084
3832
3842
3957
3854
3694
3668
3767
3691
3612
3637
3586
3486
3561
3512
3378
3391
3403
3356
3272
3102
3196
3112
3127
3141
2936
3034
2970
3004
2939
2853
2840
2878
2885
2734
2631
2687
2819
2685
2595
2591
2683
2606
2595
2460
2495
2496
2407
2447
2344
2351
2290
2340
2296
2351
2258
2158
2238
2179
2146
2005
2191
2109
2099
2109
2009
2002
2017
1987
2000
1965
1951
1989
1886
1870
1921
1877
1863
1818
1788
1770
1738
1699
1780
1716
1720
1751
1616
1670
1716
1680
1701
1647
1574
1624
1506
1596
1519
1564
1537
1547
1495
1529
1507
1559
1545
1468
1462
1431
1437
1431
1415
1414
1379
1375
1340
1343
1328
1343
1346
1331
1350
1268
1298
1310
1274
1222
1290
1227
1305
1236
1213
1240
1162
1228
1203
1183
1167
1162
1142
1170
1244
1136
1140
1185
1142
1115
1144
1144
1135
1107
1110
1100
1083
1102
1064
1068
1033
1078
1074
1079
1071
1028
1048
1026
1000
996
1036
1043
1008
1081
1036
1061
978
954
935
960
953
1005
973
934
977
937
938
921
944
920
958
933
949
939
935
911
905
905
890
910
914
855
887
895
895
854
888
856
835
867
871
832
832
856
832
860
845
882
828
862
836
839
867
835
814
788
820
818
841
827
807
833
800
823
800
817
793
769
820
793
816
813
816
769
788
762
747
771
771
777
811
760
767
759
763
765
781
763
754
731
763
743
760
734
753
755
745
732
759
737
752
730
695
720
739
726
719
724
745
730
728
694
724
713
717
701
699
706
736
725
705
715
722
702
706
723
696
695
692
691
706
689
715
716
708
677
719
706
719
678
685
672
685
704
682
691
677
682
685
703
675
688
655
702
677
685
671
698
672
692
663
680
677
669
684
679
668
660
678
668
656
674
651
671
668
663
674
648
666
648
659
640
671
659
660
660
662
665
652
650
660
647
642
661
646
656
649
658
641
631
660
641
643
644
637
662
668
646
648
646
657
644
652
647
637
643
639
641
650
633
644
656
642
632
635
642
656
658
653
622
630
622
642
638
626
645
622
633
641
