624
630
619
626
618
605
614
621
631
620
626
622
623
636
622
615
622
634
619
620
615
623
622
626
627
619
618
636
620
617
627
614
629
628
629
619
627
639
627
628
622
612
624
625
621
618
626
613
624
615
619
624
640
611
622
624
619
611
628
613
626
626
609
624
619
620
625
622
625
622
610
629
615
618
609
617
614
627
627
616
620
616
628
616
618
626
633
628
622
623
617
627
615
615
612
619
612
605
621
623
611
624
605
611
615
612
622
618
621
624
615
616
598
619
614
620
620
617
631
623
611
619
621
623
624
631
615
615
618
618
613
623
627
614
630
622
613
610
619
623
624
613
629
606
613
638
610
624
622
615
617
637
626
623
620
615
620
619
631
622
621
629
625
618
624
615
622
619
617
631
627
622
613
618
610
609
622
607
617
621
631
624
631
618
630
617
612
627
636
612
617
629
619
620
620
625
624
621
626
632
617
614
626
640
617
629
621
620
632
627
626
617
637
627
620
617
636
630
621
621
618
622
633
632
629
617
617
640
629
629
657
618
636
639
641
635
639
636
619
617
632
635
637
635
645
634
627
641
630
629
627
631
630
631
618
638
644
650
642
635
636
646
636
647
656
643
643
631
637
650
645
644
650
645
655
647
668
662
648
651
661
657
660
660
663
654
675
668
649
640
662
667
672
665
671
674
682
668
679
645
652
675
684
673
687
679
675
672
671
676
692
674
671
677
669
691
662
691
709
681
687
708
683
711
716
698
696
707
713
719
703
724
715
708
716
742
728
742
739
717
728
715
723
752
740
744
778
748
763
764
744
753
794
765
756
786
784
782
808
786
795
846
792
818
783
817
853
829
827
821
868
831
845
885
882
882
883
890
909
873
902
891
921
902
935
920
950
945
940
969
993
1033
999
1060
1058
1059
1044
1034
1062
1053
1058
1124
1067
1136
1129
1105
1193
1197
1123
1230
1221
1272
1279
1299
1266
1288
1280
1349
1348
1390
1393
1404
1431
1482
1458
1477
1534
1514
1533
1571
1583
1666
1642
1605
1709
1745
1770
1817
1854
1856
1859
1976
1922
1985
2068
2124
2101
2241
2225
2187
2220
2294
2382
2445
2519
2487
2591
2692
2724
2853
2776
3025
2862
3068
3025
3147
3167
3181
3312
3351
3469
3591
3721
3738
3859
3862
3980
3944
4126
4223
4308
4466
4594
4751
4723
4726
4908
4964
5104
5197
5205
5189
5582
5697
5767
5933
6068
6233
6313
6500
6601
6792
6814
7088
7115
7267
7599
7417
7757
7985
7978
8307
8292
8478
8624
8899
8911
9167
9257
9597
9723
9756
9975
10048
10364
10709
10720
11091
11053
11408
11612
11849
12021
11987
12608
12798
12889
13167
13517
13636
13615
13991
14233
14923
14668
15213
15232
15642
15976
16261
16099
16832
16815
17388
17520
17254
17862
18458
18325
18517
19109
19090
19703
19797
20215
20461
20900
21154
21465
21787
22055
22249
22401
22784
23215
23040
23484
23781
24320
24256
24598
25249
25378
25672
25719
26392
27017
26932
27267
27391
27710
27666
27981
28441
28906
28809
29212
28977
29267
29800
29790
30216
30478
30623
30674
30965
31722
31445
31925
32114
32306
32296
32616
33216
32951
33376
33640
33245
33791
34390
33973
34542
33952
34302
34603
34644
34877
35088
35022
35177
35148
35261
35858
36208
36660
36144
35764
36074
36204
36533
36553
36753
36890
36661
36607
36771
36603
36635
36879
37031
36800
36425
36520
37284
37278
37244
36875
36971
37443
37554
37599
37324
37415
37570
37398
37474
36892
37227
37220
37200
36846
37182
36946
36703
36661
36998
37214
36955
36708
36377
36987
36883
36634
36873
37051
36307
36836
36237
36276
36402
36175
35929
35771
35973
35232
35726
35338
35826
35034
35758
35369
35347
35265
35352
35161
34726
35032
34786
34655
34582
34213
34258
33877
34397
33755
33598
33291
33709
33359
32951
32941
32370
32703
32573
32428
32284
32543
32261
32125
32434
31688
32064
31716
31356
31513
31291
31417
30989
30516
30640
30589
30346
30104
30043
29635
29187
29897
29434
28922
28780
28910
28544
28633
28771
28144
28245
27966
28245
28256
28251
27611
27356
27484
26690
26502
26489
26585
26196
26093
25232
25225
25664
25517
25192
25072
24816
24488
24392
24317
24344
24085
24099
24156
23771
23722
23374
23063
22905
22687
22426
22076
22096
21806
21697
21358
21281
21308
20834
20775
20488
20471
20702
20077
20030
19766
20010
19548
19230
19341
19268
19106
18792
18616
18318
18054
17933
17671
17294
17265
17263
16931
16879
16524
16461
16347
16003
16088
15633
15659
15659
15448
15357
15267
14685
14782
14633
14544
14825
14037
13908
13987
14024
13775
13274
13483
13142
12712
12701
12499
12455
12419
12374
11844
11792
11824
11815
11502
11294
11236
11264
11193
10988
10853
10687
10574
10553
10430
10260
10144
10149
9932
9580
9685
9546
9490
9312
8998
8868
8793
8897
8927
8516
8425
8394
8151
8099
8013
8013
7853
7744
7910
7886
7646
7359
7555
7355
7331
7248
6910
6891
6933
6744
6566
6422
6552
6537
6366
6212
6246
5895
5945
5985
5862
5852
5614
5711
5528
5487
5416
5555
5544
5480
5343
5254
5061
5037
5105
4851
4823
4721
4725
4578
4451
4489
4407
4393
4464
4244
4226
4125
4171
4088
4081
4026
3966
3918
3998
3787
3845
3819
3573
3732
3648
3594
3548
3561
3465
3416
3406
3340
3353
3217
3240
3277
3078
3094
3137
3140
3008
2995
3041
2983
3061
2883
2877
2878
2908
2809
2694
2703
2761
2697
2683
2758
2575
2607
2541
2542
2492
2428
2442
2536
2403
2327
2294
2287
2288
2295
2262
2334
2260
2227
2204
2192
2106
2130
2150
2118
2068
2143
2050
2079
2056
2089
1988
1929
1931
1914
1965
1819
1882
1890
1880
1804
1736
1795
1774
1747
1821
1650
1756
1738
1679
1747
1644
1674
1578
1655
1678
1608
1584
1556
1585
1536
1581
1503
1572
1508
1445
1478
1479
1417
1472
1464
1483
1410
1407
1418
1401
1350
1347
1377
1380
1377
1344
1381
1354
1344
1390
1262
1294
1269
1283
1212
1246
1285
1267
1257
1229
1199
1187
1199
1175
1189
1219
1196
1202
1190
1132
1154
1155
1139
1168
1115
1122
1086
1129
1109
1080
1086
1098
1079
1070
1089
1070
1050
1067
1022
1020
1011
1030
1029
984
1040
1061
1006
987
978
992
985
964
976
987
1003
968
1003
989
974
945
956
932
933
933
949
921
930
886
905
906
923
894
903
889
878
911
897
878
901
947
887
854
849
857
866
834
865
833
873
856
856
852
888
838
828
798
859
844
854
819
839
809
785
783
797
825
800
817
812
787
781
795
799
764
753
790
788
759
788
803
750
792
780
760
767
760
777
766
779
758
777
762
748
750
737
742
752
752
736
741
752
744
756
773
736
736
724
743
702
730
720
739
712
700
731
724
712
712
709
707
731
720
717
701
735
743
713
717
715
695
713
698
704
697
682
706
688
684
704
713
706
685
699
683
683
676
707
700
711
681
672
688
698
687
673
688
689
698
651
677
684
676
670
672
672
679
645
683
650
697
654
664
661
658
679
669
670
663
666
685
666
679
670
674
669
659
668
661
663
640
678
658
660
653
656
653
660
645
646
653
644
653
646
649
657
647
658
654
651
654
651
646
647
648
650
661
640
650
636
649
639
630
630
651
638
622
641
624
636
640
638
