619
625
623
618
633
631
619
641
631
622
629
620
621
615
629
626
623
639
627
626
621
636
617
629
618
629
622
605
611
616
624
622
622
628
631
611
620
609
613
621
625
631
619
623
630
622
635
619
618
627
614
623
615
621
631
615
630
636
623
614
620
620
621
610
614
635
614
616
623
624
618
618
630
631
620
620
635
637
621
629
647
629
622
624
627
620
631
617
628
627
616
629
623
630
622
633
632
622
623
620
618
614
626
624
617
621
617
616
629
630
622
622
631
620
626
640
623
623
628
617
613
612
638
622
618
637
617
622
620
610
613
631
627
614
615
625
615
628
636
617
612
621
621
611
616
620
619
628
622
630
621
615
614
622
625
612
615
610
631
630
629
631
642
626
628
634
632
628
623
629
631
615
611
624
611
628
632
632
621
620
615
635
624
618
627
620
628
625
619
631
618
630
625
622
629
615
631
632
624
630
628
628
635
625
612
627
626
623
630
630
632
629
637
636
643
627
614
614
628
631
647
634
625
620
618
628
638
647
617
629
642
634
637
639
645
644
643
634
628
638
638
628
643
639
649
639
641
645
662
648
637
645
641
653
639
633
639
641
633
648
641
649
640
637
636
653
659
640
641
664
654
644
646
661
657
662
670
666
655
671
659
679
676
672
664
664
663
664
676
673
662
676
675
655
665
683
665
675
673
691
675
683
657
686
681
670
706
708
698
704
685
691
687
708
735
681
710
687
720
732
729
740
741
721
713
713
737
718
741
721
734
744
728
737
734
737
736
784
785
765
765
756
774
781
792
750
775
799
764
791
795
792
806
809
795
818
858
832
821
835
855
820
831
865
833
867
889
859
890
891
920
891
909
921
932
888
909
947
922
947
976
950
937
983
956
998
1027
1025
991
1033
961
1055
1074
1075
1045
1063
1084
1139
1131
1173
1137
1233
1244
1205
1170
1192
1281
1314
1233
1305
1278
1326
1328
1402
1448
1418
1436
1427
1437
1496
1479
1581
1612
1582
1495
1623
1660
1742
1684
1756
1675
1876
1758
1881
1851
1923
1956
1990
2023
2093
2139
2115
2175
2146
2152
2268
2367
2403
2490
2538
2511
2638
2669
2714
2781
2824
2796
2907
3030
2997
3130
3278
3274
3231
3416
3363
3473
3541
3653
3641
3812
3823
4049
4010
4235
4355
4280
4422
4664
4600
4700
4955
4977
5203
5147
5146
5301
5354
5467
5705
5868
5948
5990
6360
6403
6624
6646
6762
7009
6980
7230
7552
7644
7761
7979
8184
8258
8170
8576
8628
8927
8969
9074
9307
9554
9825
9785
9830
10399
10426
10893
10749
10986
11200
11487
11630
11674
12082
12127
12476
12657
12923
13068
13251
13510
13757
14190
14249
14565
15027
15268
15841
15951
16237
16537
16732
16760
17099
17177
17602
18169
18472
18372
18645
19184
19162
19458
19927
20279
20462
20670
21276
21911
21894
22323
22730
23211
23718
23922
24031
24276
24425
24835
24803
25512
25227
25742
25813
26455
26862
27255
27613
27822
27994
28288
28905
29135
29429
29509
30217
30774
30612
31457
31730
31753
32061
31859
32222
32408
32362
32665
33601
33160
33481
33857
34211
34703
34463
34959
34777
35917
35943
36305
36291
36280
36747
36594
36926
37086
37514
37101
37130
37718
37906
37940
37871
37918
38033
38284
38767
38788
39087
39142
39811
40292
39679
39899
40126
39875
39802
40090
40433
40496
40525
40308
40442
40152
40610
40174
40629
40355
40368
40729
41153
41070
41177
41422
40914
41673
41356
41668
40951
41499
41174
41214
40536
40613
40933
41046
41216
40767
40739
40728
40739
41019
41092
40931
41099
41106
40859
40433
40764
40562
41020
40769
40742
40978
40179
40464
40016
40427
40409
39939
39922
39582
39543
39542
39015
39036
39547
38996
38952
39161
39139
38955
39113
39068
38773
38677
38632
38240
38036
38059
37918
37892
37109
37107
37620
36928
36755
36902
36581
36607
35997
36183
35957
36289
35900
36152
35722
35695
35748
35745
34985
35007
35422
35182
34685
34357
34203
33742
34074
34043
33968
33362
33442
32815
32535
32691
32708
32751
32716
32073
32016
32194
31620
31415
31306
31575
31112
30439
30627
30284
30194
30183
29492
29962
29497
28817
29085
29248
28506
28506
27884
28264
28391
27868
27894
27709
27293
27080
27392
26778
26472
26509
26293
26174
26103
25943
25701
24945
24959
24577
24237
24393
24139
23958
23537
23445
23335
23267
22908
23050
22570
22972
22609
21997
22421
21775
21845
21288
21350
21153
20871
20612
20453
20451
20148
19705
19371
19657
19232
19039
18766
18546
18714
18355
18095
18041
17824
17574
17301
17621
17059
17083
16977
16706
16430
16280
16292
16055
15590
15586
15394
15570
15275
14924
14653
14326
14491
13791
14078
13947
13843
13491
13588
13243
13057
13021
12973
12679
13010
12586
12299
12271
12119
11997
11938
11776
11656
11307
10986
11278
10861
10701
10657
10596
10537
10271
10239
9997
9993
9933
9664
9507
9481
9470
9474
9419
9126
9062
8879
8865
8704
8601
8426
8192
8203
8186
7906
8049
7826
7549
7664
7412
7361
7261
7212
7192
7034
7024
6998
6853
6780
6721
6609
6483
6552
6325
6436
6177
6124
6090
5988
5849
5675
5763
5667
5716
5431
5455
5389
5481
5191
5243
5109
5051
5060
4950
4938
4823
4761
4712
4778
4492
4637
4683
4495
4500
4327
4272
4246
4185
4257
4153
4064
3916
3965
3987
3876
3929
3820
3889
3752
3618
3591
3464
3545
3559
3553
3468
3421
3320
3324
3319
3311
3283
3281
3207
3256
3175
3000
3008
3130
2910
2941
3004
2801
2840
2772
2823
2791
2850
2598
2702
2663
2698
2677
2624
2583
2510
2629
2549
2336
2490
2463
2371
2393
2352
2378
2401
2280
2251
2353
2207
2183
2166
2214
2118
2030
2125
2116
2088
2094
2053
1997
2012
2054
1931
1957
1989
1937
1871
1805
1872
1882
1886
1853
1847
1846
1780
1743
1767
1719
1682
1677
1710
1637
1625
1683
1638
1611
1591
1607
1633
1522
1587
1544
1543
1612
1574
1550
1499
1490
1442
1435
1463
1457
1451
1472
1424
1400
1396
1440
1365
1395
1365
1373
1302
1321
1350
1302
1339
1284
1243
1256
1275
1256
1289
1238
1242
1260
1251
1239
1175
1195
1227
1175
1173
1211
1207
1177
1168
1146
1161
1171
1151
1158
1073
1129
1073
1092
1082
1076
1110
1100
1072
1097
1111
1088
1048
1026
1094
1016
1037
1069
1020
1064
1052
996
1033
1013
960
1016
1008
986
974
967
1000
976
970
942
979
952
955
934
952
948
929
925
932
932
933
895
950
909
922
948
891
825
883
868
892
921
922
877
873
861
853
857
866
864
842
858
856
849
800
821
834
826
829
824
821
819
829
830
830
789
834
812
782
846
786
780
790
788
780
788
779
812
776
802
780
786
761
721
777
760
757
787
785
787
763
775
766
768
737
767
743
757
731
764
725
742
742
722
716
760
752
742
720
726
756
709
723
700
749
723
725
720
738
715
711
722
715
724
720
715
699
736
709
720
720
700
704
694
719
701
705
715
707
700
711
705
691
679
696
698
702
704
696
703
706
698
681
691
718
681
673
687
683
703
692
690
679
678
697
698
677
678
670
687
667
678
665
673
671
684
672
661
659
660
644
664
650
651
661
654
659
644
672
676
658
659
643
658
646
659
650
661
656
646
666
644
651
649
641
647
651
641
650
644
643
633
648
640
631
642
641
655
