605
601
605
604
610
604
596
604
600
602
599
602
605
599
611
601
607
606
597
604
594
600
605
607
603
598
605
598
604
600
597
611
597
617
603
595
608
602
600
609
599
611
597
601
596
608
602
610
604
598
596
608
606
607
597
597
603
598
598
607
597
608
612
602
610
605
607
596
600
593
601
592
604
594
604
615
599
608
599
603
601
608
605
601
612
602
604
592
595
607
601
601
601
601
614
600
598
601
595
609
597
593
594
603
595
606
595
610
603
605
603
614
605
598
603
593
608
589
595
607
606
606
600
602
602
597
602
606
599
604
607
603
600
605
603
603
606
593
604
610
597
604
606
602
600
604
605
601
610
608
605
604
609
606
601
611
603
607
599
603
605
607
602
605
610
597
594
603
608
594
599
597
610
601
593
601
602
594
602
600
599
605
599
605
598
603
605
603
601
603
601
596
606
599
602
601
601
593
595
599
597
603
606
600
597
600
606
606
609
603
598
599
603
599
598
601
601
609
597
599
602
601
601
610
604
602
605
605
606
603
601
601
606
600
601
605
602
605
605
606
596
605
595
604
600
607
601
608
600
607
599
601
602
602
608
602
606
599
610
594
615
600
593
597
601
602
601
600
606
610
603
605
604
606
597
608
604
602
595
603
601
595
601
612
611
604
593
599
598
596
597
599
601
599
601
601
594
606
598
592
617
603
598
605
597
602
606
605
601
604
598
608
601
603
607
601
601
594
604
592
605
598
606
602
602
600
598
588
613
596
601
606
594
602
612
608
599
601
598
602
606
601
607
612
605
603
601
603
605
604
606
614
607
604
604
602
608
605
605
599
598
604
600
599
598
621
602
610
597
600
603
611
601
613
603
616
604
603
596
600
606
596
612
603
602
599
602
611
614
612
615
606
600
608
606
603
600
612
605
613
608
620
611
618
610
609
599
622
612
612
602
609
608
611
609
611
625
614
617
612
624
626
617
615
619
611
611
627
621
616
618
617
623
613
632
609
627
628
621
627
630
615
617
632
644
631
619
631
623
643
658
634
635
634
644
644
659
663
660
648
651
664
657
660
658
642
647
665
638
664
666
665
674
662
674
679
696
669
672
687
679
692
671
711
700
701
701
702
711
700
717
700
711
701
725
726
727
726
736
738
747
755
739
733
765
775
758
785
778
788
796
829
780
769
791
796
806
797
798
821
851
822
824
830
844
829
824
841
857
842
858
851
896
854
896
921
893
915
906
896
937
942
993
987
971
1006
949
1006
961
972
1020
966
999
987
1064
1041
1036
1080
1038
1015
1101
1091
1099
1087
1115
1094
1146
1163
1088
1141
1161
1207
1179
1213
1188
1165
1166
1179
1202
1216
1244
1218
1211
1239
1252
1288
1239
1290
1264
1258
1271
1312
1342
1284
1345
1328
1349
1273
1291
1316
1342
1395
1358
1283
1358
1333
1402
1349
1381
1377
1390
1398
1462
1333
1443
1472
1412
1387
1371
1436
1373
1456
1379
1374
1459
1415
1421
1435
1481
1438
1447
1417
1373
1422
1444
1433
1338
1482
1428
1374
1450
1422
1415
1446
1442
1386
1408
1442
1421
1407
1472
1399
1386
1492
1399
1419
1389
1422
1450
1415
1377
1413
1383
1402
1407
1395
1462
1374
1454
1379
1417
1330
1396
1330
1383
1351
1376
1389
1361
1391
1316
1431
1339
1378
1376
1367
1397
1347
1347
1397
1274
1379
1300
1346
1372
1358
1367
1292
1312
1267
1344
1320
1303
1355
1253
1321
1262
1300
1289
1215
1290
1328
1287
1267
1312
1318
1263
1290
1240
1226
1277
1261
1260
1259
1255
1261
1246
1260
1253
1200
1215
1209
1212
1208
1167
1208
1224
1178
1195
1169
1175
1197
1195
1162
1124
1194
1160
1122
1138
1142
1116
1170
1120
1138
1090
1130
1152
1100
1114
1109
1118
1092
1113
1080
1070
1068
1076
1062
1039
1056
1085
1039
1019
1073
1021
1023
1044
1031
973
1041
1044
1006
1015
1033
1001
993
1000
1018
997
938
950
985
976
957
935
940
967
943
929
954
921
910
949
903
938
901
922
890
921
885
916
898
890
864
903
884
853
868
860
853
835
835
839
855
820
844
860
809
839
808
844
820
821
823
813
797
811
794
805
793
797
812
800
775
774
762
802
782
780
775
744
754
743
754
789
780
747
749
779
757
737
751
732
741
772
750
737
749
751
749
736
705
752
710
736
715
717
721
725
709
709
715
715
706
672
719
696
726
703
695
711
693
676
696
699
676
684
696
670
670
685
696
667
661
671
690
667
668
684
685
671
670
667
654
652
663
647
671
661
660
657
659
661
672
652
677
662
665
646
648
655
631
645
654
668
632
647
639
654
637
642
656
658
641
652
635
639
649
625
643
630
640
626
631
640
631
646
639
641
632
635
632
632
631
627
632
648
646
627
624
618
628
628
646
630
639
631
628
632
630
640
636
627
630
636
624
617
622
628
646
638
612
621
620
628
635
625
637
630
624
618
634
621
623
627
624
626
629
627
615
615
622
615
612
620
613
616
614
610
620
610
613
617
613
616
632
620
624
605
618
604
619
610
617
604
607
612
617
618
615
617
621
611
608
607
616
613
615
602
618
611
629
603
619
616
602
608
620
613
610
610
609
615
620
606
595
627
603
603
625
613
612
612
624
604
615
608
608
618
606
608
601
604
604
604
607
608
611
612
609
613
610
612
610
607
611
607
617
606
608
605
595
606
611
605
610
619
606
613
609
608
607
604
603
610
604
612
597
602
613
606
606
608
609
605
593
605
605
610
606
611
598
609
612
606
590
605
612
608
603
601
596
614
612
606
606
602
609
599
603
602
593
618
613
591
603
608
605
601
611
606
603
611
607
604
597
608
602
609
605
602
595
603
614
601
598
607
606
610
606
596
602
596
601
601
604
598
604
603
601
603
603
613
599
601
602
599
606
603
602
601
600
603
595
606
598
613
604
605
597
603
604
602
596
594
597
607
598
607
607
602
610
601
612
607
602
606
603
593
602
599
604
596
598
598
604
595
600
601
597
605
606
599
603
604
601
601
609
607
596
604
600
603
598
596
593
604
603
606
604
601
602
602
605
607
609
604
608
600
603
599
604
601
606
602
596
603
591
608
592
604
603
601
600
603
604
602
611
606
600
599
596
605
606
598
605
598
606
604
597
601
599
591
603
601
599
597
602
602
597
606
595
620
597
606
607
603
600
600
601
603
601
602
606
605
607
603
600
602
600
601
600
607
606
605
602
607
598
605
606
