599
597
609
598
603
598
605
597
602
606
607
597
602
596
606
603
600
605
604
601
598
605
605
603
601
596
614
603
611
606
607
604
596
600
596
593
609
606
599
599
607
604
597
600
602
604
595
600
600
609
603
599
600
598
607
602
603
598
602
594
599
603
604
593
596
611
596
597
601
600
602
601
607
602
602
597
600
592
602
601
604
609
602
599
601
606
600
605
605
598
595
600
608
600
602
602
605
598
604
599
602
602
595
600
605
602
611
607
603
601
607
608
597
605
596
593
598
603
604
598
600
601
598
597
595
594
594
602
597
607
594
594
596
606
600
609
598
604
596
594
601
605
600
603
603
600
593
604
595
601
613
606
592
600
598
599
606
598
597
598
601
598
602
600
597
596
599
596
602
597
598
609
606
600
603
604
609
601
608
603
592
604
609
605
603
603
608
605
601
596
591
597
598
598
600
600
597
595
603
597
602
608
601
603
605
598
607
595
607
597
597
601
603
603
604
607
595
609
606
596
597
603
602
604
601
599
605
597
605
609
595
602
598
597
598
602
596
601
603
609
607
594
603
609
601
597
597
593
594
604
602
598
596
599
609
593
591
586
598
599
601
591
595
598
597
594
593
599
598
608
602
597
604
604
598
610
589
605
600
599
603
599
602
598
598
604
602
607
599
604
611
596
594
607
607
614
600
598
600
602
598
597
601
597
598
600
604
604
604
604
604
601
604
602
607
608
601
609
597
597
599
602
604
599
597
605
597
600
602
597
593
605
599
592
602
602
605
598
600
604
595
601
596
602
595
600
603
602
603
597
601
601
592
600
600
595
601
602
601
604
595
592
599
596
589
607
612
595
603
601
591
597
609
600
609
603
607
605
601
607
588
602
600
596
602
595
604
598
610
607
600
617
604
609
603
601
608
609
614
611
611
599
613
604
621
611
604
612
609
600
599
604
601
615
604
613
619
609
613
626
605
607
620
620
606
613
605
611
606
613
626
622
618
619
617
615
617
621
622
628
613
623
646
623
633
628
640
624
635
632
647
637
625
654
641
629
642
636
624
644
664
661
669
640
661
667
677
658
667
665
671
656
680
662
674
678
661
671
704
684
689
676
703
703
689
713
698
699
703
699
706
698
703
706
719
724
760
745
718
721
723
740
743
728
732
733
759
740
748
741
760
784
769
760
741
766
767
775
808
773
777
744
775
804
767
812
771
793
817
787
794
789
802
794
806
832
824
825
836
837
823
874
791
842
877
828
878
808
827
826
841
840
811
823
820
835
851
849
854
781
857
832
839
873
853
884
867
877
909
877
884
868
869
904
899
891
887
891
844
898
900
900
877
863
853
872
852
902
888
913
862
888
883
903
923
872
948
910
860
902
894
908
878
892
883
887
902
898
871
885
905
897
935
944
917
914
914
902
907
900
951
903
927
907
923
938
930
919
948
923
913
921
923
918
899
936
928
928
938
918
944
940
951
977
943
929
929
950
920
936
902
961
918
917
910
973
967
929
935
929
938
987
976
948
943
970
954
968
942
976
936
945
975
919
969
982
1000
897
955
957
908
977
918
935
939
940
986
933
942
967
938
916
969
948
924
969
922
922
970
910
922
939
941
964
919
926
946
929
943
891
922
945
908
877
900
935
914
906
915
899
891
936
923
885
901
887
946
898
895
909
921
889
891
915
879
888
881
889
915
869
914
917
874
885
871
834
843
846
857
858
836
847
862
839
849
825
806
867
812
834
824
803
820
815
865
792
805
802
796
812
786
776
795
777
793
779
761
750
774
783
781
735
775
754
756
791
771
774
748
781
780
742
746
731
755
775
744
721
745
746
716
738
713
732
723
731
704
734
724
705
729
725
700
705
698
682
715
682
693
707
683
702
692
684
676
700
690
696
709
678
686
666
675
673
700
677
674
671
667
672
683
676
659
663
660
679
655
653
649
646
671
665
656
639
649
658
666
641
652
650
656
659
636
628
640
632
635
639
644
630
640
635
645
654
641
647
638
642
637
652
623
631
639
626
639
633
622
632
620
617
635
633
616
629
617
640
617
616
619
627
634
612
627
619
620
615
617
626
626
619
616
624
628
606
606
620
619
624
629
616
638
615
626
616
627
611
613
619
623
608
610
606
615
611
611
625
611
628
619
623
603
611
619
613
606
614
616
612
605
616
615
607
624
610
610
610
607
602
596
608
610
604
598
612
598
610
608
612
599
610
612
616
601
610
602
597
606
603
615
610
612
611
609
606
605
601
604
617
604
610
609
602
606
601
615
604
601
611
606
599
612
599
606
601
611
604
601
611
613
615
608
605
612
600
605
603
603
600
611
609
607
605
614
604
598
602
600
613
602
602
608
606
607
592
610
609
595
603
602
606
610
608
607
606
597
604
605
614
607
602
598
601
601
604
603
598
602
605
604
610
596
604
604
596
611
604
602
607
602
599
605
605
600
602
600
602
605
611
602
603
602
607
596
608
600
599
603
603
604
606
609
605
605
605
601
602
599
600
601
602
604
600
604
602
600
605
599
604
599
599
614
601
604
596
602
602
594
600
601
599
605
604
607
606
596
603
605
595
601
599
600
602
595
612
602
607
597
602
598
606
604
602
594
602
608
595
601
599
601
600
599
599
605
609
602
597
596
607
593
598
600
597
597
598
606
597
593
607
603
601
604
590
600
606
597
601
597
597
607
594
593
596
603
600
603
602
598
608
603
600
603
606
602
605
603
607
609
594
601
607
605
594
604
607
607
607
604
607
598
606
602
605
603
602
602
595
597
599
598
598
595
604
603
601
605
599
602
602
601
607
606
588
598
600
599
606
600
596
608
599
597
611
599
609
603
601
596
598
605
600
595
601
602
594
599
600
597
603
599
599
593
602
595
594
606
598
600
600
594
599
596
604
595
609
600
599
596
592
611
598
602
595
594
596
604
603
607
597
598
593
606
594
606
601
601
604
601
601
606
595
601
599
595
602
597
588
591
605
607
605
594
597
596
603
593
599
598
599
594
597
594
601
599
594
600
592
600
599
601
603
596
604
600
598
607
605
601
610
610
608
