601
608
603
607
600
608
611
604
608
605
600
600
598
602
606
604
596
602
612
597
606
590
605
599
596
608
602
598
604
601
597
603
602
599
601
599
599
601
597
605
598
607
604
601
609
598
594
599
597
601
603
602
605
600
605
603
593
600
594
596
595
603
605
594
599
594
596
602
612
601
604
596
599
607
601
592
599
602
605
603
610
603
603
606
600
604
601
603
600
592
592
601
600
607
599
604
603
599
589
601
598
605
610
593
598
599
598
598
599
603
599
600
601
602
604
593
602
605
598
613
601
600
603
607
597
597
592
606
602
601
595
594
596
602
589
597
604
601
616
600
598
602
609
601
607
605
592
600
602
598
605
600
598
602
599
603
605
599
598
598
594
601
596
597
605
595
601
599
591
603
601
595
604
598
597
608
600
591
603
600
605
602
595
609
602
606
598
608
602
602
600
604
604
601
602
605
599
599
601
599
601
610
598
600
595
605
602
603
597
594
606
599
602
599
595
600
604
593
606
599
600
607
602
591
596
598
600
597
607
609
603
594
600
599
602
601
595
595
610
595
600
600
594
608
598
598
603
603
604
604
598
594
601
599
604
604
600
591
593
597
597
603
603
598
604
598
601
598
599
596
595
608
604
599
596
604
596
605
595
597
604
595
606
610
600
603
590
596
599
601
600
598
604
604
608
605
601
603
603
606
598
605
597
599
601
601
603
596
601
593
602
597
593
601
594
597
601
605
590
611
600
604
600
596
608
604
607
603
599
602
598
594
605
613
602
602
608
604
594
603
596
599
608
586
596
599
607
592
609
610
600
605
601
603
600
601
604
597
597
603
597
595
606
606
606
606
600
612
605
603
594
605
602
603
601
612
602
612
622
604
603
604
602
606
603
613
602
599
604
598
605
602
593
601
610
605
604
603
611
607
598
595
609
603
607
609
605
603
607
611
609
605
604
604
608
606
607
617
610
607
614
616
604
612
614
627
615
613
617
611
609
608
605
611
607
621
610
616
614
611
615
616
618
627
614
610
617
621
633
628
629
625
629
624
628
636
635
626
614
631
641
623
642
638
647
636
640
659
642
636
639
649
651
655
651
652
659
642
663
656
649
650
646
670
667
665
623
657
653
680
677
665
663
671
675
670
679
687
681
683
674
699
695
706
706
704
691
698
701
696
721
697
713
672
713
709
699
710
726
713
719
717
717
700
744
710
706
708
739
734
744
726
702
742
729
720
739
726
746
735
751
767
754
773
754
751
730
735
719
729
747
735
760
739
742
716
750
761
742
762
782
750
762
741
757
743
757
795
790
769
776
783
766
778
769
780
774
762
768
766
776
791
785
735
778
770
789
765
765
779
784
786
786
749
792
784
783
776
807
768
783
777
787
769
785
780
793
782
779
798
802
790
803
815
793
822
795
792
802
787
789
805
807
783
789
802
804
786
810
793
766
791
819
808
835
821
802
798
835
817
796
817
822
801
838
821
839
840
829
817
813
832
835
783
810
813
801
812
828
817
841
828
838
850
863
838
830
821
780
800
796
885
835
814
849
824
830
814
845
830
845
811
812
848
799
810
843
832
837
828
822
807
851
805
825
829
784
816
863
848
830
820
791
821
769
849
806
816
798
795
813
822
825
791
819
847
776
815
808
773
785
821
768
818
803
787
827
803
799
783
818
802
778
792
815
778
772
808
789
782
775
781
792
780
780
768
781
761
776
781
757
791
764
753
757
758
784
765
767
745
752
731
724
779
729
765
738
785
717
753
735
757
722
751
735
722
755
752
706
696
720
729
733
704
710
731
709
726
703
693
721
712
695
697
697
698
699
705
691
701
678
667
687
665
676
681
672
689
692
683
695
673
671
678
676
688
659
675
673
672
660
652
670
667
659
667
669
675
663
676
657
643
667
654
655
641
647
645
633
651
645
649
639
631
649
648
640
640
668
640
639
644
640
645
639
639
629
652
637
632
643
663
639
630
633
646
638
639
628
639
631
618
625
638
616
637
631
621
624
627
619
619
641
625
622
618
620
623
616
619
623
603
624
632
622
624
618
624
624
623
609
617
612
614
618
604
632
614
613
614
613
608
615
611
616
626
624
618
618
616
617
613
618
618
612
622
615
608
612
609
621
613
609
605
613
617
608
607
613
612
605
613
606
606
601
605
601
608
609
611
604
612
598
599
619
604
619
605
603
605
608
602
595
607
602
605
616
608
605
609
610
612
614
602
614
615
598
613
608
599
600
599
609
609
599
605
611
610
611
612
608
607
617
610
609
597
599
601
613
601
611
607
616
599
602
605
603
602
606
602
604
608
603
600
612
601
594
608
603
608
602
605
609
607
603
608
606
601
605
603
597
618
605
603
608
604
599
613
605
605
604
602
599
604
604
611
605
601
603
601
602
607
597
601
604
610
603
597
603
603
592
608
603
603
602
602
606
603
606
605
607
611
595
613
599
604
602
597
599
601
594
601
599
604
601
603
605
601
606
610
594
605
606
601
602
601
599
601
603
610
603
610
606
603
607
607
598
606
610
611
599
603
598
599
607
596
604
597
599
600
601
595
605
604
605
602
600
607
602
601
597
596
601
608
600
599
599
602
607
603
596
593
595
596
596
598
601
601
592
594
600
600
608
605
610
597
602
601
600
603
602
592
603
596
601
605
591
605
606
599
603
594
595
602
594
593
603
598
602
596
602
597
604
607
600
600
601
601
598
606
605
596
598
607
597
613
594
599
605
601
598
597
602
599
605
602
604
597
599
597
603
597
614
603
606
596
598
593
614
593
595
604
596
606
599
603
608
595
597
604
606
601
604
597
595
602
597
589
605
596
604
600
605
606
610
606
598
610
601
606
605
597
606
598
602
599
601
613
604
597
597
600
599
604
600
597
599
601
595
610
598
604
607
600
601
597
607
599
592
596
598
594
602
607
602
598
612
607
602
602
597
602
608
601
598
602
602
594
597
601
605
602
604
595
601
597
604
603
598
591
600
602
607
595
597
605
598
603
597
593
598
601
593
607
602
596
599
596
595
599
595
599
611
603
603
597
604
605
606
603
