588
599
604
601
607
599
602
600
599
604
601
604
608
601
597
597
602
599
596
604
601
603
606
600
600
597
601
606
601
599
603
602
605
603
600
602
606
597
602
605
600
605
604
607
601
598
607
593
594
594
600
598
608
594
600
602
599
598
599
603
603
599
598
602
603
600
605
602
601
605
600
591
605
595
603
603
594
595
597
604
596
602
600
600
597
600
607
601
609
604
606
601
606
604
596
602
600
597
598
598
598
599
592
595
606
597
596
598
600
602
598
590
602
611
591
599
593
602
601
599
603
593
598
602
600
608
595
599
598
607
593
597
604
597
597
606
604
610
593
604
596
602
601
603
599
593
595
604
603
605
601
598
605
601
603
602
604
599
605
603
609
603
597
605
603
602
599
599
599
599
607
604
602
597
605
601
599
605
595
603
605
600
602
607
599
600
608
603
606
594
593
593
599
602
606
599
596
608
596
605
598
598
588
603
600
598
603
612
598
599
604
597
596
604
597
593
599
594
598
600
597
599
599
605
597
607
605
597
607
604
603
601
604
606
599
598
603
609
606
601
607
601
610
603
599
611
607
598
600
595
590
607
602
608
599
603
600
608
595
597
602
602
606
595
602
607
591
602
597
603
598
599
599
602
602
602
604
599
596
603
602
601
605
594
601
600
596
604
599
604
599
606
595
602
593
603
600
610
604
608
606
607
599
603
606
609
596
608
598
601
597
602
604
599
602
602
602
599
604
601
596
603
603
603
605
596
606
603
602
602
598
597
603
609
605
596
602
589
601
611
603
612
608
604
605
606
601
603
600
611
597
599
597
606
603
608
590
597
606
602
601
604
604
602
606
600
604
601
610
605
609
600
600
594
603
605
597
589
606
608
595
612
606
594
612
607
600
604
608
606
609
608
604
606
602
605
607
606
600
606
600
622
602
605
619
612
607
608
603
607
614
609
601
608
620
612
613
619
621
612
624
626
614
625
619
610
615
618
610
616
624
616
616
619
621
630
627
632
626
611
640
633
631
629
635
645
634
650
636
640
642
639
640
648
643
644
642
657
656
631
647
668
636
661
649
653
675
654
693
671
674
689
655
694
688
701
675
706
693
697
705
698
692
694
704
681
702
698
693
724
700
729
721
715
720
755
761
733
761
722
739
766
758
761
763
772
762
766
785
763
752
752
795
765
783
785
795
771
791
803
798
793
810
792
779
804
787
824
812
808
807
842
827
825
806
838
866
832
817
850
819
838
797
849
819
869
849
848
865
836
860
824
858
869
864
883
849
873
889
912
831
881
867
871
875
877
884
849
872
854
856
887
857
861
874
866
868
897
875
911
916
930
904
901
909
908
880
917
852
889
901
930
935
883
930
922
894
890
915
890
909
917
955
886
881
924
923
889
936
963
904
905
939
956
912
943
959
931
946
937
950
948
953
947
893
917
944
903
992
956
942
949
968
964
967
955
960
985
993
936
959
958
954
910
949
975
948
947
990
974
1007
976
976
926
949
966
964
952
981
1002
997
967
982
970
983
988
979
984
1006
1007
965
976
980
943
987
956
962
965
960
963
993
979
1001
957
1015
968
988
970
983
974
962
942
1002
968
1006
961
970
930
968
958
928
945
956
965
988
958
921
971
966
936
989
961
890
911
969
946
934
941
958
957
968
918
979
963
912
892
953
914
930
955
942
923
928
919
889
920
917
932
950
896
895
910
909
883
885
877
895
890
895
872
850
875
875
864
880
844
816
840
818
834
837
881
837
830
830
852
829
837
812
858
850
782
823
829
807
819
806
834
766
804
768
792
797
764
792
829
808
778
768
799
778
776
780
799
801
769
723
788
774
750
721
740
742
717
747
757
752
725
752
713
743
751
747
703
738
719
730
714
710
705
708
717
697
714
728
687
713
707
688
701
674
701
676
697
714
682
687
686
692
695
682
675
677
668
679
686
683
671
692
676
671
657
658
674
654
671
657
654
651
657
677
669
657
655
665
671
653
652
637
667
647
652
651
653
661
644
633
646
636
637
631
637
638
652
636
654
640
624
636
638
631
651
634
629
634
635
646
642
644
631
641
634
628
638
636
624
621
621
627
624
621
629
632
624
634
624
607
620
627
626
618
625
617
614
615
630
619
623
618
632
621
618
621
622
621
618
636
614
607
617
621
617
618
612
621
616
607
621
613
620
614
604
621
616
625
610
613
626
603
616
610
607
625
615
621
608
607
614
608
603
609
609
602
619
610
607
603
605
598
601
618
613
608
621
608
602
605
604
610
612
615
615
607
603
603
605
609
612
606
604
602
612
603
597
613
597
612
607
605
605
618
609
603
609
603
609
602
606
602
611
609
613
616
602
613
611
605
608
606
612
615
603
613
596
612
614
596
593
608
611
609
609
610
598
601
610
603
606
599
610
606
605
611
592
596
603
613
600
605
610
600
614
610
595
622
612
608
616
609
608
609
600
617
605
607
609
610
611
610
604
601
618
604
608
600
610
606
597
605
612
607
606
604
603
603
608
605
598
603
606
601
596
603
601
603
604
602
607
600
605
604
604
611
605
599
602
605
610
606
605
611
598
609
595
618
604
605
609
597
599
611
608
606
600
597
600
602
593
605
596
599
605
603
603
599
586
613
596
609
608
601
605
599
606
603
602
601
602
604
599
606
593
596
600
608
596
607
604
602
599
596
594
603
598
598
603
595
601
597
598
605
600
597
600
595
608
604
599
605
604
606
607
599
607
596
608
605
601
602
601
605
609
603
611
599
592
601
598
605
602
598
605
608
601
597
604
586
599
605
605
612
601
602
601
610
611
601
598
607
614
602
603
610
605
606
602
605
607
603
602
609
610
608
602
594
605
598
602
599
605
603
598
608
605
605
613
602
598
600
602
604
600
594
608
592
612
602
606
607
605
603
600
596
606
609
595
600
590
597
594
599
592
604
603
606
607
610
598
606
605
601
613
597
604
606
592
601
596
595
606
598
604
606
597
606
598
599
598
607
597
602
609
603
594
605
602
612
605
597
602
602
601
595
601
593
602
598
599
600
596
598
603
599
602
604
595
600
604
598
604
