601
610
606
594
601
601
602
607
596
600
609
603
609
602
606
600
603
601
598
599
599
602
612
604
608
607
608
603
604
596
599
603
597
603
597
595
599
603
598
598
594
600
597
606
596
602
599
601
604
600
606
597
596
600
596
596
599
601
598
600
595
588
597
605
594
594
601
610
598
594
594
605
595
598
604
600
609
604
603
609
601
595
597
596
601
601
603
601
601
598
598
610
602
606
603
601
604
605
600
596
600
600
600
603
601
600
599
593
595
604
596
602
599
595
596
605
597
604
602
598
597
611
605
598
599
591
599
604
596
603
608
597
597
598
596
602
598
597
600
600
609
594
597
604
607
605
600
598
602
605
602
595
599
601
602
595
604
600
592
603
597
596
602
595
597
597
604
596
602
597
596
603
596
600
599
603
604
605
606
597
602
608
597
593
594
610
603
603
593
598
602
598
597
600
600
604
603
602
605
602
594
598
600
598
603
596
605
595
599
607
603
598
600
601
606
597
600
602
593
601
602
592
602
595
606
599
590
601
600
598
605
601
601
605
597
601
594
602
601
596
607
608
596
606
605
602
602
604
598
606
598
599
606
599
600
593
600
599
598
596
596
600
602
605
594
599
604
597
601
602
602
594
610
602
600
605
598
608
597
605
603
601
601
604
599
597
605
600
597
598
600
600
596
592
597
605
606
603
591
611
602
603
598
597
597
603
605
601
601
596
605
601
604
606
600
594
604
597
607
603
601
603
597
604
594
602
605
607
604
602
604
607
605
604
605
591
607
601
603
609
599
599
606
614
593
603
604
605
608
605
601
604
606
602
605
597
595
600
602
599
602
599
599
602
603
607
603
602
605
604
605
603
602
602
615
607
606
611
604
614
602
612
604
599
617
604
608
617
615
600
609
615
612
615
616
615
618
621
613
626
615
627
632
625
625
609
615
611
619
622
624
614
616
628
631
632
630
641
638
632
618
629
647
637
652
629
647
630
652
632
647
647
674
650
649
631
665
666
668
665
674
669
688
682
678
683
668
679
711
697
702
696
694
719
706
718
713
708
704
756
739
757
729
750
753
760
743
767
768
769
787
805
793
816
814
806
827
815
838
834
834
852
826
826
839
864
856
845
863
850
905
880
934
917
912
939
915
917
984
937
954
995
929
997
984
974
981
1008
984
1010
1020
1047
994
1035
1003
1021
1051
1039
1055
1075
1068
1106
1070
1099
1070
1073
1118
1133
1113
1158
1130
1122
1131
1186
1157
1148
1185
1207
1189
1188
1140
1154
1177
1287
1228
1201
1231
1225
1148
1199
1229
1269
1210
1284
1241
1295
1256
1237
1238
1256
1312
1326
1332
1331
1300
1337
1341
1340
1324
1368
1295
1288
1334
1317
1343
1313
1353
1302
1317
1339
1323
1350
1395
1310
1359
1357
1385
1428
1372
1362
1357
1426
1388
1444
1325
1396
1403
1405
1350
1385
1419
1362
1403
1424
1492
1377
1360
1346
1305
1461
1417
1447
1414
1436
1419
1429
1444
1482
1453
1413
1430
1441
1404
1458
1416
1460
1484
1475
1461
1475
1444
1502
1459
1464
1504
1471
1473
1457
1474
1508
1483
1487
1490
1435
1472
1472
1545
1496
1521
1516
1439
1519
1565
1543
1548
1558
1543
1511
1506
1541
1568
1592
1549
1601
1634
1577
1511
1591
1532
1580
1530
1546
1564
1468
1497
1550
1581
1561
1539
1570
1623
1491
1560
1531
1520
1582
1495
1548
1522
1529
1557
1564
1502
1532
1497
1503
1505
1562
1556
1495
1511
1494
1469
1483
1498
1452
1502
1379
1481
1588
1496
1510
1524
1495
1493
1468
1492
1510
1383
1439
1456
1442
1455
1485
1398
1455
1483
1397
1481
1428
1500
1428
1386
1410
1394
1411
1373
1415
1376
1378
1424
1388
1314
1353
1402
1320
1317
1219
1327
1322
1318
1284
1289
1276
1257
1230
1255
1301
1272
1198
1273
1231
1263
1232
1272
1231
1164
1180
1244
1203
1198
1228
1098
1167
1211
1124
1108
1080
1095
1111
1166
1158
1122
1092
1059
1089
1087
1070
1102
1122
1100
1024
1051
1028
1044
1031
1025
1044
1014
977
977
974
1004
972
980
981
931
978
975
991
939
903
926
929
899
936
912
894
909
902
905
868
838
877
850
853
859
879
844
859
847
845
862
819
847
830
852
790
814
814
809
806
810
811
793
783
805
779
796
791
773
760
807
776
757
746
764
774
767
770
741
748
752
735
764
749
746
746
749
759
733
722
729
711
723
717
699
711
739
722
715
711
711
726
687
711
694
709
708
703
687
706
680
688
703
695
687
669
671
676
685
680
665
680
690
681
678
674
664
683
672
688
652
682
674
678
669
668
660
641
656
673
650
654
649
644
652
639
662
635
649
657
643
658
653
654
655
646
644
636
653
657
640
634
646
631
650
641
646
637
634
634
632
630
630
634
638
631
646
631
629
632
641
628
624
629
627
632
641
627
638
629
647
627
623
633
626
624
621
635
633
626
629
621
614
625
613
620
633
615
615
623
616
609
624
620
614
603
611
624
630
626
610
619
626
606
614
618
626
619
624
624
616
614
623
613
618
619
612
629
617
608
617
610
620
605
612
611
605
614
609
620
611
603
606
612
616
611
610
615
612
614
613
606
609
610
622
612
615
620
623
612
600
611
609
620
618
613
613
616
601
613
604
610
607
599
619
609
602
614
610
613
615
613
612
605
603
616
607
614
610
609
602
609
609
603
597
605
608
614
602
608
609
607
610
610
611
614
599
602
608
613
610
610
610
609
607
604
600
604
601
603
600
603
604
603
605
608
600
600
604
609
611
609
607
611
597
601
612
600
603
600
604
604
602
610
602
600
600
611
607
602
613
597
605
598
613
603
610
603
605
597
607
600
595
604
604
604
600
606
607
597
596
602
611
597
604
609
608
604
614
609
601
598
598
611
601
606
610
604
609
603
602
598
603
602
607
606
611
604
601
601
605
601
600
596
608
597
597
604
604
608
599
599
599
605
598
612
600
603
595
603
612
600
596
609
599
598
600
599
602
599
593
608
600
604
604
609
613
601
604
601
606
615
606
612
602
598
603
598
607
607
608
606
605
608
606
605
605
611
597
600
601
600
598
598
599
597
605
597
598
601
607
607
595
600
599
595
601
605
592
599
599
600
607
597
591
594
599
596
597
595
603
596
601
596
606
600
593
603
604
604
603
604
596
597
596
609
603
599
598
597
600
606
603
604
596
595
605
600
597
597
606
598
595
602
598
599
602
611
599
608
600
601
600
606
606
600
595
598
606
597
601
606
606
601
606
594
606
597
