601
608
607
602
601
598
607
595
606
595
600
608
602
598
609
598
598
597
599
606
599
602
596
602
599
607
605
601
598
595
599
605
598
602
594
593
598
597
596
602
603
603
604
600
598
604
597
605
595
597
601
600
607
604
606
598
601
600
601
596
602
595
603
600
600
600
599
598
595
599
603
598
600
601
610
601
608
602
601
604
597
597
600
601
597
605
603
607
599
604
603
590
594
601
604
594
596
598
605
594
606
601
598
604
599
598
600
603
600
597
602
597
609
598
596
601
594
603
598
609
601
609
601
594
604
598
602
600
598
601
603
601
603
599
605
598
597
599
606
604
596
597
607
603
598
597
604
589
598
601
602
590
602
604
594
605
600
595
597
598
600
602
598
602
603
594
601
595
592
596
594
598
599
600
590
608
595
606
606
599
601
600
613
602
598
604
609
600
601
601
596
605
597
600
601
603
597
604
604
601
608
594
604
600
601
601
597
600
610
605
599
598
599
604
602
602
596
597
601
597
590
604
598
597
589
607
600
596
597
601
592
603
593
597
605
602
590
602
600
590
606
589
604
600
595
598
602
601
604
603
601
607
595
598
593
587
601
606
600
602
602
602
608
601
598
609
603
601
598
596
599
601
595
593
605
590
608
609
598
603
599
594
604
600
594
598
608
596
609
600
603
609
596
598
592
603
598
598
595
600
598
598
605
612
597
602
600
606
605
598
594
603
601
604
610
603
611
600
606
601
595
607
607
601
604
602
603
601
602
598
597
602
597
604
601
607
605
606
603
603
600
611
594
603
609
611
604
606
606
604
611
589
596
605
597
604
599
605
604
603
604
609
610
610
615
607
603
610
605
602
606
611
603
603
610
609
613
599
607
612
608
603
609
601
603
611
611
631
607
612
614
612
610
631
623
616
631
605
626
610
617
619
628
621
630
618
633
620
622
628
621
634
647
635
625
630
632
623
638
636
621
641
642
647
618
642
637
657
666
668
652
681
659
674
686
667
674
687
685
669
690
681
693
700
680
712
696
724
747
721
740
744
716
730
717
746
754
779
759
759
770
773
757
796
775
796
782
805
791
818
833
814
826
829
855
855
881
864
894
867
894
859
878
898
921
926
942
952
947
959
990
997
983
963
927
1024
1036
1011
1032
1081
1025
1092
1024
1075
1101
1078
1079
1093
1099
1109
1118
1144
1176
1114
1155
1144
1172
1147
1207
1188
1160
1250
1172
1244
1219
1242
1250
1224
1303
1258
1249
1246
1259
1348
1316
1360
1352
1305
1349
1275
1296
1369
1337
1320
1402
1452
1388
1328
1404
1398
1391
1447
1397
1406
1480
1401
1443
1391
1405
1465
1448
1417
1429
1413
1444
1523
1470
1482
1442
1449
1521
1497
1517
1488
1554
1466
1497
1526
1481
1582
1540
1524
1476
1564
1545
1564
1542
1580
1475
1490
1554
1576
1591
1541
1612
1545
1566
1594
1518
1529
1607
1640
1607
1602
1545
1619
1632
1561
1639
1646
1602
1583
1618
1598
1680
1662
1684
1551
1629
1668
1572
1707
1754
1621
1667
1691
1650
1661
1683
1687
1691
1664
1664
1669
1698
1720
1699
1744
1740
1693
1737
1657
1842
1716
1779
1685
1713
1780
1738
1701
1763
1772
1747
1691
1766
1784
1807
1793
1733
1809
1787
1728
1796
1831
1844
1770
1777
1821
1803
1772
1747
1781
1740
1793
1689
1795
1778
1753
1790
1816
1760
1843
1841
1790
1759
1844
1719
1712
1741
1792
1725
1695
1706
1705
1698
1777
1729
1720
1792
1747
1712
1661
1739
1745
1704
1735
1699
1674
1705
1744
1710
1829
1625
1665
1658
1676
1616
1700
1708
1694
1617
1591
1618
1598
1617
1650
1647
1663
1615
1683
1611
1596
1585
1600
1533
1618
1584
1589
1593
1538
1526
1496
1506
1534
1559
1471
1460
1462
1532
1469
1438
1464
1449
1475
1488
1415
1408
1364
1418
1369
1419
1409
1385
1382
1355
1337
1354
1302
1281
1325
1348
1330
1304
1250
1229
1187
1278
1255
1262
1227
1238
1220
1195
1164
1264
1201
1173
1133
1167
1107
1191
1123
1147
1143
1081
1114
1109
1080
1090
1078
1095
1071
1109
1066
1038
1029
1018
1028
1011
1017
1036
1053
978
1021
1063
927
948
974
954
964
956
943
923
905
931
944
903
930
940
907
895
895
884
863
868
879
860
845
853
838
870
846
852
827
831
839
824
766
815
858
842
832
803
803
785
803
786
792
827
778
770
772
782
783
780
792
758
811
771
767
742
727
755
764
759
774
748
732
769
752
735
728
704
728
748
681
699
744
725
701
717
690
731
693
700
713
709
705
706
706
689
678
688
657
673
688
687
660
695
698
660
685
671
670
674
670
690
676
662
671
678
657
666
683
673
673
650
665
671
671
657
643
656
653
642
659
669
657
660
666
664
657
646
647
660
634
657
646
636
637
655
651
646
623
625
639
634
636
634
634
651
619
641
639
637
642
620
627
654
641
634
641
633
633
625
641
629
639
622
627
627
619
622
646
620
616
641
633
613
637
634
630
626
628
621
639
614
628
629
610
620
613
631
621
616
624
621
631
614
611
636
625
619
627
620
606
618
627
618
610
623
619
609
617
620
622
615
621
623
606
616
616
611
612
615
616
613
605
610
615
619
617
619
610
611
614
619
616
600
619
614
622
612
625
612
611
611
609
607
619
609
608
622
611
616
598
628
611
603
607
618
611
618
613
605
605
623
607
611
604
603
610
603
611
612
614
605
616
602
614
603
610
615
616
618
604
609
602
610
606
610
618
620
610
610
607
608
607
594
602
610
606
589
602
603
598
603
604
605
606
595
609
596
606
605
601
603
599
602
613
601
608
607
612
606
605
613
611
610
607
608
605
602
608
601
601
606
604
597
611
601
600
606
605
606
593
594
601
594
599
599
601
603
600
617
601
607
607
598
598
615
598
599
605
602
610
598
604
601
604
605
596
601
601
605
595
609
608
608
605
598
597
607
602
605
601
602
608
606
598
605
601
604
599
602
606
605
604
605
604
600
605
606
598
606
602
600
607
610
600
605
596
600
602
600
603
607
611
597
592
602
601
606
602
599
602
606
599
604
610
596
595
607
604
595
598
604
596
610
607
603
605
596
603
595
603
603
600
601
602
603
602
599
598
605
604
600
610
605
597
605
604
598
603
601
601
598
605
603
601
598
594
602
597
602
604
599
607
607
601
598
607
594
599
608
593
601
599
596
603
613
604
595
608
598
603
602
602
605
606
598
601
605
605
610
599
597
595
599
603
595
594
601
602
602
604
601
604
599
597
602
601
598
592
602
604
607
595
600
600
