603
609
606
592
614
611
597
612
607
599
597
602
598
608
603
604
607
602
607
606
597
603
602
596
598
602
598
601
597
603
597
602
594
600
596
596
598
597
595
603
606
595
597
606
601
600
599
605
605
593
602
605
597
600
605
602
596
604
598
604
601
607
600
602
603
604
604
598
596
595
601
603
601
602
604
595
589
601
608
606
601
599
601
605
603
600
596
597
600
595
600
606
593
607
601
598
596
590
607
595
602
588
601
598
601
592
598
599
598
599
600
596
602
605
593
603
593
602
608
600
600
604
599
605
602
590
600
599
599
598
590
596
602
599
599
605
605
598
594
598
614
605
610
601
603
593
599
599
597
603
603
601
601
596
596
598
600
598
605
602
597
607
599
598
606
596
601
602
597
603
595
605
599
600
594
603
593
601
607
598
600
611
600
598
599
597
603
596
597
606
595
595
604
593
604
594
601
607
593
604
604
598
588
605
600
607
608
594
602
599
602
603
604
600
593
592
604
605
605
596
604
601
603
603
607
601
596
595
603
606
604
598
606
600
603
603
601
600
594
598
604
604
598
594
592
605
605
597
605
599
596
605
594
595
598
601
604
607
604
599
605
604
607
609
598
611
605
595
597
599
594
597
596
593
598
602
602
599
597
594
602
604
606
593
595
608
601
601
604
598
602
603
602
604
603
610
598
605
597
606
604
592
611
598
596
603
605
606
608
604
600
600
599
601
598
596
602
594
596
601
601
600
607
588
606
599
600
601
607
604
601
605
601
602
602
594
598
603
603
597
609
597
597
612
604
611
600
603
609
602
603
599
603
615
603
612
611
605
600
608
605
613
602
597
600
615
610
604
608
612
611
603
610
604
608
600
612
617
609
606
612
619
608
611
619
606
605
613
613
613
616
614
611
614
613
614
615
613
604
613
621
621
625
616
624
629
611
628
619
641
636
639
631
645
645
638
633
647
633
659
641
651
652
646
649
657
648
640
630
655
643
633
652
666
659
684
703
676
706
700
693
674
679
671
694
701
729
700
722
736
740
745
718
754
735
737
748
751
725
744
780
787
807
800
794
799
798
812
807
802
774
846
857
821
846
845
793
847
865
843
875
874
866
877
912
913
896
926
908
921
980
931
1011
968
974
948
982
989
958
1012
1028
1032
1009
1065
1069
1052
1114
1104
1063
1099
1097
1064
1111
1119
1117
1083
1098
1133
1175
1153
1152
1172
1176
1228
1197
1236
1180
1259
1188
1217
1264
1290
1275
1306
1284
1260
1317
1301
1272
1300
1272
1301
1339
1320
1379
1335
1314
1367
1372
1316
1394
1313
1386
1436
1418
1441
1401
1398
1408
1424
1391
1452
1431
1420
1458
1420
1456
1499
1437
1487
1463
1490
1505
1466
1504
1466
1472
1434
1458
1461
1504
1481
1434
1539
1439
1479
1560
1463
1502
1546
1526
1563
1528
1514
1527
1565
1503
1525
1518
1595
1477
1580
1561
1555
1560
1532
1547
1554
1609
1548
1559
1602
1609
1588
1594
1555
1612
1608
1636
1582
1644
1591
1583
1641
1624
1645
1545
1669
1646
1642
1643
1691
1643
1648
1719
1668
1621
1671
1611
1658
1704
1663
1693
1660
1633
1746
1675
1620
1687
1658
1730
1668
1684
1703
1718
1755
1690
1709
1693
1763
1729
1710
1754
1686
1715
1713
1693
1687
1693
1703
1779
1716
1705
1724
1696
1784
1791
1694
1669
1719
1745
1812
1761
1803
1722
1716
1775
1718
1778
1773
1614
1734
1735
1753
1673
1733
1696
1705
1691
1674
1689
1714
1759
1663
1687
1671
1715
1718
1778
1607
1669
1633
1638
1635
1737
1575
1621
1635
1717
1662
1589
1607
1637
1580
1696
1629
1652
1572
1586
1644
1572
1537
1514
1601
1571
1543
1641
1622
1577
1545
1480
1520
1521
1491
1445
1515
1511
1482
1408
1475
1453
1444
1459
1452
1399
1457
1430
1417
1420
1367
1363
1363
1382
1316
1334
1352
1357
1272
1335
1255
1227
1341
1299
1275
1321
1294
1275
1245
1258
1234
1288
1245
1259
1208
1185
1158
1196
1207
1174
1166
1152
1148
1109
1133
1109
1139
1104
1068
1070
1090
1081
1085
1080
1088
1033
1057
1042
1008
1075
1024
1042
1020
983
997
1019
970
966
975
948
966
934
916
918
936
940
916
931
913
899
930
871
900
924
897
880
897
911
872
900
859
828
871
880
852
847
863
817
847
831
881
805
841
810
825
820
809
785
818
792
783
786
771
775
783
776
796
777
775
760
763
759
761
740
751
732
745
753
725
754
739
723
721
756
734
724
708
730
716
715
714
744
713
708
705
726
729
704
726
713
680
710
710
688
695
701
699
671
690
691
684
670
686
686
672
665
686
689
683
681
670
690
681
672
672
678
678
663
654
662
656
670
674
654
662
655
642
661
650
641
654
645
659
654
659
636
664
651
651
645
642
640
646
625
637
646
641
643
633
638
638
629
648
624
639
643
633
622
633
631
630
636
639
624
620
656
640
629
634
623
635
634
635
625
652
636
642
623
635
622
620
614
638
634
630
619
632
636
632
633
631
619
638
619
630
628
622
627
629
623
621
611
630
619
611
622
624
623
622
607
614
623
612
617
613
629
614
623
617
623
612
629
613
624
609
623
602
622
619
620
615
627
615
610
620
620
622
620
615
619
617
610
614
623
613
607
613
615
598
607
606
613
608
613
618
605
619
613
607
623
607
620
605
609
603
616
598
609
603
609
623
598
603
607
615
618
608
609
615
606
609
611
612
607
607
609
612
605
608
604
611
608
615
611
609
606
604
603
603
609
603
606
595
614
609
601
603
605
618
607
600
603
602
608
601
611
606
609
617
610
612
607
609
610
612
618
624
612
609
608
596
610
609
611
604
609
600
592
604
603
600
607
599
595
606
593
603
606
603
606
607
601
609
607
604
606
595
601
606
605
600
601
604
605
606
606
601
600
591
604
606
602
595
598
602
605
604
601
601
596
606
605
611
608
601
606
604
601
601
604
605
601
600
601
593
607
600
606
594
611
605
606
610
600
604
603
602
596
610
597
599
609
593
598
601
601
603
605
595
597
601
600
603
596
596
603
613
602
602
600
603
605
596
604
602
600
603
613
601
603
601
595
604
601
608
609
593
604
605
596
600
603
600
598
605
603
596
597
592
605
600
597
605
605
605
604
599
601
601
596
598
602
605
603
596
595
599
603
599
602
603
600
613
598
612
592
602
613
601
603
596
604
605
599
604
604
604
600
597
600
591
596
602
612
592
610
600
601
606
604
610
605
604
605
604
598
609
600
601
592
601
599
598
596
602
603
599
601
599
598
592
