597
602
599
593
602
602
611
597
595
596
607
595
598
598
602
595
601
602
607
590
598
602
602
599
601
600
601
610
609
597
598
602
610
598
601
600
606
599
595
599
597
601
605
593
604
600
597
603
591
598
607
593
599
605
600
602
606
605
599
600
599
603
606
601
602
595
606
606
604
592
607
598
608
596
604
598
600
601
603
596
599
599
597
605
595
595
601
591
602
598
598
598
596
608
598
605
601
603
594
604
597
600
607
602
594
592
602
597
589
599
604
601
603
595
605
597
600
592
604
601
609
607
595
608
609
603
602
605
602
609
604
593
595
598
602
608
601
594
602
594
606
600
604
600
594
600
602
602
603
599
601
599
604
599
597
603
592
601
606
598
601
606
600
604
606
600
600
598
599
595
594
605
601
596
597
596
597
597
601
600
602
601
601
593
600
599
600
604
594
595
598
606
601
603
595
609
601
600
602
602
601
600
603
600
594
597
605
603
603
602
598
598
594
594
600
597
601
604
612
598
597
601
592
604
601
595
595
595
601
600
600
607
593
597
601
599
604
603
610
602
607
595
591
607
596
590
601
603
602
593
595
603
604
587
609
602
606
603
595
605
600
595
596
603
598
601
595
605
597
597
605
600
600
600
601
600
606
607
595
600
603
598
599
600
599
610
604
596
598
601
597
603
598
603
601
600
607
604
607
609
606
598
611
591
602
600
602
602
604
595
600
609
605
600
607
602
602
597
605
604
607
600
601
596
608
598
598
601
614
594
604
611
611
600
601
607
597
610
606
601
603
600
599
604
604
608
601
609
600
597
604
602
605
608
608
603
602
602
613
605
607
609
615
595
609
608
615
607
611
600
607
605
614
609
602
615
616
611
607
624
610
610
616
610
612
610
609
622
620
618
624
616
622
619
621
625
633
605
612
623
616
621
625
627
630
623
622
634
622
645
631
625
635
642
631
654
655
663
655
652
652
633
661
664
667
678
679
663
661
658
678
684
665
692
666
697
713
701
723
711
712
733
734
702
733
711
751
744
746
732
780
762
774
781
806
789
805
786
802
810
826
829
860
826
840
851
838
869
854
901
889
894
910
915
924
883
916
924
955
938
983
976
994
1010
1010
1017
1013
1020
1024
1030
1048
1038
1067
1072
1132
1065
1148
1150
1143
1176
1103
1152
1193
1122
1172
1194
1223
1147
1217
1257
1233
1279
1234
1318
1344
1304
1267
1334
1351
1339
1352
1383
1353
1398
1404
1417
1445
1429
1412
1421
1415
1479
1483
1466
1410
1433
1507
1529
1546
1511
1591
1575
1478
1567
1604
1549
1625
1592
1623
1583
1633
1626
1599
1690
1693
1695
1680
1660
1667
1630
1745
1712
1638
1690
1688
1700
1744
1825
1683
1752
1808
1789
1750
1732
1745
1708
1787
1802
1720
1719
1771
1805
1816
1803
1844
1699
1841
1813
1831
1809
1875
1821
1816
1825
1874
1778
1853
1866
1919
1919
1916
1837
1851
1825
1870
1920
1879
1924
1910
1872
1897
1842
1855
1944
1939
1970
2035
1850
1991
1850
1952
1958
1939
1945
1858
1932
1875
1874
2052
1903
1978
1991
1983
2040
1919
2021
2073
1996
2099
1984
1980
1986
1983
2022
2018
2092
2028
2070
2005
1972
2114
2100
2061
1986
2061
2152
2027
2124
2114
2130
2055
2029
2049
2139
2144
2110
2098
2123
2102
2100
2123
2048
2161
2148
2008
2102
2172
2157
2112
2141
2041
2218
2175
2237
2004
2109
2095
2117
2102
2032
2104
2138
2027
2090
2085
2007
2101
2070
2105
2066
2076
2088
2109
2087
2115
2194
1978
2045
1996
2037
2040
2023
2081
2055
2030
1968
1995
1960
2093
2017
2011
1979
1957
1980
1993
1942
1918
2003
1858
1932
1983
1965
1818
1881
1877
1885
1913
1857
1888
1811
1838
1790
1838
1749
1732
1727
1748
1727
1760
1845
1786
1647
1650
1669
1615
1692
1609
1646
1693
1599
1680
1664
1664
1626
1577
1594
1553
1598
1551
1568
1427
1613
1527
1494
1551
1488
1527
1492
1459
1402
1397
1448
1383
1503
1421
1406
1374
1388
1346
1358
1294
1294
1296
1349
1337
1280
1294
1299
1275
1229
1228
1229
1258
1211
1250
1225
1151
1215
1165
1128
1165
1198
1172
1104
1122
1113
1127
1121
1112
1090
1065
1084
1093
1028
1025
1039
1017
1039
984
981
974
1032
1020
1028
986
1000
947
952
977
966
947
954
925
924
908
905
921
941
919
873
904
880
887
888
878
855
843
845
869
850
846
836
831
840
890
835
797
805
796
819
814
784
821
824
793
784
802
782
798
797
784
779
774
767
778
760
768
766
741
753
785
748
765
746
788
742
755
737
735
752
736
712
744
741
731
732
709
701
734
708
715
723
693
700
702
717
695
722
729
699
690
686
690
685
683
687
679
723
699
667
669
699
678
674
669
696
665
670
688
664
684
674
660
704
669
681
658
669
675
683
668
660
657
671
668
650
653
671
653
663
656
663
658
652
664
662
643
648
648
647
650
644
644
652
635
643
634
661
653
655
641
635
648
647
637
650
645
638
644
655
641
646
630
631
635
649
644
630
644
650
633
638
635
629
638
630
629
628
637
630
620
633
627
642
627
628
623
633
621
629
623
631
624
619
626
630
620
638
625
614
628
621
630
623
620
624
618
626
615
635
618
628
620
611
625
618
616
613
621
610
618
622
621
614
618
611
606
615
619
618
605
616
607
633
620
621
615
620
603
627
617
610
624
613
608
615
613
602
606
611
610
609
617
602
613
621
606
623
612
602
614
608
610
603
608
605
600
612
617
614
608
614
605
606
624
611
602
610
609
613
611
611
609
607
604
610
610
607
613
603
600
610
611
606
607
605
599
603
618
598
610
604
602
617
596
615
612
607
606
604
608
609
604
608
613
615
610
596
605
608
598
603
602
596
606
604
608
601
608
604
601
610
608
614
602
604
604
597
611
602
605
600
603
616
603
604
605
600
608
603
610
596
606
605
604
608
607
604
601
613
603
598
611
603
613
605
606
601
608
605
604
609
602
602
608
594
595
600
602
598
596
598
611
598
603
618
603
596
595
603
606
606
599
603
606
601
598
607
601
602
604
607
603
600
609
595
608
607
603
601
601
590
603
605
603
604
602
597
606
607
603
604
601
600
607
602
605
605
593
600
597
603
595
598
599
603
605
600
593
599
605
607
593
597
595
600
600
609
599
598
613
609
600
605
597
606
598
598
606
603
599
594
602
600
604
598
608
603
598
602
604
593
603
599
602
603
594
606
610
598
604
599
604
602
597
593
603
601
601
602
598
604
598
600
596
601
602
601
597
601
599
603
591
611
594
597
604
600
593
593
