594
601
600
601
606
602
599
602
604
599
609
601
600
604
601
597
598
608
600
604
607
599
602
602
596
600
600
608
602
608
612
601
600
604
602
599
602
595
600
599
607
602
599
599
605
598
605
606
608
601
601
604
603
606
599
592
607
603
594
599
599
597
601
600
592
604
599
600
604
602
598
605
608
595
597
599
607
596
602
606
600
601
596
607
605
607
605
593
604
607
598
599
596
595
603
602
600
598
602
603
599
611
606
609
605
607
596
602
604
599
599
606
609
590
599
599
604
602
604
603
602
605
604
599
600
599
600
597
592
597
599
602
604
598
601
603
600
598
601
598
599
603
596
598
604
597
595
600
602
601
603
605
597
606
596
606
611
598
607
604
595
603
603
600
603
601
606
602
593
597
600
600
598
607
599
601
601
597
605
595
603
606
599
597
601
604
599
611
608
599
597
604
601
595
605
612
600
601
603
598
599
596
600
606
611
602
601
601
593
597
603
597
598
599
596
609
606
594
602
606
596
605
602
603
605
596
602
602
601
604
602
600
614
602
598
606
602
596
597
605
603
611
596
603
601
605
605
600
607
612
605
602
600
597
600
600
599
602
596
601
601
604
603
603
607
606
604
605
599
599
601
594
605
595
594
607
597
597
597
594
599
602
603
598
598
604
603
602
598
598
608
603
604
609
601
602
605
606
601
604
602
600
600
599
604
600
603
600
602
600
596
611
605
597
598
604
599
603
605
596
598
602
599
600
601
591
593
593
607
603
603
607
600
596
602
597
603
603
597
603
597
609
598
601
594
597
599
595
598
598
607
597
604
605
597
593
597
599
599
602
597
599
604
607
597
600
602
609
609
610
606
608
601
602
609
592
602
603
606
608
599
602
597
601
589
597
597
607
607
606
602
604
603
611
610
605
612
602
587
603
600
606
602
603
599
597
597
611
603
597
594
604
598
610
603
608
611
609
611
616
606
609
599
597
604
610
606
601
613
610
610
608
605
609
625
606
611
609
611
602
614
615
616
603
613
618
625
610
621
614
613
617
614
619
624
610
608
628
621
626
628
613
614
633
622
619
624
629
629
627
615
647
627
625
631
623
627
642
653
645
630
645
648
652
636
647
638
650
654
639
665
659
659
647
639
656
662
653
657
671
658
657
657
659
671
667
678
672
654
652
674
664
670
658
664
683
689
676
674
665
690
660
699
651
692
680
672
685
678
660
670
707
691
684
691
688
712
683
693
713
695
686
698
693
710
695
713
703
706
688
696
710
702
709
689
705
685
708
715
723
698
702
693
703
690
703
704
694
697
695
712
705
704
704
692
719
714
701
712
726
700
727
706
707
719
727
712
699
722
705
736
716
736
726
714
745
744
718
736
726
710
719
716
736
722
713
740
723
733
752
726
720
729
732
725
716
743
729
713
734
761
722
727
740
744
735
709
752
739
726
767
732
732
739
718
735
720
767
732
750
748
731
752
722
754
711
738
737
750
734
707
709
758
753
744
739
734
732
757
731
790
734
755
743
744
760
758
753
736
731
784
725
768
742
733
764
742
763
739
731
757
752
749
744
770
751
743
737
730
759
728
758
726
716
737
768
729
743
767
726
755
741
767
759
733
745
756
725
748
731
710
748
735
721
766
711
740
721
729
758
722
739
763
718
711
736
761
724
746
739
721
744
708
684
727
726
707
710
719
724
720
687
696
706
682
706
709
712
699
677
700
691
699
701
705
703
691
692
713
688
692
694
693
708
690
680
726
695
699
694
675
680
686
662
681
671
696
667
650
669
680
680
663
671
667
673
679
651
655
647
665
653
655
663
648
640
649
668
653
653
654
658
665
650
632
650
660
648
652
650
647
642
651
667
633
644
645
659
637
639
634
627
630
645
639
627
635
623
632
639
630
638
622
631
625
629
618
645
639
622
628
624
634
622
634
631
637
627
623
606
626
623
614
624
623
622
616
612
612
612
623
611
621
617
620
617
627
615
620
621
608
607
612
618
623
607
624
619
620
616
607
616
612
606
619
609
603
615
602
620
616
615
613
613
623
609
616
609
615
606
602
628
608
620
613
600
616
610
611
609
607
603
603
599
608
602
603
606
593
618
611
608
607
608
610
599
611
605
610
601
606
604
604
609
599
615
607
611
601
601
606
615
611
602
602
602
604
604
602
610
600
608
606
610
611
603
606
599
602
612
605
613
608
598
605
599
601
596
598
608
620
611
607
610
595
597
605
609
603
599
605
609
602
607
605
598
604
614
603
611
602
603
600
606
610
599
608
606
601
597
602
595
602
606
604
593
593
601
609
598
604
599
607
602
596
599
602
604
611
601
606
601
605
604
599
599
598
601
602
602
607
599
606
601
599
601
607
606
601
601
606
607
612
599
608
603
598
600
603
600
597
606
604
602
603
602
604
605
597
602
607
604
611
601
597
605
602
602
601
594
600
603
603
599
600
605
604
608
600
599
598
599
606
602
602
615
603
592
598
599
596
600
598
600
600
588
603
603
605
599
600
596
599
598
597
602
604
602
605
598
598
602
603
604
604
603
599
607
603
604
607
604
603
600
602
610
604
602
609
597
595
603
601
601
597
598
605
598
593
603
597
594
604
593
596
601
601
600
605
601
605
605
604
607
595
599
603
608
598
606
604
607
610
601
598
605
600
606
603
605
601
604
593
599
601
605
598
600
597
597
597
600
611
601
606
597
604
597
598
602
604
603
597
599
600
603
598
597
596
597
597
599
601
603
601
599
605
594
599
594
599
598
599
597
604
599
603
602
605
607
606
598
600
597
601
605
606
602
599
605
603
597
599
608
597
600
594
602
596
601
595
602
599
610
597
599
597
598
607
598
593
596
607
595
605
611
603
599
599
592
601
610
611
602
604
590
597
601
599
608
599
600
598
599
595
600
602
596
594
601
606
598
594
595
598
599
599
602
598
599
606
601
604
601
605
604
599
599
585
599
595
605
591
602
604
606
602
604
607
614
596
606
595
602
606
607
602
615
602
602
597
592
590
604
595
604
594
614
602
604
604
599
597
604
595
597
600
601
603
607
