611
602
608
605
600
604
597
604
602
605
603
599
595
603
602
604
599
608
599
607
601
602
611
600
600
606
596
605
607
599
603
602
592
605
606
609
601
604
606
603
592
600
598
597
613
598
600
601
602
603
596
602
596
598
598
609
593
601
601
602
602
600
606
599
600
598
604
601
592
605
605
606
599
607
602
599
598
596
606
608
591
601
600
596
600
609
597
602
590
598
606
602
601
603
591
605
602
607
611
601
596
599
604
606
599
597
590
604
600
606
598
596
606
606
605
605
604
593
602
604
599
600
593
602
601
604
595
607
596
600
604
605
597
601
605
609
590
596
605
597
598
597
595
605
599
595
600
594
600
599
599
603
597
595
602
599
601
603
603
600
598
604
594
599
598
600
596
611
600
605
597
597
600
602
596
597
600
598
601
598
593
599
599
592
594
602
604
598
607
605
600
600
595
593
610
597
602
600
600
592
594
599
602
608
606
595
603
599
594
601
604
606
607
611
601
597
600
600
601
602
605
598
594
597
600
596
600
594
602
595
598
601
601
590
594
595
599
604
600
597
600
601
593
599
604
599
606
601
591
603
603
601
605
603
601
608
604
595
603
605
601
601
608
601
601
603
607
593
603
607
596
601
601
602
610
594
606
601
601
599
599
604
611
602
609
605
601
604
603
603
606
603
595
597
603
597
598
599
607
598
607
600
600
604
590
600
596
603
602
596
591
599
592
593
596
595
602
601
600
601
603
599
599
600
594
592
602
601
604
605
598
593
595
599
598
597
586
613
588
607
599
601
606
597
596
603
599
598
613
605
606
603
604
603
611
598
598
597
609
596
599
606
606
587
595
605
601
601
607
603
604
602
600
598
605
614
597
589
596
602
599
598
591
595
595
602
601
605
598
603
606
606
603
597
601
602
598
601
608
604
596
606
603
595
606
606
608
608
606
599
607
597
602
602
606
603
605
612
603
608
610
606
596
606
606
604
614
606
613
606
610
609
604
608
606
602
604
606
608
605
607
605
600
605
599
622
601
619
605
608
622
608
623
604
607
615
625
616
619
619
601
616
610
616
619
612
608
622
602
622
614
614
610
629
611
618
627
619
606
622
619
617
630
637
622
635
631
616
635
623
628
633
634
630
631
627
638
628
636
630
630
642
633
623
630
642
639
642
629
660
639
642
657
647
635
638
633
637
644
625
665
653
655
646
652
642
637
658
663
651
642
658
653
656
645
670
640
649
656
650
665
647
660
659
650
645
675
628
671
651
637
645
655
664
659
656
672
651
644
677
667
679
675
669
667
654
671
652
657
656
664
654
671
671
681
646
677
675
668
668
697
666
665
663
659
672
671
664
678
690
679
681
657
676
666
679
670
652
669
658
692
689
682
664
685
687
668
689
687
682
673
693
707
678
687
666
672
684
702
684
659
664
662
695
684
666
665
681
672
694
667
699
669
706
701
699
679
687
682
683
696
691
695
691
679
690
687
685
687
691
689
680
680
690
683
684
676
686
684
688
680
686
700
693
673
700
693
690
703
705
693
677
687
676
691
678
670
680
681
681
704
665
667
679
679
689
697
684
679
663
689
668
688
682
697
680
678
693
707
673
712
678
676
693
711
690
665
661
697
695
700
680
677
683
682
676
670
677
690
684
667
671
667
656
686
662
687
678
664
666
655
667
667
666
668
682
678
676
666
675
672
683
668
659
693
664
674
657
666
662
654
656
668
664
648
675
669
673
648
644
656
660
662
669
672
656
667
650
655
642
653
661
662
648
639
640
645
638
639
643
646
645
643
644
646
638
648
649
645
627
653
650
635
647
640
645
628
639
645
634
627
644
646
652
632
647
643
630
634
616
632
631
633
628
626
631
616
616
628
630
633
620
628
639
628
627
624
612
647
614
620
622
635
620
632
629
633
631
607
623
629
632
614
618
616
614
613
627
624
614
628
610
620
627
613
613
608
618
629
618
620
614
610
611
610
624
617
607
626
607
611
615
614
604
614
599
617
603
603
599
612
608
602
618
608
605
605
609
609
621
604
597
607
605
599
617
606
602
609
601
608
607
603
599
598
601
604
604
611
610
601
616
616
605
609
600
612
598
597
610
600
601
594
604
604
601
606
606
607
605
593
607
600
602
605
595
599
605
611
605
606
603
607
603
609
615
605
600
602
595
598
606
606
597
610
601
605
600
606
605
606
607
607
596
615
598
602
606
608
609
608
610
603
602
614
601
601
594
592
598
601
594
608
603
604
608
606
603
606
605
588
605
597
602
605
607
611
598
601
609
606
606
611
600
603
608
607
606
604
601
606
598
603
597
608
608
606
605
599
610
604
598
601
595
604
603
598
598
599
605
599
601
589
602
605
594
599
603
598
605
601
607
598
604
599
597
603
599
601
592
603
607
602
601
600
596
603
605
599
602
604
601
601
596
599
603
600
603
595
611
602
609
598
596
601
608
604
597
610
599
602
601
602
595
601
599
605
599
597
598
606
588
607
612
600
602
604
594
611
596
606
604
595
598
599
594
599
596
597
606
605
601
605
603
594
596
603
598
594
602
603
595
591
604
601
602
597
603
610
603
603
596
602
600
594
600
603
604
597
605
600
605
601
592
593
599
598
608
597
603
602
604
596
604
590
598
604
599
604
604
606
599
600
596
609
590
604
604
598
611
593
593
606
602
603
604
602
604
604
605
602
604
598
600
603
608
605
603
598
605
603
598
609
605
596
600
602
608
603
597
607
606
601
604
602
589
599
601
602
600
600
609
608
601
607
608
607
592
598
607
606
605
599
606
613
602
603
602
601
608
598
602
596
596
602
612
602
601
602
594
605
596
595
597
599
595
593
596
604
596
599
602
604
611
598
602
595
607
608
598
603
599
602
604
606
601
602
606
602
603
600
595
599
591
598
601
594
605
607
600
597
598
603
599
595
600
604
598
601
598
599
600
605
599
599
605
597
600
600
602
601
605
597
606
606
606
600
597
607
601
594
604
599
606
603
605
594
602
598
595
615
592
598
609
596
598
602
596
598
599
599
600
603
599
607
596
601
592
601
597
