605
604
603
612
602
598
610
606
599
611
599
603
609
599
602
596
610
606
603
598
604
609
609
609
602
608
598
598
611
607
597
604
594
599
606
600
597
596
597
598
601
608
601
601
604
603
616
607
612
603
601
615
602
600
599
600
603
607
600
605
604
598
604
597
590
600
597
595
603
602
601
606
600
606
595
600
598
603
604
611
597
601
604
594
601
600
597
597
607
596
613
592
599
605
601
594
601
596
597
608
596
603
607
600
606
594
602
600
605
606
603
597
604
603
603
604
600
603
597
598
597
601
597
590
598
603
597
600
605
601
598
601
603
604
602
596
607
605
610
599
606
604
600
600
605
607
600
603
600
600
589
589
595
599
604
603
604
601
609
600
609
603
599
604
601
606
603
596
602
592
600
601
600
594
596
602
591
607
602
598
605
597
600
608
592
609
603
596
599
602
592
600
596
603
606
597
600
609
604
608
601
597
600
596
603
602
602
597
601
606
600
606
593
601
598
608
599
598
601
595
595
599
612
597
601
586
601
593
598
604
600
603
600
606
602
600
596
601
593
598
607
601
604
597
596
595
600
602
609
597
603
604
595
601
604
597
610
600
599
601
603
595
607
604
599
609
601
612
594
601
607
612
605
603
601
611
596
596
600
593
601
604
614
604
610
603
595
598
598
604
604
603
607
603
600
609
594
603
599
606
602
599
608
602
609
597
603
598
607
602
603
602
601
602
603
605
603
606
613
604
606
609
599
609
603
599
610
610
612
612
614
606
613
615
607
613
606
611
613
613
613
623
616
614
615
616
624
617
615
621
619
628
625
623
626
621
638
632
622
632
646
643
629
641
634
644
648
647
640
618
657
659
647
638
659
653
650
668
653
675
662
686
673
692
672
715
697
707
703
735
742
726
727
707
738
754
739
739
767
792
781
779
796
774
790
819
816
810
853
834
868
888
881
936
917
924
974
977
1004
983
1053
1013
1088
1114
1102
1150
1158
1175
1188
1198
1251
1315
1239
1275
1361
1406
1441
1485
1460
1563
1557
1597
1654
1659
1710
1752
1719
1851
1828
1766
1840
1852
1936
2012
1934
2026
1969
2088
2098
2156
2061
2132
2074
2119
2142
2099
2119
2219
2103
2124
2109
2083
2075
2030
2047
1988
2045
1909
1972
1886
1957
1836
1928
1833
1822
1886
1731
1711
1772
1721
1707
1695
1651
1618
1630
1598
1566
1521
1474
1497
1572
1463
1472
1384
1471
1379
1424
1374
1390
1320
1349
1347
1346
1277
1291
1298
1287
1245
1277
1257
1211
1201
1220
1210
1175
1157
1190
1170
1162
1149
1157
1094
1170
1115
1149
1101
1122
1078
1071
1046
1053
1091
1015
1063
999
1015
1093
1024
1018
1029
1004
1021
964
983
969
1002
993
979
969
941
984
914
972
931
935
925
894
915
916
943
913
895
960
916
885
857
882
883
839
880
848
848
879
867
825
866
863
864
823
839
856
838
849
837
808
820
798
829
786
825
796
822
799
802
798
776
807
774
796
776
799
806
800
765
749
751
791
765
766
763
778
740
728
768
775
750
759
743
728
730
747
749
731
747
742
743
724
756
706
724
716
741
739
736
699
696
740
702
701
731
718
698
695
690
704
708
681
701
699
705
707
692
714
686
696
685
704
680
677
694
667
683
672
686
683
678
683
656
676
698
698
663
679
674
663
652
675
666
663
670
652
680
665
642
652
668
655
681
644
652
662
680
660
652
659
641
662
662
661
647
638
651
652
646
662
644
634
650
651
649
640
625
639
642
634
643
639
630
636
656
641
638
645
640
627
640
640
642
646
636
631
619
618
628
632
628
626
623
627
627
632
641
637
639
628
649
644
624
640
632
641
632
626
619
640
621
636
642
624
625
639
633
618
633
623
626
621
634
621
613
619
623
621
631
610
636
617
626
641
624
611
625
613
625
624
632
624
614
630
631
612
626
627
617
617
622
619
606
614
623
622
624
620
625
610
615
623
619
618
622
629
619
610
618
622
610
613
624
610
620
615
608
613
612
626
617
601
614
619
614
612
602
613
613
620
629
612
624
621
616
616
622
611
623
614
602
626
598
608
601
605
622
610
600
612
618
622
610
608
611
608
614
607
614
610
606
615
605
604
606
626
597
597
605
605
614
615
598
618
605
610
613
595
614
613
604
609
618
616
615
615
624
613
613
609
611
606
612
608
610
610
613
607
611
602
611
598
606
609
617
604
619
599
603
606
608
610
606
609
602
611
595
606
615
613
605
615
605
613
613
605
607
615
604
599
597
600
611
600
594
608
611
605
603
604
607
609
601
602
605
605
609
613
610
608
597
613
604
616
605
607
606
599
597
607
601
614
605
613
606
606
609
603
604
598
593
606
598
604
602
608
595
604
604
605
611
607
605
602
606
603
608
601
609
599
600
607
594
610
605
604
604
606
606
596
607
608
609
607
604
603
603
614
603
605
612
605
599
595
595
592
601
601
598
595
603
612
608
605
610
596
608
609
599
606
606
597
603
606
601
599
595
600
609
612
601
599
597
591
602
603
603
601
596
605
603
599
602
604
591
603
598
598
609
610
604
603
603
602
603
600
598
597
601
598
599
597
606
602
598
594
606
599
600
599
605
605
605
598
604
595
613
600
598
604
597
610
601
603
600
602
598
596
603
600
597
600
589
599
602
593
606
602
599
592
598
602
607
612
613
609
596
597
595
605
603
602
599
601
598
600
597
599
603
606
592
604
593
601
600
603
596
611
601
603
611
597
600
602
602
595
598
600
597
604
603
600
596
594
603
596
597
612
597
601
597
608
599
609
598
598
601
592
607
605
601
606
609
604
604
594
607
608
593
601
599
595
587
601
597
601
605
603
601
587
603
594
594
602
602
595
605
595
596
596
594
601
603
607
609
604
599
605
599
603
598
602
596
600
601
605
607
594
605
600
601
597
604
595
595
597
598
598
597
594
602
599
599
601
594
591
604
587
606
605
600
600
598
605
600
602
595
601
597
607
590
599
601
591
602
606
601
588
607
600
586
597
601
598
588
598
597
596
596
598
594
600
598
596
608
594
603
599
601
597
596
597
601
610
597
591
606
602
607
610
599
601
602
597
606
594
597
591
602
597
600
600
597
604
594
596
602
594
599
603
601
601
597
589
605
595
594
602
606
601
601
591
596
603
598
