611
610
607
610
605
605
608
604
603
612
599
611
602
600
611
592
606
608
598
604
604
603
596
606
607
605
616
607
598
600
600
605
603
608
590
606
603
600
603
610
600
595
604
603
601
604
598
605
611
596
600
600
596
609
602
598
600
600
603
605
603
593
606
594
604
601
601
608
602
606
598
615
606
604
603
596
601
602
604
604
604
600
605
605
613
599
602
603
598
601
605
606
601
606
593
600
596
599
597
595
597
605
601
597
601
602
602
601
603
601
604
602
601
602
598
599
595
597
598
609
606
605
603
603
604
593
597
607
603
610
600
599
599
604
600
601
591
604
593
606
598
606
604
608
603
592
609
600
604
612
593
609
600
604
611
604
592
600
597
597
598
594
601
601
605
595
599
604
606
599
600
603
604
593
602
603
606
599
598
601
600
601
596
598
596
607
595
595
605
601
609
604
593
605
600
612
604
605
597
603
607
611
608
595
592
602
596
606
597
599
598
600
601
602
597
607
602
604
603
596
601
601
598
605
598
602
597
606
603
600
607
602
608
608
602
602
607
593
609
603
595
594
603
599
600
603
600
607
592
604
600
604
602
602
599
600
597
606
602
606
602
600
593
598
602
594
601
606
598
596
611
605
600
600
601
595
598
603
601
611
605
598
614
609
595
604
601
607
598
598
608
607
604
602
600
600
609
603
610
598
597
613
597
607
611
596
598
617
606
605
605
604
604
596
605
608
603
607
605
604
620
614
604
606
610
620
614
605
609
611
614
621
615
600
619
615
613
604
615
615
618
616
606
627
626
620
624
617
620
619
622
623
620
637
637
636
628
627
639
632
639
641
646
641
631
643
631
670
659
649
655
643
664
678
679
668
671
678
654
706
694
684
686
677
698
700
709
717
747
740
742
726
731
743
759
799
775
805
774
799
837
800
828
879
851
888
880
907
901
941
874
957
958
953
968
993
1075
1062
1068
1123
1106
1116
1215
1163
1236
1237
1251
1286
1354
1362
1386
1422
1396
1508
1499
1640
1590
1666
1681
1723
1712
1775
1812
1875
1932
1951
1946
2006
2033
2114
2096
2110
2216
2253
2287
2283
2298
2369
2361
2389
2415
2393
2475
2529
2469
2451
2477
2334
2412
2398
2271
2387
2355
2325
2239
2330
2317
2243
2280
2263
2175
2168
2047
2127
2162
2049
2055
2070
1931
1882
1930
1898
1885
1820
1805
1771
1807
1793
1746
1734
1710
1673
1665
1673
1624
1652
1586
1549
1622
1528
1487
1440
1463
1428
1480
1432
1383
1375
1401
1350
1400
1318
1365
1313
1369
1301
1298
1219
1322
1213
1248
1228
1211
1153
1192
1168
1214
1163
1212
1172
1164
1123
1149
1142
1116
1094
1139
1119
1125
1097
1103
1096
1084
1061
1034
1058
1071
1016
1015
1024
1010
1039
996
1016
1027
1000
1001
1005
985
990
967
960
961
1004
984
1005
948
946
932
947
950
908
970
899
895
901
872
869
925
871
884
884
913
897
859
875
842
848
877
829
850
889
845
850
839
812
858
838
849
799
842
827
828
829
789
816
793
807
791
810
784
775
766
781
791
808
814
783
782
765
804
772
814
781
742
744
758
755
748
751
781
736
719
765
732
770
771
765
727
726
748
711
750
754
686
715
727
761
724
725
720
700
731
718
718
714
708
733
690
704
693
691
720
712
676
704
690
701
700
697
710
703
686
678
703
712
676
685
694
674
652
681
669
670
661
676
700
678
674
672
669
664
649
692
649
658
661
660
674
670
661
667
661
653
663
667
673
659
687
663
646
656
672
675
658
654
655
659
649
662
647
642
644
656
649
657
640
657
634
646
653
659
644
633
650
635
643
633
638
649
653
635
639
653
649
637
629
636
647
643
634
638
636
639
629
650
635
649
623
629
626
639
631
644
637
630
632
623
625
623
615
632
632
626
647
637
634
628
628
626
633
616
629
622
612
616
619
619
634
620
611
620
618
633
632
621
620
609
622
632
625
614
622
614
628
622
616
622
629
618
621
627
619
626
623
629
610
607
624
619
623
617
617
613
604
615
614
605
613
614
620
613
616
620
615
620
623
616
630
624
600
622
618
619
615
622
612
611
623
610
614
614
628
625
610
617
618
616
611
613
619
614
617
607
608
613
610
614
614
617
622
621
613
625
628
616
609
614
620
608
603
621
609
614
618
600
609
613
607
615
613
596
607
605
610
616
613
629
624
610
605
617
614
613
619
604
612
609
597
603
611
618
612
607
608
606
606
609
614
608
605
617
608
611
617
599
605
609
614
605
615
603
607
607
608
602
612
599
605
602
609
601
614
606
614
607
605
603
603
603
612
612
605
603
608
605
618
598
609
604
599
601
610
611
596
606
602
609
608
608
603
608
609
610
604
616
616
607
596
606
608
604
611
600
619
607
596
602
604
606
609
603
603
612
605
606
606
598
607
612
612
592
601
611
614
608
598
609
593
608
598
592
599
603
607
606
610
605
605
591
602
610
600
600
607
601
592
600
610
606
602
612
611
601
610
612
599
604
612
603
601
605
613
595
606
605
607
606
603
601
602
602
608
600
604
603
597
607
601
604
607
610
609
606
609
604
599
598
606
606
598
604
597
607
612
602
601
609
601
598
601
603
602
609
597
600
599
603
599
606
610
603
603
604
619
599
605
603
595
604
607
605
596
597
605
614
595
596
609
610
602
605
598
598
609
599
601
602
594
601
605
597
599
602
605
598
595
607
599
598
604
601
597
606
602
607
604
600
606
602
603
600
607
594
602
602
602
605
597
599
604
601
594
601
602
602
600
609
601
602
599
601
597
603
594
595
606
596
601
594
596
597
606
604
602
603
598
602
596
609
606
603
593
605
605
606
605
588
602
601
601
591
604
597
596
595
594
597
599
599
601
603
600
598
597
602
601
603
599
609
604
612
605
598
598
601
597
602
599
603
608
602
588
603
595
603
588
604
601
597
593
601
599
592
600
602
595
605
597
599
599
603
597
607
603
595
601
602
607
594
591
603
601
600
603
596
599
601
596
602
603
596
594
602
599
606
604
596
602
610
603
595
600
596
596
593
596
592
589
599
609
595
596
605
601
595
603
594
605
597
607
598
601
597
598
602
600
607
594
599
598
593
606
597
602
590
600
596
603
602
603
596
608
590
598
599
595
590
588
596
596
607
604
593
598
599
598
599
606
603
