612
607
607
612
610
601
600
592
605
603
598
592
611
603
596
609
598
606
604
604
607
605
603
604
598
600
604
605
600
606
593
599
596
603
599
601
593
601
595
602
598
601
603
602
602
608
610
609
605
607
610
612
598
594
601
607
601
605
602
602
606
599
603
594
601
605
611
605
598
605
604
595
601
592
604
605
601
605
601
604
595
604
598
596
593
598
609
598
598
595
602
604
614
602
608
607
606
597
607
600
600
598
601
600
603
601
603
605
596
609
597
609
593
593
597
592
599
594
607
595
608
600
595
598
596
602
597
601
593
601
595
608
604
603
602
596
603
596
590
604
599
601
607
601
601
607
602
600
609
603
605
597
608
600
605
599
600
593
602
605
597
592
600
598
592
600
602
594
604
598
609
598
602
595
602
601
594
608
603
600
602
598
601
600
599
606
606
592
605
602
601
600
595
608
602
605
603
593
595
613
601
596
596
603
595
595
602
609
604
604
602
601
600
601
606
603
600
601
591
601
601
601
609
609
602
600
599
587
600
594
597
592
604
609
596
604
609
607
601
606
604
605
607
603
610
600
597
597
602
598
601
603
602
601
601
609
603
596
597
607
602
603
597
604
590
589
598
603
602
595
602
596
601
604
610
595
606
607
597
604
597
606
605
597
600
597
602
603
597
597
602
604
598
607
598
604
600
612
599
603
592
607
603
609
606
600
597
601
603
607
602
603
601
606
598
601
606
596
606
609
607
616
605
601
609
607
596
606
604
603
613
612
608
608
628
618
618
601
606
613
615
618
617
614
614
615
619
606
629
620
626
616
632
614
631
627
629
628
630
627
636
625
621
655
642
640
641
627
637
642
647
648
644
645
657
662
654
657
674
670
678
681
663
676
690
681
706
708
681
725
699
697
737
699
723
730
759
772
752
764
764
767
768
822
780
813
809
824
838
846
880
844
871
874
922
937
960
928
991
1045
1028
1010
1049
1043
1104
1084
1081
1107
1215
1221
1224
1269
1305
1349
1373
1418
1413
1453
1467
1453
1640
1547
1599
1661
1622
1673
1694
1729
1738
1786
1885
1955
1856
1983
2000
1961
1992
2078
2085
2051
2102
2106
2101
2014
2104
2069
2114
2156
2052
2082
2193
2164
2043
2043
2077
2045
2013
2009
2006
2036
1964
1952
1981
1906
1792
1827
1805
1734
1708
1728
1731
1698
1726
1664
1630
1600
1551
1533
1571
1570
1546
1558
1431
1487
1450
1417
1413
1440
1447
1361
1361
1353
1333
1296
1322
1289
1306
1248
1303
1249
1195
1200
1193
1232
1204
1089
1183
1163
1190
1152
1093
1197
1154
1126
1136
1088
1103
1044
1102
1064
1064
1109
1013
1076
1061
1076
1036
1067
1025
1022
1014
1010
990
1009
1035
990
1018
975
943
946
981
958
946
975
937
961
938
922
918
928
966
906
946
925
914
874
935
908
902
889
906
883
851
915
851
855
859
860
835
857
842
868
841
817
882
843
849
827
810
806
837
793
836
820
795
787
824
760
806
805
781
768
790
816
737
793
784
776
743
763
722
769
758
773
754
719
777
750
727
758
759
758
755
740
771
719
742
714
735
721
724
734
737
700
737
716
709
721
738
721
700
708
698
709
705
722
697
711
693
707
704
700
687
699
699
714
707
703
675
682
690
671
684
676
690
676
693
698
677
676
681
679
661
687
678
671
664
684
675
695
660
653
671
659
670
647
661
653
669
655
652
659
662
657
642
650
662
652
653
633
650
667
650
654
644
658
644
651
651
658
654
634
642
636
640
650
644
649
652
632
640
643
656
646
646
634
640
642
634
654
637
651
644
619
631
635
649
623
632
640
626
627
638
630
631
610
627
623
627
637
647
642
629
631
611
641
636
626
630
626
622
624
623
624
604
628
627
640
619
629
627
626
629
626
629
620
637
625
633
629
624
625
620
619
621
611
624
617
613
622
623
622
621
614
616
628
618
618
625
631
610
628
624
632
614
620
620
606
608
615
610
611
609
623
621
622
604
613
632
624
603
612
620
613
618
613
613
613
618
618
606
612
607
605
615
610
611
613
613
609
609
620
601
613
613
609
617
603
617
615
610
605
622
624
614
613
610
608
609
598
615
602
611
608
601
615
605
610
601
613
622
605
612
614
611
615
604
609
618
598
612
614
610
609
609
603
612
601
611
602
603
613
603
609
612
607
605
616
608
606
614
609
606
611
607
606
605
614
612
608
605
615
611
605
612
599
621
604
609
608
607
604
607
604
608
601
597
601
605
602
592
599
601
610
605
600
608
595
605
603
605
604
593
602
607
614
604
598
613
610
595
607
605
597
612
606
600
611
596
609
610
600
610
603
611
600
599
600
607
613
603
607
605
597
605
606
605
604
611
604
607
604
609
606
603
607
605
600
597
616
608
606
601
606
615
609
601
596
602
604
601
597
599
602
606
601
600
599
609
603
606
600
605
609
606
598
602
604
599
606
602
597
603
610
603
606
604
609
602
600
602
600
609
613
608
608
606
606
611
603
603
607
614
604
608
603
604
597
600
604
603
615
607
603
598
597
607
609
602
598
606
603
602
604
607
603
601
601
604
606
603
594
597
601
594
603
598
605
594
603
606
598
601
601
601
600
603
598
604
608
609
598
597
601
605
604
605
603
597
603
606
596
601
601
600
602
605
601
600
592
605
600
595
602
596
596
601
602
606
598
599
594
600
602
607
600
601
597
597
600
596
601
600
597
606
602
602
608
596
600
597
603
600
600
593
599
600
604
605
605
596
598
600
605
597
598
594
605
599
601
607
602
600
603
596
598
598
604
601
598
603
602
599
596
596
596
599
599
604
600
593
605
593
599
606
591
594
597
603
588
602
597
594
596
604
606
605
603
602
594
594
593
596
599
603
606
609
597
597
597
594
604
606
594
600
595
597
598
601
597
595
607
598
600
599
597
606
605
600
599
604
604
598
592
601
598
598
603
597
598
602
600
596
601
597
600
598
598
596
600
612
597
602
602
599
600
601
595
597
604
601
601
600
594
601
599
608
604
599
594
595
605
594
600
601
606
600
598
596
602
603
600
606
603
599
598
593
598
607
600
604
600
603
601
603
600
601
603
604
606
600
594
590
594
602
599
599
599
602
600
603
597
595
607
597
600
596
602
595
601
595
602
603
603
595
596
598
598
603
591
