612
610
602
612
604
612
609
599
593
600
596
603
602
599
586
605
602
601
590
599
604
603
611
607
601
609
608
607
604
603
604
610
598
598
597
602
598
601
601
599
605
605
600
598
602
612
599
601
600
600
601
602
600
602
597
599
598
605
599
610
597
596
609
607
596
594
601
591
594
597
600
601
599
610
596
609
594
606
596
598
607
606
597
609
602
610
597
607
604
605
598
593
598
611
603
596
603
606
598
612
601
605
601
603
610
603
607
605
612
612
597
604
603
600
600
593
605
603
607
602
602
608
596
604
604
600
604
603
602
603
596
605
599
602
600
602
610
602
606
601
597
597
598
601
602
598
605
603
597
607
604
601
601
605
600
597
609
604
596
601
591
608
602
612
604
601
600
600
590
594
593
602
609
603
597
605
606
595
605
610
597
603
607
601
609
599
600
605
599
601
605
598
600
598
610
600
600
599
602
605
597
589
601
602
600
604
601
604
601
596
612
601
606
598
597
607
603
595
599
600
595
594
593
594
609
601
601
596
605
601
607
604
609
600
596
598
596
598
598
605
603
603
598
595
603
595
602
608
595
588
603
602
603
604
601
606
601
602
601
602
607
600
601
601
600
605
601
603
596
600
612
601
605
604
613
613
607
600
599
599
605
603
604
596
601
593
615
613
604
600
600
603
603
611
611
613
598
609
602
611
611
603
604
612
609
601
607
613
607
603
604
606
605
607
605
606
604
616
612
617
605
601
611
608
611
618
614
614
602
609
616
613
618
609
602
608
612
613
617
618
613
610
614
619
618
611
637
618
623
623
623
625
613
643
621
624
631
641
622
634
640
637
646
647
649
649
649
640
663
649
648
648
656
673
676
671
676
678
666
683
671
679
685
676
698
696
702
701
712
740
728
742
760
749
756
773
765
806
799
806
774
816
862
821
827
845
855
898
890
907
897
913
960
949
978
955
994
1032
1059
1108
1051
1095
1091
1172
1146
1201
1179
1218
1264
1261
1333
1391
1359
1409
1468
1510
1469
1596
1606
1643
1616
1675
1803
1767
1737
1823
1928
1939
2025
2091
2007
2114
2128
2125
2205
2202
2182
2269
2165
2190
2279
2335
2340
2388
2328
2336
2437
2383
2352
2331
2273
2376
2348
2273
2271
2235
2184
2251
2243
2134
2140
2127
2094
2088
2085
1995
2080
1909
1933
1904
1825
1851
1876
1811
1841
1818
1731
1709
1732
1646
1707
1635
1549
1623
1571
1528
1551
1509
1510
1463
1428
1489
1456
1417
1379
1361
1420
1415
1365
1346
1326
1313
1344
1345
1311
1291
1253
1260
1234
1225
1268
1195
1190
1186
1158
1184
1190
1164
1126
1202
1134
1129
1143
1135
1136
1094
1110
1132
1085
1073
1120
1077
1059
1035
1021
1044
1090
1006
1054
1019
1022
1035
1053
1021
1023
977
1039
986
965
985
974
974
971
978
958
940
943
973
919
921
973
931
907
935
941
913
884
916
941
896
925
895
885
843
873
862
876
869
844
879
882
835
815
852
848
838
832
838
832
848
822
794
831
794
816
821
831
788
753
790
770
784
781
791
795
766
765
796
768
778
758
765
765
752
743
778
757
749
805
765
735
754
794
773
733
762
737
727
709
734
692
727
734
727
736
716
721
715
700
726
713
698
729
699
697
698
718
706
717
706
685
697
692
719
714
697
691
705
689
673
692
687
692
692
668
693
695
675
697
698
694
678
696
648
675
673
657
661
670
687
646
670
661
673
682
683
676
656
645
668
662
662
670
659
653
663
653
645
670
655
663
632
648
645
653
656
641
640
657
641
646
658
669
654
667
665
641
641
635
651
647
642
651
644
643
647
642
652
638
638
649
640
633
660
648
639
652
633
642
648
638
630
641
638
638
633
640
635
624
637
626
631
625
636
626
625
627
627
630
636
632
624
640
614
626
639
629
631
626
628
627
616
627
633
645
633
635
622
629
633
631
635
626
624
620
619
618
635
623
614
623
629
623
615
619
630
630
628
628
634
624
623
614
603
622
610
616
615
623
614
620
627
621
618
622
622
620
618
621
622
622
619
618
609
613
627
615
630
616
619
621
617
611
623
604
620
608
605
624
619
616
621
604
603
615
617
604
614
611
618
627
620
621
614
619
614
613
613
618
614
612
602
613
608
610
615
616
624
619
615
613
611
606
609
610
612
598
604
620
620
616
611
609
608
613
609
616
609
619
619
615
622
608
611
613
609
616
599
609
605
605
598
611
607
614
620
611
598
617
602
607
613
611
599
612
606
610
605
608
605
599
602
604
604
620
610
610
607
602
601
604
623
615
614
609
613
605
606
602
606
608
608
608
604
606
615
618
607
609
601
602
608
611
598
613
612
623
603
601
604
605
610
604
603
598
608
603
611
605
606
612
603
600
601
598
596
604
608
607
610
616
600
605
609
601
608
602
608
604
608
608
605
595
613
612
601
604
605
613
604
600
610
598
604
606
604
597
593
611
604
603
604
605
609
606
596
603
604
604
602
610
611
617
600
608
604
600
601
610
600
609
600
602
604
612
605
600
601
596
604
608
594
609
600
602
602
600
608
601
592
614
605
604
611
603
601
618
605
599
602
599
607
598
597
608
604
598
601
598
601
606
600
606
604
601
594
595
597
603
609
600
588
607
610
600
602
597
602
602
600
604
604
606
602
609
599
603
603
608
601
607
610
603
602
607
600
607
603
606
604
603
601
610
603
596
603
592
597
612
611
597
609
606
605
601
600
601
608
607
610
608
594
607
604
591
600
601
602
605
592
606
601
596
606
602
598
596
602
600
592
603
596
599
591
600
602
598
610
602
604
602
604
602
595
602
601
604
596
596
599
601
601
600
599
596
596
596
600
595
593
607
606
597
597
604
607
602
610
600
598
603
606
606
602
605
598
595
601
606
599
596
600
590
590
597
600
607
603
611
598
599
605
604
597
606
612
597
605
599
598
605
597
596
601
598
598
600
588
603
599
600
605
602
596
602
596
605
599
603
597
602
604
605
596
598
601
605
602
599
596
605
597
607
598
604
601
602
603
604
592
602
607
604
599
602
603
598
599
598
585
599
597
598
598
597
600
590
605
601
604
603
602
599
601
606
592
588
601
598
600
598
597
598
609
606
599
600
598
600
598
603
598
606
603
605
603
595
602
608
593
605
600
599
611
600
594
603
605
590
601
