597
604
602
598
601
611
598
603
611
607
601
608
595
606
600
602
607
598
602
607
603
599
607
603
603
606
602
598
606
597
606
605
600
606
604
592
601
601
597
607
602
608
600
598
610
613
598
604
609
596
606
605
604
610
609
613
610
598
599
611
598
614
615
600
614
600
602
608
597
610
607
603
605
609
601
594
603
602
602
603
603
600
594
595
601
603
605
598
597
596
600
598
604
587
604
607
604
606
613
612
597
603
598
597
599
599
605
605
600
605
610
591
610
600
593
609
601
597
612
612
606
601
604
589
603
598
604
595
600
599
602
601
597
606
593
605
602
599
603
592
602
603
599
603
595
607
601
597
596
606
604
600
606
599
598
598
600
602
603
598
606
602
598
610
612
601
599
596
603
604
601
604
608
604
597
607
606
602
600
600
605
600
605
603
611
598
600
592
604
605
596
605
603
608
609
604
597
615
598
595
607
612
604
602
600
604
599
604
608
609
602
606
607
609
601
603
608
615
597
595
605
598
596
600
597
599
606
594
602
611
598
604
604
607
605
607
594
599
602
589
593
604
598
601
598
596
603
606
608
605
609
605
606
608
603
602
608
602
606
600
585
596
598
596
589
608
604
600
605
605
598
610
603
595
597
601
603
612
599
594
606
602
595
611
604
602
610
608
606
598
607
602
609
603
606
598
596
601
601
613
612
604
616
610
604
609
612
609
609
613
613
610
603
606
608
615
604
615
605
613
613
607
606
607
616
614
610
603
623
612
616
616
608
622
611
619
624
619
631
632
614
629
619
625
614
619
640
619
627
613
623
625
626
623
639
626
642
637
635
642
644
637
647
655
667
653
669
668
660
668
659
666
674
678
655
700
692
683
674
670
690
707
700
699
705
735
725
723
736
760
748
753
781
792
824
791
802
790
827
811
886
854
908
874
918
905
903
942
942
964
1007
1004
1014
1036
1029
1107
1075
1093
1105
1126
1128
1258
1275
1250
1292
1348
1379
1440
1442
1434
1476
1565
1573
1611
1683
1634
1735
1804
1895
1838
2029
1942
2034
2047
2029
2202
2292
2342
2290
2366
2397
2300
2486
2548
2524
2629
2668
2594
2578
2700
2733
2686
2742
2715
2707
2807
2644
2715
2757
2638
2684
2700
2698
2638
2587
2622
2611
2535
2454
2498
2483
2329
2351
2481
2327
2316
2287
2350
2115
2187
2125
2082
2027
1983
2123
1961
2016
1920
1923
1981
1856
1829
1794
1774
1791
1749
1733
1685
1787
1704
1604
1660
1629
1565
1590
1549
1576
1512
1541
1471
1425
1443
1448
1501
1436
1432
1434
1392
1356
1341
1295
1288
1319
1354
1335
1303
1276
1243
1215
1266
1255
1168
1221
1222
1195
1158
1190
1166
1188
1222
1187
1130
1147
1136
1138
1129
1122
1088
1150
1081
1087
1111
1093
1068
1069
1061
1020
1071
1082
1041
1034
1057
1056
1039
1024
1013
1019
1030
1023
1000
963
948
1001
988
984
937
957
999
913
947
943
955
946
944
902
909
918
914
935
870
902
912
883
874
870
886
886
886
869
844
811
849
875
847
852
855
870
811
828
831
848
827
793
817
840
811
825
810
808
775
812
787
808
776
761
778
768
778
785
771
777
781
754
788
780
742
763
776
748
751
777
759
753
747
732
739
734
769
736
759
730
737
733
721
744
728
732
725
741
711
708
742
702
710
707
699
705
697
726
704
726
698
694
708
707
688
704
689
693
687
697
696
684
688
689
675
683
678
689
673
699
673
675
683
683
691
671
685
687
679
665
679
674
689
648
662
655
662
682
647
665
667
673
671
666
670
655
657
688
673
658
642
655
667
654
655
678
659
652
645
653
645
638
644
647
655
645
645
644
670
649
637
667
655
648
651
638
650
647
655
651
654
642
632
640
652
635
636
640
647
648
635
637
627
653
642
637
646
647
628
636
628
637
659
636
620
620
639
636
636
637
635
628
626
624
637
628
635
624
623
627
625
620
628
635
623
633
627
636
626
631
621
619
634
623
627
621
619
613
622
619
622
642
629
622
619
610
616
614
617
621
626
613
610
630
619
624
622
610
625
628
617
637
618
619
615
616
613
617
620
616
602
635
624
619
619
634
611
612
614
612
627
609
630
617
633
620
603
615
624
618
607
623
611
610
602
614
624
607
607
608
610
610
604
619
609
608
614
621
611
619
607
615
602
621
614
604
615
612
604
619
615
613
621
606
611
610
620
617
611
610
618
619
628
616
611
620
611
601
617
611
605
608
615
616
619
604
611
603
621
604
609
605
611
615
621
610
614
596
604
602
609
611
609
605
607
604
594
612
607
612
604
612
613
611
605
614
605
611
600
605
611
611
615
607
617
604
607
613
603
603
604
617
608
612
608
617
606
605
610
611
602
611
607
603
596
609
603
615
593
609
605
607
604
610
607
612
607
610
610
606
606
616
607
603
605
609
597
610
605
612
609
604
618
605
612
613
611
608
597
611
597
600
613
604
607
607
609
615
606
605
608
614
606
607
604
611
607
601
608
591
609
596
620
609
595
605
604
605
611
604
605
602
603
592
606
604
603
611
613
608
605
606
604
600
610
601
597
599
611
595
603
610
601
598
603
602
591
602
596
601
603
609
606
602
606
597
611
599
606
601
599
603
612
602
612
607
604
599
604
606
600
603
608
598
601
605
605
598
607
610
601
609
600
603
608
595
603
610
605
599
598
598
601
606
610
604
605
600
610
607
600
603
595
603
603
609
605
598
607
606
603
605
607
594
613
606
597
591
606
603
608
596
591
595
595
601
594
595
594
605
598
600
603
599
600
593
596
602
605
602
596
603
603
596
590
605
603
598
604
600
608
600
606
597
599
596
606
596
598
606
601
604
612
602
593
599
608
600
596
601
602
594
600
601
599
599
597
609
599
598
597
599
598
597
597
601
597
604
603
588
602
600
604
585
600
602
597
606
591
591
606
603
610
600
601
599
611
604
598
609
600
601
606
599
607
595
599
603
597
605
597
609
599
598
608
608
606
602
613
595
608
604
610
600
600
596
606
598
601
600
599
600
599
596
604
602
603
600
601
605
592
607
605
603
603
606
592
593
604
598
597
602
607
609
597
604
598
598
594
599
605
605
594
607
604
597
594
606
604
599
607
597
606
599
593
609
599
596
605
599
605
598
600
598
596
599
597
595
608
597
583
601
600
602
601
595
610
612
603
