600
602
603
608
596
604
607
608
593
597
604
597
615
604
604
607
604
603
601
608
604
612
606
598
596
603
598
600
603
595
599
608
603
602
600
602
592
597
600
601
592
602
600
603
606
601
605
602
607
601
603
600
604
608
598
605
602
603
597
596
603
597
603
603
609
599
615
615
604
609
602
597
606
596
603
606
598
601
597
599
603
612
595
607
592
607
600
599
603
605
606
606
600
604
606
604
600
612
611
602
603
602
598
602
596
600
599
604
601
607
601
599
593
606
600
601
601
609
607
603
598
601
597
612
599
596
599
609
602
607
601
599
600
601
596
604
603
598
603
599
601
602
605
603
597
601
608
606
593
597
597
595
595
595
598
595
597
607
603
600
596
605
606
609
605
604
605
601
600
610
592
603
601
605
603
596
607
602
605
602
605
607
600
597
600
601
605
601
598
603
595
598
600
603
602
592
603
606
603
594
609
609
600
602
597
598
602
599
602
603
602
601
594
600
609
602
603
609
598
598
608
603
611
608
607
601
598
601
607
596
599
598
600
595
597
596
599
606
602
596
601
600
600
598
595
597
602
611
603
602
599
615
600
602
594
597
606
609
602
607
604
606
603
603
598
609
598
610
602
606
600
600
590
600
605
612
600
598
603
606
600
599
607
602
607
600
610
607
602
600
603
600
603
600
607
599
610
607
600
602
612
601
609
595
612
606
602
605
598
603
603
612
608
613
613
607
609
608
604
604
607
606
617
595
602
607
606
624
614
615
615
613
603
606
612
613
624
621
609
626
611
621
623
629
624
630
623
642
625
630
645
635
628
617
626
635
640
630
626
640
628
627
643
659
650
653
665
652
650
645
674
650
659
642
649
674
688
684
697
707
698
713
691
723
711
721
714
738
760
747
741
748
782
766
782
744
812
799
807
812
820
842
854
880
875
891
886
928
904
964
947
978
1007
1002
1004
1026
1046
1111
1156
1079
1161
1132
1175
1257
1183
1250
1280
1339
1363
1339
1407
1468
1448
1581
1556
1639
1720
1763
1762
1780
1816
1873
1896
2044
1937
2070
2141
2153
2196
2166
2320
2261
2335
2313
2375
2315
2457
2511
2606
2612
2592
2722
2610
2684
2709
2540
2570
2713
2586
2531
2587
2532
2461
2514
2506
2506
2534
2507
2521
2461
2469
2381
2334
2345
2254
2299
2281
2063
2150
2098
2095
2049
1981
2123
1974
1974
1878
1889
1829
1858
1790
1741
1703
1772
1820
1737
1690
1662
1549
1578
1618
1641
1587
1552
1536
1546
1448
1450
1487
1520
1445
1408
1437
1406
1398
1439
1347
1393
1428
1402
1315
1313
1306
1303
1255
1265
1320
1254
1240
1231
1266
1261
1240
1244
1189
1166
1271
1166
1154
1164
1165
1159
1195
1140
1149
1108
1137
1104
1070
1086
1059
1100
1079
1045
1059
1084
1035
1025
1008
1045
1029
1070
1015
989
1035
995
1001
1000
1006
1020
978
978
948
980
942
973
976
964
992
938
927
952
978
911
912
920
909
872
934
884
868
882
902
873
873
890
841
860
864
858
829
859
846
859
838
883
816
800
817
848
807
805
797
809
868
782
819
782
814
816
777
759
779
758
801
792
793
792
749
805
769
774
760
763
724
750
761
741
726
762
749
752
749
749
742
741
743
727
743
745
740
727
717
709
738
703
715
727
720
705
713
733
713
712
704
694
720
708
695
708
707
731
683
698
686
707
694
707
687
691
691
684
705
670
670
700
692
668
682
699
681
685
670
675
674
678
657
667
662
671
667
660
665
671
668
657
675
644
665
675
657
665
673
665
667
679
674
665
665
667
658
652
651
661
656
654
653
663
655
644
641
645
642
646
648
648
645
662
640
646
643
649
644
646
640
654
644
642
660
646
641
651
641
643
645
619
644
639
640
643
631
635
632
643
638
640
634
638
639
640
650
644
646
646
646
628
636
636
626
619
636
623
628
635
628
617
634
615
648
624
642
630
633
634
623
628
645
621
633
631
635
634
628
624
635
624
633
624
621
621
632
626
615
630
620
639
611
626
617
614
615
614
622
627
627
615
618
622
624
602
619
614
616
612
627
620
607
623
618
621
619
605
617
618
619
619
619
603
619
622
614
618
637
628
602
607
620
612
634
612
613
621
610
614
618
611
622
625
608
614
624
610
603
615
600
616
618
607
612
627
600
615
613
621
621
590
630
612
617
612
611
605
609
610
609
611
606
615
612
614
613
608
610
602
611
615
603
607
606
597
602
607
609
609
610
624
607
610
624
615
611
599
605
616
608
601
621
606
604
610
604
609
614
609
604
614
615
610
614
607
610
620
607
608
616
610
609
604
610
613
614
613
616
606
612
615
600
598
606
603
617
607
609
609
611
606
608
604
611
615
607
611
610
609
617
612
610
604
614
620
602
603
606
618
597
604
609
612
609
600
598
612
601
601
595
611
600
611
601
607
610
603
598
612
601
612
612
607
615
603
595
602
611
596
603
613
619
602
610
600
604
601
611
603
601
610
603
599
605
609
606
604
600
596
601
605
600
601
607
601
604
599
598
613
604
601
604
601
606
597
599
604
608
603
603
598
614
606
600
600
598
605
604
603
596
605
602
607
608
606
604
609
606
600
602
602
602
611
607
602
606
607
610
603
600
601
604
600
599
607
607
602
602
598
602
592
608
593
605
599
606
598
600
603
598
596
605
603
607
601
606
596
607
600
600
605
604
603
603
612
602
604
597
590
600
596
597
606
603
597
602
602
598
597
586
603
604
602
601
605
606
604
607
605
604
602
605
604
602
598
598
601
602
603
599
590
606
596
589
598
604
607
596
592
610
603
605
601
598
604
597
596
600
604
597
596
602
602
593
602
600
603
610
600
598
596
599
602
596
601
608
595
589
598
596
595
594
604
598
601
600
601
608
598
606
595
603
608
603
605
601
601
603
613
607
611
601
610
597
588
606
600
602
598
604
609
594
605
589
600
604
595
603
600
608
599
608
599
601
598
604
596
598
604
598
598
594
598
603
593
600
601
599
603
594
603
599
598
602
598
602
593
601
607
600
609
594
601
598
603
598
603
601
601
599
606
604
600
597
595
605
600
602
600
603
608
606
594
606
595
597
604
601
598
600
605
604
601
600
597
599
591
601
594
595
607
605
593
596
600
595
597
598
594
598
602
597
599
602
599
598
603
609
603
599
596
604
597
599
606
