601
598
601
605
602
595
605
603
602
604
604
611
601
598
608
601
609
600
607
601
606
615
595
612
598
607
600
600
609
602
600
602
609
611
598
603
604
597
602
600
612
605
599
602
611
605
605
606
605
598
595
604
603
600
613
598
603
600
604
600
599
596
603
605
604
600
609
603
600
600
602
605
594
606
600
597
602
604
601
602
597
593
612
607
596
603
598
597
592
601
600
603
603
595
596
597
606
605
597
598
604
604
610
602
602
602
605
593
599
592
598
603
598
598
600
599
599
602
606
598
607
602
606
596
597
593
610
599
607
602
607
601
603
603
605
606
606
605
613
603
604
601
604
596
602
597
600
599
603
594
605
601
598
603
600
609
603
596
604
594
600
600
603
598
602
601
606
597
595
598
600
590
604
602
596
591
598
602
596
595
610
608
604
606
599
599
606
594
606
604
595
597
607
604
608
608
609
615
596
596
595
604
605
592
599
602
602
604
611
606
599
596
603
603
601
601
614
600
602
602
598
603
606
610
602
612
598
606
600
605
599
600
600
602
607
599
595
604
605
595
605
606
604
601
593
608
592
605
604
599
604
606
600
601
594
609
599
601
602
596
596
600
605
602
602
604
606
602
599
611
602
593
597
609
605
595
609
606
601
605
610
599
610
607
607
600
598
603
596
613
606
605
604
605
606
616
603
610
608
611
611
615
605
607
608
617
605
590
605
605
612
613
616
609
608
610
603
620
605
618
615
603
614
619
603
610
611
618
619
613
618
624
623
618
614
627
631
635
626
637
632
619
614
626
608
629
615
640
622
617
639
635
640
634
634
642
628
653
652
632
647
654
657
665
677
671
662
685
675
673
689
689
697
700
699
711
719
710
727
711
711
737
733
752
728
761
783
762
772
781
805
801
803
866
808
855
856
890
890
890
894
944
919
948
952
1014
960
1017
1010
1012
1068
1110
1124
1124
1141
1223
1221
1223
1253
1285
1393
1439
1520
1462
1468
1503
1562
1629
1633
1664
1706
1786
1895
1939
1885
1958
2067
2073
2100
2153
2216
2260
2423
2393
2496
2551
2689
2743
2739
2755
2834
2936
2922
2922
3013
3095
3161
3221
3313
3208
3246
3369
3219
3286
3247
3344
3326
3211
3316
3222
3289
3211
3228
3254
3162
3115
3148
3044
3115
2990
3011
2926
2816
2850
2843
2718
2740
2742
2684
2589
2528
2490
2532
2361
2456
2349
2301
2291
2281
2237
2089
2163
2133
2104
2100
2114
2054
1956
1945
2013
1941
1856
1839
1830
1879
1783
1736
1825
1716
1723
1682
1660
1744
1692
1615
1709
1590
1571
1588
1544
1620
1542
1502
1521
1497
1457
1494
1395
1418
1436
1484
1467
1390
1363
1395
1394
1375
1401
1357
1314
1320
1331
1318
1284
1307
1316
1301
1285
1283
1224
1184
1224
1215
1270
1200
1197
1185
1206
1148
1172
1195
1141
1143
1140
1112
1089
1155
1110
1061
1123
1045
1080
1080
1074
1006
1094
1062
1050
998
1036
1053
1012
1036
1040
1039
1021
1027
1040
948
996
977
996
993
951
943
936
984
911
931
966
923
912
937
920
916
931
923
908
939
883
868
871
882
902
885
862
871
861
881
853
885
883
866
850
824
867
844
822
845
809
820
826
834
800
806
797
800
786
795
814
791
842
804
788
785
782
794
785
792
781
800
787
790
771
750
767
759
771
774
783
764
756
754
745
778
744
724
740
736
734
732
734
716
743
724
728
725
732
734
726
709
704
748
723
699
725
728
702
726
717
703
713
725
705
701
721
678
699
695
706
723
694
684
702
699
705
710
699
676
660
663
696
668
675
705
689
661
684
687
675
684
689
677
675
673
674
660
665
685
659
656
679
659
663
670
650
670
665
681
643
677
687
652
685
659
656
638
655
644
665
648
660
653
657
654
655
628
655
645
647
655
658
658
632
648
655
640
657
636
650
647
638
636
655
643
633
647
643
656
639
631
655
645
642
641
645
632
642
635
628
623
632
649
644
648
640
644
644
637
639
636
649
639
639
646
640
630
620
641
634
629
633
628
640
624
631
633
617
638
632
627
635
631
638
631
642
633
636
635
619
620
623
626
626
629
616
639
628
632
619
637
616
622
630
626
610
638
618
624
617
636
620
630
631
621
628
622
616
618
617
616
623
624
605
615
621
613
628
620
623
625
615
615
607
620
612
624
622
620
628
623
612
612
617
621
620
623
617
604
615
616
617
620
609
619
614
617
612
619
626
629
611
617
609
610
616
624
608
603
616
615
614
611
613
618
610
597
603
606
604
607
615
600
618
610
611
621
603
605
615
613
627
614
614
605
611
602
601
620
603
609
611
609
618
608
603
605
612
617
617
614
611
607
611
617
606
606
614
608
623
615
621
607
613
600
628
618
605
601
607
607
617
619
610
608
605
607
611
616
611
616
604
612
597
603
602
605
603
603
606
610
611
602
609
611
610
614
600
606
614
611
605
606
600
612
605
608
617
609
609
612
605
603
597
602
599
614
602
623
606
601
604
602
611
609
602
609
601
608
609
612
607
611
605
607
605
603
603
601
604
603
610
603
607
599
605
599
605
598
608
608
601
610
601
597
606
596
600
601
608
605
613
598
612
599
604
603
613
596
609
604
610
599
605
603
609
602
606
609
607
601
601
607
597
607
608
604
605
601
605
596
598
609
609
597
602
601
603
601
604
607
594
607
597
601
603
604
603
605
591
595
598
601
605
604
607
603
605
591
605
603
599
605
610
606
609
611
608
598
605
606
605
594
603
603
605
598
604
601
605
603
597
606
612
605
601
606
604
599
592
602
596
601
604
599
607
604
601
601
602
598
607
588
593
600
603
603
602
597
593
595
601
606
605
595
608
604
604
603
603
595
604
604
595
595
606
597
606
593
603
593
602
599
603
604
602
597
605
600
597
603
602
596
605
603
607
605
606
594
603
601
600
589
602
610
604
604
602
604
603
598
597
601
600
606
596
606
601
602
602
603
607
604
598
601
600
605
597
605
605
602
607
598
610
595
607
603
602
597
597
594
600
608
598
595
597
594
606
598
602
613
605
602
603
594
599
600
601
607
597
598
609
604
602
601
601
593
601
596
605
598
599
607
594
601
598
595
602
606
602
604
601
595
600
601
587
598
603
592
601
606
595
595
595
594
610
602
604
597
596
604
605
595
597
606
598
600
601
603
604
601
611
597
598
608
601
603
600
603
600
