603
605
606
612
607
601
607
605
613
610
601
601
613
604
606
592
604
605
605
609
608
596
603
604
614
598
615
607
598
596
610
598
610
611
606
604
600
609
609
598
603
601
604
604
611
608
610
606
603
596
594
597
602
606
597
594
602
611
597
596
603
596
607
594
596
609
601
601
603
608
602
600
594
601
608
600
602
605
604
606
601
601
606
604
601
609
601
617
602
604
600
601
600
596
602
603
599
597
596
604
598
600
605
598
606
601
601
608
608
600
608
612
600
604
608
602
606
597
607
611
601
597
606
606
603
612
601
595
601
603
602
606
610
599
610
594
598
602
597
607
597
602
597
601
601
606
592
602
604
598
601
600
599
599
596
603
602
602
610
605
601
613
598
603
606
595
592
603
590
611
602
601
599
590
604
604
607
601
604
598
603
606
606
599
599
603
609
597
603
600
609
608
600
605
598
595
605
588
602
601
594
603
595
601
598
600
598
605
600
604
600
596
610
600
603
605
603
602
605
606
598
599
599
594
600
610
603
605
604
604
595
605
599
603
603
604
598
600
601
602
606
611
595
600
599
600
606
599
608
594
597
602
604
600
603
603
596
604
602
602
608
605
592
600
611
601
602
614
600
605
602
602
596
602
604
605
606
607
591
600
610
611
595
607
609
609
599
604
606
599
608
608
596
595
597
602
602
603
606
601
615
598
603
601
603
614
614
614
602
608
609
600
611
622
614
602
610
606
607
612
596
613
597
604
612
607
611
609
626
613
613
606
617
616
613
607
632
615
618
625
630
613
608
629
625
630
623
631
646
623
648
633
635
635
650
648
632
632
631
649
642
662
644
642
640
675
654
667
672
674
659
666
700
692
676
698
698
696
691
716
721
733
726
717
718
726
728
742
725
771
771
745
777
777
833
804
812
823
834
876
871
864
873
900
922
910
917
958
981
985
991
1041
1022
1037
1106
1117
1050
1176
1192
1152
1228
1324
1328
1349
1388
1331
1382
1426
1477
1523
1561
1531
1664
1692
1696
1819
1868
1936
1992
2016
2027
2047
2073
2206
2244
2328
2275
2352
2462
2446
2443
2455
2585
2697
2702
2690
2756
2843
2813
2704
2910
2896
2896
2932
2944
2922
2905
2867
2844
2931
2890
2753
2843
2773
2804
2756
2744
2847
2825
2705
2724
2604
2671
2599
2618
2501
2389
2427
2344
2343
2226
2218
2190
2223
2195
2143
2107
2086
2071
2063
2123
1941
2021
1859
1833
1862
1792
1871
1898
1838
1836
1616
1752
1692
1668
1693
1601
1627
1639
1575
1593
1539
1542
1510
1516
1523
1475
1457
1366
1477
1486
1448
1375
1385
1416
1365
1405
1314
1396
1325
1292
1307
1342
1261
1239
1300
1255
1263
1226
1258
1268
1227
1157
1226
1249
1192
1214
1207
1173
1146
1181
1151
1117
1167
1106
1116
1140
1133
1132
1052
1090
1089
1074
1107
1073
1061
1069
1053
1030
1036
1019
1018
970
994
1018
1024
1016
974
964
995
995
998
949
931
951
941
981
961
973
952
980
911
934
964
913
921
922
880
873
915
886
900
872
889
872
879
870
839
869
844
868
832
826
827
849
814
858
811
832
807
801
816
800
865
809
795
816
786
778
814
815
808
819
785
784
794
794
786
780
787
794
758
778
745
750
788
756
741
737
753
747
749
724
732
737
737
740
744
752
719
708
741
724
719
757
741
724
700
739
745
699
732
730
728
720
700
709
695
713
725
712
702
718
689
693
720
675
695
701
687
701
683
685
692
667
691
694
688
685
693
658
698
693
673
671
691
688
667
686
679
696
672
680
667
666
671
662
650
664
665
675
660
676
667
663
660
668
674
695
651
658
651
669
668
634
665
660
663
659
656
662
637
656
654
647
640
656
676
659
667
645
661
664
635
646
633
640
631
637
643
646
660
636
641
642
647
648
641
630
627
633
626
646
637
643
639
641
642
638
645
631
640
619
633
624
624
630
638
631
639
630
640
629
634
625
624
638
626
635
633
625
628
636
638
643
630
645
633
622
627
626
638
633
618
614
628
628
632
614
622
614
630
634
632
626
624
624
612
619
623
626
611
637
619
632
631
630
631
615
639
630
624
625
629
624
628
632
615
623
621
630
630
605
610
630
614
623
613
612
624
625
611
616
611
613
623
615
611
620
625
625
612
621
616
619
613
622
615
619
604
607
629
603
610
605
613
614
614
614
619
611
619
605
619
612
614
602
606
606
609
621
612
617
604
612
599
611
613
626
613
605
612
602
621
609
613
612
606
611
615
603
614
612
610
611
607
605
621
616
609
612
612
605
609
614
618
603
615
617
608
621
616
600
606
607
605
607
615
611
619
611
604
607
613
601
611
618
602
603
619
596
613
619
614
606
610
616
614
607
611
601
607
615
604
610
599
612
597
615
607
612
604
603
602
605
606
603
604
609
620
617
606
605
605
608
603
602
613
593
609
606
606
607
602
605
602
616
602
604
604
595
608
609
609
608
607
598
604
602
601
603
608
599
607
610
601
603
620
609
603
602
609
598
609
605
598
603
614
603
602
610
603
609
600
597
606
605
604
593
605
597
604
593
606
605
595
613
602
608
610
600
601
598
604
600
601
600
596
598
609
609
606
609
601
604
597
607
599
611
600
590
597
606
599
608
593
604
599
600
600
607
604
608
599
597
596
603
600
596
602
607
607
608
594
601
608
612
592
606
609
599
600
606
600
603
596
606
605
601
607
602
601
605
600
605
603
595
596
602
609
602
605
599
600
608
607
596
605
598
606
604
595
598
608
597
606
601
604
602
602
600
602
601
597
604
602
608
602
597
599
604
596
604
593
603
605
596
593
611
603
598
611
596
592
605
592
592
593
594
604
608
607
601
601
598
601
606
591
605
597
592
601
601
600
597
596
607
609
595
605
600
601
603
606
597
594
601
602
602
602
599
596
598
600
604
600
602
601
609
599
597
600
605
598
608
596
598
600
600
589
590
596
591
603
594
598
605
594
600
598
602
602
593
600
605
597
605
601
602
600
608
603
604
596
608
611
602
597
598
596
597
597
610
600
600
604
595
598
603
601
605
602
598
602
596
595
607
604
600
601
594
601
602
603
594
600
603
605
600
594
604
599
597
600
601
601
603
598
600
601
596
601
610
605
601
608
602
603
598
606
596
604
597
599
598
592
601
592
602
595
588
603
597
597
599
600
601
605
596
596
