605
599
603
597
604
602
604
612
603
610
604
602
605
604
603
606
610
605
601
602
606
602
603
597
605
600
607
602
606
602
600
598
606
608
606
610
599
604
607
609
610
606
602
602
599
605
607
598
603
602
599
608
612
609
602
599
603
608
601
597
595
605
601
605
592
605
606
597
602
603
616
605
594
601
593
611
610
606
604
605
607
598
613
601
599
615
602
609
606
603
594
605
595
610
606
602
605
602
599
609
605
605
601
599
602
603
601
611
602
605
601
608
597
610
606
606
610
605
600
605
598
596
595
606
599
607
605
605
597
610
605
601
598
598
602
596
606
607
606
608
602
597
608
598
595
602
597
594
605
598
607
608
605
611
603
608
603
598
603
609
603
601
600
599
612
602
604
603
593
605
602
592
606
606
596
606
600
595
604
600
600
602
603
599
603
605
598
606
601
606
606
602
606
610
603
605
603
611
610
602
606
607
607
612
610
595
603
611
593
597
603
606
604
613
599
604
600
604
612
603
592
599
597
616
604
602
607
604
604
610
608
601
591
597
599
611
602
607
604
603
599
606
595
609
607
596
601
612
604
601
610
604
606
606
611
597
610
607
604
604
608
604
605
608
609
604
607
605
606
615
601
605
611
613
616
603
598
608
604
605
605
602
605
607
604
606
599
611
611
605
611
609
613
613
608
613
599
612
605
603
611
615
605
613
620
610
610
601
615
613
601
618
599
615
620
614
609
622
616
616
625
613
620
615
618
624
618
628
627
623
612
620
637
615
631
643
618
622
631
623
644
645
636
636
623
634
644
640
659
650
658
654
662
648
681
650
660
662
660
671
673
666
683
688
676
689
701
694
719
732
718
706
694
733
745
761
778
746
766
759
781
777
768
792
814
818
812
830
849
847
901
868
847
906
901
956
973
971
970
987
1013
999
1083
1082
1091
1096
1134
1127
1223
1175
1202
1328
1260
1316
1305
1472
1412
1524
1547
1602
1627
1595
1633
1744
1769
1794
1871
1903
1985
2014
2115
2179
2272
2260
2423
2434
2549
2646
2645
2837
2769
2966
2944
3158
3121
3179
3322
3389
3414
3540
3498
3607
3822
3963
3671
3922
3918
4020
4020
4139
4091
4373
4085
4279
4243
4203
4147
4301
4104
4065
4147
4133
4149
4203
4026
3872
3973
3988
3779
3885
3808
3814
3828
3549
3527
3496
3456
3355
3305
3331
3319
3138
3033
3127
3011
2909
2833
2863
2800
2860
2804
2691
2673
2611
2648
2497
2575
2426
2447
2403
2424
2330
2287
2223
2336
2225
2193
2158
2182
2081
2173
2098
2126
2036
1997
1885
1944
1970
1956
1924
1951
1864
1887
1821
1872
1835
1739
1757
1713
1736
1721
1654
1744
1753
1675
1679
1650
1625
1560
1653
1598
1615
1521
1587
1533
1484
1530
1509
1535
1502
1459
1458
1409
1436
1442
1419
1367
1458
1442
1369
1350
1329
1341
1355
1350
1294
1339
1247
1258
1287
1305
1295
1268
1282
1251
1282
1240
1261
1184
1211
1142
1147
1166
1169
1187
1164
1135
1124
1137
1171
1095
1115
1105
1121
1096
1107
1102
1075
1096
1025
1077
1061
1064
1033
998
1066
994
1009
1010
1031
1041
978
973
966
981
1009
953
953
972
983
959
954
953
931
938
913
992
896
901
914
915
895
923
926
862
878
875
856
864
867
872
870
879
837
865
838
850
871
841
870
829
832
858
869
839
820
778
830
850
835
829
817
799
773
825
789
831
781
780
823
770
763
782
794
778
769
768
776
784
767
767
801
760
763
765
767
756
761
748
748
739
747
740
737
744
741
755
724
700
732
724
732
727
724
730
746
728
708
749
717
715
708
734
725
718
715
723
721
708
709
702
705
720
692
709
699
680
694
695
692
687
697
699
667
684
670
691
688
681
666
693
686
686
702
674
671
673
674
668
670
686
671
700
682
686
681
679
663
661
667
657
691
652
682
684
661
669
682
672
677
659
662
640
669
671
683
669
672
660
657
655
643
672
634
659
639
659
667
666
656
673
651
649
631
643
668
642
668
651
654
667
657
655
658
635
632
648
654
639
641
643
642
645
655
640
623
648
629
648
625
643
631
644
659
644
645
620
644
651
632
637
647
626
663
623
622
638
638
636
650
634
638
633
638
623
633
630
639
627
638
629
633
645
649
630
629
635
616
630
620
616
624
626
622
628
616
640
631
624
613
636
630
631
623
630
626
631
630
626
625
629
628
625
620
621
635
615
646
623
633
622
639
629
616
622
635
621
632
610
626
644
614
624
618
612
613
627
613
626
615
616
618
623
627
615
617
624
623
612
623
609
613
628
612
628
618
619
620
624
611
622
618
616
622
610
609
621
610
619
624
611
613
613
612
613
620
617
619
610
604
622
611
616
613
612
610
590
618
619
621
604
622
613
620
611
606
604
611
613
617
623
623
617
607
600
612
615
611
613
615
606
617
613
616
609
615
611
612
618
623
616
618
606
620
607
613
617
626
600
616
614
603
608
610
612
604
610
600
612
599
612
616
609
606
609
607
607
603
612
599
607
607
612
608
601
614
605
609
614
607
601
611
608
611
599
603
618
612
616
604
604
606
604
606
610
603
606
612
606
607
605
601
605
611
597
598
602
600
601
607
611
601
599
607
610
607
604
603
610
612
613
611
608
607
615
607
613
599
614
607
608
601
609
607
601
602
603
611
602
611
601
606
603
604
596
596
610
601
602
606
611
612
609
606
604
613
603
605
605
611
609
607
606
606
601
592
594
607
602
595
610
601
590
603
609
610
598
605
603
600
608
607
600
605
611
607
590
606
603
610
605
607
604
602
605
596
616
606
610
603
614
605
606
596
605
598
601
599
587
604
606
599
605
607
597
614
602
599
599
599
605
607
602
605
599
593
606
596
603
596
606
605
601
601
604
605
606
607
604
606
597
607
592
606
609
601
604
605
598
604
593
608
606
603
604
604
605
599
599
603
604
600
603
603
595
595
604
608
602
602
595
600
611
606
601
603
603
593
607
608
603
608
596
602
601
596
610
596
598
598
604
591
605
592
607
603
594
598
603
601
599
599
598
609
603
598
600
602
602
605
597
599
594
597
601
596
600
606
600
608
604
599
598
605
595
598
599
609
601
599
596
602
595
595
601
607
605
607
598
608
607
599
595
605
606
606
601
601
605
604
602
607
608
603
602
600
593
600
599
602
600
604
599
598
604
607
603
591
602
598
588
599
602
598
603
596
602
599
605
603
