602
616
613
602
611
606
605
604
599
605
600
607
611
611
608
601
607
604
607
601
609
596
599
604
606
607
599
609
605
601
602
608
611
603
605
603
603
600
606
601
607
604
603
603
597
591
606
611
604
607
604
602
608
606
611
606
597
606
603
607
601
591
602
598
612
604
600
605
602
611
598
607
599
596
602
605
606
598
604
606
606
604
605
599
604
604
602
597
601
607
599
601
594
601
601
599
598
606
595
605
605
603
598
599
606
597
596
605
608
605
614
608
606
599
604
604
593
603
597
607
608
597
610
605
601
605
609
601
611
591
604
606
608
594
600
597
604
597
605
604
605
605
607
604
605
607
606
605
597
603
613
596
594
596
609
604
609
596
609
599
604
595
607
601
595
604
595
597
600
601
596
590
603
604
602
599
594
603
602
602
609
606
602
605
606
608
610
606
614
596
600
607
602
601
599
602
599
604
602
604
602
611
602
600
607
601
591
608
600
589
599
603
604
599
594
600
598
596
608
609
610
601
604
596
614
606
605
610
607
599
597
606
599
601
601
608
606
603
602
597
600
613
598
613
600
611
598
614
598
612
619
613
608
612
605
609
614
598
605
616
601
599
605
607
600
606
606
603
607
597
603
602
611
602
607
622
599
601
602
600
602
613
604
610
604
610
616
613
608
604
609
612
603
615
604
607
606
602
606
621
611
614
605
611
614
618
612
605
619
612
617
603
608
618
617
606
608
610
610
606
612
625
613
624
628
613
630
616
623
622
627
623
640
623
630
626
633
620
628
630
638
637
643
645
646
647
643
646
653
640
651
666
651
667
656
658
663
669
662
673
672
662
691
692
698
696
690
700
700
702
709
747
731
726
737
735
719
766
782
741
759
779
796
780
795
821
828
845
848
849
880
890
931
899
930
914
971
978
1008
1017
1035
1031
1055
1076
1117
1190
1196
1234
1214
1197
1225
1289
1339
1340
1353
1434
1488
1536
1547
1591
1625
1705
1723
1844
1803
1821
1933
2006
2035
1984
2205
2292
2284
2380
2441
2523
2551
2570
2675
2850
2976
2987
3180
3114
3362
3284
3336
3517
3524
3641
3702
3790
3786
3941
3955
4189
4065
4078
4199
4191
4201
4309
4279
4339
4520
4353
4238
4399
4286
4369
4239
4406
4349
4130
4266
4086
4094
4096
4021
4007
3887
3945
3867
3837
3717
3581
3428
3639
3493
3369
3277
3312
3311
3160
3164
3108
3072
2982
2897
2978
2935
2936
2796
2761
2684
2671
2659
2559
2500
2494
2506
2430
2424
2315
2276
2340
2334
2264
2213
2180
2142
2175
2130
2094
2147
2033
2068
2068
1978
2016
1893
1928
1844
1849
1829
1793
1798
1832
1834
1772
1840
1796
1699
1738
1765
1785
1723
1720
1664
1630
1591
1592
1613
1648
1573
1580
1523
1542
1596
1499
1509
1504
1542
1480
1450
1506
1446
1447
1411
1371
1448
1451
1336
1381
1391
1444
1336
1315
1373
1334
1293
1285
1284
1286
1282
1271
1318
1255
1238
1250
1189
1290
1246
1222
1211
1159
1222
1169
1138
1161
1128
1108
1129
1158
1148
1066
1130
1095
1111
1066
1057
1100
1092
1087
1009
1064
1027
1027
1024
1069
984
1044
1024
990
1001
946
1020
967
986
1001
966
949
985
933
963
969
947
927
968
940
923
903
919
939
915
928
914
906
919
870
887
864
892
896
893
866
871
891
863
881
835
865
828
868
867
846
857
838
863
850
816
825
815
792
801
817
832
797
808
817
835
771
799
802
761
798
793
783
796
795
783
786
729
756
779
750
773
742
749
762
754
755
746
771
744
765
756
734
744
772
741
753
775
754
717
724
683
725
741
718
707
705
723
723
697
716
731
737
706
722
741
697
711
711
712
733
694
705
704
689
693
701
696
693
691
685
678
698
675
678
688
681
693
673
691
703
705
690
666
683
691
683
703
679
679
669
666
691
683
664
659
684
663
668
683
677
665
653
675
668
674
668
680
662
664
667
654
671
648
655
667
675
640
668
669
653
671
656
640
644
641
643
645
652
645
638
653
638
647
635
652
644
646
650
644
654
656
653
645
642
637
638
645
638
661
662
640
623
643
642
645
662
635
657
635
622
636
634
643
649
642
633
651
637
638
629
622
634
633
641
621
624
630
645
634
634
624
631
629
641
639
636
635
629
644
623
627
639
641
633
634
633
630
627
647
628
627
635
625
621
628
621
628
624
627
633
609
627
621
633
631
624
625
621
621
615
618
624
622
631
617
628
620
613
614
627
631
626
621
612
625
630
619
621
624
616
620
619
632
611
621
614
618
630
610
615
618
619
618
625
615
616
612
634
605
613
607
616
612
613
619
620
627
612
618
618
611
623
620
619
614
612
609
612
626
624
610
618
620
612
628
614
625
619
610
612
606
620
622
620
620
616
612
602
613
617
610
605
618
608
607
618
604
622
610
622
612
613
622
617
620
616
605
608
610
605
604
620
619
610
610
621
606
619
618
604
606
614
615
614
604
610
607
608
609
613
607
605
616
615
607
610
599
611
611
617
613
598
622
602
604
598
610
609
619
608
609
616
615
602
610
607
602
612
602
614
610
605
619
604
609
604
613
607
612
613
608
615
613
609
605
610
607
605
613
619
610
604
608
597
601
615
608
603
613
608
610
612
611
604
613
608
613
602
602
606
611
605
612
611
597
603
602
592
609
595
603
613
602
603
602
604
603
608
605
593
608
608
611
602
602
613
603
602
604
613
614
609
597
611
598
603
607
607
610
603
604
609
607
593
602
602
598
608
605
607
608
603
601
607
604
602
606
606
598
607
603
597
601
600
596
611
599
606
596
602
603
601
604
604
599
601
595
608
597
607
604
599
601
604
606
604
600
611
604
599
602
610
603
610
597
610
607
600
608
606
611
596
606
597
603
596
601
602
604
612
602
594
589
599
597
605
602
610
613
610
597
604
602
606
607
594
601
593
599
602
601
598
602
609
601
594
609
594
605
588
602
596
611
600
603
604
593
604
602
603
608
601
601
605
601
596
599
592
602
605
602
593
596
599
599
614
601
602
606
603
598
606
601
607
605
598
602
597
611
609
603
606
603
601
609
606
615
602
608
607
596
608
599
601
596
602
606
602
596
602
595
598
597
601
606
588
604
604
593
596
602
599
603
595
601
600
604
606
596
602
603
605
592
611
602
597
606
612
602
603
611
596
606
598
593
599
602
606
605
594
606
589
600
601
608
598
600
609
604
597
603
606
605
597
