607
623
603
604
606
604
608
609
598
602
605
604
602
602
604
597
601
591
604
600
603
596
607
605
611
608
606
604
608
607
607
602
597
606
603
598
606
603
605
607
598
612
597
605
604
613
602
607
603
604
605
607
601
600
606
608
611
596
607
606
601
609
603
608
612
603
602
608
606
612
605
604
608
599
600
597
605
605
599
597
598
606
604
607
605
601
603
599
598
601
614
600
600
610
604
603
603
603
606
592
603
604
600
602
611
596
616
599
604
603
598
599
609
597
598
600
595
597
603
601
605
601
600
608
606
602
605
608
602
598
604
612
602
600
599
603
603
610
603
603
603
602
602
599
599
606
599
610
605
604
605
613
600
605
609
597
600
600
604
602
605
604
605
602
612
608
604
612
603
601
599
598
606
599
608
604
604
609
605
604
608
609
603
608
614
605
608
604
601
602
609
598
597
598
607
598
601
602
605
604
615
596
598
603
600
605
596
610
606
607
605
604
602
614
610
596
600
603
604
596
603
594
598
589
588
603
603
601
605
597
601
597
597
601
602
603
608
598
604
604
602
599
606
603
603
609
596
605
602
609
601
598
595
600
605
602
610
603
605
598
602
609
604
607
602
605
596
615
597
600
606
605
606
600
602
608
601
613
599
599
601
606
604
603
603
602
599
600
604
601
602
606
601
613
598
594
610
605
605
600
603
614
602
611
603
606
607
613
606
605
597
605
605
613
609
600
606
613
598
602
602
602
599
609
608
612
598
607
605
609
608
612
617
596
602
604
610
608
604
611
611
605
616
612
622
613
620
618
616
624
621
607
620
612
604
620
614
613
622
619
621
628
632
626
607
632
621
622
612
627
634
625
635
637
624
636
648
654
630
640
645
652
641
654
664
657
652
664
664
673
678
685
689
683
703
683
686
690
673
712
709
736
740
700
764
745
759
737
780
744
757
776
766
779
785
805
786
798
816
866
833
886
910
879
896
897
873
927
933
1012
989
1017
1004
1045
1122
1106
1155
1076
1172
1211
1173
1206
1233
1284
1248
1265
1283
1265
1363
1317
1419
1349
1411
1392
1417
1403
1448
1433
1503
1488
1533
1453
1537
1563
1535
1416
1473
1514
1517
1521
1426
1492
1540
1458
1435
1433
1502
1429
1467
1360
1433
1375
1339
1384
1398
1293
1297
1392
1244
1297
1205
1259
1267
1231
1163
1230
1171
1123
1119
1176
1143
1138
1155
1083
1074
1039
1077
1078
1061
1061
1052
985
1014
1001
947
1019
995
1026
1036
938
985
958
939
979
967
924
951
923
926
958
949
952
881
888
873
930
891
889
864
845
836
901
883
893
859
814
840
894
853
863
832
837
823
842
795
858
809
775
832
814
810
804
773
786
809
808
774
764
796
759
810
790
809
796
766
787
762
773
759
738
773
764
761
762
746
750
754
755
734
729
747
755
732
790
755
741
741
737
716
720
772
717
709
736
712
723
704
721
708
713
717
749
716
689
711
714
714
680
714
690
708
688
691
723
689
700
683
674
675
689
692
683
672
669
672
663
692
698
683
662
679
686
683
694
672
676
665
670
663
686
675
649
655
637
652
647
669
654
657
652
660
660
668
655
658
651
643
663
661
647
654
646
650
657
641
637
645
640
654
653
650
645
640
637
637
658
648
650
652
627
672
635
630
662
650
661
638
635
644
631
624
634
640
644
619
633
641
629
641
629
621
627
638
628
633
638
613
635
629
624
631
614
632
638
618
631
627
629
632
634
636
640
618
637
634
641
617
621
605
629
624
620
631
625
615
627
633
614
623
625
616
621
623
626
627
608
626
616
616
620
630
616
631
624
621
619
624
616
621
611
626
625
612
621
616
616
619
613
620
622
618
627
615
619
615
606
613
617
626
617
607
628
615
617
617
614
614
614
610
633
595
616
624
611
619
607
613
608
614
598
616
614
611
617
617
605
630
613
609
607
610
616
603
607
612
620
609
602
611
606
610
596
618
608
600
610
607
620
615
614
604
610
607
605
611
606
604
608
609
611
620
608
603
615
610
613
619
602
619
603
610
613
597
617
610
620
608
610
604
617
600
600
610
618
600
617
610
609
609
614
607
619
606
600
605
606
604
604
603
606
597
603
616
609
605
605
618
613
615
606
598
600
612
598
609
604
602
611
603
597
604
603
604
599
596
610
619
610
607
603
611
602
615
605
604
602
613
599
605
607
595
597
603
607
601
607
605
608
602
604
618
605
605
622
614
611
603
610
612
603
605
601
609
609
610
602
613
607
610
616
603
607
607
598
602
604
589
613
595
614
604
616
605
605
603
605
605
611
606
607
611
606
591
608
596
610
601
604
603
613
609
604
607
605
596
600
606
609
602
604
605
604
616
597
604
609
596
600
610
604
606
598
611
614
600
605
599
608
609
607
602
600
608
611
611
603
600
604
608
599
605
602
605
597
602
599
599
592
611
604
602
589
607
604
602
596
605
596
607
595
602
606
609
602
613
608
603
607
603
601
608
605
596
606
607
604
607
609
598
616
608
596
601
607
612
609
598
599
606
610
603
600
604
600
607
604
608
598
605
605
599
602
602
595
593
596
610
603
603
603
599
600
593
604
599
609
596
598
603
588
603
606
605
607
602
602
604
603
600
597
600
598
602
600
594
602
603
602
602
598
605
604
598
607
599
596
599
599
600
603
600
602
610
600
598
611
600
610
607
606
608
597
602
606
603
603
607
606
612
607
603
603
596
599
610
600
587
598
603
598
600
596
602
605
595
605
608
596
604
603
604
607
605
598
601
606
602
610
596
607
604
608
609
604
600
604
610
594
606
605
597
603
600
601
608
603
594
605
606
601
600
600
610
609
589
596
595
601
598
601
600
605
602
602
602
603
602
598
605
604
599
607
605
599
605
596
597
599
609
605
601
609
602
599
603
598
595
599
596
603
604
591
600
605
602
598
603
600
602
593
599
604
598
602
603
604
604
600
600
594
606
590
600
596
596
598
595
601
606
605
598
603
599
604
611
598
608
601
607
605
598
616
602
600
598
597
603
593
593
600
594
604
600
596
595
610
599
605
597
602
608
605
600
611
604
607
600
610
602
602
606
599
608
601
609
605
599
601
602
594
595
600
599
597
610
600
601
594
602
604
