608
601
598
593
601
606
600
603
604
601
612
603
594
605
601
603
598
603
596
607
594
603
607
594
613
604
605
614
622
613
603
603
605
609
605
604
610
599
600
597
606
611
613
604
606
623
607
615
601
609
615
606
593
591
598
606
609
611
592
601
607
597
599
591
604
600
603
603
597
607
603
598
596
593
602
601
601
601
613
611
599
604
600
593
601
596
607
605
593
601
602
599
600
612
600
600
603
608
602
599
595
600
598
605
603
599
592
601
596
610
602
595
602
605
604
600
599
600
616
590
594
609
599
602
607
599
602
614
589
598
614
603
600
609
607
599
605
599
607
603
606
595
603
594
606
598
603
601
597
593
597
601
603
597
600
590
602
600
601
601
600
610
603
596
605
602
602
596
594
608
604
598
608
600
596
602
597
600
609
597
602
604
606
608
607
603
605
597
603
600
601
600
603
596
600
603
598
599
612
597
607
601
606
597
592
594
595
596
610
596
604
597
597
595
597
598
596
602
597
600
596
598
603
604
598
599
598
597
607
604
601
607
601
600
601
603
597
595
604
606
602
598
595
597
595
598
601
596
602
593
594
598
594
597
606
603
593
599
597
592
606
601
597
600
598
593
599
604
603
601
607
602
602
605
598
604
597
601
598
607
603
600
602
607
605
605
591
602
606
597
599
599
596
592
599
602
603
602
602
598
602
588
602
599
599
601
595
593
599
601
604
601
598
594
606
600
596
599
600
601
597
601
603
593
601
601
604
603
603
598
602
594
599
600
600
602
602
602
596
607
599
602
599
590
597
602
593
606
596
595
597
596
597
607
608
597
596
600
596
593
599
589
600
600
605
597
606
605
603
595
594
601
591
601
602
596
604
595
605
612
603
604
603
598
601
605
603
607
613
601
615
607
598
599
598
604
598
610
601
604
612
611
607
600
601
612
605
608
611
612
610
600
616
620
620
604
606
608
622
614
606
615
618
608
631
614
612
625
614
623
611
629
611
630
626
620
630
631
636
639
638
624
630
614
631
636
631
636
652
643
641
653
660
648
646
652
643
625
663
671
654
656
657
662
674
675
666
666
669
685
670
668
669
672
663
674
681
668
678
696
706
685
686
711
683
700
680
693
701
696
725
704
691
707
708
714
714
699
723
719
719
698
720
738
715
737
731
735
716
709
751
760
746
710
748
740
730
759
745
732
752
764
762
761
787
760
759
765
752
759
771
781
763
769
762
771
803
800
818
795
801
800
788
797
784
751
785
783
784
774
773
799
791
805
805
814
827
791
804
797
822
790
806
814
795
808
821
838
826
815
852
795
803
812
828
819
812
834
801
816
807
809
830
828
809
822
847
821
806
811
846
862
817
868
822
842
855
834
874
823
838
833
813
832
842
855
875
852
874
848
877
864
887
847
827
862
873
849
832
896
808
868
863
858
843
840
865
875
857
875
881
884
811
867
875
891
860
906
901
902
877
878
840
891
865
897
861
859
897
878
888
899
892
887
881
903
897
892
877
853
914
917
918
886
891
918
864
894
892
891
896
869
907
879
862
921
891
891
907
885
889
899
885
876
879
885
892
897
878
849
918
865
898
856
874
866
852
874
895
888
920
877
906
911
879
868
879
875
857
907
861
932
865
900
900
899
886
841
925
891
919
868
872
890
871
835
858
872
882
871
866
897
900
839
835
842
840
885
839
802
851
849
847
816
834
811
825
837
840
830
856
819
823
808
793
797
822
805
802
837
820
806
814
770
765
778
765
800
777
810
826
756
777
766
785
806
760
766
754
742
764
766
745
755
783
751
766
725
747
763
776
721
724
749
745
737
740
740
745
723
721
715
708
713
725
705
731
727
717
697
728
697
716
690
725
715
705
691
664
690
700
697
665
689
675
685
674
683
670
670
683
676
681
679
688
662
682
674
686
658
650
670
671
658
653
659
670
640
649
641
656
650
656
658
634
647
645
644
646
637
648
645
654
649
640
652
645
640
636
623
630
631
630
649
637
636
649
644
635
634
644
639
640
628
632
630
614
615
630
634
621
629
625
633
634
639
614
628
632
630
606
624
621
628
630
628
623
614
617
628
617
614
622
616
620
605
615
613
612
619
627
608
618
618
616
614
610
617
609
618
619
618
607
605
608
618
617
616
611
616
615
615
611
608
618
604
605
606
614
608
610
606
607
613
618
619
612
614
606
613
611
606
610
603
603
614
622
610
609
609
608
613
611
604
624
600
607
602
600
611
604
609
595
612
612
602
611
602
617
600
617
613
606
610
617
610
611
607
598
604
604
611
611
604
602
617
599
601
608
605
603
610
613
607
605
609
603
609
612
603
596
593
605
613
605
606
609
598
624
607
606
609
607
613
603
603
598
594
600
611
602
605
611
605
601
613
604
604
599
608
602
602
601
601
611
592
610
607
615
604
597
600
611
603
609
610
600
606
609
610
608
606
605
602
606
599
597
607
603
601
612
613
602
596
596
608
607
599
604
612
602
602
606
609
605
600
600
601
593
604
600
600
600
596
596
598
596
599
600
601
604
601
603
602
593
603
615
604
603
599
596
600
597
605
600
601
601
600
601
606
606
588
594
597
603
604
598
610
603
599
589
604
606
603
598
605
604
599
600
604
604
601
606
599
602
601
600
598
600
601
609
594
602
596
599
606
600
595
610
611
595
602
607
603
601
606
606
597
603
603
597
593
597
605
598
601
601
589
589
600
605
608
601
603
591
602
603
595
599
594
603
605
592
603
593
601
595
601
608
598
597
592
603
597
602
605
598
602
597
601
598
606
602
601
596
595
605
606
597
601
602
598
598
599
601
596
587
610
603
593
598
602
591
596
608
599
600
594
602
606
596
598
600
602
599
602
597
600
596
593
598
597
598
603
602
594
602
595
594
599
592
600
607
597
602
598
601
600
596
605
596
601
597
608
603
606
600
596
607
609
599
596
601
601
609
600
604
607
593
599
606
602
602
602
605
601
596
596
602
602
596
604
606
597
595
597
592
600
600
593
605
608
598
593
594
600
601
600
596
606
599
607
589
605
600
603
601
599
603
601
