604
601
602
608
610
608
604
607
605
599
597
608
600
600
608
602
605
605
593
604
607
614
610
604
607
604
614
606
613
609
606
603
610
609
606
607
605
617
595
600
612
605
599
604
604
604
609
607
599
599
601
604
596
591
598
601
601
601
596
602
603
601
607
600
603
603
600
604
605
602
604
594
601
600
604
607
601
606
606
600
601
605
597
604
599
594
596
600
597
600
609
613
613
595
598
603
608
601
601
605
600
600
594
605
600
603
604
599
597
604
604
603
596
601
600
595
598
604
594
601
603
601
604
597
601
603
604
605
598
590
602
602
594
598
599
602
605
598
601
599
599
594
600
604
602
600
599
597
604
594
597
590
605
597
594
604
602
599
598
597
596
600
600
599
605
596
605
594
601
594
600
602
595
600
597
602
592
600
600
600
596
601
606
600
596
600
600
614
602
606
606
601
602
599
602
607
597
596
603
604
596
610
599
604
597
601
600
608
596
603
599
600
606
605
597
599
601
609
597
595
588
603
604
609
596
595
597
597
595
599
601
602
600
603
601
605
596
607
603
589
606
602
607
599
605
601
603
597
604
593
586
592
604
594
601
600
610
599
607
595
600
603
598
598
598
599
603
603
604
601
593
598
607
600
597
601
606
596
607
600
598
594
608
604
598
595
601
592
596
599
591
601
597
587
607
598
595
602
597
595
599
608
592
612
601
602
601
603
614
605
607
604
601
604
602
597
599
604
596
594
594
602
591
597
594
611
593
598
602
597
595
603
609
607
599
596
598
601
598
593
599
601
596
600
596
606
598
587
606
609
605
592
597
606
616
610
600
604
597
598
595
605
600
597
596
603
617
606
614
596
605
604
606
609
603
600
602
607
613
610
611
605
595
616
597
610
611
615
609
607
611
602
605
612
615
606
608
613
608
612
608
609
621
610
603
615
608
614
615
614
621
627
627
626
627
619
635
627
636
632
618
637
627
617
633
650
644
643
631
643
641
626
634
636
643
660
638
648
655
681
650
654
660
670
668
670
659
662
679
690
682
675
678
690
690
700
703
702
702
710
719
721
734
729
715
728
753
752
737
729
736
718
741
739
745
785
788
776
799
785
764
787
803
797
779
792
802
799
776
820
835
799
837
808
817
838
844
851
844
868
861
845
868
867
912
876
896
901
891
881
881
876
902
904
865
871
883
899
887
923
909
917
905
975
927
924
914
966
960
939
969
958
968
987
974
929
938
966
959
967
977
1013
1002
970
1021
1014
1002
983
997
975
1001
1034
1038
975
1005
1045
1019
1020
996
1003
1016
1027
976
1027
1049
1025
1025
1026
1048
1025
1030
1078
1042
1042
1068
1052
1072
1042
1037
1059
1057
1064
1080
1095
1041
1085
1005
1087
1084
1085
1051
1075
1132
1088
1097
1057
1074
1064
1063
1080
1079
1095
1117
1103
1076
1085
1117
1163
1081
1143
1128
1103
1115
1130
1110
1170
1089
1088
1142
1135
1116
1098
1101
1107
1097
1160
1135
1165
1174
1119
1142
1183
1081
1140
1139
1181
1181
1178
1126
1166
1178
1194
1231
1151
1187
1179
1173
1176
1143
1211
1262
1190
1163
1188
1179
1160
1184
1267
1203
1205
1154
1210
1182
1230
1169
1202
1198
1167
1209
1256
1200
1179
1185
1174
1240
1184
1219
1193
1196
1171
1207
1215
1231
1221
1161
1226
1251
1257
1186
1216
1225
1171
1185
1238
1158
1197
1189
1170
1169
1169
1184
1216
1133
1263
1148
1194
1229
1143
1184
1165
1158
1176
1190
1177
1193
1170
1177
1151
1149
1165
1161
1110
1171
1180
1170
1139
1151
1124
1140
1188
1190
1140
1131
1159
1130
1110
1130
1139
1135
1099
1089
1118
1103
1063
1123
1088
1060
1047
1097
1026
1115
1053
1039
1025
1036
1056
1022
1004
1039
1009
1044
1016
1012
1005
1027
1009
976
996
983
1015
974
998
1009
982
920
936
962
940
947
932
966
950
990
910
946
931
934
901
924
926
904
878
934
880
896
900
917
882
907
843
826
852
891
841
861
849
834
871
823
835
831
844
829
811
801
822
808
796
780
797
760
797
804
748
776
779
762
776
793
793
770
765
760
745
754
734
749
750
727
734
735
760
714
725
724
733
739
716
736
707
721
714
698
716
697
722
712
714
714
715
709
703
701
695
720
700
688
706
692
697
685
674
684
682
675
684
698
668
681
672
654
680
671
654
668
659
667
646
662
656
633
690
654
666
673
673
657
655
648
660
652
648
635
648
646
644
646
665
651
659
646
650
646
634
648
644
638
622
650
625
653
643
639
640
630
664
633
629
626
629
633
626
624
639
633
637
631
632
630
633
623
640
630
627
633
624
629
612
614
613
627
625
628
614
619
626
621
627
618
620
616
618
618
629
631
615
625
616
626
619
615
614
616
619
616
620
616
612
605
611
617
624
606
607
620
616
607
609
615
612
617
607
621
614
612
622
607
634
614
618
628
619
608
614
619
615
615
612
611
615
611
610
596
610
606
617
618
610
609
608
609
611
607
610
607
619
619
614
613
613
611
598
604
611
626
617
605
605
614
604
615
608
612
605
608
611
601
596
602
608
608
604
604
614
618
606
606
625
602
609
606
605
611
603
599
601
606
598
603
609
601
605
604
606
612
606
610
605
604
601
597
607
601
606
605
620
600
607
601
600
608
605
600
606
609
605
608
598
603
606
598
598
611
606
606
604
596
596
607
595
606
605
602
596
610
594
599
602
600
605
603
605
609
606
599
603
598
606
607
603
605
597
607
596
601
591
595
602
600
611
601
601
609
606
600
607
606
605
607
611
606
601
593
610
599
593
610
600
599
607
597
597
603
600
596
596
603
602
595
605
606
600
601
602
602
596
604
590
601
605
602
605
602
594
609
601
603
611
602
602
595
601
607
597
598
610
598
593
603
599
603
603
604
606
598
603
600
604
603
610
602
600
594
607
601
603
605
607
605
607
598
603
603
593
597
599
610
597
594
607
600
595
604
604
596
600
607
604
602
605
601
597
605
605
598
604
605
607
605
601
602
599
606
602
603
605
594
597
599
603
594
602
600
603
602
596
603
598
608
600
598
596
601
598
607
600
599
597
600
599
597
599
601
606
598
592
604
604
602
599
600
600
597
599
602
594
608
596
608
597
602
597
594
599
596
603
605
603
601
602
606
598
603
602
595
599
592
598
595
601
602
600
592
595
594
602
589
600
600
598
597
599
600
597
597
597
597
603
594
595
