600
608
610
606
612
602
608
602
602
602
601
600
607
611
602
608
600
604
603
599
606
603
608
604
610
603
610
615
606
607
612
611
611
611
605
609
608
604
604
608
604
601
602
602
608
614
610
604
601
605
599
597
605
605
601
605
600
597
604
597
603
596
600
602
595
608
595
602
595
605
602
600
604
601
600
605
601
601
593
605
599
597
602
595
598
605
602
598
605
598
598
602
599
595
606
604
600
602
594
591
593
595
602
592
596
603
601
600
597
603
601
608
602
597
601
595
605
602
601
591
604
600
593
600
595
605
601
597
597
601
594
605
593
595
598
602
602
599
608
597
611
601
593
595
600
595
602
594
597
600
600
599
594
601
606
604
601
599
600
598
603
589
610
602
593
596
607
604
607
609
596
607
596
600
599
595
595
599
597
603
595
597
597
597
599
588
599
594
604
593
605
601
595
604
594
599
601
606
601
600
602
607
600
608
604
601
610
598
597
597
599
602
605
597
598
590
600
597
595
600
602
605
598
603
596
601
599
602
602
595
604
600
595
597
606
597
598
600
594
604
590
598
605
598
605
600
604
602
603
596
603
603
588
597
599
604
604
602
597
608
605
601
600
600
605
594
596
595
607
605
602
602
596
605
595
604
596
601
599
599
602
596
600
602
602
601
600
604
592
602
616
601
603
610
607
601
595
594
599
604
596
604
598
603
599
606
597
607
603
601
599
606
600
595
602
606
606
600
608
603
598
602
608
598
603
605
597
598
597
605
602
598
604
604
605
596
602
593
603
600
599
592
606
602
606
601
597
596
603
603
594
600
600
605
606
598
598
602
603
596
617
603
598
600
603
597
607
610
603
603
604
598
605
604
605
600
608
599
604
603
602
603
606
605
606
604
604
621
609
614
614
609
621
610
607
616
608
604
617
610
601
608
607
616
617
611
608
613
613
613
607
617
617
620
631
607
620
618
629
615
631
615
615
618
629
614
633
627
624
645
629
631
631
637
648
645
633
664
645
644
644
645
667
662
647
648
665
671
678
657
662
693
703
685
687
680
697
682
681
700
683
731
696
689
733
718
707
717
727
704
738
718
722
727
769
754
729
703
751
736
734
750
734
757
762
758
785
770
775
799
787
773
785
783
792
802
805
813
770
800
827
835
811
800
814
823
829
826
814
853
833
849
872
850
859
836
847
851
863
828
852
869
871
859
874
886
850
853
875
881
919
912
874
913
880
905
896
940
929
885
896
863
935
931
931
957
954
952
929
947
957
1003
921
906
959
981
914
964
960
946
959
945
953
987
977
1001
950
935
961
975
1023
1005
964
990
1020
992
960
960
1024
965
979
971
967
981
1036
968
999
1002
1058
979
1018
1020
1014
1003
1022
961
1032
1044
1035
1013
976
1051
1004
984
1025
1049
1029
1054
1068
1019
1064
999
1062
1026
1059
1049
1085
1026
1010
1066
1079
1067
1046
1039
1046
1017
1015
1075
1078
1073
1065
1073
1056
1079
1098
1116
1100
1045
1085
1119
1113
1043
1126
1138
1096
1101
1141
1084
1077
1106
1133
1084
1048
1125
1071
1140
1118
1115
1104
1067
1151
1088
1103
1114
1086
1079
1142
1093
1128
1115
1082
1107
1083
1063
1066
1118
1121
1104
1167
1134
1116
1136
1067
1169
1080
1119
1123
1111
1146
1125
1141
1095
1088
1131
1117
1119
1146
1093
1120
1094
1119
1100
1108
1079
1087
1118
1072
1103
1068
1097
1080
1057
1085
1067
1027
1111
1098
1103
1068
1136
1147
1099
1088
1101
1068
1064
1053
1031
1086
1045
1053
1060
1022
1079
1058
1078
1057
1043
1040
1068
1017
1088
1019
1034
1000
1029
1040
1010
1021
984
1029
976
979
1013
946
974
992
946
939
1003
977
1006
952
926
936
949
972
952
920
936
909
955
936
941
926
924
926
916
935
874
892
866
900
915
908
903
887
908
858
851
883
902
865
864
846
859
855
862
835
822
802
808
818
804
826
819
826
812
787
818
811
778
792
796
784
759
805
793
749
783
796
775
774
764
768
750
746
761
767
751
747
763
748
728
737
707
738
717
723
743
739
719
731
745
715
723
713
723
700
692
710
696
689
690
729
691
680
707
730
707
676
710
695
686
668
680
673
671
666
689
692
684
683
669
675
674
680
660
677
667
661
640
665
670
649
643
671
650
645
661
644
643
649
654
640
657
658
653
653
655
632
646
651
641
645
633
641
639
636
644
637
647
654
637
645
644
640
623
634
637
626
623
638
625
643
623
618
637
639
619
623
623
624
630
621
637
646
630
636
622
628
645
616
621
628
608
620
625
618
624
626
617
619
603
629
631
621
615
622
623
615
625
611
605
630
614
605
614
621
622
618
624
619
612
624
616
614
612
614
602
618
611
615
617
612
605
606
611
613
609
612
599
610
617
611
612
614
611
601
610
614
612
612
612
615
609
608
603
612
609
602
613
612
611
603
610
613
611
615
604
614
609
604
600
612
601
596
610
608
614
599
607
611
605
610
611
612
613
606
610
606
617
611
603
603
598
606
608
603
605
602
599
602
622
598
604
603
611
615
608
604
610
598
610
600
601
605
604
603
604
592
607
600
609
596
606
616
610
593
612
605
596
614
609
605
608
610
609
600
601
595
607
597
609
612
607
597
605
600
592
609
600
601
609
594
598
609
611
605
602
603
599
599
599
602
605
605
602
605
608
602
602
596
606
598
602
608
610
605
609
595
610
596
599
608
600
608
604
602
604
604
599
597
600
609
613
606
594
604
600
600
615
608
606
609
604
601
602
601
597
600
601
601
595
605
604
601
602
600
597
603
593
606
599
603
595
599
598
604
601
595
605
597
598
600
600
604
606
601
600
599
607
598
597
607
594
601
601
600
598
602
600
596
599
600
599
604
597
599
598
599
610
609
600
594
611
610
602
602
604
594
594
596
596
593
593
601
596
596
606
600
603
595
601
593
606
593
600
595
592
597
598
598
602
601
601
601
602
609
605
603
586
595
602
609
603
597
610
592
600
601
608
608
597
601
607
594
599
607
593
601
602
593
602
601
598
606
603
603
596
604
595
598
600
604
593
597
603
599
596
601
607
604
605
596
595
612
596
596
603
603
593
604
592
595
600
597
599
600
588
604
600
601
601
600
603
601
598
591
602
595
601
601
605
602
607
596
604
602
597
594
591
596
593
596
603
595
598
595
603
