601
605
597
605
597
601
596
603
604
600
602
600
610
606
604
602
598
608
599
600
595
599
604
607
600
612
600
613
613
605
612
609
609
611
605
607
601
599
608
594
609
597
603
606
602
611
607
600
608
600
596
606
599
602
602
603
601
587
605
603
600
601
602
604
600
605
591
609
611
601
606
600
602
599
605
603
603
595
603
600
605
599
601
606
601
593
600
605
598
596
601
604
601
604
597
596
604
604
594
604
593
600
616
608
597
600
595
599
596
603
603
614
602
596
613
605
604
603
604
602
614
606
599
597
601
601
601
597
601
601
605
604
598
599
595
604
600
599
600
606
601
602
603
593
600
598
604
605
603
597
595
602
598
599
595
589
600
602
598
604
607
597
605
593
606
605
595
604
597
603
602
593
605
605
598
600
607
601
602
608
603
607
606
601
597
597
607
601
599
600
602
599
595
598
594
603
600
603
606
605
601
598
590
600
600
597
597
596
600
603
601
601
602
605
596
595
601
604
601
598
599
612
595
602
601
601
600
603
594
597
598
607
604
608
599
597
599
605
597
594
598
606
599
606
599
599
600
601
603
604
595
604
605
607
602
604
604
602
600
601
598
602
604
604
601
596
609
598
610
602
601
594
601
597
606
601
595
600
598
600
596
590
597
607
598
608
597
596
605
597
600
607
608
603
603
599
600
610
594
602
612
596
598
603
598
595
601
597
606
605
606
605
607
600
605
602
598
606
607
593
597
605
602
610
606
607
606
592
611
600
602
609
593
605
602
603
603
608
605
604
610
592
591
603
602
591
605
603
597
602
605
606
596
612
611
608
612
605
603
604
597
604
599
608
598
598
606
595
606
603
600
600
604
603
617
598
606
601
609
616
601
612
613
602
611
606
611
606
614
612
613
609
613
612
612
611
605
621
609
623
626
614
627
616
618
618
626
626
626
614
616
627
625
623
613
630
623
639
616
621
649
631
640
645
641
640
637
628
650
650
648
637
652
655
666
659
664
663
661
678
667
675
689
681
676
691
693
701
705
685
701
708
711
710
706
694
722
743
723
728
755
751
741
729
739
744
763
750
744
748
780
769
786
835
799
770
796
793
808
811
820
843
823
792
839
838
842
822
849
864
848
837
886
860
874
842
861
869
886
864
892
926
906
936
920
920
972
877
927
905
963
929
930
978
958
944
934
976
993
944
972
993
1017
973
1018
993
960
999
1016
1018
990
1068
1038
1017
1078
1033
1045
994
1039
1045
1037
1080
1050
1069
1027
1032
1072
1154
1050
1067
1113
1047
1072
1106
1072
1089
1088
1075
1141
1088
1081
1068
1071
1139
1098
1117
1103
1140
1104
1101
1109
1181
1124
1126
1120
1091
1136
1097
1139
1121
1138
1103
1125
1124
1135
1186
1135
1146
1148
1200
1150
1144
1208
1153
1175
1193
1196
1172
1178
1189
1149
1130
1123
1182
1167
1133
1170
1194
1149
1212
1209
1177
1173
1173
1193
1231
1226
1201
1257
1231
1207
1201
1147
1243
1204
1204
1223
1202
1275
1243
1200
1217
1276
1234
1147
1241
1234
1255
1235
1270
1242
1236
1298
1228
1226
1278
1294
1217
1260
1228
1239
1286
1325
1318
1349
1334
1267
1232
1308
1300
1263
1250
1300
1296
1256
1325
1332
1310
1327
1352
1296
1340
1369
1276
1270
1278
1284
1332
1343
1325
1292
1332
1327
1315
1343
1297
1298
1307
1340
1314
1300
1348
1293
1302
1323
1289
1288
1331
1269
1320
1295
1281
1322
1279
1342
1297
1328
1287
1311
1300
1292
1267
1229
1274
1342
1299
1280
1304
1237
1287
1285
1236
1228
1268
1254
1280
1281
1232
1258
1261
1189
1172
1214
1253
1146
1237
1179
1197
1188
1193
1217
1191
1214
1211
1173
1172
1169
1170
1168
1134
1177
1161
1180
1115
1148
1110
1138
1083
1118
1084
1102
1111
1054
1068
1104
1049
1069
1046
1087
1011
1034
1007
1033
1051
1042
1028
998
1048
1033
989
1058
968
1017
983
957
971
1004
929
966
962
917
888
1012
918
968
916
929
943
886
899
922
921
914
939
908
886
901
892
895
867
886
882
858
849
861
838
840
836
820
822
827
842
833
826
838
792
790
796
802
760
796
765
769
799
763
786
750
768
787
777
756
757
743
772
758
757
745
734
734
730
727
746
756
725
735
731
747
714
723
743
724
716
694
736
738
685
697
712
698
724
688
709
683
691
695
678
698
687
709
667
698
693
695
677
699
686
687
668
673
675
691
665
687
671
658
675
690
661
666
656
664
660
680
673
645
660
658
649
649
644
652
649
644
637
649
647
645
655
639
649
648
645
631
652
636
645
640
653
619
632
640
627
629
651
617
636
636
628
622
614
641
622
620
637
629
626
659
634
633
632
647
624
625
620
636
628
628
638
616
622
621
628
618
621
646
613
619
625
614
626
638
627
626
616
620
626
623
629
619
627
638
612
622
621
628
612
610
622
628
622
623
613
612
613
621
613
623
616
624
618
610
611
616
611
607
620
604
618
611
622
622
611
617
618
611
611
621
616
611
614
616
609
616
607
616
611
616
611
610
614
603
613
603
618
609
605
608
608
604
603
607
607
601
604
617
612
614
616
615
608
602
611
612
616
610
613
613
615
608
598
603
604
612
613
612
603
600
601
608
606
608
607
607
605
613
603
609
601
611
601
613
609
613
593
612
614
600
601
609
600
608
604
599
601
602
596
604
601
597
603
608
597
603
596
596
600
604
606
602
606
607
598
604
605
607
602
614
605
596
606
602
602
603
598
608
602
606
600
606
603
601
600
604
607
595
596
596
605
600
596
600
611
606
606
607
607
597
604
595
600
590
612
598
605
604
593
602
599
606
612
597
605
598
602
601
611
602
600
601
597
604
603
608
607
605
595
606
598
599
602
602
596
590
603
608
602
613
601
605
606
607
604
601
601
603
600
604
601
591
612
606
605
601
597
595
598
600
598
602
602
609
601
603
606
604
604
602
602
601
601
601
605
599
604
600
606
604
596
602
609
607
602
603
602
602
603
612
601
603
605
602
603
605
605
592
597
607
607
598
596
605
595
609
594
603
599
610
603
601
610
605
596
595
605
599
603
596
604
600
601
597
601
607
600
603
596
603
604
607
594
602
595
601
602
601
600
612
606
599
604
599
601
601
605
611
608
605
609
597
602
604
594
601
607
609
602
609
600
601
597
595
599
592
602
601
598
602
611
611
604
604
600
598
602
598
602
602
595
607
595
602
597
607
604
610
603
604
602
607
595
