599
605
608
604
603
606
599
595
593
594
603
601
602
597
605
600
606
602
605
603
610
605
613
609
604
609
610
615
616
608
612
609
607
614
609
602
606
609
606
613
599
607
609
599
595
607
601
610
609
598
598
597
600
599
606
601
604
600
602
600
602
604
598
610
605
605
600
608
598
602
603
604
598
602
593
597
601
594
606
592
597
599
603
606
596
599
605
604
600
598
598
605
601
615
606
594
601
603
603
596
605
596
606
594
614
611
600
604
596
597
593
606
598
605
604
604
600
593
600
603
603
596
597
606
603
600
600
606
597
601
596
598
594
611
599
597
596
598
598
606
589
603
596
594
599
593
601
604
597
597
596
602
598
603
595
598
595
593
600
607
597
601
602
592
599
597
598
598
589
600
604
596
602
607
598
599
612
603
592
597
612
596
597
595
602
598
600
602
597
600
600
601
597
598
602
602
606
596
594
602
600
603
602
607
595
593
601
602
594
595
595
597
611
594
599
607
595
599
611
609
596
606
598
596
599
597
600
601
598
601
591
597
598
594
599
591
601
597
595
608
598
595
595
592
609
599
594
599
598
601
593
606
601
599
599
605
602
591
599
598
596
600
595
604
601
593
607
598
602
600
604
603
601
590
606
602
598
604
596
596
595
593
600
597
605
602
603
596
599
595
597
596
603
600
597
594
609
599
604
591
592
607
597
613
602
597
595
604
600
604
606
611
609
596
607
602
605
607
596
602
601
592
601
610
598
612
611
608
601
595
603
602
605
609
603
602
610
598
606
604
601
601
615
607
600
606
603
597
612
607
597
597
598
602
605
606
597
607
616
603
607
605
607
610
601
608
602
594
600
610
603
609
602
613
607
609
612
596
603
616
606
603
617
604
619
603
614
610
614
619
606
608
616
615
619
615
611
614
615
617
615
620
612
617
614
618
623
622
628
623
631
630
621
640
632
626
638
633
631
628
626
637
644
639
629
646
647
652
642
643
653
657
665
653
642
676
678
672
665
678
673
689
704
671
676
706
694
693
734
719
690
705
741
741
703
745
736
761
748
750
762
760
754
743
785
773
773
811
762
808
787
785
796
827
833
818
821
862
813
803
855
887
844
842
866
875
870
858
899
882
889
890
898
873
925
937
910
931
944
968
992
975
931
964
974
938
977
968
953
988
999
976
1017
1023
1023
1000
991
1035
1034
1017
1006
1027
1024
1083
1061
1073
1128
1096
1090
1060
1085
1079
1062
1055
1114
1066
1091
1055
1084
1129
1124
1112
1108
1183
1103
1125
1140
1162
1099
1158
1134
1117
1116
1174
1144
1124
1209
1147
1118
1178
1194
1147
1097
1204
1193
1242
1204
1229
1190
1232
1195
1220
1145
1209
1255
1166
1191
1195
1172
1212
1264
1213
1218
1237
1277
1208
1244
1228
1243
1284
1243
1246
1283
1260
1303
1262
1208
1233
1282
1280
1200
1268
1279
1226
1238
1278
1262
1271
1289
1268
1310
1263
1229
1329
1321
1261
1322
1335
1328
1276
1321
1269
1336
1353
1269
1297
1274
1364
1266
1354
1307
1353
1338
1368
1365
1381
1366
1383
1371
1395
1431
1338
1359
1366
1383
1421
1382
1373
1419
1381
1464
1398
1434
1389
1367
1344
1453
1393
1408
1451
1341
1369
1426
1443
1389
1448
1465
1500
1410
1446
1421
1490
1371
1458
1396
1400
1422
1424
1415
1463
1394
1453
1427
1429
1375
1473
1471
1465
1391
1447
1382
1319
1454
1418
1462
1398
1482
1405
1404
1365
1441
1411
1418
1410
1473
1473
1392
1427
1388
1376
1426
1407
1367
1426
1397
1371
1359
1356
1378
1344
1339
1299
1376
1319
1300
1424
1359
1343
1334
1284
1336
1328
1275
1346
1309
1343
1275
1320
1312
1282
1276
1285
1247
1242
1350
1259
1257
1226
1272
1250
1242
1269
1223
1215
1232
1212
1257
1181
1208
1218
1174
1215
1188
1171
1177
1135
1132
1159
1151
1154
1090
1118
1123
1064
1113
1060
1073
1111
1115
1069
1050
1066
1064
1028
1041
1019
1077
1043
1006
1013
1038
1019
1010
989
1029
988
981
974
968
1000
941
972
927
973
923
950
935
954
923
953
928
916
878
875
881
888
934
897
873
876
874
905
864
859
856
853
855
845
826
832
801
814
815
801
791
830
828
767
785
821
777
773
772
784
825
809
768
781
745
761
779
771
778
763
755
736
779
765
764
741
736
740
745
705
719
707
718
739
733
733
699
714
716
712
709
716
721
703
700
717
728
702
705
683
711
674
697
706
667
699
694
698
692
672
676
688
682
697
689
658
660
675
686
676
671
685
660
669
656
659
658
669
648
670
666
653
669
651
670
636
662
643
640
649
644
646
637
653
648
647
649
668
667
657
627
650
641
631
636
648
649
643
638
631
627
628
639
655
627
635
630
632
643
641
638
636
624
625
634
630
634
629
638
622
633
631
628
625
626
623
619
632
637
629
620
625
613
630
629
620
621
622
622
622
624
620
617
626
616
623
603
619
621
622
616
609
629
617
621
621
615
634
620
602
609
611
619
615
619
617
610
603
620
619
625
615
606
609
612
615
618
617
617
614
610
617
614
613
617
604
617
607
612
611
608
616
611
615
618
602
622
613
612
611
607
617
608
610
607
625
611
610
605
604
603
613
610
606
610
607
603
613
604
598
602
617
603
605
612
609
609
609
612
605
607
606
619
610
612
609
621
600
610
602
604
616
604
603
608
608
605
610
605
604
611
601
610
618
595
603
614
597
613
600
602
608
608
608
613
607
591
595
607
605
596
609
607
602
606
604
606
600
604
611
611
603
618
609
595
600
599
597
603
602
601
595
610
602
598
605
606
611
607
602
593
606
596
591
598
601
608
595
609
593
603
600
602
602
606
611
597
603
603
603
605
607
608
598
601
604
603
603
606
605
603
600
605
596
609
599
612
602
602
596
603
601
597
605
591
596
607
600
606
607
595
609
602
588
595
608
602
596
601
594
605
602
599
603
598
598
597
593
601
610
599
594
603
595
595
598
596
605
606
603
603
591
606
609
604
596
607
599
609
597
602
603
600
606
598
601
600
609
603
604
603
598
612
604
601
600
604
603
602
597
605
607
604
596
598
587
598
605
598
592
598
600
602
600
604
594
601
594
608
598
596
603
593
595
607
596
594
602
600
597
599
604
607
604
598
597
610
593
603
589
600
603
605
583
599
600
602
602
600
605
600
595
596
604
608
605
593
597
608
603
610
603
597
610
598
606
601
592
600
609
597
596
600
595
592
602
604
604
589
606
608
601
591
596
597
605
