601
610
611
602
617
599
602
596
599
603
595
607
602
606
606
598
596
607
604
598
610
607
597
601
612
611
604
606
605
618
614
609
613
606
606
603
617
601
600
591
591
596
597
596
606
605
602
597
607
600
596
601
603
598
593
607
601
603
608
604
599
607
604
599
599
603
599
596
607
593
603
592
604
602
600
602
603
601
604
595
606
605
601
599
596
603
596
604
595
599
597
604
613
598
603
597
598
608
593
602
605
610
604
606
600
610
595
600
600
600
598
610
598
605
601
599
596
590
604
602
605
606
605
596
596
604
600
597
600
603
601
600
599
606
602
603
600
603
607
609
600
602
600
600
597
604
602
604
598
597
600
602
596
600
604
601
593
608
605
607
600
600
609
601
606
600
594
596
605
608
598
596
606
597
596
598
601
612
602
607
600
598
597
600
597
609
594
597
597
599
603
600
596
601
603
606
608
603
586
605
596
601
603
608
606
598
603
600
599
599
601
600
600
599
593
599
602
599
602
602
604
605
590
594
605
590
600
603
598
599
599
602
600
601
602
589
597
602
611
610
600
605
598
600
594
602
597
603
604
594
595
602
599
601
593
604
600
597
599
593
592
606
601
600
590
595
601
604
597
590
597
602
600
602
611
605
596
604
603
605
591
597
598
601
595
603
603
597
599
600
603
596
599
616
605
604
603
593
607
598
601
601
609
597
600
600
597
610
599
609
607
605
605
610
603
605
598
598
604
601
607
601
603
602
600
605
607
598
603
603
596
601
604
607
593
602
605
603
602
599
598
597
607
607
594
598
596
595
601
603
604
598
607
611
607
612
605
606
608
598
601
607
603
607
609
597
609
609
606
604
608
610
608
610
613
605
609
609
611
606
611
604
601
607
606
605
607
608
604
608
607
605
610
598
614
615
608
617
612
618
611
615
608
615
615
616
614
620
616
622
617
631
622
621
629
626
631
636
621
614
633
640
635
629
648
634
637
633
629
650
647
642
665
650
661
649
665
670
657
645
676
670
691
678
695
709
682
673
700
679
711
714
722
717
715
693
711
720
716
737
743
714
729
750
745
758
769
749
777
773
765
764
797
779
782
795
802
793
780
814
821
833
845
809
840
831
855
827
831
847
877
863
874
846
843
870
878
858
850
882
900
908
891
926
920
950
936
917
968
926
948
967
924
977
969
932
931
990
954
970
957
998
980
1034
1001
1002
1025
987
1008
1078
1057
1037
1085
1064
1047
1030
1007
1001
1093
1047
1067
1061
1049
1101
1107
1073
1074
1092
1076
1107
1103
1086
1057
1106
1063
1071
1161
1104
1090
1098
1072
1112
1143
1147
1128
1104
1137
1148
1129
1174
1113
1147
1166
1190
1114
1161
1150
1136
1131
1134
1153
1181
1177
1174
1148
1172
1172
1159
1200
1188
1196
1195
1223
1170
1198
1202
1229
1179
1150
1213
1189
1163
1184
1171
1159
1203
1194
1235
1238
1176
1194
1241
1222
1227
1248
1232
1210
1158
1285
1217
1285
1280
1283
1267
1278
1266
1208
1262
1313
1231
1310
1273
1221
1247
1248
1238
1289
1294
1312
1307
1297
1302
1314
1293
1277
1318
1304
1288
1307
1283
1305
1329
1278
1342
1316
1345
1382
1331
1434
1293
1334
1283
1305
1390
1321
1374
1324
1304
1316
1352
1294
1322
1404
1375
1382
1334
1302
1354
1339
1338
1340
1390
1354
1347
1394
1349
1347
1310
1359
1288
1298
1343
1348
1364
1408
1386
1332
1384
1303
1292
1328
1299
1309
1325
1384
1383
1371
1296
1322
1364
1347
1328
1341
1291
1354
1283
1294
1348
1292
1327
1323
1286
1286
1280
1321
1303
1328
1338
1250
1304
1289
1277
1245
1328
1266
1244
1222
1258
1266
1228
1222
1247
1224
1220
1137
1184
1195
1195
1193
1219
1130
1234
1089
1212
1142
1130
1146
1135
1097
1156
1137
1163
1098
1125
1107
1076
1077
1084
1099
1076
1049
1102
1098
1081
1101
1051
980
1019
1004
1022
1032
1056
1038
1069
992
1016
988
975
1035
1014
984
999
975
943
983
959
965
943
925
943
972
915
938
959
949
909
923
894
898
884
873
888
904
889
900
848
868
854
863
864
828
851
838
826
803
799
807
803
800
813
782
790
787
803
782
774
772
777
784
797
783
771
784
789
784
771
735
753
769
772
741
733
734
741
765
737
741
753
748
713
724
721
739
733
735
734
695
719
722
719
712
718
707
717
696
693
687
732
702
684
698
672
707
680
689
714
686
684
681
679
674
676
668
681
662
678
664
671
673
672
671
685
664
678
664
660
656
674
669
663
655
675
654
652
657
649
660
650
653
658
646
649
663
647
657
636
648
653
660
672
630
629
632
631
644
639
646
641
657
637
652
640
632
632
641
642
650
643
641
644
634
621
627
635
624
625
624
645
621
635
623
624
632
611
635
634
627
634
620
631
621
635
616
626
625
632
616
614
630
626
621
620
619
630
623
619
621
622
618
619
606
621
612
613
607
616
616
611
604
615
607
617
619
636
609
601
619
623
617
610
616
605
624
612
612
619
594
621
604
604
612
613
614
620
624
606
611
620
614
616
619
620
614
610
609
613
615
612
623
603
608
616
614
624
607
609
612
615
614
613
614
601
613
613
615
611
602
604
611
608
608
612
613
601
611
605
621
599
610
610
615
608
605
612
611
606
612
612
617
615
615
614
604
616
612
609
608
597
603
607
609
603
611
601
602
598
618
605
601
602
618
598
598
611
619
613
603
605
601
608
606
602
605
608
611
614
597
601
610
601
601
604
605
604
601
602
610
601
603
600
606
607
609
597
606
602
601
610
599
607
603
599
605
600
601
600
604
600
598
600
598
606
595
594
595
612
609
603
600
609
598
604
600
594
601
603
600
602
602
595
615
606
607
606
604
595
603
606
603
601
604
604
605
607
608
613
595
599
602
602
605
606
605
604
592
601
604
613
612
598
604
605
614
604
606
599
597
605
598
596
599
596
603
605
608
604
597
599
609
604
598
603
601
603
598
605
599
592
607
602
602
596
596
605
598
599
600
604
598
606
598
607
602
606
608
605
609
601
598
598
600
601
605
605
605
607
608
605
598
601
599
603
605
598
604
596
601
603
602
598
604
598
591
610
599
600
603
604
606
608
598
607
603
595
607
604
596
600
600
597
605
605
597
600
602
604
602
602
603
606
611
602
597
600
601
599
604
606
610
601
602
599
598
595
603
600
605
597
603
601
599
596
604
601
606
596
601
600
604
602
603
604
606
603
602
595
602
598
605
601
