609
598
605
605
600
597
599
595
606
605
601
603
607
602
608
600
601
608
597
610
596
599
604
600
597
621
602
614
609
603
615
600
603
610
609
596
599
604
592
602
611
596
606
612
610
610
608
610
604
601
613
607
607
599
601
600
601
598
595
598
598
602
598
594
598
602
601
593
599
604
607
601
597
603
601
593
599
606
605
605
602
598
596
594
596
608
599
592
598
601
601
607
599
595
599
610
602
604
590
598
596
601
608
592
607
601
594
597
603
592
605
598
595
598
596
599
600
597
603
596
602
606
593
608
605
600
595
606
606
598
602
598
600
604
603
597
600
606
598
601
600
602
596
599
593
596
605
600
605
599
600
598
601
596
605
601
610
596
608
602
607
591
601
600
612
605
598
596
602
598
600
602
607
600
595
604
601
601
593
603
597
597
594
598
612
603
603
601
597
603
605
596
599
596
600
603
596
600
607
595
597
606
601
595
601
600
596
603
600
605
597
597
595
599
590
599
599
608
597
598
599
602
600
596
598
594
600
597
594
603
602
598
596
599
592
594
610
602
604
594
606
607
604
604
606
595
598
600
601
601
587
604
604
596
588
606
599
597
601
603
603
601
596
595
596
600
603
596
605
610
598
603
602
601
597
596
593
604
604
602
603
600
595
599
602
588
608
599
594
601
601
595
599
596
588
594
603
598
600
597
598
603
599
600
599
601
599
600
602
605
603
592
599
598
604
604
596
602
601
603
609
603
596
606
606
596
601
599
593
604
595
606
599
600
605
608
604
603
605
597
604
598
603
602
602
603
607
593
606
602
602
610
598
603
603
605
600
605
605
607
605
595
599
609
609
602
599
602
606
607
610
614
603
607
613
614
612
614
609
606
618
611
608
617
624
627
612
603
616
606
608
617
601
619
612
625
620
611
622
613
618
625
632
629
624
617
629
628
634
615
629
630
639
644
645
636
628
654
649
661
653
629
656
646
660
638
655
656
660
663
657
669
665
666
682
671
680
686
683
691
703
686
701
729
713
723
705
735
713
734
762
728
752
744
762
795
781
783
803
792
752
781
817
798
834
812
811
843
819
861
864
842
849
898
857
875
901
899
914
913
893
887
909
880
924
928
882
953
967
954
993
934
921
974
956
1014
976
1002
1012
1050
1017
1028
1026
1032
1072
1059
1091
1066
1052
1068
1066
1033
1046
1036
1138
1100
1127
1128
1159
1125
1137
1099
1136
1149
1171
1154
1166
1192
1195
1172
1183
1176
1222
1190
1182
1224
1196
1249
1215
1250
1256
1245
1248
1292
1268
1281
1233
1330
1233
1245
1237
1290
1307
1263
1275
1336
1326
1258
1291
1301
1348
1286
1270
1297
1251
1303
1348
1348
1343
1350
1291
1318
1362
1334
1394
1353
1372
1364
1381
1344
1426
1437
1365
1288
1339
1338
1389
1384
1351
1419
1474
1413
1349
1451
1386
1418
1428
1442
1406
1321
1456
1392
1387
1444
1457
1418
1388
1450
1450
1447
1542
1475
1501
1550
1478
1477
1495
1525
1503
1514
1441
1464
1474
1459
1447
1461
1490
1512
1491
1534
1512
1520
1531
1509
1506
1604
1621
1475
1504
1538
1590
1513
1513
1527
1528
1545
1564
1510
1560
1600
1518
1545
1568
1593
1567
1664
1566
1607
1656
1559
1619
1657
1633
1655
1610
1630
1514
1594
1562
1584
1552
1605
1654
1617
1601
1593
1644
1609
1614
1629
1588
1624
1526
1562
1620
1573
1634
1622
1620
1627
1649
1655
1618
1594
1576
1669
1611
1675
1610
1694
1634
1591
1594
1542
1632
1655
1610
1622
1558
1528
1515
1629
1551
1553
1570
1521
1571
1547
1584
1497
1543
1568
1559
1613
1602
1494
1517
1582
1540
1504
1495
1498
1474
1500
1492
1445
1460
1477
1483
1485
1490
1432
1462
1460
1395
1421
1415
1433
1393
1397
1369
1359
1340
1354
1362
1318
1412
1306
1382
1305
1341
1309
1286
1302
1288
1312
1301
1283
1235
1235
1274
1242
1280
1244
1226
1242
1179
1251
1162
1217
1226
1201
1219
1162
1173
1171
1139
1185
1135
1131
1131
1163
1059
1131
1123
1092
1093
1120
1060
1105
1075
1056
1060
1069
1020
1008
1083
1028
1014
1025
1033
992
1034
989
962
959
930
928
966
965
953
984
926
934
880
888
882
903
894
894
948
885
882
868
879
894
893
867
898
839
817
857
856
846
860
836
872
817
831
808
802
794
811
772
810
821
798
753
777
765
775
784
781
755
777
772
798
753
745
770
774
766
736
756
749
743
748
731
724
762
725
748
723
724
711
706
708
718
692
695
706
724
709
702
718
697
693
689
684
715
690
687
656
693
670
692
682
664
690
683
680
682
676
681
687
670
664
680
679
664
652
669
660
679
661
655
659
655
669
661
650
666
652
644
646
650
658
658
630
655
645
669
647
657
657
654
662
651
647
653
645
634
646
619
632
658
646
645
628
634
644
645
641
627
634
619
641
627
631
631
625
621
628
630
628
637
618
616
638
631
633
649
635
633
623
616
624
640
638
632
611
615
617
627
634
629
625
618
631
623
618
628
618
620
624
620
620
622
621
632
629
626
633
626
618
631
623
629
628
612
615
619
612
618
625
624
611
617
615
614
618
622
608
624
601
618
605
628
621
622
614
614
609
603
611
609
622
610
613
619
610
608
614
611
606
600
609
615
616
609
611
616
609
604
602
619
618
607
603
600
611
608
618
624
618
600
618
613
611
603
603
607
615
605
616
606
606
605
616
604
604
603
614
600
612
601
606
614
600
611
607
614
604
607
598
605
608
606
617
608
612
604
602
616
604
609
606
601
599
620
597
607
611
610
602
591
608
604
598
598
616
599
598
599
600
606
606
604
604
604
601
604
607
595
612
601
600
604
605
607
602
601
601
609
599
603
607
597
609
604
599
601
605
601
610
612
606
609
603
606
610
602
608
607
602
613
592
607
604
605
595
606
606
599
606
606
606
601
601
602
603
600
602
614
600
601
608
603
606
596
603
604
613
602
597
605
602
594
608
602
608
600
599
605
596
604
600
592
608
598
606
606
606
610
602
593
609
597
603
600
598
601
600
596
590
596
602
602
601
598
595
592
601
594
604
594
603
596
602
593
606
598
599
602
598
609
601
598
604
601
602
603
600
600
599
600
595
604
597
595
601
598
603
600
607
603
604
607
604
607
604
597
602
596
609
597
602
608
602
600
610
605
597
596
600
602
593
611
599
600
598
598
596
599
597
597
596
597
603
605
596
603
605
594
599
597
598
604
590
604
597
592
604
606
599
606
594
607
593
611
603
598
599
600
592
597
604
603
603
600
