602
612
607
603
601
613
607
604
605
606
611
606
602
607
602
598
600
603
603
605
604
600
599
607
611
597
614
605
607
603
614
607
601
608
609
599
604
607
604
594
605
612
603
604
603
610
603
602
602
607
609
605
595
606
605
590
601
608
597
604
599
606
597
607
608
607
605
607
607
617
596
607
612
605
604
592
598
603
602
609
599
607
616
601
609
599
605
594
603
602
595
607
599
607
612
607
601
603
610
615
603
597
604
605
605
594
616
598
611
606
597
617
602
601
615
601
602
606
603
601
595
606
602
611
608
597
611
603
601
603
609
612
599
598
610
604
603
610
615
604
601
599
592
602
610
600
607
601
603
619
606
607
599
586
603
604
598
594
604
603
589
588
608
607
597
606
598
602
606
603
599
610
600
601
603
602
609
598
603
605
604
602
602
603
605
606
611
607
606
598
601
605
605
602
599
606
603
600
604
596
598
606
606
605
610
595
601
604
607
594
610
608
609
606
599
612
601
597
605
615
605
600
609
606
604
604
608
608
606
595
609
611
609
608
598
612
604
606
602
607
602
597
605
600
598
595
609
610
600
605
603
604
594
610
603
603
601
605
608
614
606
617
602
611
613
609
619
605
601
610
604
606
607
612
608
614
603
606
615
606
616
621
613
618
609
604
603
599
616
617
603
600
611
619
614
629
608
616
620
620
615
610
610
622
623
609
621
602
622
623
625
633
623
626
619
628
620
630
630
630
638
640
632
642
636
625
655
626
654
637
640
646
641
640
621
645
644
655
637
658
656
671
663
660
673
662
688
712
672
682
676
706
697
694
693
731
703
727
728
721
722
729
753
735
726
746
742
758
760
800
783
819
809
832
834
864
844
859
871
913
899
890
930
966
961
962
962
996
1036
1043
1025
1026
1060
1121
1143
1191
1142
1226
1244
1252
1332
1393
1345
1401
1392
1437
1441
1574
1571
1650
1652
1736
1749
1802
1858
1921
1965
2089
2052
2155
2343
2223
2314
2505
2540
2657
2720
2762
2830
2962
3078
3384
3327
3436
3605
3720
3911
3966
4013
4258
4492
4450
4547
4528
4855
4892
5042
5255
5309
5329
5537
5596
5802
6113
6046
6269
6391
6671
6563
6630
6866
6864
6890
6855
6927
6999
7061
7172
7115
7003
7219
7208
6998
7160
7302
7308
6857
7037
7048
7159
6893
6930
6683
6838
6952
6619
6659
6580
6499
6460
6203
6205
6033
6077
5814
5969
5882
5709
5789
5551
5638
5454
5387
5257
5314
5132
5096
5108
5027
4937
4789
4638
4458
4573
4467
4423
4334
4219
4235
4136
3993
4105
3971
3988
3928
3739
3764
3732
3617
3505
3597
3371
3266
3287
3289
3236
3222
3136
3156
3079
3183
2905
2867
2978
2870
2911
2894
2904
2831
2810
2739
2676
2681
2534
2533
2536
2566
2501
2543
2423
2429
2323
2293
2214
2251
2247
2236
2142
2174
2158
2141
2105
2063
2090
2083
2002
1974
1895
1942
2012
1897
1912
1844
1983
1800
1799
1852
1826
1807
1886
1769
1754
1681
1721
1732
1678
1723
1670
1661
1640
1546
1657
1610
1537
1550
1491
1567
1565
1558
1398
1458
1431
1452
1467
1406
1394
1358
1442
1324
1414
1375
1273
1329
1347
1306
1379
1266
1294
1258
1243
1264
1257
1277
1239
1252
1216
1227
1192
1194
1122
1211
1160
1207
1221
1174
1199
1127
1136
1127
1095
1137
1089
1080
1116
1070
1075
1047
1073
1063
1079
1099
1058
1037
1066
1030
1040
956
981
999
1009
984
962
962
962
933
986
938
994
1022
969
970
926
989
954
969
966
936
935
886
899
907
899
893
888
900
901
898
887
921
885
870
890
863
842
810
855
854
813
817
832
824
836
846
846
819
852
794
833
845
822
815
812
801
824
809
776
806
798
800
794
782
769
788
783
787
781
794
818
758
748
767
783
742
795
805
743
755
776
784
725
711
737
771
765
748
761
743
726
754
721
745
740
743
743
729
727
736
734
727
751
709
728
744
732
697
708
709
696
716
720
714
700
700
738
710
700
713
717
732
717
705
714
703
697
681
693
718
713
679
675
689
701
672
683
678
699
701
682
681
689
671
691
698
694
677
649
690
676
683
677
703
679
662
664
685
686
687
670
658
673
650
665
657
671
652
694
675
659
666
652
667
635
663
660
674
671
668
660
657
675
671
666
658
646
648
641
647
664
653
657
653
649
665
651
650
644
663
658
645
648
657
646
656
665
625
650
647
638
654
657
660
654
640
644
636
637
646
650
619
644
642
634
630
626
647
633
642
634
627
633
636
635
656
631
638
631
630
646
638
634
638
622
638
641
614
624
629
636
643
627
637
632
629
628
626
636
633
619
620
639
632
628
645
617
616
625
621
618
633
616
621
617
615
613
632
626
637
624
620
621
629
629
622
616
627
636
620
628
618
615
633
630
625
626
629
615
628
615
618
628
614
622
626
619
616
620
632
621
639
612
612
620
619
611
611
618
626
612
623
625
621
613
626
619
620
631
619
610
616
616
625
620
611
624
610
613
622
613
600
623
621
617
610
620
612
622
605
618
620
614
620
625
627
619
616
613
614
611
617
619
613
612
603
614
616
615
609
612
612
618
622
606
603
618
619
619
616
612
620
607
613
613
606
604
600
609
619
616
615
608
611
602
614
604
614
612
610
608
610
608
613
605
613
617
597
625
607
604
614
612
613
606
608
606
608
619
607
610
595
598
607
613
608
605
614
608
611
598
612
605
604
613
606
611
612
619
597
603
603
589
601
609
596
616
603
608
611
615
608
612
611
619
611
614
607
608
610
608
602
605
609
607
599
603
606
600
594
618
604
612
608
594
601
609
610
604
600
608
613
611
612
604
604
605
616
604
604
600
612
604
610
608
615
601
612
603
609
616
608
598
606
609
610
602
601
614
602
603
605
604
604
605
601
611
606
604
608
589
601
606
612
606
598
597
602
608
596
602
610
603
601
606
605
598
610
601
598
598
615
595
602
607
608
599
603
610
605
596
609
604
599
601
603
606
604
608
596
600
607
606
604
607
607
607
603
595
605
605
603
607
608
603
602
599
604
602
602
606
607
594
599
602
590
600
609
603
604
608
606
597
604
604
605
604
599
592
597
605
595
608
596
604
604
610
594
595
606
596
606
616
597
611
604
599
596
608
607
601
597
602
607
608
601
611
606
598
604
596
601
599
594
601
602
598
604
601
599
599
607
593
599
594
602
605
596
604
596
597
605
599
605
604
603
605
600
594
602
608
600
603
603
600
600
608
609
597
599
595
597
601
