607
602
602
604
604
605
603
605
610
603
608
612
597
609
612
607
610
607
603
609
599
606
610
601
613
610
597
604
595
618
612
603
603
611
600
609
602
610
605
603
604
610
605
603
609
609
607
611
605
604
599
604
606
611
604
604
618
596
602
602
608
609
610
603
605
599
591
605
594
608
605
596
611
606
606
598
605
600
602
603
599
606
595
599
603
601
602
595
605
613
608
607
602
606
600
610
599
601
608
598
600
607
609
606
608
600
592
600
608
602
598
602
602
599
604
606
607
603
590
605
602
601
604
604
600
604
610
601
590
595
605
612
604
606
602
610
611
600
604
604
611
613
602
610
604
605
606
599
603
607
605
607
605
597
613
602
605
605
597
606
599
596
606
606
595
599
605
605
603
588
600
608
600
604
601
607
604
609
603
609
609
595
603
604
611
607
603
601
600
602
605
599
606
597
606
606
606
610
611
602
593
598
606
601
598
605
604
604
602
598
603
602
605
607
605
609
598
599
606
610
604
601
603
608
611
606
611
605
601
598
605
605
614
609
612
605
603
611
609
610
612
611
610
606
610
602
603
611
611
610
612
613
609
613
613
612
600
607
612
609
619
609
599
603
606
605
620
608
611
613
619
608
613
605
620
614
614
601
610
613
604
616
603
613
613
618
607
611
612
616
611
605
618
614
624
608
618
623
631
611
636
619
610
618
625
613
627
633
613
636
621
622
622
633
617
629
623
639
632
624
646
630
644
650
636
640
652
653
634
638
658
667
661
667
659
663
644
691
672
676
689
657
678
685
674
676
700
724
714
712
722
692
689
716
714
727
729
708
737
746
782
764
788
806
817
814
775
823
809
812
845
836
862
872
904
939
915
922
931
968
948
1020
1077
972
1053
1018
1094
1091
1142
1096
1089
1193
1181
1305
1307
1314
1323
1379
1410
1456
1487
1502
1562
1550
1659
1623
1651
1801
1800
1827
2000
2044
2042
2182
2271
2310
2308
2479
2510
2573
2650
2773
2846
2936
3047
3046
3362
3428
3516
3666
3735
3766
3941
4348
4376
4505
4716
4650
4858
5030
5212
5377
5486
5684
5634
5893
6131
6435
6524
6576
6838
7057
7231
7500
7451
7718
7676
7882
7983
8061
8293
8256
8363
8568
8704
8551
8721
8747
8838
8623
8749
8767
8846
8796
8704
8673
8899
8872
8638
8570
8649
8458
8618
8328
8463
8311
8021
8050
7867
7877
7831
7442
7509
7540
7359
7183
7039
7038
6859
6899
6738
6560
6579
6456
6491
6197
6214
6092
6105
5836
5805
5663
5643
5554
5568
5420
5429
5145
5017
5023
4996
4932
4908
4756
4801
4563
4553
4396
4343
4399
4226
4133
4159
4044
4094
3998
3963
3889
3790
3767
3749
3640
3636
3614
3462
3450
3358
3433
3290
3164
3215
3234
3145
3146
3067
3063
3049
2987
2903
2856
2910
2880
2882
2707
2802
2702
2690
2569
2603
2679
2498
2628
2392
2409
2430
2361
2377
2299
2423
2327
2296
2337
2192
2164
2101
2148
2180
2079
2153
2126
2133
2010
2008
2028
2000
1986
1945
1976
1945
1852
1830
1837
1799
1809
1833
1754
1792
1723
1722
1690
1723
1637
1666
1616
1678
1679
1644
1552
1622
1610
1603
1530
1532
1527
1448
1535
1533
1479
1515
1437
1473
1456
1429
1393
1422
1400
1364
1391
1363
1389
1356
1320
1379
1269
1273
1293
1243
1183
1251
1246
1236
1230
1239
1165
1192
1182
1204
1202
1190
1165
1200
1182
1143
1133
1094
1169
1166
1114
1087
1162
1109
1103
1061
1082
1075
1047
1044
1093
1037
1009
995
1055
1021
1044
1028
1005
1003
1023
1017
960
988
985
1057
942
976
953
986
958
944
947
935
945
903
963
934
928
908
930
914
928
896
918
910
906
884
862
910
852
879
848
892
857
863
856
893
850
832
884
843
835
842
828
838
837
816
858
807
851
792
777
843
797
801
803
804
789
829
779
802
778
787
801
785
811
773
789
764
772
762
761
770
784
753
797
770
762
763
747
751
766
763
769
746
735
739
762
748
741
767
749
699
751
730
727
733
751
724
736
711
724
730
735
748
740
714
713
708
711
714
709
702
711
702
689
693
713
714
707
713
707
691
704
684
707
680
694
689
716
676
702
695
684
702
678
692
692
697
700
671
704
690
683
682
685
680
677
678
689
685
694
693
668
686
677
688
659
666
683
657
684
665
661
657
654
666
677
664
662
689
668
661
664
668
668
674
661
670
655
655
658
653
671
672
658
669
654
655
676
671
658
649
662
654
643
641
653
654
647
646
660
654
652
647
641
647
658
636
666
645
654
644
651
639
643
645
636
619
645
674
644
646
649
641
652
643
643
641
644
624
642
642
639
654
629
633
661
650
632
642
641
637
638
630
632
626
630
632
636
621
640
636
643
605
626
645
643
635
654
637
619
621
619
631
634
632
632
633
631
642
635
633
616
659
636
631
634
623
624
625
631
636
623
631
623
628
623
628
620
625
630
625
616
622
630
621
635
623
611
611
608
628
613
621
611
613
621
626
620
621
618
628
628
619
606
622
622
625
628
617
627
611
636
633
618
622
612
615
634
623
612
616
619
623
614
616
614
624
619
613
618
634
616
626
615
608
624
616
607
622
623
617
623
610
627
605
621
620
609
620
610
616
604
607
602
614
610
613
612
616
617
610
618
620
612
619
608
614
612
607
597
617
611
613
608
619
621
602
618
620
625
611
605
610
611
623
616
600
596
611
604
611
613
599
610
619
604
611
612
597
616
604
614
605
612
604
619
611
601
608
607
610
615
614
613
602
605
594
606
599
606
611
597
600
590
602
606
607
602
614
607
600
610
605
604
610
601
613
595
607
605
606
605
602
613
597
604
602
598
606
604
619
606
600
605
602
610
605
600
592
614
606
606
607
604
603
602
597
600
597
600
612
606
611
611
609
606
611
608
604
612
602
608
608
596
602
603
607
610
604
610
605
604
600
605
601
601
612
601
601
607
604
606
603
600
598
611
613
604
600
605
602
601
608
598
607
606
602
604
602
601
604
615
605
605
601
595
606
608
599
597
604
597
600
605
598
603
603
602
611
604
601
598
596
605
602
604
608
593
597
604
610
599
605
594
600
606
601
607
591
605
602
603
596
608
600
602
600
597
597
600
598
602
606
607
599
599
594
598
601
600
596
597
614
608
590
606
599
615
607
607
600
605
607
603
600
604
603
604
597
602
605
595
604
609
608
598
600
597
605
597
605
595
599
596
595
592
611
597
595
604
592
610
599
597
601
606
598
597
601
600
602
589
599
603
608
597
596
600
595
596
