616
599
603
598
616
593
605
606
596
599
600
606
600
604
606
607
602
602
608
603
609
604
598
605
618
612
606
601
601
608
604
608
597
606
606
599
593
601
600
603
601
619
607
614
605
601
608
612
604
600
603
611
611
597
614
605
608
608
610
611
600
604
608
606
600
611
602
600
616
610
599
601
604
608
614
595
606
607
607
604
613
610
601
603
607
596
599
603
604
595
592
603
609
611
610
601
612
604
613
605
608
612
607
604
603
621
604
610
594
609
594
609
597
603
601
600
599
609
608
604
612
594
606
602
601
603
599
603
598
596
605
606
604
598
603
600
611
601
598
599
601
602
604
600
602
605
607
596
611
599
609
607
596
605
600
604
616
610
600
608
601
599
602
600
606
605
599
604
595
597
602
595
602
601
597
597
605
604
606
608
610
606
602
607
608
607
599
607
600
601
595
607
597
609
604
598
608
602
610
610
606
613
608
618
596
602
604
607
607
610
605
605
608
609
610
603
610
604
610
606
602
608
609
604
605
599
611
607
610
601
606
600
607
610
602
607
602
603
611
605
604
616
604
607
604
612
615
597
605
609
619
609
613
609
607
611
605
604
615
611
605
600
612
604
614
609
606
609
607
608
614
609
610
614
615
614
610
610
615
607
610
599
598
614
628
608
624
609
607
619
602
610
623
604
599
631
611
619
620
614
618
621
629
612
619
626
626
629
621
638
628
626
630
632
635
626
631
637
625
637
639
643
647
643
614
645
645
638
644
641
645
645
649
657
655
655
654
675
657
648
656
666
667
654
675
681
699
705
715
705
700
700
691
708
725
723
726
709
738
725
752
770
769
749
765
829
786
821
832
822
806
842
837
867
860
891
900
910
917
895
934
934
955
971
973
1059
1007
1061
1059
1070
1146
1130
1146
1157
1219
1277
1284
1285
1304
1371
1418
1487
1413
1494
1534
1547
1641
1704
1745
1743
1746
1937
1916
2010
2014
2092
2153
2237
2262
2395
2399
2553
2623
2850
2951
2909
3104
3118
3169
3345
3299
3558
3745
3751
4134
4103
4194
4449
4609
4728
4881
4780
4956
5324
5449
5542
5527
5827
5905
6054
6137
6381
6615
6759
6774
7027
7232
7134
7366
7520
7575
7548
7635
7603
7835
7720
7721
7960
7797
7861
7865
7844
7866
7926
7966
7886
7959
7878
7799
7878
7638
7643
7494
7489
7329
7305
7220
7066
7228
7071
6769
6707
6774
6793
6502
6320
6561
6147
6220
6236
6294
5959
5910
5774
5608
5612
5403
5504
5381
5173
5104
5010
5030
4858
4722
4663
4685
4643
4513
4473
4415
4454
4342
4273
4259
4225
4147
4008
3996
3908
3907
3758
3727
3635
3515
3669
3530
3482
3537
3383
3474
3348
3280
3170
3219
3124
3081
3115
2921
3052
2969
2865
2958
2740
2801
2781
2777
2698
2699
2601
2505
2541
2561
2569
2646
2541
2514
2401
2424
2404
2323
2318
2329
2313
2352
2236
2158
2104
2125
2153
2127
2205
2117
1993
2044
2088
2027
2095
1970
1972
1985
1883
1914
1929
1880
1863
1832
1818
1790
1780
1736
1763
1675
1775
1677
1694
1680
1617
1610
1655
1634
1658
1544
1590
1497
1580
1536
1554
1527
1508
1477
1400
1501
1540
1462
1479
1415
1374
1378
1365
1376
1393
1302
1362
1336
1362
1300
1363
1252
1260
1226
1236
1281
1288
1196
1258
1225
1181
1175
1173
1193
1197
1161
1221
1112
1168
1172
1158
1111
1128
1158
1099
1114
1078
1118
1091
1110
1074
1022
1075
1078
1016
1034
1043
1054
1049
1008
1044
1005
989
1034
971
973
971
1043
958
950
965
958
948
941
947
926
956
910
935
920
946
905
917
917
936
922
892
912
916
917
904
876
887
906
867
865
850
840
852
852
834
873
833
875
860
829
840
846
812
800
823
846
874
804
821
830
831
816
806
798
803
783
815
787
793
784
772
789
788
761
803
783
773
774
746
782
784
774
808
762
757
751
794
739
742
748
740
730
767
728
759
757
743
738
723
718
750
729
718
755
742
731
705
744
743
738
725
721
728
707
720
719
723
714
735
696
709
732
689
722
722
716
715
724
717
699
708
700
697
706
715
692
706
686
703
714
687
680
682
711
689
684
681
679
696
661
689
686
683
689
679
671
663
656
669
673
676
702
680
681
661
668
689
661
658
673
671
658
677
679
670
661
666
663
663
659
676
667
664
653
675
663
659
653
669
661
670
658
666
649
648
671
666
650
656
639
649
647
664
664
664
646
642
656
643
645
633
636
653
639
659
663
641
655
660
652
647
637
654
630
646
653
644
649
642
627
645
622
640
638
638
647
645
638
645
647
641
642
629
638
642
653
622
646
627
628
638
634
619
645
626
630
634
617
631
629
628
643
640
645
638
636
634
629
623
624
623
634
614
637
644
623
624
645
646
628
629
619
631
623
616
621
619
640
618
616
626
625
616
631
618
628
621
615
629
628
619
630
633
625
621
626
612
638
619
624
621
622
624
620
622
614
616
632
624
622
607
624
621
621
617
629
621
619
616
616
621
623
627
619
622
624
619
618
626
611
609
623
617
618
618
617
621
616
624
618
622
618
612
618
607
621
613
610
611
624
619
620
614
623
614
624
616
616
610
629
616
630
610
620
618
617
620
614
619
610
611
621
614
612
608
616
613
621
614
613
616
615
620
613
603
617
613
608
617
616
619
616
604
610
610
612
602
608
608
612
605
615
615
600
612
612
609
618
611
610
616
609
610
609
614
610
607
607
606
614
608
608
601
600
612
604
600
615
605
606
612
602
606
605
600
607
613
622
614
611
604
604
607
606
597
608
610
607
604
600
608
607
598
613
615
603
611
613
609
605
600
604
613
604
606
598
600
607
602
599
610
605
613
607
611
604
603
596
604
603
603
607
603
608
604
606
603
607
602
604
605
615
605
607
608
607
608
607
611
608
605
612
597
600
606
597
591
602
603
602
602
604
606
607
610
597
606
599
601
603
597
605
597
608
605
614
614
605
596
601
601
602
601
602
606
603
599
606
600
599
598
599
607
601
599
602
603
610
601
596
606
604
605
595
596
601
601
596
598
597
597
608
597
605
612
596
598
602
598
610
608
609
604
598
601
602
602
603
596
598
603
599
601
594
595
599
604
604
603
596
606
607
597
608
606
607
599
607
600
606
608
609
601
595
602
600
607
604
595
603
600
602
608
601
612
597
592
607
601
605
604
598
598
611
602
608
606
599
607
600
614
606
602
601
605
599
600
607
598
610
601
593
606
600
592
602
605
602
608
599
605
599
597
597
596
591
610
