605
619
607
606
607
600
605
603
603
609
597
612
604
607
611
605
604
599
601
605
607
604
603
613
600
604
610
599
614
600
603
606
604
610
605
601
610
607
604
607
595
605
600
605
608
610
600
604
594
596
602
593
605
604
598
604
606
599
609
613
613
598
607
589
601
604
604
604
599
605
614
609
598
608
609
604
600
597
610
604
612
607
609
604
603
601
605
600
604
600
600
604
601
606
607
605
607
605
599
610
597
604
609
595
607
602
599
597
609
604
608
601
602
598
603
602
602
599
601
600
607
606
595
602
605
596
610
611
603
605
612
601
615
600
609
602
606
603
603
601
603
612
603
597
597
606
603
602
595
612
602
598
594
609
597
601
610
618
611
604
607
604
602
597
606
603
599
609
608
604
593
609
595
602
609
605
602
613
602
603
607
610
603
609
602
606
595
593
609
596
607
604
594
604
600
602
606
608
602
599
606
605
620
608
606
603
615
606
603
615
603
611
596
607
613
603
603
603
610
603
607
610
606
612
604
611
603
604
603
611
613
613
598
613
619
605
615
603
600
613
614
607
610
611
613
613
606
604
599
616
623
605
602
612
608
606
604
612
619
605
617
619
607
609
615
606
614
610
601
619
612
619
617
626
614
613
616
611
624
613
622
611
611
615
624
621
620
632
617
629
630
627
620
620
626
623
634
621
616
611
657
639
635
632
620
642
630
631
640
635
650
635
632
640
647
631
642
637
645
645
646
632
650
667
654
644
654
656
661
670
663
648
675
684
659
681
704
674
700
706
701
686
717
696
743
705
711
723
748
722
746
787
755
750
787
759
785
776
794
794
842
849
868
831
847
845
878
904
886
920
933
951
942
943
984
990
1024
978
1052
1099
1126
1111
1160
1112
1217
1201
1238
1259
1280
1288
1284
1376
1436
1417
1481
1529
1624
1646
1701
1764
1761
1890
1933
1836
1926
2075
2142
2152
2235
2350
2353
2535
2552
2684
2776
2940
2904
3057
3122
3302
3446
3484
3625
3721
3955
4085
4162
4374
4444
4570
4792
4892
5187
5320
5518
5776
6043
6122
6329
6564
6860
6829
7224
7480
7667
7751
7945
8196
8546
8621
8975
9069
9507
9709
9697
9830
9946
10252
10839
10728
10902
10992
11101
11088
11134
11404
11217
11394
11414
11427
11678
11660
11652
11551
11677
11516
11513
11503
11450
11343
11347
11393
11222
10922
10786
10795
10639
10515
10383
10258
10237
9892
9992
9750
9776
9535
9515
9461
9095
8778
9119
8727
8760
8395
8343
8345
7975
8020
7872
7498
7679
7549
7267
7380
7213
6959
7072
6930
6554
6553
6568
6455
6172
6146
6060
5943
6013
5887
5730
5691
5438
5540
5388
5312
5254
5204
5077
4933
4892
4931
4906
4658
4589
4847
4469
4510
4376
4244
4216
4342
4244
4071
4170
3925
3912
3829
3720
3787
3708
3757
3688
3570
3484
3597
3618
3474
3487
3449
3306
3249
3223
3183
3121
3161
3081
3088
3112
2828
2982
2964
2975
2880
2899
2740
2705
2665
2668
2675
2623
2647
2669
2568
2573
2571
2511
2434
2361
2432
2405
2326
2362
2278
2346
2288
2231
2207
2193
2111
2107
2159
2113
2094
2145
2024
2029
2006
2030
1999
1967
1899
1832
1851
1916
1870
1842
1887
1802
1800
1745
1691
1718
1706
1696
1735
1688
1635
1696
1689
1598
1600
1617
1604
1604
1590
1525
1528
1550
1522
1546
1419
1516
1483
1507
1455
1397
1416
1418
1452
1426
1392
1371
1435
1340
1348
1367
1309
1263
1315
1272
1383
1339
1306
1246
1240
1257
1205
1262
1180
1220
1241
1160
1227
1168
1179
1173
1148
1185
1144
1186
1098
1160
1106
1115
1101
1095
1088
1100
1069
1018
1058
1024
1047
1038
1042
1021
1078
1063
1035
1017
1018
1039
1009
961
1009
994
1000
1016
950
950
963
947
975
942
944
904
942
947
895
938
909
922
919
897
906
958
919
875
920
910
873
900
895
891
844
877
866
893
879
879
873
824
857
836
855
889
846
838
853
820
863
869
831
806
815
840
813
801
830
814
802
810
792
803
804
804
809
797
788
809
773
780
807
783
808
781
772
796
784
767
770
740
745
756
742
772
731
750
787
768
749
736
745
759
755
773
739
724
797
758
739
738
751
736
765
737
729
734
751
713
726
695
704
733
723
728
714
731
716
730
717
726
742
698
734
733
714
733
730
714
701
720
719
688
700
683
683
713
693
681
685
714
702
702
683
714
707
694
708
694
693
688
678
680
700
687
693
666
708
699
691
692
670
678
667
698
671
683
681
667
669
686
668
678
688
665
684
671
674
666
663
669
667
669
679
660
673
655
680
658
653
656
668
665
666
654
673
654
668
659
658
679
657
654
655
666
670
665
662
647
637
635
654
650
650
653
667
659
654
662
667
652
651
653
641
644
665
647
650
643
656
634
648
657
643
653
653
644
638
633
649
646
630
633
644
636
635
637
652
636
636
640
639
638
639
640
646
633
653
641
639
653
628
636
658
650
629
640
636
621
630
630
631
641
628
632
625
625
634
622
626
632
620
624
642
628
621
630
641
625
629
634
634
622
621
630
615
624
629
631
626
640
626
643
631
631
622
631
629
617
624
615
623
615
619
630
621
623
618
616
631
611
623
615
630
640
617
622
616
614
620
626
612
626
614
625
614
633
606
621
621
615
613
628
615
607
624
621
610
616
615
623
606
627
612
612
629
624
618
606
612
615
612
598
620
612
615
611
618
609
629
611
621
606
615
623
619
616
620
611
617
608
616
602
612
617
614
618
609
619
607
616
611
609
603
606
595
608
609
606
620
622
622
611
601
616
618
612
604
618
618
614
607
619
600
612
607
611
612
608
610
597
602
604
601
610
610
602
604
609
614
610
603
616
599
606
609
601
598
607
611
609
606
601
604
605
604
610
614
605
605
601
612
600
603
602
614
611
606
611
604
606
599
607
606
597
624
605
597
597
612
610
600
605
615
606
608
604
604
606
605
606
606
606
614
588
606
611
616
604
598
606
605
603
606
602
604
604
600
606
591
598
592
600
603
608
609
606
604
606
601
606
601
609
609
600
597
603
605
605
604
605
602
606
600
604
613
597
603
610
608
609
598
602
598
606
599
607
603
609
612
604
612
607
602
606
607
600
605
600
598
600
604
605
605
597
604
589
607
592
598
600
607
601
616
602
601
602
592
597
600
608
612
605
598
602
602
604
605
598
605
598
611
604
617
594
597
601
596
591
598
602
602
609
595
601
604
607
604
607
605
610
600
600
601
604
602
593
599
597
606
605
610
595
596
599
603
601
605
606
606
601
598
601
610
601
609
605
604
602
592
