596
601
610
602
605
609
600
610
604
613
614
604
602
598
610
604
609
608
606
600
607
606
606
602
611
606
607
617
609
600
606
613
605
610
600
609
605
603
599
601
603
598
598
607
601
600
612
595
601
605
602
604
602
597
605
598
599
597
613
600
615
601
604
602
598
600
602
612
601
603
605
597
620
611
605
605
614
602
610
603
602
607
600
600
601
596
603
614
608
611
604
602
599
600
609
594
598
601
606
610
602
607
608
602
595
606
604
602
614
601
606
601
597
614
600
603
604
612
604
607
601
603
604
609
608
610
600
602
598
599
611
597
600
606
597
597
603
603
596
599
609
599
593
599
612
603
605
601
602
604
608
597
611
593
603
604
595
597
601
608
607
605
595
602
605
597
604
600
595
605
609
596
601
612
606
604
607
602
606
604
597
610
608
602
611
597
611
601
599
602
614
606
605
602
605
608
591
600
615
605
596
609
597
603
608
607
601
608
593
599
609
604
610
609
609
602
609
604
597
605
605
596
605
622
620
601
613
608
620
613
604
612
602
618
616
613
605
613
596
615
609
603
603
606
613
609
611
596
608
608
606
602
608
598
622
610
609
610
608
612
609
612
622
606
610
624
602
624
624
617
623
605
615
625
618
601
632
625
613
602
622
610
605
621
620
610
616
623
613
607
617
613
620
626
621
636
634
625
622
637
634
632
631
630
629
628
634
631
641
642
645
642
630
639
645
638
651
644
654
644
655
647
653
654
641
664
671
652
663
651
676
672
691
682
695
694
681
708
712
693
713
706
708
693
703
742
735
757
758
758
731
730
769
776
797
803
821
787
845
867
809
791
852
898
840
918
944
904
945
943
936
937
992
1001
1034
1010
1073
1056
1106
1131
1136
1143
1163
1172
1269
1228
1236
1324
1402
1410
1413
1451
1512
1510
1573
1629
1620
1792
1761
1841
1835
1954
1960
1952
2090
2190
2167
2290
2297
2381
2614
2595
2700
2833
2915
2978
3135
3266
3276
3538
3688
3753
3873
3941
4110
4351
4371
4712
4730
4765
5028
5291
5571
5821
6063
6117
6282
6511
6905
6862
7177
7498
7711
7844
8255
8447
8842
8799
8928
9401
9498
9585
9946
10150
10617
10689
10874
11008
11286
11349
11821
11710
11804
11922
11970
12052
12143
12122
12303
12404
12332
12166
12400
12113
12393
12233
12387
12277
11997
12216
11866
12007
11941
11910
11719
11347
11244
11254
11178
10991
10618
10617
10706
10285
10176
9991
10014
9651
9714
9593
9486
9530
9179
8974
9028
8929
8630
8509
8432
8025
8123
7991
7625
7480
7577
7503
7438
7077
7157
7299
6959
6973
6796
6635
6477
6251
6306
6213
6077
6057
5951
5780
5693
5642
5618
5421
5494
5322
5241
5260
5083
5086
5032
4912
4777
4897
4807
4694
4571
4532
4471
4493
4309
4203
4184
4188
4169
4103
4029
3963
3829
3831
3827
3821
3734
3757
3690
3490
3559
3535
3479
3382
3421
3426
3191
3317
3135
3214
3116
3070
2986
2993
2882
3084
2876
2884
2932
2867
2799
2898
2852
2663
2709
2624
2636
2572
2623
2602
2515
2541
2458
2419
2400
2309
2288
2402
2332
2263
2233
2170
2340
2123
2146
2195
2180
2145
2067
2102
2067
2035
2012
1971
1923
2029
1884
1862
1912
1905
1808
1876
1826
1808
1853
1724
1802
1597
1682
1710
1764
1678
1716
1746
1713
1667
1624
1635
1590
1538
1493
1548
1470
1545
1540
1539
1457
1509
1500
1473
1456
1440
1442
1384
1429
1433
1430
1412
1392
1323
1334
1365
1361
1273
1267
1286
1270
1287
1288
1323
1193
1267
1258
1270
1227
1171
1173
1227
1203
1179
1109
1156
1114
1183
1191
1133
1107
1114
1133
1134
1094
1080
1083
1112
1081
1039
1072
1034
1073
1081
1100
1087
1056
1062
1032
976
1000
1045
1014
1019
972
987
1010
990
1004
986
966
958
959
997
933
950
966
956
964
934
925
937
908
975
943
922
846
915
908
894
894
853
909
871
879
880
890
881
874
845
827
864
840
900
874
874
852
853
840
852
860
832
824
844
830
783
855
813
843
821
812
848
822
810
811
832
816
764
802
777
763
808
816
808
768
766
787
797
787
753
767
820
749
770
787
774
760
763
749
775
759
770
762
766
772
738
781
747
741
734
755
751
733
734
751
721
752
758
726
736
741
746
745
723
724
722
701
728
714
723
726
738
710
710
704
699
724
725
713
708
721
710
709
698
707
696
690
711
723
676
695
708
701
702
718
677
717
683
703
695
689
691
696
693
708
673
691
673
698
687
672
683
679
696
683
683
684
683
665
668
676
691
669
668
661
685
669
680
681
675
675
667
661
693
660
681
660
658
682
673
663
672
667
654
664
668
664
654
663
663
684
657
667
664
648
655
664
654
646
640
643
655
670
656
646
666
644
656
648
653
648
658
653
644
643
646
656
640
637
646
657
645
642
639
664
642
661
632
650
642
641
634
623
641
648
638
624
655
630
626
631
651
627
645
647
628
649
645
634
638
642
625
638
639
629
630
643
637
641
630
629
647
637
623
631
629
634
635
637
625
621
628
628
632
635
617
622
640
637
631
637
627
611
629
628
632
624
629
618
631
630
627
629
619
622
629
622
623
621
624
625
614
619
624
636
629
625
627
621
619
627
634
620
623
605
632
611
628
618
618
620
622
604
613
629
620
618
610
614
626
630
613
628
604
610
618
613
630
623
613
619
614
620
616
618
615
619
616
626
609
625
616
616
623
626
610
618
619
611
614
611
623
619
615
613
618
620
613
609
628
620
608
606
605
621
610
632
613
616
614
602
606
605
612
624
615
606
622
612
595
611
619
608
611
613
600
613
608
610
605
609
606
609
610
608
617
609
610
602
619
623
610
612
615
609
614
603
612
597
605
607
609
613
601
608
611
605
603
605
609
613
609
616
617
602
613
600
606
608
602
606
605
604
607
602
601
609
613
601
610
604
608
613
605
593
611
607
611
604
604
606
599
610
605
612
603
609
607
602
618
613
597
613
613
617
598
604
602
614
601
611
615
603
611
606
607
591
610
611
603
601
597
603
598
604
612
613
610
607
595
606
608
601
592
602
610
604
600
604
600
603
602
592
603
604
602
603
605
600
602
605
604
601
600
608
607
611
604
601
600
597
593
605
598
600
603
600
599
596
598
596
604
607
601
593
603
590
608
603
599
607
594
603
606
598
604
593
601
603
605
601
599
596
601
607
600
605
609
599
591
608
601
611
601
609
604
598
587
606
596
605
592
602
607
603
599
596
603
602
595
595
601
596
605
599
597
602
600
600
600
609
600
604
602
595
610
600
588
603
604
605
595
594
602
608
601
