603
606
605
608
602
605
613
599
606
599
608
598
608
604
606
597
598
618
606
611
603
603
596
601
612
609
599
608
608
610
593
613
614
610
607
593
609
606
602
607
607
605
609
607
598
608
611
599
604
605
616
608
598
592
610
604
607
604
607
606
606
600
602
603
604
611
600
611
595
591
609
599
599
599
603
605
610
602
605
598
602
604
608
598
608
606
599
603
606
598
606
597
592
605
606
612
613
608
600
607
603
612
611
603
613
607
607
605
603
608
607
595
605
609
603
615
601
604
611
606
601
615
595
606
611
598
607
608
600
599
602
590
615
601
604
605
597
603
607
598
606
605
601
611
612
610
608
604
604
602
605
606
610
592
615
603
607
603
610
606
613
603
600
597
605
606
610
603
599
611
598
607
617
595
601
604
604
607
616
614
606
602
606
602
619
613
602
602
613
604
608
605
605
605
600
603
606
603
604
618
600
614
607
606
606
615
609
623
610
604
607
618
600
610
603
604
605
607
613
614
601
616
618
614
609
611
615
611
622
606
607
611
609
620
605
618
607
610
610
606
610
611
602
616
606
611
613
614
606
617
612
613
608
607
612
611
616
625
607
619
614
614
618
618
611
621
618
617
612
607
625
625
618
621
608
621
623
615
618
610
633
623
615
612
620
624
608
625
622
627
619
613
623
618
631
619
625
622
632
640
633
640
645
621
623
631
648
635
629
639
644
636
650
631
646
643
641
665
664
662
644
649
666
673
670
679
672
659
669
670
663
672
671
682
668
696
699
704
707
718
720
718
717
694
715
727
757
735
746
760
743
735
767
767
781
787
784
832
812
801
825
846
894
857
905
897
922
906
929
887
934
943
957
951
1002
1024
1027
1114
1066
1027
1164
1094
1175
1185
1218
1201
1272
1262
1354
1321
1397
1375
1487
1466
1552
1566
1620
1648
1747
1802
1799
1831
1949
2038
2052
2117
2134
2181
2240
2425
2499
2537
2636
2733
2906
2857
3063
3215
3264
3432
3570
3644
3619
3838
4006
4178
4319
4391
4678
4668
4917
4984
5528
5570
5727
5856
6335
6411
6683
6761
6961
7250
7276
7579
7826
8143
8261
8569
8730
8951
9200
9492
9747
9754
9813
10246
10395
10758
10839
10955
11382
11463
11386
11671
11639
11752
11653
11653
11759
11936
11744
11909
11728
11768
11960
11915
12006
11942
11864
11466
11614
11631
11366
11360
11087
11236
10985
10780
10494
10418
10340
10129
10112
9912
9833
9623
9653
9502
9689
9468
9055
8995
8757
8524
8485
8495
8178
8368
8142
7696
7779
7664
7630
7416
7251
6977
7024
7207
6831
6857
6653
6786
6644
6495
6260
6293
6032
6152
6095
5765
5776
5684
5369
5330
5546
5300
5317
5181
5033
5081
5173
4993
4869
4758
4654
4654
4548
4629
4576
4393
4415
4276
4239
4053
4155
4041
4009
3957
3830
3878
3837
3654
3734
3646
3631
3566
3621
3531
3563
3440
3460
3417
3218
3182
3262
3164
3145
3052
3061
3094
2995
3003
2976
3030
2950
2834
2883
2723
2823
2783
2798
2652
2585
2631
2565
2648
2498
2592
2466
2464
2429
2456
2392
2354
2325
2240
2267
2271
2204
2216
2232
2206
2160
2153
2219
2066
1996
2035
1969
2025
2024
2023
1904
1847
1871
1944
1949
1804
1799
1756
1817
1779
1802
1769
1769
1774
1745
1742
1656
1638
1648
1652
1643
1543
1588
1593
1599
1532
1567
1532
1524
1502
1500
1489
1527
1444
1475
1440
1424
1391
1415
1379
1472
1418
1373
1395
1365
1296
1409
1328
1302
1333
1301
1315
1268
1294
1301
1280
1214
1266
1257
1199
1251
1233
1193
1259
1228
1155
1139
1170
1093
1214
1111
1134
1121
1128
1101
1109
1093
1081
1102
1082
1113
1120
1115
1064
1031
1092
1056
1050
1022
1070
1009
968
1043
1014
998
947
969
1023
984
1021
981
988
981
1003
967
947
960
916
913
928
924
925
946
938
915
958
916
896
900
921
888
884
866
897
909
870
882
895
876
872
885
842
858
826
878
865
844
860
844
876
863
769
849
839
789
845
829
837
801
811
841
831
782
799
824
794
791
773
795
797
837
800
769
758
785
794
794
767
762
788
760
762
776
812
796
789
796
757
753
744
790
762
782
760
762
757
774
762
756
762
738
768
717
754
746
726
739
719
729
722
726
729
740
729
746
731
711
707
714
706
746
711
728
732
711
748
723
712
724
709
696
693
718
699
686
705
688
691
698
705
696
716
692
685
693
709
695
694
720
702
701
703
687
672
694
691
678
702
677
667
684
663
677
668
679
675
667
689
673
652
675
684
681
672
670
684
665
683
677
680
687
680
665
669
678
688
672
673
680
664
666
676
665
657
649
673
662
669
647
667
661
649
649
676
674
679
647
660
654
666
659
650
650
657
654
646
656
651
643
640
652
662
665
647
648
644
645
651
636
649
637
649
638
643
628
644
637
644
645
621
650
632
648
630
645
649
622
648
645
636
624
633
635
650
651
649
649
641
627
639
638
650
639
628
634
639
629
622
629
626
638
639
632
625
635
646
631
635
618
630
634
637
631
634
618
633
632
626
625
640
616
630
624
631
639
641
634
638
616
630
631
625
623
630
634
626
631
635
628
622
621
624
615
636
626
631
622
632
620
624
626
621
631
634
623
619
635
605
616
612
629
621
621
628
618
620
636
627
627
617
625
627
630
629
626
622
621
623
615
619
622
617
613
618
618
619
640
618
620
612
619
611
612
606
623
610
626
623
619
612
615
629
629
622
613
611
604
611
609
617
621
620
601
616
618
617
609
609
607
615
621
602
611
614
617
613
607
613
610
607
608
614
602
619
616
611
608
608
609
618
603
609
614
606
612
603
612
619
606
613
618
618
614
622
599
607
622
599
607
608
603
612
605
596
607
611
601
613
608
610
611
606
609
607
601
610
604
606
608
612
612
611
599
602
606
607
612
606
603
612
599
601
611
614
613
603
607
616
614
608
598
610
598
604
605
595
602
599
601
607
608
607
602
608
607
604
606
605
609
601
607
605
602
604
606
607
609
592
599
603
604
605
602
607
601
601
604
600
601
598
606
610
613
609
602
610
609
602
596
600
597
605
600
602
605
597
620
605
604
593
601
607
603
595
605
596
605
611
607
602
605
593
602
599
607
607
598
604
601
602
597
603
606
605
608
608
598
607
599
605
610
602
603
600
611
597
597
610
602
598
599
604
601
604
601
599
591
606
602
602
603
614
595
602
607
600
595
604
602
598
603
606
602
601
603
600
605
610
604
604
607
609
600
610
600
602
612
600
598
607
602
602
601
602
603
602
600
601
602
600
598
606
605
595
598
613
606
592
