607
585
605
608
602
608
605
604
606
606
600
597
605
599
598
605
596
607
603
599
598
608
597
613
602
621
609
609
609
622
599
597
614
599
616
605
601
601
603
602
609
611
593
612
620
614
615
601
602
592
610
604
602
609
608
604
589
607
596
598
611
603
601
598
601
598
595
606
605
597
602
607
605
594
597
606
598
593
602
602
604
597
611
596
604
610
607
605
601
605
600
599
600
609
594
598
600
601
598
605
601
603
602
594
604
598
610
600
602
606
602
601
603
598
597
597
603
597
593
596
600
601
605
602
596
607
595
598
606
601
600
600
604
603
599
595
605
596
594
604
600
600
606
594
601
605
611
599
607
595
602
598
596
601
596
602
592
601
604
603
596
600
595
601
593
595
601
597
601
601
592
607
602
600
596
600
598
597
587
592
599
601
596
597
601
598
593
607
601
595
604
605
609
600
603
602
605
595
606
601
594
597
607
600
600
596
600
600
594
611
601
600
602
599
590
604
598
599
602
606
606
600
600
607
601
604
603
602
603
594
605
586
596
607
604
604
604
599
604
600
593
597
597
597
603
603
603
609
610
606
606
606
603
607
592
609
598
596
605
597
601
593
604
601
597
604
592
598
604
594
597
600
594
605
596
601
601
601
596
598
600
603
598
605
597
597
593
603
595
599
593
606
592
613
596
605
610
608
605
602
606
595
602
602
605
593
601
601
595
603
603
600
601
599
603
600
607
610
602
598
599
608
598
610
604
594
602
601
595
605
600
606
608
600
602
602
601
606
603
605
607
599
601
603
603
603
598
604
597
611
603
605
604
599
605
605
600
599
605
601
601
601
598
597
597
609
604
603
608
602
604
597
595
606
600
605
600
608
608
604
618
602
600
602
603
597
614
601
606
605
603
609
609
600
607
602
614
612
603
604
604
606
602
609
606
603
603
604
603
608
596
605
602
608
609
613
609
612
605
608
615
607
613
622
608
607
612
608
624
607
622
616
613
618
612
612
621
611
621
618
629
622
623
640
631
641
627
621
633
635
624
627
637
636
652
653
632
636
640
650
624
652
646
651
634
659
645
641
648
664
654
662
655
672
665
660
648
650
666
671
686
682
680
646
695
676
678
703
689
670
715
690
673
698
683
706
717
707
714
731
718
719
724
728
733
739
729
744
756
724
743
758
776
758
753
803
756
767
783
776
783
810
804
824
809
803
809
863
825
844
830
835
835
853
862
820
869
895
849
888
911
887
900
906
904
910
941
938
950
899
948
980
986
929
963
1035
1036
974
974
1001
1045
1029
1024
1058
1110
1079
1029
1135
1079
1085
1098
1134
1151
1121
1134
1125
1142
1222
1183
1143
1198
1219
1198
1205
1227
1264
1266
1281
1287
1215
1319
1259
1271
1265
1270
1319
1353
1374
1284
1320
1394
1323
1375
1329
1360
1346
1387
1378
1371
1424
1418
1412
1417
1447
1435
1407
1437
1403
1516
1437
1443
1468
1394
1501
1495
1410
1493
1484
1427
1510
1489
1449
1493
1462
1492
1467
1466
1490
1410
1476
1487
1497
1444
1434
1495
1534
1501
1481
1441
1459
1502
1491
1434
1511
1487
1461
1552
1479
1418
1509
1433
1498
1463
1439
1485
1439
1459
1474
1418
1391
1455
1383
1422
1395
1434
1402
1427
1429
1403
1401
1366
1350
1421
1378
1372
1385
1380
1432
1325
1339
1412
1364
1415
1328
1334
1314
1302
1330
1384
1343
1330
1361
1356
1348
1332
1333
1345
1277
1279
1399
1343
1270
1322
1244
1240
1257
1269
1282
1263
1284
1214
1225
1183
1328
1258
1177
1232
1248
1212
1193
1182
1184
1175
1186
1174
1151
1190
1155
1182
1207
1163
1134
1157
1133
1078
1115
1084
1160
1095
1121
1121
1099
1081
1066
1112
1117
1061
1119
1077
1046
1037
1024
1032
1068
1029
1008
1011
1051
1025
1041
995
964
1012
968
1006
1005
993
972
1017
992
939
947
954
966
954
965
941
976
938
908
938
932
921
933
917
907
944
883
899
870
880
880
891
863
914
894
897
870
869
853
874
865
859
808
846
823
790
844
851
839
851
802
818
823
795
787
776
788
826
739
809
761
782
767
770
786
766
797
750
786
759
753
742
727
752
738
767
753
742
715
723
739
722
716
716
716
726
704
721
714
741
683
699
692
710
695
730
719
702
707
679
702
688
706
684
699
691
690
692
685
690
675
665
675
681
688
665
674
704
679
673
684
667
670
674
685
663
682
672
667
683
645
670
685
649
656
645
652
664
653
659
669
655
637
657
646
637
650
630
654
645
652
652
643
657
648
651
651
636
655
658
640
637
666
647
639
635
633
639
641
627
633
643
641
642
641
637
636
638
634
645
625
637
633
628
626
639
617
623
620
619
614
632
614
625
635
628
639
617
624
635
624
609
637
620
624
626
619
627
618
622
628
622
629
618
625
639
628
626
622
628
622
617
624
616
621
617
621
618
602
612
611
617
614
620
619
620
623
622
614
621
630
620
632
619
614
625
614
613
611
615
612
615
612
609
614
616
620
611
614
615
614
610
613
604
628
608
613
615
607
603
610
621
618
618
614
610
602
612
612
621
615
598
604
608
613
611
625
603
617
609
609
606
604
611
610
615
614
610
616
607
611
610
607
604
607
608
605
602
608
603
604
601
601
608
602
611
602
604
606
612
609
610
605
609
605
601
611
616
611
603
603
603
622
606
613
608
596
599
612
612
611
611
593
602
612
606
601
591
605
614
600
603
606
602
604
616
596
605
601
602
602
607
604
612
594
602
606
609
606
598
602
601
610
599
603
607
602
608
602
606
599
607
615
596
606
601
608
607
593
606
592
597
593
599
608
598
597
598
603
611
599
600
603
611
595
607
603
602
594
604
605
594
605
604
596
610
597
607
600
607
613
603
611
604
605
605
601
597
601
601
602
607
594
597
602
600
602
596
598
606
600
593
595
603
601
614
595
599
602
600
599
601
605
603
600
603
603
604
609
599
600
593
605
604
607
597
599
598
605
601
601
597
598
597
598
601
603
599
598
595
607
601
602
598
595
602
597
596
603
604
602
597
596
609
607
602
600
603
592
610
606
603
605
594
600
598
595
603
594
599
596
603
596
605
603
605
599
602
604
599
599
601
607
598
600
606
594
600
601
600
594
595
601
593
607
601
600
607
595
596
606
604
601
593
602
604
593
616
598
595
593
597
603
605
597
596
597
595
594
602
605
596
601
604
596
592
594
598
595
