601
602
600
609
605
605
611
596
605
608
599
603
606
598
606
601
602
601
604
611
606
605
614
600
603
604
618
629
615
622
608
614
612
628
623
612
612
613
607
609
618
604
603
602
613
620
615
613
615
620
609
613
600
596
606
592
604
609
597
601
598
599
596
602
597
598
601
606
597
596
595
610
596
601
591
602
599
596
593
597
600
605
607
595
596
604
600
595
602
602
600
599
603
614
605
614
601
612
602
601
597
601
596
593
603
598
596
606
599
596
603
601
593
597
590
610
602
604
597
601
596
597
606
596
604
593
603
596
596
600
604
600
597
602
603
602
605
610
600
605
589
595
602
601
598
596
604
605
605
598
602
597
604
596
599
600
611
603
612
598
601
598
600
608
592
601
605
603
601
596
605
609
604
597
609
596
608
601
591
600
594
602
598
599
603
589
598
598
599
604
606
600
595
608
603
597
604
593
596
604
596
599
604
601
601
599
601
600
597
608
596
597
597
603
600
595
608
595
591
601
603
591
599
594
597
599
600
604
594
609
601
601
602
599
601
603
601
608
598
604
599
603
598
595
599
599
586
606
603
600
601
605
608
599
597
590
594
599
610
595
605
604
594
601
600
603
594
601
601
596
600
600
601
604
613
610
597
599
608
604
596
608
593
599
605
600
605
592
600
602
586
604
601
607
601
606
608
598
602
596
594
597
611
598
609
604
595
601
613
603
594
602
613
602
606
611
603
608
596
611
607
602
608
610
603
599
612
604
611
603
599
604
601
598
610
601
603
603
604
604
609
610
605
608
602
601
606
604
606
595
600
605
601
611
613
606
602
612
604
606
604
617
606
600
606
603
608
609
611
604
612
608
606
603
606
617
619
602
603
600
615
611
600
601
604
616
606
610
612
612
615
616
619
610
611
611
617
609
625
615
610
620
619
600
614
606
636
613
626
617
618
619
629
631
617
620
629
623
633
627
615
633
621
641
641
637
637
645
617
642
639
638
659
657
658
645
638
656
636
677
678
653
675
657
674
682
685
671
677
678
667
677
673
695
695
686
686
687
683
697
716
689
713
740
734
723
731
732
722
726
741
722
744
730
719
772
751
793
774
766
805
806
797
810
818
834
860
847
837
826
894
873
868
879
885
911
901
884
917
917
916
913
923
934
939
963
971
975
983
995
999
1021
1090
1000
1042
1081
1129
1079
1084
1100
1087
1103
1134
1137
1164
1146
1186
1177
1154
1221
1259
1207
1309
1284
1272
1324
1397
1397
1294
1369
1331
1396
1396
1488
1456
1456
1473
1510
1515
1484
1489
1665
1635
1608
1642
1709
1669
1751
1786
1769
1787
1910
1844
1779
1873
1870
1930
1946
2094
2038
2025
2015
2092
2137
2125
2094
2160
2146
2136
2222
2180
2214
2376
2353
2299
2463
2363
2432
2395
2527
2537
2516
2601
2576
2551
2614
2636
2731
2577
2711
2702
2775
2778
2734
2648
2787
2791
2813
2873
2890
2861
2827
2850
3013
2890
3011
2907
2885
2963
3033
2948
3121
2937
2948
3069
3110
2978
3071
3029
3029
3067
3115
3043
2958
3086
3035
3099
3120
3113
3030
3182
3097
3170
3147
3038
3065
3101
3107
3089
2931
3017
3053
2968
3065
2987
3032
3007
2935
2988
2965
3027
3084
2905
2938
2986
2868
2982
3011
2888
2864
2842
2932
2928
2864
2916
2902
2884
2827
2857
2826
2774
2832
2790
2740
2749
2826
2750
2624
2795
2681
2699
2625
2669
2722
2568
2505
2661
2577
2576
2619
2603
2519
2465
2615
2531
2559
2568
2444
2441
2523
2458
2355
2342
2401
2303
2413
2368
2305
2338
2396
2338
2305
2228
2271
2269
2330
2187
2209
2137
2179
2276
2104
2267
2123
2130
2180
2098
2158
2070
2076
2050
2119
1978
2035
2011
1996
1963
1933
1941
1893
1951
1859
1949
1872
1868
1890
1771
1882
1793
1795
1817
1864
1734
1775
1732
1696
1661
1743
1683
1654
1673
1621
1653
1628
1635
1582
1630
1518
1586
1612
1567
1489
1540
1453
1466
1518
1452
1565
1484
1441
1441
1425
1400
1432
1409
1333
1408
1419
1405
1369
1336
1285
1270
1279
1310
1259
1281
1313
1284
1266
1263
1206
1237
1199
1234
1239
1159
1154
1107
1099
1114
1107
1144
1139
1171
1071
1107
1134
1059
1106
1106
1035
1088
1050
1041
1041
1070
1000
1023
971
1010
998
972
972
957
974
952
988
964
968
966
955
984
927
939
898
906
912
902
923
907
892
898
909
868
872
865
865
882
892
848
837
823
838
833
839
838
838
852
768
843
839
832
815
838
814
787
809
792
810
805
793
816
815
779
815
777
794
755
764
767
781
764
756
805
779
745
755
753
761
736
758
744
732
733
746
720
733
726
731
727
728
721
721
729
703
739
741
714
739
728
710
702
681
682
703
727
707
699
709
702
705
686
696
690
692
699
710
697
697
689
673
695
717
711
675
686
669
666
681
687
681
661
679
679
674
667
694
671
679
666
664
669
677
657
669
644
673
662
655
659
660
667
653
665
659
648
664
635
669
655
654
655
661
649
658
641
638
663
648
649
639
645
663
655
664
662
656
644
652
660
650
644
634
643
645
657
655
639
661
646
631
635
640
629
632
648
632
645
629
655
637
652
633
644
644
644
629
633
630
635
635
636
629
624
633
634
617
658
626
636
639
634
630
643
627
628
627
652
619
623
618
634
622
624
621
622
624
637
622
632
627
623
620
623
607
619
612
618
629
621
610
619
621
612
620
621
615
611
623
617
622
620
627
616
609
607
603
623
615
616
627
618
612
623
624
610
606
614
608
620
611
614
618
628
606
616
615
631
603
609
606
609
609
623
617
607
620
614
617
618
621
602
616
604
600
603
605
618
614
612
615
619
612
607
606
610
616
610
614
608
604
605
606
605
614
619
617
619
606
610
608
605
612
607
606
608
609
613
609
612
607
614
608
597
613
600
605
610
605
604
608
608
611
605
622
606
605
604
610
604
599
603
610
600
606
601
604
608
610
607
612
603
612
608
600
599
609
594
605
609
601
606
619
602
614
602
606
609
617
597
604
609
599
603
605
596
607
598
614
598
612
604
604
605
599
597
602
601
615
596
599
602
600
601
600
607
598
598
604
603
599
600
603
604
602
592
598
614
600
598
601
604
608
604
609
603
607
604
608
605
601
617
601
605
603
593
604
610
599
603
604
601
608
604
604
610
596
607
599
601
601
604
604
617
600
598
601
596
605
598
600
612
596
595
600
597
602
605
603
588
600
601
598
603
603
594
602
601
596
605
600
591
602
597
607
597
592
588
594
604
608
601
610
605
598
596
596
603
614
