608
609
608
604
608
608
611
615
606
597
603
611
595
601
609
600
607
601
601
606
599
614
611
607
607
615
609
608
611
626
625
630
618
605
607
607
603
609
605
601
604
600
618
610
612
614
620
605
619
611
600
601
612
609
593
604
614
607
611
608
604
600
602
600
606
596
598
601
602
600
601
606
600
610
598
610
599
597
601
612
602
605
614
602
593
609
602
596
604
602
607
604
599
607
599
591
602
597
607
599
597
606
601
596
609
598
595
600
605
599
598
595
596
603
609
606
595
597
605
597
599
611
601
598
602
608
602
605
597
602
609
600
601
601
595
604
593
600
604
601
602
599
601
588
598
603
597
604
605
597
596
607
604
598
597
600
604
598
614
597
611
602
597
606
595
595
600
597
601
606
601
606
609
605
604
603
597
593
606
603
595
597
606
599
609
595
596
601
601
595
605
602
610
599
603
597
602
602
607
600
600
604
593
596
601
607
599
597
603
597
595
608
604
600
599
607
600
602
605
586
602
596
602
598
607
592
599
597
596
597
603
607
601
600
611
605
599
594
596
595
601
602
600
601
598
595
607
603
607
602
595
603
609
600
603
602
597
592
605
612
612
601
605
607
599
599
595
595
593
603
594
612
598
603
600
598
601
604
602
599
593
602
604
605
601
604
604
598
601
609
607
600
611
605
602
596
607
600
600
610
606
598
601
603
600
603
607
601
609
595
606
601
598
597
603
603
611
602
610
603
611
613
600
594
607
600
607
612
611
605
601
598
611
597
595
609
597
609
604
602
608
609
602
612
610
601
601
611
613
599
597
607
615
610
600
608
616
607
612
604
608
611
613
607
610
615
614
621
596
622
616
612
597
616
610
612
609
606
610
612
606
616
614
613
614
619
614
608
612
613
620
615
617
613
618
614
606
618
614
635
630
627
626
636
634
651
632
623
647
634
632
627
628
643
636
644
662
632
637
640
662
667
649
649
656
660
649
652
651
661
665
654
679
666
675
678
678
686
681
692
673
693
697
677
703
672
713
707
703
709
694
717
742
738
701
734
750
728
758
765
775
769
775
796
779
795
819
818
808
811
805
843
847
805
844
846
838
880
872
892
898
874
890
935
937
949
937
925
909
960
961
950
1002
1015
1011
988
1019
1035
1086
1060
1066
1053
1073
1126
1079
1117
1191
1133
1155
1176
1204
1158
1246
1225
1277
1307
1301
1306
1319
1314
1351
1337
1401
1386
1391
1527
1456
1501
1526
1585
1570
1506
1566
1569
1605
1635
1602
1661
1648
1746
1721
1762
1775
1859
1855
1816
1960
1949
2004
1979
2044
2104
2055
2098
2133
2151
2113
2200
2159
2246
2268
2322
2350
2405
2524
2415
2504
2512
2551
2557
2530
2652
2674
2771
2816
2865
2779
2766
2839
2899
2991
2949
2991
3025
3033
3063
3161
3219
3292
3321
3326
3466
3570
3431
3581
3473
3481
3558
3507
3416
3620
3577
3709
3652
3709
3829
3708
3834
3801
3911
3945
3991
4011
3942
3911
3982
4015
3960
4076
3985
4103
4046
4027
4031
4043
4060
3987
4110
3979
4062
4250
4098
4020
4232
4110
4200
4108
4082
4185
4059
4169
4142
4069
4213
4137
4040
4071
4116
4043
4010
4095
4171
4222
4130
4013
4059
4027
4052
4003
4050
4114
4044
4012
4037
3970
3838
3972
3933
3970
3955
3972
3852
3875
3877
3887
3917
3872
3810
3670
3868
3872
3728
3738
3716
3793
3775
3631
3610
3711
3643
3633
3566
3422
3568
3435
3456
3581
3493
3432
3475
3438
3340
3429
3347
3271
3444
3450
3283
3355
3310
3178
3091
3272
3228
3292
3245
3155
3076
3135
3176
2968
2942
3027
3020
2952
2999
2906
2900
2962
2896
2879
2985
2995
2899
2849
2827
2788
2793
2846
2715
2640
2629
2669
2638
2690
2608
2571
2542
2446
2496
2594
2543
2373
2452
2544
2416
2266
2372
2335
2346
2347
2249
2397
2253
2195
2187
2187
2211
2109
2058
2106
2078
2043
2132
2097
2032
2115
2015
2000
1951
2083
1954
1932
1946
1912
1874
1903
1854
1811
1790
1829
1817
1740
1699
1737
1702
1754
1684
1693
1780
1666
1644
1529
1674
1633
1599
1592
1541
1511
1552
1483
1489
1500
1514
1488
1448
1380
1466
1403
1401
1413
1454
1376
1355
1319
1312
1342
1233
1271
1314
1252
1286
1325
1266
1217
1284
1242
1169
1219
1201
1193
1169
1188
1188
1157
1152
1135
1130
1154
1068
1103
1122
1052
1075
1076
1130
1039
1031
1068
1030
1007
1046
1005
1025
1069
992
1049
982
1010
1035
1011
956
994
1020
977
981
918
951
913
915
942
887
927
957
918
884
922
900
937
868
883
897
881
855
868
876
884
861
861
881
819
852
869
848
844
835
864
800
802
804
813
835
805
821
836
771
801
797
805
799
794
762
774
794
781
784
801
760
772
798
739
745
750
760
802
733
730
753
756
749
742
729
735
726
754
730
731
780
769
752
747
756
738
714
716
733
756
717
727
744
704
728
737
732
704
717
717
713
697
718
705
708
698
710
739
701
690
695
707
686
703
702
698
702
669
692
688
696
699
664
689
683
686
694
693
669
664
678
681
687
680
663
662
669
654
658
678
666
681
663
667
673
682
657
668
667
659
644
666
664
663
665
680
641
653
670
645
645
639
672
641
656
657
646
671
655
628
639
662
646
629
654
647
640
659
638
634
665
630
631
664
639
630
640
642
647
635
623
643
650
629
628
629
639
627
620
649
640
630
649
648
631
634
626
628
638
628
633
634
634
620
622
631
624
633
630
629
630
628
614
625
623
622
625
627
627
631
622
622
625
629
622
634
620
625
632
616
626
623
627
624
619
625
628
626
639
613
625
623
619
613
631
615
623
621
615
621
613
620
631
636
615
610
610
623
618
625
609
612
617
617
618
627
604
614
619
612
615
612
609
619
603
612
607
610
613
612
606
615
611
613
609
617
622
613
607
615
597
602
610
611
614
608
608
612
604
621
601
615
605
622
606
606
602
609
602
614
614
617
607
596
612
608
609
607
606
609
611
598
609
607
602
605
600
606
605
603
613
607
603
590
595
603
605
604
598
603
606
608
611
604
611
612
607
605
599
601
602
599
601
607
593
605
603
607
592
600
618
600
612
614
610
610
609
601
608
603
602
600
601
597
603
602
599
597
604
607
613
602
603
602
597
603
597
599
605
600
600
606
603
601
601
609
601
600
601
595
597
597
601
605
599
606
613
604
606
603
606
605
596
604
606
596
595
599
604
603
608
600
600
602
610
607
606
602
598
604
597
606
600
604
615
600
604
619
602
609
598
602
613
603
607
601
598
600
607
595
601
605
613
608
602
601
601
604
594
603
610
603
601
