607
608
600
607
615
604
609
605
599
607
608
605
609
604
605
598
597
612
600
613
603
608
608
611
599
613
616
624
619
620
615
627
607
613
612
617
609
612
612
608
607
602
609
613
612
615
614
613
620
613
605
601
605
613
610
609
612
608
610
596
611
598
600
608
604
593
607
608
610
605
606
603
605
602
601
598
603
608
601
598
608
598
604
602
613
602
597
608
606
605
601
597
614
612
609
604
612
597
605
599
611
614
603
598
604
603
604
595
606
599
615
602
603
601
608
612
597
613
605
592
612
607
609
597
608
600
610
599
603
596
600
597
598
601
603
594
604
605
603
605
598
599
598
612
591
602
602
597
609
604
601
603
591
604
610
607
598
609
598
605
605
611
599
595
599
602
593
598
602
601
598
610
604
599
601
601
610
608
612
596
605
611
599
604
602
602
604
598
603
606
601
601
594
602
601
599
600
608
601
601
598
607
610
608
606
611
608
606
603
604
598
605
611
608
608
607
601
604
607
601
602
603
597
593
606
602
600
593
605
606
598
594
603
603
600
600
604
597
597
607
596
606
602
599
609
599
598
610
600
605
603
599
604
608
594
598
596
598
605
603
604
605
606
603
604
604
605
599
604
606
605
607
615
605
595
604
606
612
606
608
605
603
598
599
601
604
606
601
597
597
606
596
597
606
600
603
615
598
613
606
613
604
607
606
609
606
607
607
594
601
601
605
609
608
613
607
614
606
607
603
607
612
606
614
617
603
610
608
597
611
601
602
621
603
605
602
616
610
612
603
619
618
618
620
602
616
620
621
607
612
613
618
614
625
615
612
617
615
620
618
613
622
625
621
619
620
635
627
627
623
624
628
630
628
632
628
619
634
634
629
620
624
637
627
627
633
640
636
637
637
642
653
661
642
647
643
640
626
658
661
661
657
650
638
667
650
653
662
671
666
670
675
671
675
681
695
669
679
687
686
655
694
682
703
697
719
749
717
691
735
723
735
723
715
758
749
752
783
779
737
796
809
791
788
793
795
773
817
850
843
807
827
835
831
870
841
870
884
910
948
915
926
921
955
916
924
956
994
955
985
1001
1016
988
1061
1028
1051
1061
1043
1112
1149
1136
1162
1190
1187
1208
1224
1183
1232
1232
1325
1257
1365
1301
1342
1415
1396
1404
1459
1496
1516
1539
1560
1592
1535
1588
1673
1654
1608
1623
1671
1725
1742
1787
1804
1816
1863
1878
1947
1928
1945
2005
2032
2007
2109
2123
2188
2133
2180
2292
2214
2289
2292
2449
2407
2588
2438
2648
2614
2693
2632
2797
2825
2907
2779
2922
3033
3039
3115
3140
3131
3172
3314
3298
3221
3330
3519
3484
3623
3615
3665
3615
3785
3909
3851
4032
4017
4025
4220
4193
4189
4348
4442
4451
4512
4432
4698
4676
4720
4910
4780
4916
4972
4964
5142
5260
5150
5361
5467
5377
5404
5525
5493
5747
5843
5893
5944
5953
6003
5970
6117
6034
6094
6068
6380
6204
6273
6485
6402
6421
6559
6490
6599
6808
6578
6733
7074
6777
6855
6792
6812
7062
6772
6643
6756
6851
6772
7021
7065
6873
6822
7038
6947
7067
7050
7071
7282
7192
7155
7168
7123
6981
7132
7107
7202
6981
7015
7277
7050
7080
6880
7008
6947
7003
7016
6845
7201
7027
7060
6985
7061
6938
7085
7041
7003
6942
6803
6854
6769
6698
6728
6720
6644
6737
6582
6774
6640
6615
6611
6494
6455
6554
6572
6481
6451
6442
6379
6456
6327
6307
6232
6260
6109
6196
6152
5915
6061
6084
5936
5934
5884
6033
5919
5779
5864
5765
5861
5817
5778
5880
5675
5624
5687
5501
5662
5596
5317
5380
5393
5392
5485
5197
5182
5183
5130
5257
5139
5114
5044
5066
4927
4788
4928
4872
4908
4908
4785
4896
4566
4523
4614
4616
4582
4485
4446
4407
4470
4255
4211
4214
4226
4188
4220
3957
4051
4175
3985
3959
4015
3983
3870
3752
3904
3765
3858
3726
3627
3531
3718
3559
3504
3558
3460
3471
3460
3339
3392
3424
3414
3338
3290
3221
3171
3252
3194
3080
3030
3008
2960
3067
2866
2932
2941
2768
2805
2675
2872
2828
2784
2678
2688
2614
2636
2484
2522
2588
2532
2452
2452
2404
2488
2399
2368
2325
2375
2336
2303
2260
2203
2152
2185
2100
2160
2198
2032
1989
2057
2000
2008
2006
1972
1867
1891
1927
1873
1944
1850
1808
1816
1765
1793
1777
1683
1676
1659
1684
1635
1693
1579
1608
1586
1537
1581
1619
1558
1597
1549
1550
1496
1485
1485
1467
1379
1466
1468
1356
1384
1422
1418
1406
1297
1375
1313
1321
1263
1357
1301
1277
1217
1257
1238
1210
1220
1244
1202
1194
1172
1146
1162
1195
1168
1143
1147
1066
1166
1119
1097
1097
1113
1065
1099
1065
1066
1080
1071
1040
1056
1065
1049
1009
1040
1014
1010
976
1004
988
1009
964
963
961
980
950
974
931
951
939
938
932
911
919
910
934
899
907
894
965
908
847
878
920
852
909
924
862
875
878
877
865
838
884
844
840
843
853
846
840
824
846
819
844
809
835
829
835
797
805
831
813
813
764
784
802
816
815
793
805
812
779
823
778
810
797
800
764
765
791
786
760
781
773
780
773
738
744
747
751
749
745
757
751
751
743
728
741
755
730
737
728
718
737
713
744
715
728
735
700
726
716
763
733
707
733
725
720
697
734
687
723
724
692
715
694
718
711
677
738
701
704
694
710
677
705
704
702
700
698
667
692
711
693
685
681
672
689
692
680
671
685
672
671
675
653
670
670
673
660
682
670
658
675
686
676
655
675
649
659
641
676
651
668
637
655
675
654
660
674
631
640
650
649
655
655
654
645
648
647
640
643
659
653
632
663
660
639
647
634
644
639
650
651
642
645
628
659
631
645
639
647
637
641
648
645
640
633
628
627
633
650
623
628
640
628
629
634
633
643
630
633
630
628
625
624
638
612
624
632
631
648
619
631
630
621
620
622
627
625
637
627
628
617
621
627
615
623
623
615
615
616
621
623
622
619
615
614
614
613
621
618
632
615
619
607
612
625
616
619
621
610
615
625
614
626
622
611
613
613
620
617
618
615
614
614
619
619
613
609
611
616
616
615
618
610
614
599
604
612
611
611
611
617
609
616
613
612
616
613
619
614
612
616
614
613
626
621
610
606
619
602
619
603
609
609
602
605
610
596
604
607
616
606
614
615
609
605
605
611
611
611
602
608
608
600
598
606
614
612
614
603
613
603
599
602
614
597
607
609
604
604
602
605
601
610
614
602
597
604
606
609
612
602
605
613
597
611
607
609
611
607
611
601
618
603
610
602
602
604
607
602
615
612
607
603
605
613
606
611
601
611
605
604
598
598
597
612
600
610
601
607
608
598
606
611
613
612
604
605
612
604
603
609
606
