605
618
606
620
598
594
604
604
607
602
609
602
611
608
608
599
608
604
606
605
613
596
610
608
602
613
607
629
623
618
616
617
628
598
618
609
602
609
610
606
606
613
622
609
614
616
620
613
602
619
596
613
600
604
604
603
599
601
605
596
597
604
605
598
599
605
610
599
601
594
610
600
591
601
605
606
603
603
610
600
605
601
604
601
595
611
603
606
600
604
601
605
601
604
603
598
603
612
605
606
615
605
602
611
605
605
602
592
604
607
602
602
596
596
598
595
595
603
610
607
602
600
606
618
598
609
602
596
602
598
599
606
596
611
611
603
612
609
596
603
599
601
602
603
602
603
604
609
615
602
607
604
603
607
609
605
610
607
603
596
611
599
603
601
602
602
603
599
606
603
598
603
603
594
601
600
595
599
612
598
605
602
604
606
610
603
598
608
606
595
595
605
607
594
605
601
603
610
601
599
601
607
603
603
600
604
600
605
603
602
606
602
608
609
605
596
605
600
597
603
605
608
612
601
606
611
596
596
600
596
600
602
604
605
609
605
598
600
594
606
601
604
596
600
604
605
607
605
603
595
594
601
604
608
602
599
610
604
607
605
602
606
597
603
605
611
611
609
602
596
609
605
605
606
607
606
609
601
602
603
595
603
609
599
607
603
604
608
607
604
604
607
603
606
607
606
605
606
602
596
599
596
613
609
611
606
614
611
601
617
611
607
621
613
610
610
617
616
613
613
611
619
620
609
619
620
614
615
603
617
614
611
605
597
609
609
609
606
617
616
600
615
615
611
619
618
601
614
606
614
611
616
619
618
611
615
621
611
628
623
631
616
623
622
633
623
623
620
638
636
636
627
615
640
631
620
623
633
639
646
640
630
641
645
645
646
644
627
634
646
647
663
658
648
672
656
664
646
642
646
676
664
680
675
678
666
686
684
683
664
668
675
686
675
730
680
711
710
703
715
724
713
731
730
769
688
748
744
743
745
761
775
778
769
794
808
814
810
806
830
821
791
866
816
826
845
863
866
895
877
940
892
958
913
917
926
980
946
976
1017
1025
1019
1016
1013
1044
1023
1055
1108
1095
1136
1103
1149
1140
1116
1189
1214
1181
1240
1268
1256
1344
1289
1291
1283
1351
1395
1401
1428
1406
1495
1468
1509
1556
1605
1583
1606
1566
1630
1658
1712
1752
1782
1874
1776
1831
1979
1920
1888
1904
1941
1903
2093
2090
2107
2121
2154
2202
2213
2270
2415
2369
2392
2369
2544
2620
2566
2631
2671
2734
2815
2723
2912
2750
2994
3049
3000
3000
3129
3231
3294
3327
3241
3518
3490
3539
3620
3645
3790
3814
3859
3891
3917
4115
4072
4180
4143
4346
4237
4526
4629
4424
4500
4794
4698
5011
5053
4926
5070
5155
5331
5366
5203
5463
5558
5547
5797
5783
5760
5900
5901
5961
5963
5957
6166
6327
6414
6507
6541
6635
6721
6747
7024
7005
7030
7153
7215
7172
7455
7343
7480
7442
7647
7686
7749
7699
7727
7965
7934
8031
8142
8146
8227
8223
8285
8245
8153
8383
8472
8366
8347
8442
8508
8459
8456
8643
8500
8558
8598
8671
8710
8576
8658
8791
8809
8746
8826
8846
8816
8877
8765
8791
8921
8741
8840
8881
8943
8878
8805
8765
8971
8848
8754
8869
8809
8686
8723
9019
8719
8798
8635
8594
8495
8773
8410
8433
8502
8355
8595
8387
8413
8310
8308
8359
8320
8112
8298
8271
8419
8167
8356
8073
8091
8086
8218
8205
8063
7951
7898
7908
7894
7753
7849
7691
7740
7526
7451
7579
7588
7333
7518
7437
7400
7339
7420
7332
7329
7283
7192
7053
7166
7056
7089
6974
6911
7212
6909
6785
6745
6678
6564
6599
6582
6418
6414
6321
6356
6489
6257
6221
6326
6280
6165
6111
5933
5981
6007
6017
5783
5782
5781
5581
5456
5694
5361
5513
5458
5439
5408
5267
5223
5235
5116
5266
5174
5005
4916
4927
5000
4803
4897
4731
4689
4817
4711
4750
4630
4593
4357
4258
4436
4399
4463
4337
4355
4170
4163
4188
3962
4146
3973
4024
3886
3968
3839
3846
3747
3687
3757
3714
3696
3589
3492
3560
3516
3414
3476
3492
3331
3300
3318
3193
3205
3148
3164
3156
3100
3043
2994
3015
2886
2914
2918
2875
2832
2729
2670
2719
2661
2622
2637
2576
2529
2510
2464
2499
2395
2415
2317
2402
2353
2387
2368
2254
2176
2298
2221
2221
2176
2192
2145
2166
2041
2061
2004
2076
2004
1888
1927
1901
1897
1940
1863
1836
1827
1771
1810
1760
1760
1759
1699
1698
1726
1715
1695
1700
1630
1651
1638
1606
1560
1596
1538
1537
1439
1543
1477
1486
1458
1497
1470
1436
1465
1393
1398
1359
1342
1362
1321
1340
1305
1355
1355
1272
1254
1285
1235
1295
1257
1240
1241
1247
1186
1225
1172
1178
1176
1144
1157
1108
1133
1103
1146
1112
1087
1094
1132
1123
1143
1087
1091
1100
1053
1045
1089
1064
1044
1040
1041
1046
968
1015
1021
1028
980
971
1033
964
934
930
940
934
965
977
930
944
937
920
941
938
909
919
922
896
891
918
905
902
895
878
889
855
912
868
892
871
837
886
849
846
875
860
863
874
844
856
818
819
856
829
876
838
839
809
832
815
814
783
813
794
826
819
825
791
761
809
807
785
801
775
768
789
777
791
790
764
766
754
748
765
774
752
764
777
768
789
769
744
727
735
737
733
737
721
749
730
724
716
746
713
745
742
717
725
709
730
709
729
715
729
723
737
724
720
717
720
732
715
724
721
709
673
718
691
711
700
674
709
699
698
708
696
707
710
706
690
691
694
666
671
675
675
666
686
684
689
683
678
678
688
665
672
691
671
683
666
672
666
695
688
693
683
677
673
640
661
670
668
647
658
652
641
663
667
669
661
655
654
661
666
666
659
657
646
664
663
652
640
663
658
660
645
639
658
639
653
656
636
638
647
634
629
641
652
658
636
640
640
650
626
639
634
635
643
639
630
614
632
636
626
642
643
635
631
632
645
627
623
628
649
629
619
631
618
626
637
630
619
635
634
630
622
622
638
644
632
627
623
626
618
617
617
617
620
621
627
617
632
613
628
623
625
616
620
618
621
622
617
621
605
621
633
609
622
615
627
625
630
608
619
614
611
621
612
604
610
612
612
610
613
610
626
599
618
616
614
612
614
601
615
621
616
613
602
613
617
610
610
624
619
609
614
604
624
618
610
605
611
613
616
607
605
605
609
615
610
601
600
605
601
605
622
603
613
606
610
612
603
601
607
614
606
610
607
606
626
606
617
603
619
612
609
622
614
608
608
604
609
604
609
607
616
604
612
614
609
611
603
606
604
613
611
605
609
592
614
611
607
614
610
605
612
614
601
602
600
600
607
598
606
612
611
605
612
606
601
602
607
618
602
604
605
601
601
595
596
610
601
603
596
599
