601
607
603
606
613
612
598
613
608
613
608
610
599
601
604
600
606
611
601
603
597
608
602
608
606
605
622
617
613
617
624
629
613
609
610
608
609
607
610
610
611
621
613
598
608
616
609
620
621
606
608
601
615
599
606
602
604
604
601
601
610
603
610
603
605
606
613
599
600
597
606
598
595
598
598
606
617
605
604
598
599
595
600
593
601
601
596
605
609
588
612
610
607
610
601
605
602
612
606
603
600
608
601
605
609
604
601
613
603
601
605
597
611
599
603
604
604
598
602
601
601
598
622
599
602
610
610
614
597
608
600
607
591
607
599
604
606
598
606
598
606
606
593
603
605
604
605
605
599
604
604
596
594
601
590
604
608
600
607
601
605
606
603
604
603
593
599
605
601
604
609
603
608
597
606
603
593
609
606
595
602
601
604
604
604
602
604
607
593
602
597
604
601
607
610
601
605
610
608
594
612
596
600
599
610
601
601
602
606
602
602
605
606
599
596
604
598
598
604
604
600
606
607
609
602
605
607
601
608
599
596
607
604
599
601
605
597
609
603
608
601
597
604
604
598
604
612
604
604
604
595
608
601
603
611
601
610
613
604
604
610
614
608
607
602
596
606
598
607
596
604
597
595
610
610
607
599
600
603
598
599
606
607
605
597
600
611
608
604
611
608
605
600
602
605
606
602
600
602
605
614
619
609
597
606
615
609
613
602
612
597
607
607
603
602
603
609
605
597
612
603
612
613
617
598
607
607
613
608
603
630
609
616
605
614
597
616
609
614
614
612
620
616
611
621
612
607
613
608
620
618
623
627
604
620
612
608
619
616
621
622
618
608
633
617
628
609
615
622
625
619
625
628
630
630
618
615
624
634
633
635
629
635
628
645
651
635
644
650
646
640
648
648
654
650
627
655
658
653
645
649
640
656
652
660
672
674
684
675
670
684
673
683
695
689
691
667
714
669
709
682
708
719
707
715
715
723
735
740
711
721
732
745
742
744
760
735
766
767
785
761
766
754
767
799
810
827
831
812
825
801
814
857
862
882
838
883
900
898
880
903
906
949
978
949
987
968
966
965
977
1029
1044
1037
1031
1128
1069
1080
1082
1134
1122
1112
1152
1226
1164
1189
1210
1219
1337
1216
1265
1303
1319
1360
1389
1360
1448
1360
1506
1496
1448
1497
1544
1535
1564
1552
1585
1749
1651
1712
1758
1761
1762
1794
1834
1866
1900
1986
1924
1947
1928
2053
2014
2113
2084
2263
2135
2179
2273
2367
2284
2358
2407
2465
2472
2457
2471
2566
2588
2637
2742
2823
2859
2875
3008
2970
3029
3152
3143
3139
3183
3171
3282
3361
3304
3429
3357
3529
3559
3738
3626
3802
3912
3891
4067
4032
4221
4186
4273
4224
4493
4311
4402
4500
4515
4595
4528
4618
4739
4839
4862
4888
5193
5213
5188
5195
5305
5341
5331
5713
5586
5649
5617
5735
5781
5892
5941
5922
5966
6146
6107
6235
6045
6218
6354
6342
6302
6239
6550
6439
6563
6647
6760
6764
6874
6724
6800
6929
6836
6908
6862
7011
6932
7108
6902
6969
7071
7112
7159
7060
7050
7196
7249
7331
7308
7271
7327
7243
7268
7481
7265
7273
7044
7285
7213
7307
7334
7344
7306
7345
7457
7311
7419
7227
7051
7117
7162
7356
7225
7118
7252
7174
7244
7112
7281
7104
7081
7157
7129
7153
7019
6932
7033
6999
7003
6847
6908
6948
6807
6901
6931
6779
6773
6764
6665
6735
6689
6775
6642
6484
6471
6577
6486
6431
6410
6428
6346
6450
6360
6294
6413
6396
6149
6159
6236
6168
6162
6327
6150
6042
6046
5977
5967
5933
5863
5970
5853
5763
5608
5759
5587
5558
5537
5570
5410
5364
5376
5305
5433
5384
5386
5320
5323
5219
5333
4992
5160
5063
5032
5077
5003
4971
4840
4915
4782
4621
4630
4654
4592
4629
4473
4547
4439
4426
4424
4326
4383
4327
4261
4256
4151
4199
4291
4098
3986
3991
4119
4017
3899
3933
3688
3843
3759
3772
3809
3596
3696
3718
3600
3693
3537
3532
3515
3482
3436
3530
3316
3346
3333
3353
3199
3156
3145
3174
3096
3149
3032
3027
2937
2947
2976
2824
2915
2789
2835
2681
2804
2638
2756
2629
2595
2640
2646
2541
2520
2519
2489
2362
2376
2361
2369
2330
2296
2257
2293
2149
2246
2169
2112
1998
2137
2135
2081
2056
2069
2071
2063
1951
2003
1970
1867
1943
1911
1949
1847
1835
1718
1783
1809
1751
1699
1759
1667
1650
1763
1671
1639
1648
1667
1662
1551
1515
1576
1546
1573
1543
1547
1485
1522
1476
1443
1410
1486
1412
1367
1386
1329
1403
1339
1373
1405
1363
1327
1264
1324
1282
1305
1270
1236
1219
1254
1214
1251
1214
1254
1227
1226
1176
1223
1189
1095
1116
1112
1120
1102
1150
1053
1067
1085
1120
1038
1046
1090
1069
1057
1084
1025
1004
1037
998
1027
1011
984
1006
973
970
983
990
945
936
906
936
905
944
925
950
957
950
937
892
906
925
904
903
899
906
906
917
882
832
914
875
865
876
898
838
870
834
852
825
842
822
804
820
829
806
866
803
818
814
843
839
820
800
791
811
807
798
797
803
779
813
789
786
778
797
781
785
791
761
782
748
752
759
726
783
746
751
731
752
761
763
763
765
738
725
772
742
751
738
730
718
735
710
726
747
704
717
723
724
713
703
726
736
723
704
693
703
709
713
718
708
687
690
713
709
697
714
704
691
698
689
684
680
683
714
676
698
701
699
682
689
674
668
683
663
673
682
692
700
669
689
665
664
678
672
684
670
680
671
673
666
662
660
669
668
668
681
664
649
642
655
656
652
645
679
648
654
666
659
671
633
652
668
652
656
656
662
657
646
645
646
656
636
645
651
640
638
656
654
647
657
645
638
640
650
641
643
636
637
640
648
650
642
630
635
656
633
625
644
644
636
632
645
632
640
621
635
624
638
628
625
641
635
635
620
627
632
625
618
636
636
637
625
632
634
629
630
624
625
624
609
619
623
631
630
626
618
641
623
615
612
612
609
609
611
616
627
618
626
604
620
624
623
624
621
616
629
627
630
618
616
631
615
607
623
619
625
626
614
628
622
619
620
625
614
618
623
603
608
605
607
614
629
611
602
615
619
608
612
614
617
619
618
618
603
596
599
620
613
610
619
608
621
603
610
607
613
612
605
610
614
606
611
608
614
607
612
604
610
612
600
605
603
611
602
601
615
606
609
608
607
603
607
611
605
605
626
613
599
613
605
605
605
608
619
610
610
619
614
607
615
610
594
608
603
606
606
601
607
607
602
603
611
603
616
612
598
599
611
607
593
610
598
608
607
606
613
606
601
610
607
609
612
603
598
601
600
596
596
605
606
604
605
612
607
608
616
608
608
610
608
604
616
596
615
603
602
607
604
597
