615
611
608
611
606
617
605
604
604
607
604
598
606
608
606
609
606
595
608
608
602
599
611
607
613
616
616
614
630
618
623
617
610
616
606
603
603
601
607
608
606
601
601
613
607
614
624
607
610
601
610
609
605
612
605
609
605
602
597
600
606
598
606
607
600
610
600
608
602
603
603
602
602
600
598
605
592
600
605
601
608
599
608
596
601
598
605
604
604
607
608
594
603
604
597
610
605
609
606
605
605
602
610
602
613
610
605
600
588
604
604
598
603
603
609
601
600
603
597
602
595
606
600
604
605
594
604
597
608
603
607
606
597
599
604
609
605
613
595
606
607
601
601
607
607
605
598
599
602
603
616
590
602
603
603
594
599
597
606
606
605
603
603
609
603
606
595
606
603
607
614
597
614
603
602
605
602
602
602
602
597
602
597
598
603
599
604
600
601
602
600
606
603
606
598
605
594
602
608
594
607
600
607
604
601
601
612
601
602
613
603
597
604
613
604
605
597
604
606
602
594
597
600
608
600
606
612
610
600
594
606
607
602
599
605
598
596
601
599
602
605
599
602
602
604
599
606
600
612
595
603
603
613
602
605
611
610
602
605
607
604
601
605
594
601
606
606
598
603
595
601
597
605
602
607
600
607
597
598
612
604
604
608
601
602
602
607
601
610
600
612
605
602
611
603
599
609
605
607
611
610
612
614
605
598
614
628
617
622
613
612
610
598
613
609
605
599
611
610
606
606
608
618
619
611
614
614
607
603
607
616
617
611
617
619
624
615
609
611
624
616
613
630
617
609
622
620
605
625
620
620
616
612
627
621
631
642
625
629
609
621
626
618
639
627
628
630
644
640
621
635
630
632
624
642
633
629
652
625
631
635
630
645
638
648
671
645
638
657
654
664
645
674
674
663
647
674
653
671
669
664
679
684
666
671
691
685
668
696
684
693
721
702
716
711
728
702
716
715
751
741
739
761
725
735
749
743
752
761
768
773
769
794
786
786
820
817
803
815
839
820
869
837
829
877
880
888
891
881
885
934
922
922
910
922
948
941
1001
974
1028
1037
1020
1106
1070
1088
1099
1168
1098
1145
1177
1174
1227
1235
1238
1205
1283
1288
1318
1257
1392
1370
1402
1399
1416
1492
1447
1477
1595
1528
1529
1598
1532
1677
1606
1641
1704
1704
1745
1788
1773
1846
1854
1964
1919
1941
1999
2003
2002
2071
2084
2112
2145
2257
2275
2366
2430
2414
2400
2484
2536
2566
2673
2674
2671
2851
2768
2875
2855
2996
2987
2914
3011
3069
3110
3198
3295
3243
3410
3431
3742
3517
3569
3677
3817
3743
3968
3820
3892
4021
4172
4345
4413
4293
4289
4409
4608
4546
4723
4781
4782
5156
5026
5268
5096
5340
5192
5302
5540
5680
5745
5745
5832
5809
5958
5934
6114
6242
6148
6304
6381
6220
6523
6779
6879
6773
7074
7062
7093
7409
7373
7464
7668
7759
7649
7831
7780
7814
7937
8072
7953
8270
8127
8191
8210
8361
8386
8651
8474
8863
8588
8825
8776
8871
9028
8923
8895
9007
9079
9050
9128
8972
8931
9101
9249
8986
9371
9481
9506
9285
9321
9278
9195
9451
9543
9672
9593
9794
9521
9359
9719
9514
9773
9472
9739
9598
9653
9482
9532
9550
9598
9501
9409
9430
9734
9289
9777
9450
9407
9509
9560
9518
9442
9436
9481
9408
9228
9257
9158
9135
9056
9138
9123
9238
8944
8878
9023
9065
8985
8951
8925
8805
8764
8715
8771
8900
8606
8545
8593
8583
8869
8448
8461
8139
8400
8339
8253
8019
8021
8112
8185
8228
8106
7896
7972
7875
7846
7928
7790
7723
7598
7749
7528
7342
7511
7723
7436
7301
7344
7330
7157
7190
7105
6975
6986
7107
6854
6872
6821
6855
6819
6690
6604
6646
6523
6518
6495
6571
6333
6317
6354
6142
6170
5978
6179
5952
6050
6004
5945
5763
5677
5701
5778
5609
5494
5494
5498
5366
5520
5293
5408
5408
5195
5078
5032
5041
4976
4999
4866
4820
4845
4762
4760
4690
4790
4669
4492
4501
4512
4504
4208
4276
4352
4251
4286
4094
4226
4249
4072
3960
3989
3891
3826
3813
3772
3851
3705
3638
3558
3607
3639
3462
3494
3435
3421
3345
3361
3278
3317
3240
3264
3204
3138
3168
3168
3112
2931
2941
2935
2960
2763
2744
2824
2766
2684
2663
2619
2618
2571
2607
2539
2626
2420
2391
2371
2437
2300
2333
2370
2342
2329
2255
2104
2226
2080
2164
2097
2117
2041
2016
1932
1976
1985
1985
1891
1984
1902
1889
1921
1890
1845
1730
1887
1746
1734
1729
1788
1763
1711
1634
1749
1689
1651
1669
1515
1621
1641
1593
1539
1572
1532
1476
1556
1473
1454
1405
1479
1469
1401
1381
1404
1404
1417
1426
1333
1395
1307
1313
1344
1352
1265
1303
1268
1251
1178
1202
1188
1216
1227
1182
1173
1187
1200
1183
1182
1167
1166
1181
1111
1123
1180
1128
1106
1107
1074
1106
1083
1072
1137
1081
1084
1031
1052
1064
1035
1058
1016
1045
1031
973
1027
981
1024
1062
991
975
1035
1003
1001
983
947
942
974
960
963
959
929
918
944
925
964
901
935
929
869
900
886
893
921
887
883
867
912
863
848
888
875
884
852
850
847
833
814
830
842
847
832
851
804
823
819
807
840
814
843
805
804
840
808
812
805
811
784
792
831
796
790
794
836
801
784
786
774
754
797
767
772
778
794
759
784
749
775
811
761
769
765
764
715
760
742
733
753
757
761
712
717
734
718
732
725
740
724
747
729
738
705
713
718
702
740
712
697
696
684
688
717
703
696
723
687
694
689
762
692
682
703
711
679
713
705
683
678
707
701
701
678
700
700
666
682
672
695
682
689
691
684
676
677
675
670
678
672
665
689
684
676
669
686
686
668
685
695
671
652
661
667
654
657
673
689
655
656
652
638
667
657
663
655
664
641
641
656
657
645
646
650
651
655
653
648
647
631
652
642
648
650
647
654
663
653
662
657
648
641
627
639
646
629
659
648
650
624
630
641
643
634
626
631
622
631
637
624
630
625
629
630
639
619
632
630
638
618
642
609
621
612
628
628
629
614
625
619
628
624
623
620
613
628
613
622
632
633
621
619
622
629
618
612
627
618
610
621
623
613
607
610
624
620
621
621
623
613
626
612
622
614
601
606
632
613
622
610
614
621
618
623
620
616
632
611
624
620
616
619
603
612
612
623
615
615
619
607
603
627
616
616
617
616
611
618
605
615
610
611
603
604
615
606
606
604
617
612
614
611
609
603
616
602
602
612
613
620
608
615
611
613
602
613
609
606
609
606
614
621
606
603
607
615
601
607
593
604
607
614
610
596
598
606
612
606
604
615
602
616
601
613
609
601
599
610
598
604
603
603
597
610
604
606
618
611
605
600
603
610
603
601
610
608
602
603
600
607
601
607
607
607
609
609
600
605
