608
608
607
604
602
612
611
615
604
605
603
612
613
610
610
604
611
606
609
605
601
596
613
607
613
611
616
608
619
618
630
626
615
611
604
617
607
607
610
612
604
603
614
612
616
620
622
615
608
624
596
603
610
604
602
605
613
601
607
605
598
604
600
605
613
604
602
610
605
608
597
600
602
607
597
606
603
597
607
603
595
599
605
603
603
595
602
604
601
605
602
603
603
607
607
605
604
611
606
595
604
594
608
600
601
597
611
601
602
604
602
605
611
612
602
602
604
606
604
601
596
595
605
613
604
605
605
607
600
600
604
596
609
603
611
597
597
604
606
601
602
598
600
603
607
596
610
605
607
603
607
603
602
600
604
599
604
604
597
600
600
602
593
609
601
603
609
604
606
602
600
600
600
601
602
597
607
604
595
603
603
607
609
610
608
604
603
606
606
597
599
602
602
600
606
601
601
605
591
596
605
594
597
609
606
595
614
599
604
612
605
597
601
606
606
604
602
602
601
597
598
589
603
601
598
603
594
597
604
598
600
609
613
608
604
609
602
599
604
598
599
605
605
596
604
604
602
602
602
602
601
600
599
597
602
602
600
600
604
604
606
607
610
611
608
606
608
596
608
606
603
598
605
602
605
606
606
611
603
607
604
600
612
605
612
611
608
606
610
613
603
611
605
609
607
602
613
613
608
609
603
606
601
594
606
610
613
599
605
603
612
614
609
605
595
607
606
619
602
614
604
610
615
604
598
605
611
613
606
597
608
612
615
613
611
614
616
605
632
615
608
618
623
619
607
615
605
621
622
621
631
613
609
619
617
625
621
622
622
628
613
614
620
615
625
618
629
634
623
643
631
631
624
641
632
628
637
626
633
630
635
631
648
635
643
639
642
636
653
647
647
649
660
647
652
658
644
654
661
655
663
666
695
665
678
655
673
675
665
686
674
662
696
689
670
701
688
707
703
697
722
704
717
741
729
739
717
731
744
752
737
733
746
742
756
772
761
779
783
792
808
849
780
821
815
810
815
848
866
881
850
854
893
865
862
923
894
956
966
933
965
960
981
999
958
975
1004
1015
1041
1068
1078
1051
1133
1048
1120
1138
1157
1156
1167
1230
1238
1212
1235
1257
1265
1247
1286
1340
1339
1376
1350
1354
1390
1398
1450
1511
1494
1614
1520
1522
1579
1639
1628
1624
1781
1766
1722
1731
1853
1861
1908
1957
1925
2020
1967
2016
1998
2136
2137
2130
2225
2206
2214
2192
2318
2396
2432
2493
2497
2595
2535
2559
2582
2651
2726
2881
2825
2844
2914
3101
2986
3093
3105
3105
3327
3337
3283
3443
3466
3502
3571
3629
3657
3734
3727
3695
3822
4038
3960
4145
4122
4102
4410
4406
4436
4504
4493
4590
4703
4641
4702
4855
4911
4861
5109
5064
5095
5158
5279
5431
5523
5488
5520
5725
5787
5691
5806
5948
5907
6091
6218
6246
6362
6379
6473
6340
6468
6456
6697
6645
6546
6672
6708
6780
6840
6971
7129
7046
7128
7173
7410
7146
7355
7438
7468
7410
7414
7515
7790
7716
7642
7532
7393
7567
7708
7646
7687
7899
7621
7777
7749
7641
7887
7938
7895
7849
8062
8027
7961
8057
8129
8176
8002
8113
7816
8101
7884
7812
7921
8073
8113
7958
7847
7980
7958
8183
8111
7862
8121
7958
7899
8139
7994
7743
8043
7724
7666
7771
7627
7608
7703
7663
7653
7541
7657
7549
7616
7669
7626
7406
7392
7567
7411
7478
7500
7367
7578
7146
7169
7271
7102
7245
7099
7085
7111
7050
6876
6911
6851
6822
6687
6872
6910
6826
6811
6676
6724
6580
6559
6600
6622
6773
6477
6495
6386
6325
6287
6204
6383
6201
6075
6243
6052
5732
6049
6073
5880
6058
5848
5796
5859
5850
5716
5601
5531
5674
5670
5683
5469
5393
5315
5278
5298
5332
5214
5091
5249
5158
4974
4984
5050
4860
5030
4853
4804
4814
4821
4630
4788
4630
4635
4571
4612
4454
4391
4431
4395
4189
4298
4313
4087
4044
4136
4124
4081
4030
3975
4074
3862
3863
3916
3796
3859
3781
3758
3753
3573
3584
3499
3551
3477
3520
3398
3256
3507
3271
3286
3231
3165
3132
3093
3017
3069
2991
3042
2910
2982
2851
2882
2955
2833
2847
2831
2819
2691
2641
2595
2615
2616
2598
2509
2470
2453
2421
2449
2401
2356
2419
2430
2274
2322
2316
2265
2175
2151
2115
2096
2172
1997
2136
2037
2019
2058
1920
1990
1987
1918
1955
1939
1917
1828
1826
1812
1813
1771
1769
1808
1783
1628
1674
1683
1695
1677
1640
1616
1590
1539
1574
1564
1587
1532
1493
1498
1532
1424
1444
1408
1463
1442
1405
1390
1409
1392
1387
1389
1339
1289
1346
1287
1336
1244
1247
1328
1254
1285
1270
1316
1263
1194
1208
1179
1183
1211
1182
1148
1192
1174
1130
1129
1095
1137
1100
1113
1127
1115
1133
1111
1090
1074
1061
1081
1055
1029
1034
988
1033
995
1019
1025
951
960
959
973
966
950
942
950
974
929
928
986
904
922
912
926
895
937
926
928
954
863
905
923
873
878
891
876
875
852
885
871
868
859
843
881
873
848
844
848
853
832
844
833
811
859
815
779
767
817
814
826
837
844
783
817
803
799
788
787
761
806
759
778
765
778
768
737
788
768
775
792
812
743
760
789
759
765
719
788
719
740
743
739
745
728
747
758
765
737
704
752
718
733
749
728
724
715
734
730
717
718
738
734
714
717
721
707
704
724
703
707
732
728
695
712
728
694
696
708
707
702
717
724
688
684
699
674
685
683
688
670
704
676
668
674
685
671
677
664
669
666
667
671
667
662
675
662
676
658
671
678
659
674
673
679
666
658
663
658
655
645
664
654
659
648
654
646
645
646
647
664
644
634
658
653
679
648
636
636
658
650
661
653
645
637
642
656
656
644
661
623
650
649
655
644
640
631
629
642
654
645
619
640
646
627
643
632
655
648
646
627
636
638
619
656
644
626
644
634
635
630
633
632
632
627
636
644
626
632
646
627
631
619
638
622
629
636
639
628
639
625
624
619
625
624
613
627
630
614
619
618
627
623
620
613
615
620
626
613
628
613
623
625
612
619
621
617
624
626
623
620
615
612
621
623
609
603
615
617
616
612
615
615
612
618
608
617
612
615
612
612
606
606
606
607
616
613
630
611
612
618
620
608
600
620
615
614
626
605
622
614
614
614
603
609
603
617
614
611
609
603
615
605
620
607
615
606
605
607
607
595
609
611
610
618
608
609
619
612
609
614
609
597
618
604
617
598
606
615
610
609
608
606
607
606
603
610
610
612
611
604
613
600
600
612
617
597
613
604
604
602
606
602
601
601
608
600
622
605
611
600
606
600
601
604
608
606
607
612
597
605
606
600
608
609
607
606
602
604
605
603
598
599
601
604
601
608
605
606
605
