603
602
610
602
609
610
605
601
603
611
603
604
612
606
604
601
597
610
602
608
609
611
620
620
606
610
615
613
625
627
621
607
606
620
613
601
615
600
608
615
615
617
604
612
620
601
620
612
607
603
610
617
605
607
605
605
603
602
602
606
603
591
603
612
609
601
598
601
601
596
597
608
608
602
602
609
603
607
607
602
606
606
600
595
606
606
608
604
601
603
603
607
607
603
597
609
609
596
600
604
601
601
597
596
598
589
601
600
601
603
611
598
601
608
599
597
604
611
600
603
604
607
598
597
605
597
608
613
605
600
604
605
607
604
602
609
601
604
603
603
607
604
597
601
605
602
601
606
598
605
603
607
604
603
604
607
602
600
611
596
609
603
607
606
598
602
604
605
599
601
603
605
607
606
596
598
600
602
605
598
606
604
604
596
598
606
607
601
594
603
591
601
611
603
603
604
606
604
599
598
600
607
609
609
603
604
606
600
605
604
609
600
596
606
598
602
605
610
607
592
600
605
603
602
607
607
614
598
605
605
603
602
610
596
599
611
607
609
604
603
608
602
601
595
602
606
593
594
598
597
602
599
600
601
609
598
598
600
604
604
601
606
601
614
607
620
607
595
607
609
613
608
610
603
594
609
613
605
604
611
613
607
597
617
610
610
611
606
610
597
609
603
608
603
607
611
603
610
606
605
616
602
605
608
606
620
608
607
603
603
607
610
611
599
611
611
614
601
598
612
601
619
612
614
609
606
612
605
621
609
618
608
625
613
615
615
618
620
615
611
615
624
615
612
621
616
622
625
619
625
637
621
605
617
628
623
621
632
618
623
616
612
638
607
621
619
627
641
639
634
641
631
631
646
635
641
645
633
653
653
646
646
655
658
668
636
629
649
648
669
664
633
639
663
671
660
665
672
654
665
671
657
689
671
677
684
687
688
679
690
693
714
716
690
709
708
733
762
723
695
739
734
728
762
726
783
739
765
757
781
746
777
802
785
786
810
832
828
810
805
824
849
816
862
845
836
906
861
940
900
919
924
974
921
951
985
961
1004
1022
1014
995
1076
1039
1081
1058
1070
1094
1093
1130
1122
1190
1175
1185
1211
1212
1224
1276
1262
1296
1305
1262
1397
1375
1396
1427
1499
1434
1462
1484
1490
1546
1605
1661
1660
1657
1689
1689
1672
1812
1704
1886
1897
1829
1940
2035
1936
2052
2067
2047
2144
2143
2065
2211
2246
2246
2315
2377
2439
2371
2514
2600
2539
2624
2655
2804
2711
2884
2908
2789
2824
2970
2989
2985
3136
3194
3134
3311
3329
3270
3395
3478
3590
3586
3745
3730
3906
3927
3948
4008
4096
3967
4284
4294
4350
4393
4351
4460
4529
4654
4878
4792
4760
5037
4986
5168
5263
5366
5385
5555
5580
5625
5733
5848
5868
5821
5876
6156
6181
6271
6243
6540
6466
6651
6744
6892
6728
6829
6916
7040
7314
7300
7410
7636
7512
7461
7506
7679
7632
7688
8004
7792
7917
8064
8177
8328
8356
8410
8512
8547
8442
8480
8485
8594
8765
8923
8791
8990
8868
8946
9143
8994
8977
8978
9062
9174
9211
9168
9246
9331
9343
9278
9487
9491
9353
9241
9654
9282
9495
9400
9597
9351
9549
9719
9540
9435
9611
9478
9448
9326
9519
9535
9594
9517
9424
9583
9507
9456
9532
9710
9682
9430
9488
9465
9439
9352
9375
9302
9187
9348
9504
9118
9158
9132
9060
8782
9053
9109
9064
8870
9106
8943
8996
8920
8878
8902
8937
8880
8880
8695
8601
8593
8481
8496
8539
8346
8443
8321
8083
8095
8302
8137
8212
8099
8158
8059
8019
8122
8071
8027
7723
7717
7740
7666
7683
7682
7515
7606
7377
7533
7532
7395
7245
7260
7221
7072
7210
7017
7089
6975
7035
6815
6897
6811
6777
6717
6529
6607
6725
6651
6506
6544
6252
6388
6314
6307
6260
6161
5945
6032
5943
5875
5803
5635
5812
5792
5700
5618
5544
5704
5563
5378
5511
5321
5356
5329
5147
5150
5098
4998
5098
4999
4771
4832
4694
4876
4746
4680
4678
4661
4594
4697
4545
4446
4571
4389
4335
4133
4202
4155
4143
4206
4063
4085
4178
3984
3763
4031
3919
3848
3595
3844
3756
3709
3626
3517
3624
3435
3491
3400
3334
3335
3315
3322
3256
3230
3190
3113
3058
3095
2959
2998
2983
2875
2802
2791
2823
2723
2757
2725
2718
2657
2651
2614
2580
2554
2543
2522
2473
2458
2410
2388
2325
2412
2351
2341
2279
2277
2233
2172
2165
2129
2159
2042
2049
2056
2086
2041
1998
1978
1965
2001
1882
1898
1939
1834
1847
1771
1800
1783
1714
1742
1721
1763
1718
1739
1675
1614
1615
1594
1589
1617
1605
1567
1552
1575
1522
1445
1542
1464
1433
1505
1406
1451
1431
1396
1347
1388
1410
1404
1355
1387
1332
1338
1310
1325
1303
1279
1226
1237
1251
1272
1248
1220
1205
1160
1199
1188
1154
1205
1121
1152
1185
1164
1092
1126
1162
1067
1139
1091
1098
1071
1107
1032
1032
1037
1047
1018
1068
1012
1034
1072
1015
996
1035
976
987
972
963
993
941
961
975
966
950
963
930
929
954
947
922
911
949
924
891
948
916
864
860
917
897
863
855
873
873
893
865
873
894
871
862
861
822
861
877
847
810
848
800
838
776
821
824
817
806
820
855
779
836
806
800
803
799
813
797
820
786
834
776
785
805
786
761
769
756
783
773
775
748
775
757
750
756
761
760
765
768
765
733
743
744
703
746
733
767
742
744
754
734
723
718
755
709
702
729
718
711
708
734
726
704
699
707
722
715
700
708
715
699
697
695
675
714
717
704
694
707
702
688
708
681
693
712
710
688
669
686
713
698
688
697
687
693
692
682
670
687
672
692
681
677
693
683
665
677
667
668
656
668
664
664
664
670
659
656
672
670
643
667
655
678
667
649
652
651
637
661
649
654
662
658
656
656
666
645
660
654
640
640
646
642
652
635
639
658
650
659
638
658
654
627
639
642
629
641
650
643
646
639
632
623
638
626
631
635
637
632
626
620
644
640
628
643
620
644
635
631
626
633
619
628
617
618
641
617
625
632
632
609
636
633
634
630
627
613
630
629
624
631
620
631
628
613
620
617
624
619
631
629
621
608
620
626
620
613
625
613
617
623
616
620
616
627
621
624
621
621
612
629
622
604
624
624
623
614
615
628
611
611
604
611
617
616
627
610
626
619
613
604
607
617
616
617
616
618
617
611
615
620
605
629
620
609
609
615
601
606
611
614
599
614
628
611
623
607
609
617
613
609
612
610
610
612
607
615
600
606
613
606
601
604
615
617
615
602
599
613
608
615
613
611
610
611
605
611
622
601
605
610
614
607
605
609
622
608
601
611
610
605
612
612
601
605
611
598
598
617
610
607
602
607
614
609
614
600
604
614
603
602
605
599
598
603
604
607
610
594
609
600
601
607
