604
607
601
609
601
611
606
607
607
606
602
598
602
599
609
600
600
603
602
603
605
608
608
613
615
602
607
622
620
629
632
620
627
613
614
602
618
604
609
605
607
608
619
604
610
626
616
617
598
604
606
611
605
603
609
609
592
604
596
605
603
605
603
604
598
609
601
602
599
604
605
607
603
604
604
604
596
602
599
594
613
606
599
609
605
604
610
603
603
613
612
600
614
603
608
605
606
605
605
595
600
607
607
598
605
590
614
602
605
606
593
612
603
599
606
596
603
612
603
602
607
602
606
610
619
605
606
602
602
608
610
604
600
601
599
594
602
603
596
600
606
602
599
599
595
603
602
605
611
602
602
611
598
594
607
608
606
592
598
605
602
597
590
600
600
604
601
609
601
593
593
605
605
609
597
599
603
611
601
602
598
611
607
603
602
610
599
607
602
606
601
604
604
603
609
602
605
597
595
606
608
596
603
604
612
607
605
597
603
600
602
614
598
602
607
603
612
605
600
614
603
603
597
600
597
594
603
610
601
607
593
602
607
610
600
606
609
605
605
609
608
609
605
611
606
613
612
613
606
611
604
597
607
611
605
604
607
605
604
612
611
603
603
599
601
598
610
612
614
606
608
606
602
605
608
602
607
601
603
601
611
604
614
614
614
618
609
599
604
605
609
602
602
610
597
603
612
605
607
616
614
617
602
623
612
606
607
607
614
620
613
605
615
614
622
619
627
615
611
616
605
612
616
620
623
619
625
628
612
623
621
625
628
614
639
622
617
625
624
634
626
638
630
626
626
624
624
633
625
626
632
627
627
631
630
650
626
641
640
642
647
636
649
635
638
652
655
648
634
653
656
653
662
659
636
682
665
669
671
658
667
656
661
663
655
667
682
669
686
678
690
700
694
690
727
696
689
714
699
691
702
706
722
706
728
738
719
730
751
739
735
743
739
766
793
747
764
793
797
801
786
831
808
817
819
830
862
848
894
863
903
855
866
879
899
940
901
940
913
941
968
971
982
1016
1030
1014
1031
1061
1089
1086
1060
1093
1139
1078
1143
1159
1166
1244
1239
1233
1230
1204
1285
1311
1334
1331
1325
1361
1393
1358
1451
1512
1524
1493
1549
1522
1611
1658
1625
1778
1725
1787
1815
1835
1828
1892
1907
2027
1977
2027
2056
2121
2213
2170
2277
2235
2322
2342
2324
2438
2506
2509
2478
2577
2609
2635
2662
2695
2810
2872
2904
2968
2997
3037
3176
3217
3176
3183
3286
3360
3414
3456
3539
3566
3670
3694
3830
3882
4020
4052
4044
4194
4258
4257
4295
4483
4401
4647
4710
4713
4890
4949
5099
5127
5170
5432
5427
5436
5533
5853
5685
5932
5980
6039
6123
6274
6380
6506
6641
6736
6805
7005
7232
7201
7288
7362
7417
7643
7895
7966
8172
8204
8197
8324
8447
8337
8790
8695
8717
9005
8973
9169
9287
9494
9598
9673
9934
9940
10088
10065
10231
10498
10597
10740
10787
11089
10841
11125
11019
11370
11289
11528
11395
11475
11746
11657
11808
12013
12148
12301
12424
12334
12680
12518
12824
12962
12853
12671
12723
12840
13071
13016
13153
13057
12889
13185
13096
13269
13183
13459
13483
13344
13552
13575
13632
13829
13813
13595
13949
13625
13512
13632
13795
13896
13626
13781
13764
13823
13622
13578
13520
13652
13938
13697
13818
13754
13810
13893
13738
13803
13795
13641
13620
13533
13623
13453
13293
13439
13479
13404
13258
13455
13138
13371
13274
13054
13292
13094
12972
13446
13036
12870
13067
13029
12994
12631
12700
12897
12576
12707
12771
12384
12564
12325
12103
12303
12135
12047
12186
12127
12195
12070
12006
12025
11749
11773
11582
11695
11728
11483
11212
11444
11416
11255
11139
10870
10858
10988
10936
10809
10735
10483
10547
10629
10472
10368
10307
10498
10178
10173
10179
10134
9912
10124
10007
9673
9752
9496
9566
9352
9142
9353
9084
9167
9018
9158
9048
8809
8679
8703
8650
8582
8499
8445
8453
8338
8269
8056
8076
8085
7874
8075
7826
7828
7702
7397
7502
7578
7437
7160
7338
7260
7128
7039
6979
6733
6943
6886
6639
6953
6739
6574
6584
6376
6283
6288
6325
6187
6080
6122
6107
5740
5851
5715
5709
5621
5584
5519
5622
5437
5342
5351
5190
5139
5055
5132
5071
5006
4983
4831
4829
4919
4593
4599
4509
4590
4484
4442
4480
4194
4219
4284
4168
4051
4055
4084
4026
3905
3949
3830
3787
3849
3720
3693
3727
3482
3542
3439
3384
3415
3362
3308
3308
3171
3329
3213
3071
3074
3022
2999
2927
3019
2878
2918
2931
2756
2784
2780
2719
2745
2690
2638
2676
2506
2668
2606
2480
2447
2471
2506
2384
2325
2364
2348
2288
2163
2264
2197
2116
2224
2200
2162
2189
2054
2035
2062
2095
1952
1952
1816
1959
1979
1908
1959
1977
1861
1889
1767
1806
1765
1733
1745
1765
1693
1628
1682
1609
1719
1621
1567
1561
1652
1592
1576
1482
1460
1509
1483
1524
1476
1475
1505
1448
1435
1356
1436
1415
1400
1362
1365
1467
1340
1321
1316
1333
1286
1328
1241
1249
1285
1246
1240
1278
1268
1257
1308
1207
1178
1214
1197
1165
1201
1159
1145
1170
1099
1118
1173
1122
1100
1147
1168
1104
1116
1117
1076
1089
1072
1038
1059
1079
1055
1002
1035
999
1050
1011
1060
1010
1041
1040
1000
1041
984
1008
960
1011
964
968
960
989
955
984
908
934
993
930
977
899
934
922
931
964
912
903
907
875
921
921
901
899
935
893
878
854
848
868
870
840
864
866
833
852
880
841
816
845
831
868
845
835
830
852
809
841
828
857
819
806
818
802
820
800
787
783
767
797
787
781
759
780
790
774
757
778
767
780
812
767
781
750
755
756
758
747
745
731
745
741
745
758
731
723
733
745
750
753
735
720
738
745
703
724
733
767
708
717
686
716
710
702
715
716
702
714
699
712
716
695
713
698
716
715
715
706
722
682
682
716
700
705
684
695
710
676
686
699
712
710
673
665
665
673
694
679
695
663
661
703
687
662
689
681
682
655
679
667
667
667
669
669
667
666
650
671
652
671
651
668
660
655
663
639
665
653
659
641
654
666
652
654
656
655
649
642
657
651
649
633
638
638
653
642
632
640
637
636
627
647
636
642
653
644
661
640
638
636
653
640
636
635
653
624
634
653
631
647
655
639
640
632
623
637
624
624
638
647
631
622
635
620
627
638
624
623
635
626
627
628
632
627
615
634
631
627
624
622
614
635
631
646
623
631
605
626
616
617
619
614
627
622
622
613
617
635
621
618
613
626
614
612
622
614
624
622
619
621
630
617
623
611
628
614
620
620
610
603
631
622
614
613
612
609
616
611
621
614
620
614
626
613
618
610
613
598
619
604
601
602
615
611
614
607
618
610
610
612
608
607
605
612
605
616
610
606
605
619
619
611
608
613
610
621
608
603
610
602
609
609
615
605
605
611
608
615
614
608
616
613
608
616
622
612
606
621
610
614
606
620
602
