603
605
611
602
605
607
595
605
604
602
610
602
607
600
600
610
612
616
609
601
609
610
609
617
618
616
613
619
627
619
611
608
617
631
619
613
600
599
610
605
601
604
625
598
611
621
613
621
621
613
612
606
606
602
603
604
600
604
612
613
601
602
612
608
611
611
606
602
606
605
611
604
604
601
611
594
613
605
601
607
599
597
600
603
610
602
595
604
605
604
600
611
616
604
612
607
610
604
602
601
597
603
605
607
616
615
615
615
600
605
610
605
621
596
605
605
608
600
609
601
595
608
606
603
602
603
604
603
613
610
607
609
603
609
605
600
612
605
609
606
597
603
611
611
609
600
597
606
610
604
593
611
611
598
603
606
598
603
608
613
607
612
610
598
604
613
600
607
600
608
607
604
606
609
606
595
601
599
611
604
605
604
600
604
609
610
602
600
602
607
606
608
613
600
606
604
605
598
612
609
602
606
607
609
610
602
599
601
611
622
611
599
611
598
608
594
613
602
599
609
607
609
603
610
608
603
605
597
602
604
592
601
607
598
602
611
604
609
615
600
600
609
607
601
606
603
602
600
605
606
606
611
598
603
600
606
604
613
608
607
607
605
610
607
610
603
615
600
610
602
602
617
605
606
618
615
609
606
606
619
616
605
614
601
597
618
597
594
605
612
616
611
605
619
620
622
607
611
606
609
620
603
608
609
618
611
617
617
606
611
614
622
614
620
618
618
622
621
626
633
626
621
617
616
619
620
633
627
629
613
621
623
619
628
630
617
622
621
626
618
632
633
623
641
627
616
636
631
613
642
641
638
637
635
636
635
639
644
644
630
634
650
646
635
645
653
650
650
650
653
662
654
673
659
655
659
656
663
652
679
669
667
662
690
684
684
695
690
692
711
673
690
679
698
688
710
709
722
715
697
712
731
722
729
739
726
744
754
743
752
743
746
757
787
755
781
789
778
817
823
809
822
834
845
839
853
861
863
883
910
885
932
905
902
909
896
932
919
994
969
991
962
1019
1037
980
1024
1061
1041
1069
1079
1092
1090
1125
1124
1158
1215
1233
1255
1254
1203
1312
1290
1358
1331
1397
1404
1429
1425
1420
1448
1452
1577
1570
1537
1565
1644
1720
1713
1761
1785
1731
1776
1898
1915
1985
1933
1931
2029
2064
1987
2122
2193
2219
2225
2272
2372
2438
2286
2454
2494
2571
2580
2664
2779
2748
2795
2778
2861
2953
3043
2926
3153
3117
3169
3173
3330
3251
3384
3504
3594
3640
3693
3824
3860
3804
3887
3987
4191
4041
4189
4172
4446
4373
4540
4644
4616
4836
4848
4978
5000
5150
5324
5452
5443
5609
5641
5747
5977
6028
5952
5975
6300
6189
6438
6398
6483
6734
6612
6915
6960
7083
7141
7456
7561
7591
7768
7899
8266
8170
8412
8326
8378
8715
8648
9018
9115
9135
9089
9489
9427
9578
9772
9591
10094
9911
10120
10503
10498
10705
11106
10800
11002
11563
11228
11345
11470
11431
11785
11620
12073
11876
12048
12041
12058
12499
12420
12701
12664
12964
12834
12970
12924
13201
13288
13369
13419
13753
13524
13561
13688
13326
13691
13566
13662
13728
13729
14157
14083
14084
13954
14193
14396
14290
14312
14565
14380
14514
14180
14236
14807
14416
14434
14541
14318
14624
14262
14328
14611
14545
14717
14400
14469
14664
14582
14124
14576
14215
14512
14677
14395
14329
14585
14234
14320
14436
14171
14162
14050
14258
14193
13975
13925
14034
13679
13765
13875
13661
13886
13744
13911
13776
13736
13630
13342
13388
13386
13471
13317
12972
13097
13026
13501
12877
13050
13178
12808
12752
12750
12471
12553
12526
12243
12420
12213
12543
12218
12321
12165
12297
12248
12027
12004
11713
11654
11640
11680
11390
11320
11611
11183
11281
11192
11138
11108
11087
10728
10909
10878
10634
10699
10799
10527
10470
10284
10123
10102
9884
10060
9992
10074
9485
9689
9315
9509
9565
9465
9422
9108
9159
9165
8921
9174
8743
8821
8722
8552
8607
8532
8487
8423
8289
8081
8071
8006
8084
8043
7783
7869
7705
7561
7494
7354
7379
7221
7314
7088
6978
7020
6822
6863
6893
6737
6727
6480
6624
6359
6561
6341
6430
6247
6070
6195
6034
5869
5877
5938
5945
5703
5564
5523
5389
5431
5565
5484
5457
5361
5243
5105
5166
5125
5015
4958
4810
4840
4747
4723
4611
4655
4400
4572
4416
4322
4345
4289
4319
4093
4060
3897
4042
3874
3986
3792
3805
3768
3574
3557
3689
3573
3479
3528
3583
3457
3340
3188
3297
3272
3211
3187
3085
3140
2944
2842
2954
2969
2960
2867
2860
2802
2735
2812
2790
2800
2649
2542
2535
2678
2558
2588
2514
2422
2454
2446
2391
2300
2393
2297
2215
2299
2275
2181
2137
2212
2153
2139
2081
2071
2051
2080
2039
1953
1997
1999
1972
1859
1892
1915
1848
1870
1806
1752
1791
1816
1779
1691
1738
1681
1773
1649
1713
1634
1604
1635
1563
1566
1573
1575
1512
1495
1511
1547
1541
1470
1466
1424
1417
1422
1454
1414
1432
1415
1417
1314
1352
1383
1404
1332
1328
1348
1285
1253
1273
1230
1272
1216
1254
1272
1207
1234
1261
1233
1263
1185
1142
1142
1209
1180
1150
1198
1156
1198
1115
1125
1121
1110
1125
1112
1069
1094
1074
1104
1089
1085
1091
1053
1054
1085
1037
1046
994
1046
1098
1019
992
990
1011
986
957
1019
979
930
965
970
932
931
935
959
972
963
981
942
937
947
965
947
895
930
932
878
921
918
890
898
894
892
910
889
890
872
865
845
843
903
840
860
845
850
811
862
837
842
826
834
834
830
834
851
840
823
853
866
815
829
795
839
839
788
779
782
811
812
797
781
784
784
809
775
766
762
776
807
777
768
791
785
792
777
751
739
781
723
759
733
738
761
738
764
744
736
746
741
743
731
736
725
749
722
739
744
723
736
704
732
729
728
707
718
707
732
715
721
715
706
704
703
696
732
695
699
732
707
682
718
705
695
707
694
678
696
690
697
700
702
685
686
699
688
686
670
691
675
701
700
670
673
673
670
668
668
679
659
657
652
682
662
686
646
655
648
662
661
662
676
658
657
645
667
662
642
676
665
634
641
650
658
646
652
642
655
652
645
645
647
632
647
639
638
651
649
651
678
655
681
642
655
630
631
650
630
630
639
638
636
646
639
637
629
630
644
640
632
652
632
616
638
640
623
637
633
635
634
647
644
631
630
635
622
638
631
618
623
633
624
622
629
628
635
636
623
633
625
615
620
627
626
628
629
639
615
624
619
633
618
620
627
615
627
633
620
633
626
627
615
613
609
612
613
618
609
620
616
614
615
614
615
626
611
626
622
608
620
617
614
616
615
616
619
604
631
611
614
617
618
613
624
613
612
613
618
611
621
607
620
607
612
610
600
618
609
611
611
616
623
613
608
611
610
614
611
606
605
601
609
607
617
619
610
620
612
611
607
603
611
615
605
611
616
609
612
613
609
615
609
612
608
607
596
622
601
597
606
