604
606
601
597
602
603
603
607
599
595
604
604
608
590
611
602
604
604
599
602
601
598
599
596
601
603
604
609
598
603
602
601
605
597
601
605
605
601
604
602
592
609
603
599
600
599
612
600
598
605
607
607
611
602
609
601
606
605
607
605
602
605
605
611
600
604
603
595
602
602
593
604
601
600
603
601
601
603
598
607
601
598
603
604
599
614
606
598
604
597
605
605
601
605
603
600
603
606
592
596
604
602
604
600
599
603
601
603
606
596
606
600
600
597
599
605
601
594
598
600
604
605
608
600
603
606
604
601
601
604
600
606
599
593
597
599
605
600
598
605
603
599
603
603
603
602
601
602
601
605
595
607
599
597
605
597
602
602
601
604
606
604
610
597
603
599
612
609
599
606
595
594
592
608
595
608
606
598
596
600
599
607
604
602
601
606
599
603
596
598
600
611
602
612
601
599
601
605
603
603
601
608
601
601
603
604
608
611
599
595
597
604
597
598
605
601
615
608
599
600
595
602
608
604
604
602
604
598
606
598
605
611
597
606
598
605
599
609
597
609
603
595
601
605
608
602
610
605
600
605
611
600
600
595
602
612
612
603
603
600
606
601
610
603
597
602
607
611
610
612
604
604
609
600
600
610
604
598
611
606
604
603
605
614
609
599
597
597
621
600
602
599
605
609
606
607
608
608
606
604
606
605
605
613
606
617
611
610
616
612
602
620
612
615
606
614
613
615
623
609
617
609
617
615
601
624
616
617
625
625
625
614
619
612
613
618
608
624
616
613
614
620
628
619
616
616
617
636
634
636
619
633
641
628
621
642
650
648
652
637
651
654
651
658
648
653
662
650
668
667
671
706
678
676
686
679
676
710
710
712
709
699
719
691
706
732
719
740
762
722
762
737
739
787
784
786
783
799
805
853
809
827
824
858
846
853
902
901
931
964
928
945
977
978
1046
994
1062
1064
1084
1094
1122
1127
1171
1163
1277
1237
1235
1297
1289
1388
1406
1425
1448
1519
1596
1570
1617
1657
1672
1748
1751
1826
1830
1906
1987
1897
2093
2027
2083
2116
2242
2318
2381
2362
2449
2513
2519
2629
2613
2674
2749
2848
2860
2942
3107
2995
3111
2980
3006
3206
3342
3120
3198
3239
3402
3360
3453
3493
3508
3514
3391
3576
3475
3623
3604
3429
3605
3469
3462
3429
3389
3582
3536
3495
3413
3526
3469
3423
3461
3387
3448
3369
3322
3364
3526
3304
3427
3407
3285
3235
3290
3150
3184
3081
3163
3010
3008
2952
2979
2968
2818
2861
2768
2706
2639
2605
2629
2576
2555
2530
2523
2477
2444
2372
2324
2398
2274
2224
2196
2280
2166
2180
2204
2203
2112
2078
2064
2028
2027
2049
2031
1946
1854
1915
1898
1870
1845
1832
1751
1709
1731
1789
1678
1770
1721
1780
1738
1733
1709
1658
1754
1623
1575
1557
1667
1610
1508
1603
1535
1490
1594
1507
1477
1468
1467
1390
1466
1477
1441
1429
1445
1380
1437
1453
1353
1366
1391
1347
1398
1331
1287
1372
1315
1301
1259
1220
1265
1259
1243
1274
1180
1216
1214
1177
1246
1196
1168
1186
1167
1129
1135
1125
1083
1127
1138
1055
1091
1047
1073
1068
1094
1063
1079
1064
1012
1068
1027
1021
1015
1064
1026
1022
1045
990
993
1026
989
989
965
988
978
948
981
940
911
923
910
941
933
950
946
884
913
903
866
871
860
893
853
874
873
888
820
826
864
852
848
871
847
822
808
835
837
821
832
842
845
841
788
803
846
770
791
788
808
783
796
781
753
788
818
770
744
784
759
776
769
741
762
748
777
741
730
739
747
750
745
732
714
744
733
773
756
728
760
735
724
699
739
727
718
723
740
722
736
701
702
699
728
714
709
704
698
696
709
716
690
698
689
685
689
690
702
688
692
692
695
679
694
690
666
695
693
673
709
694
687
674
676
708
666
688
667
684
660
667
681
680
669
675
684
654
672
653
662
661
678
664
661
668
678
673
660
651
659
649
646
669
647
657
667
671
654
664
653
653
662
661
663
653
669
662
653
643
648
645
654
642
633
649
630
647
644
662
649
637
634
643
657
658
667
634
632
632
641
662
627
625
648
625
640
632
637
631
636
634
625
644
632
624
637
632
625
637
627
653
620
636
636
627
625
633
626
630
631
633
627
624
644
629
624
621
649
623
623
635
621
627
623
615
620
628
619
619
619
617
624
628
626
621
636
615
628
625
613
612
623
617
625
633
629
618
631
629
623
609
623
619
604
635
624
628
632
618
624
611
622
611
616
607
613
621
623
628
611
620
623
607
623
613
614
605
619
613
618
620
611
629
611
620
600
599
611
615
615
613
617
620
611
617
612
616
616
625
606
622
619
612
624
610
603
617
627
620
614
608
626
613
610
613
612
619
605
613
600
618
609
611
612
609
623
610
609
613
605
600
605
605
604
603
613
608
617
599
611
616
614
606
608
606
605
612
609
602
613
622
613
604
617
611
606
598
604
610
608
612
615
612
605
613
615
608
609
599
609
603
610
602
610
604
609
603
606
608
613
611
602
607
602
612
602
614
612
604
610
612
592
599
605
594
601
600
604
611
611
620
605
605
612
603
603
601
604
602
604
600
608
598
605
596
601
606
600
602
601
600
596
611
615
598
602
607
603
604
598
603
608
602
597
591
599
604
605
593
608
606
594
597
602
612
604
600
600
598
602
600
603
603
597
601
601
598
605
604
593
608
600
601
602
605
604
599
613
594
604
599
603
620
600
611
606
603
601
607
598
604
600
601
602
598
604
605
612
605
613
602
601
604
601
602
599
603
600
604
605
612
603
610
605
599
605
604
597
605
596
599
603
602
601
601
598
603
601
604
603
599
603
596
602
594
607
603
606
600
608
596
610
594
599
606
604
596
610
604
599
596
600
595
590
597
598
608
600
598
598
618
603
602
599
596
607
594
592
605
602
603
604
601
603
602
594
602
600
597
598
593
600
599
604
613
606
595
606
595
593
597
601
591
606
598
599
594
598
595
598
594
598
596
594
611
604
599
606
597
597
602
599
599
604
603
605
607
591
600
614
591
602
601
603
596
594
591
601
601
600
604
605
602
600
599
597
596
602
604
600
598
600
599
611
610
604
595
599
602
603
603
594
602
601
599
602
600
594
598
603
606
611
600
595
601
596
598
605
604
605
599
601
603
596
591
602
599
598
609
602
594
598
597
603
600
600
604
604
591
601
599
596
606
604
595
