609
593
602
603
596
600
602
595
600
598
608
605
601
607
603
600
609
606
605
601
606
601
601
597
596
602
603
593
606
609
601
600
601
605
608
596
613
599
599
595
600
604
600
604
606
600
599
608
601
602
602
609
605
607
609
604
603
604
606
604
604
599
604
599
604
609
604
605
592
604
606
603
600
606
599
603
604
600
608
604
591
600
597
606
593
602
597
599
602
605
598
600
604
602
595
599
601
608
601
598
598
603
601
592
599
601
596
602
603
599
598
598
601
599
600
604
601
605
607
596
600
602
601
594
599
601
605
602
600
600
604
607
600
597
596
598
594
604
598
603
590
601
602
594
599
595
599
613
594
602
608
590
600
595
596
606
605
607
604
600
608
604
601
603
600
606
602
595
600
608
602
604
598
601
605
602
594
601
600
593
603
593
604
596
601
608
602
604
605
604
600
602
610
601
593
608
613
606
597
609
602
603
603
609
602
606
612
609
604
611
607
599
611
604
605
606
603
603
610
609
605
606
603
605
612
610
600
601
617
607
610
605
596
609
600
600
596
606
606
599
599
600
596
607
601
604
609
602
600
610
605
603
613
605
607
603
594
609
600
605
608
612
600
608
597
602
612
603
610
593
606
606
604
602
602
597
615
611
614
606
604
604
611
601
613
606
599
607
603
607
607
608
599
617
610
608
611
613
603
615
608
612
619
604
615
618
611
607
624
614
607
604
607
618
616
611
618
620
632
623
606
621
617
621
622
614
628
614
632
617
615
622
631
629
640
625
636
621
635
640
636
635
657
643
647
643
662
648
634
642
648
654
657
652
658
665
660
682
663
654
661
670
683
670
664
682
695
698
702
694
722
700
733
699
716
741
762
742
758
759
758
750
782
773
778
775
810
795
807
846
803
872
855
917
859
908
911
933
941
991
941
960
977
1007
1054
1010
1030
1069
1098
1116
1154
1168
1183
1205
1274
1236
1265
1370
1381
1411
1463
1449
1494
1571
1582
1628
1672
1830
1775
1853
1830
1912
2003
2084
2100
2220
2208
2313
2338
2425
2459
2619
2718
2741
2799
2900
2996
2996
3181
3303
3346
3473
3558
3537
3722
3874
3759
4052
4002
4200
4177
4292
4535
4559
4643
4670
4641
4649
4796
4932
5129
5091
4987
5163
5269
5416
5540
5420
5397
5644
5674
5712
5658
5699
5799
5918
5858
5733
5802
5854
5842
5816
5862
5792
5865
5732
5820
5870
5899
5911
5789
5667
5688
5825
5830
5693
5611
5594
5706
5440
5298
5295
5217
5053
5007
4965
4898
4879
4885
4652
4613
4615
4503
4362
4299
4167
4281
4118
3948
4028
3957
3750
3688
3734
3532
3513
3579
3502
3431
3353
3318
3204
3308
3209
3109
3150
2946
2971
2933
2873
2877
2852
2659
2662
2579
2644
2677
2556
2501
2473
2470
2460
2374
2490
2411
2300
2265
2336
2295
2279
2232
2206
2211
2072
2081
2119
2015
1977
2081
2021
1919
2022
1907
1986
1911
1883
1918
1893
1885
1824
1759
1740
1747
1780
1765
1715
1714
1734
1677
1665
1588
1662
1583
1604
1597
1525
1561
1498
1524
1532
1482
1608
1544
1491
1501
1491
1482
1429
1414
1433
1386
1396
1310
1371
1366
1338
1265
1366
1276
1291
1270
1243
1226
1238
1249
1268
1239
1188
1200
1213
1232
1186
1211
1131
1136
1149
1125
1180
1109
1206
1091
1121
1086
1119
1094
1107
1118
1058
1124
1038
1096
1039
1015
1035
1041
973
979
996
1022
975
1023
996
1025
1000
963
952
982
928
968
942
933
928
919
902
907
917
927
928
887
934
893
895
894
905
836
878
891
883
862
864
846
865
869
827
866
821
870
825
812
803
835
803
843
821
798
826
822
808
805
797
802
818
788
793
752
794
801
821
767
767
776
767
761
796
744
799
768
744
764
749
764
770
767
774
733
739
728
743
778
752
724
722
757
730
737
747
743
713
735
714
726
712
728
739
717
713
714
728
702
717
734
709
731
734
701
716
709
730
698
711
714
698
705
687
691
715
691
681
704
680
694
692
685
680
714
660
709
697
675
702
679
673
689
683
669
655
705
669
688
694
670
692
665
675
670
677
664
689
667
675
667
665
672
651
662
659
664
655
663
652
660
679
652
663
651
685
646
652
659
658
654
640
664
647
650
665
634
656
654
646
646
632
646
639
648
670
645
641
657
646
648
649
656
632
646
637
639
641
650
628
637
652
646
645
647
649
650
644
635
631
648
637
635
630
633
617
623
649
634
641
637
634
626
627
631
631
634
644
638
633
640
652
626
629
645
631
631
625
629
617
630
628
621
622
641
638
629
637
631
633
642
631
624
629
631
610
640
631
613
643
619
629
608
630
622
626
620
633
622
623
617
633
614
627
626
624
616
614
623
619
623
620
624
621
616
630
621
628
614
626
626
624
622
607
616
620
630
612
620
622
628
608
624
613
613
613
614
629
614
629
604
617
613
621
610
614
624
619
598
623
602
612
605
616
624
611
621
619
617
609
618
613
614
617
611
611
614
609
597
614
609
614
610
602
614
619
613
618
610
613
611
603
617
604
609
618
614
603
611
619
618
607
621
607
609
622
614
610
608
607
616
605
608
606
599
607
609
609
614
607
603
603
608
610
599
617
617
608
605
610
603
604
617
611
605
604
602
605
615
606
611
603
609
607
599
605
616
607
607
602
606
597
598
597
597
606
603
602
602
601
602
617
601
602
602
611
597
606
606
604
605
613
607
601
603
608
610
611
602
604
610
608
603
600
601
602
616
611
607
611
607
604
611
605
595
610
603
611
597
600
611
609
613
603
605
611
609
621
601
603
606
607
608
603
606
604
601
609
608
601
600
605
597
609
600
607
607
598
598
610
596
613
602
601
606
603
609
610
608
614
603
602
602
606
606
593
606
597
593
601
599
598
601
600
609
596
593
599
602
606
598
601
613
599
602
604
590
605
604
606
607
605
607
603
612
606
605
608
597
612
603
599
601
602
595
613
602
610
598
604
598
606
593
599
601
599
609
605
600
602
605
599
600
603
612
598
598
601
603
598
601
605
597
607
605
598
597
604
602
611
602
602
605
601
605
600
599
604
600
600
605
601
604
601
604
605
602
610
606
613
595
595
597
600
599
589
603
603
598
597
601
605
597
598
601
597
601
603
592
595
603
596
600
601
597
606
589
604
602
605
599
599
590
602
591
600
594
600
596
613
602
596
603
595
600
604
598
599
608
609
586
603
599
598
593
603
601
605
593
603
603
602
604
598
604
602
599
593
603
604
