592
603
597
608
605
611
611
602
600
613
595
603
603
608
601
601
608
597
601
603
612
609
607
606
597
598
610
601
603
598
605
605
604
611
599
605
598
606
607
606
604
596
606
606
609
600
609
607
600
606
607
610
602
611
604
606
605
596
597
608
607
603
598
598
597
602
597
603
602
602
604
607
600
599
612
600
603
602
598
603
602
604
602
601
599
598
597
609
613
595
597
598
614
595
600
605
605
600
607
603
614
606
601
609
603
605
597
607
595
607
593
603
600
605
601
608
606
606
610
596
605
603
605
600
607
601
602
611
597
601
598
603
605
608
600
607
601
603
612
608
606
602
604
601
604
608
607
611
604
598
617
593
600
608
597
607
605
601
605
601
601
612
600
605
597
605
599
607
609
606
605
604
600
606
612
613
607
594
615
596
615
604
615
610
601
607
608
615
607
604
616
613
616
598
603
613
602
613
611
607
602
605
609
606
620
604
606
608
602
614
604
613
609
619
621
606
606
619
612
612
608
610
602
612
615
605
608
607
608
601
604
604
605
606
608
614
604
617
606
617
612
605
612
613
612
621
617
615
607
614
618
611
610
626
625
609
614
615
613
610
630
609
614
605
605
613
604
626
613
624
620
627
615
611
615
617
613
626
617
619
614
625
620
638
611
627
614
610
626
617
623
621
605
621
630
623
623
648
631
629
614
620
632
625
623
643
609
627
627
631
637
630
631
640
632
634
654
640
633
645
650
651
647
647
664
652
642
650
643
644
647
648
666
669
678
669
662
665
657
674
672
683
677
693
685
684
680
712
714
726
715
707
727
727
736
736
750
741
760
768
732
777
777
777
816
801
802
769
812
814
840
859
853
835
863
904
876
906
922
932
918
962
973
963
1003
1030
1015
1035
1041
1071
1138
1119
1176
1245
1207
1212
1267
1344
1310
1360
1390
1445
1447
1415
1503
1483
1601
1637
1666
1730
1796
1830
1850
1941
2030
2091
2108
2257
2241
2450
2450
2466
2451
2623
2762
2791
2973
2994
3094
3185
3199
3416
3446
3692
3668
3984
4012
4228
4208
4532
4655
4872
5117
5075
5341
5199
5505
5678
5784
6135
6358
6677
6566
6878
7044
7281
7607
7833
7879
8107
8224
8366
8617
8839
9025
9156
9262
9319
9524
9702
9929
10340
10124
10276
10507
10588
10683
10779
10909
11078
11162
11264
11372
11225
11265
11396
11546
11382
11656
11505
11309
11567
11416
11432
11500
11627
11493
11605
11678
11194
11388
11534
10943
11260
11114
10782
11049
10817
10595
10499
10285
10291
9957
10080
9895
9936
9559
9556
9235
9128
9303
9141
8791
8640
8550
8311
8200
7932
7904
7722
7323
7587
7199
7220
7047
6967
6712
6677
6689
6529
6466
6232
6242
6005
6068
5964
5995
5828
5844
5620
5485
5343
5312
5377
5145
5070
4909
4903
4981
4870
4734
4769
4729
4555
4457
4517
4572
4374
4366
4289
4323
4083
4091
4013
4087
3882
3895
3838
3698
3827
3817
3745
3547
3747
3644
3588
3513
3469
3339
3384
3315
3352
3247
3264
3154
3206
3148
3063
3139
3073
2978
3081
2821
2980
2906
2833
2783
2788
2807
2663
2807
2621
2672
2658
2620
2597
2523
2549
2507
2425
2344
2374
2438
2341
2365
2319
2292
2147
2236
2193
2194
2178
2137
2160
2131
2092
2120
2090
2054
2030
1979
2041
1908
1839
1923
1851
1797
1879
1868
1823
1776
1779
1825
1739
1747
1669
1698
1759
1769
1702
1628
1641
1642
1596
1592
1548
1583
1587
1519
1507
1512
1484
1474
1516
1423
1494
1430
1373
1390
1407
1346
1410
1374
1350
1315
1321
1323
1324
1302
1312
1238
1298
1228
1247
1215
1234
1230
1230
1220
1214
1175
1218
1151
1237
1177
1193
1156
1147
1137
1131
1207
1157
1155
1146
1084
1072
1040
1113
1129
1106
1103
1068
1034
1035
1045
1054
1066
982
1004
1051
971
978
1024
999
1028
948
1036
994
949
997
965
967
954
933
970
961
977
912
932
942
897
929
937
926
899
920
886
927
901
943
885
873
908
915
875
861
899
835
833
870
871
834
869
863
826
821
818
861
819
831
854
836
843
833
836
823
830
833
808
787
793
811
828
796
789
819
798
766
795
829
794
796
761
782
805
817
764
793
777
778
747
805
770
778
776
733
797
778
749
758
756
765
774
777
735
744
745
738
744
742
773
719
730
716
745
770
719
729
757
723
736
720
745
718
743
705
728
723
721
722
724
732
714
738
707
727
696
697
670
711
690
693
717
696
688
709
688
704
689
681
701
707
720
694
700
696
693
706
683
703
701
690
674
669
681
702
670
699
674
681
688
692
682
686
691
678
674
670
667
690
671
661
681
678
661
667
665
691
677
663
650
663
664
671
666
650
657
664
678
653
669
655
688
641
659
671
660
675
654
649
638
652
641
652
642
655
649
639
673
654
649
659
654
649
635
643
650
647
650
660
652
647
647
641
642
656
637
652
646
640
626
655
636
638
645
644
644
646
644
645
638
655
643
623
636
644
650
639
633
647
639
636
643
641
645
646
623
645
637
620
631
631
635
625
650
626
622
607
629
624
618
631
631
608
630
630
633
623
624
629
625
626
626
619
618
615
635
627
618
619
624
617
628
624
637
630
639
625
630
643
639
635
610
629
624
611
620
619
611
631
633
609
617
636
621
629
623
626
616
616
622
621
625
623
617
629
624
614
610
630
623
632
612
625
631
609
611
618
626
620
611
618
617
626
613
623
617
617
616
615
615
629
613
616
612
607
609
625
618
607
624
614
606
611
610
613
622
616
615
605
614
615
614
609
615
615
601
618
615
612
618
607
607
613
613
609
616
617
621
612
613
619
613
608
613
608
612
607
607
609
620
607
613
611
612
612
605
605
608
610
605
617
607
609
613
606
602
606
607
602
620
608
613
605
602
607
609
603
612
612
605
611
609
610
607
606
608
598
610
607
609
610
604
599
605
615
607
601
618
601
603
603
604
612
613
598
622
613
595
610
610
607
605
599
602
604
601
600
605
607
605
603
614
609
604
597
616
601
606
608
605
608
615
604
606
595
602
601
605
597
602
597
605
600
597
604
607
601
612
618
606
608
600
597
612
607
603
601
597
607
602
601
602
603
590
601
606
605
604
605
603
604
602
610
595
607
608
602
597
592
603
604
601
610
590
604
605
601
601
606
598
608
615
596
607
601
600
603
604
585
602
599
603
607
603
600
597
600
604
595
595
598
592
595
598
598
605
600
602
601
602
602
598
609
603
606
604
604
609
609
598
602
597
599
596
600
613
600
595
595
603
602
602
601
600
613
598
597
608
599
605
606
595
599
593
607
596
609
597
605
