613
610
596
596
597
605
602
605
600
612
609
615
604
602
606
607
608
603
595
602
595
602
599
599
595
605
607
607
607
607
606
593
601
594
604
589
603
600
605
602
590
601
613
601
606
593
603
612
598
602
607
595
602
607
599
604
606
599
603
597
608
600
610
602
609
604
601
604
604
604
599
600
602
599
598
600
609
600
603
594
605
602
591
604
606
607
600
601
602
596
599
601
606
600
598
599
614
602
609
600
600
610
606
599
606
594
611
602
604
603
602
602
602
601
600
603
613
602
604
602
609
601
598
601
605
601
602
606
607
604
605
598
611
605
600
601
595
600
602
600
604
602
605
600
606
601
611
606
605
606
606
599
604
610
603
608
601
603
607
609
602
597
607
607
599
607
598
600
614
608
606
604
597
607
594
598
612
601
604
606
613
600
602
607
605
602
611
603
607
615
615
604
619
604
606
607
602
605
606
614
605
602
598
605
608
605
600
608
605
599
601
600
602
605
624
611
611
614
617
609
606
608
609
605
614
608
606
598
614
617
605
610
610
608
615
613
616
617
604
610
608
614
604
608
626
621
598
604
605
606
614
620
610
614
604
607
618
613
607
612
608
613
619
610
618
617
599
611
613
614
618
612
611
620
622
617
609
615
628
609
612
615
606
622
613
620
620
624
628
624
615
612
621
612
619
605
613
618
625
626
624
611
627
630
640
634
615
621
631
632
629
625
619
624
635
619
648
634
643
640
627
613
629
637
650
647
647
660
639
647
648
649
664
646
656
644
666
652
661
650
646
658
643
666
677
695
680
665
676
661
698
674
680
724
719
707
684
721
714
737
739
728
733
744
748
747
753
767
760
792
780
766
801
817
835
859
815
836
848
862
835
893
911
901
911
930
906
963
967
997
963
1007
1039
1040
1082
1120
1107
1128
1121
1232
1166
1272
1245
1285
1322
1324
1365
1421
1438
1533
1552
1514
1605
1643
1661
1689
1753
1745
1849
1954
1976
2008
2056
2191
2259
2357
2403
2508
2481
2601
2678
2774
2865
3059
3152
3227
3265
3391
3515
3680
3676
3801
3990
4132
4278
4432
4286
4550
4746
4873
4779
5103
5373
5474
5606
5658
5832
6151
6134
6419
6436
6443
6576
6910
6894
7092
6984
7266
7436
7219
7552
7786
7649
7760
7801
7882
8059
8214
8185
8350
8465
8342
8428
8483
8666
8661
8713
8638
8647
8452
8597
8649
8526
8599
8442
8596
8505
8382
8483
8631
8529
8473
8419
8473
8385
8189
8009
7974
8046
7777
7744
7790
7599
7312
7269
7277
7166
7004
7118
7017
6772
6851
6644
6450
6371
6304
6232
6114
6059
6010
5904
5899
5599
5474
5604
5504
5289
5324
5209
4997
4892
4985
4854
4909
4762
4680
4675
4512
4405
4557
4418
4251
4286
4203
4102
4087
3924
3937
3798
3884
3923
3779
3764
3725
3668
3716
3674
3748
3594
3580
3539
3504
3403
3430
3391
3294
3373
3167
3317
3267
3089
3108
3068
3113
3111
3079
3098
2913
2999
2829
2931
2852
2824
2764
2794
2685
2684
2610
2687
2703
2610
2446
2530
2398
2494
2497
2459
2545
2330
2390
2354
2447
2394
2467
2278
2319
2177
2203
2109
2099
2126
2150
2016
2097
2039
2033
1985
2001
1996
1908
2004
1880
1902
1860
1883
1844
1839
1853
1752
1788
1762
1792
1790
1732
1624
1698
1670
1655
1635
1729
1699
1672
1568
1589
1575
1549
1573
1492
1476
1529
1477
1434
1471
1445
1426
1405
1381
1459
1368
1407
1288
1391
1360
1264
1322
1366
1286
1286
1305
1222
1291
1255
1249
1210
1249
1185
1214
1231
1213
1225
1126
1218
1221
1171
1150
1137
1132
1194
1104
1098
1144
1095
1087
1112
1097
1103
1084
1068
1052
1059
1072
1013
1018
1056
1041
986
1022
1020
988
1002
971
975
975
941
1018
977
965
897
891
989
944
958
937
923
956
882
926
967
879
904
872
899
921
907
902
892
858
853
892
856
887
886
872
878
850
874
845
813
870
846
835
856
835
855
821
816
823
827
813
837
817
826
805
831
791
797
798
810
784
792
798
778
790
800
766
777
796
791
741
764
787
721
772
783
786
777
741
785
776
773
736
794
762
733
749
730
756
749
752
767
754
759
742
733
735
725
757
742
751
727
730
735
715
705
727
707
727
728
728
702
720
702
713
708
702
736
701
715
714
690
721
687
705
686
704
705
696
699
710
716
719
698
706
709
679
680
704
705
684
679
693
689
699
679
702
692
693
689
706
700
672
665
690
679
657
669
666
673
659
652
655
666
690
669
664
664
668
666
676
653
673
685
669
667
681
674
666
667
658
672
671
651
655
645
653
666
644
656
667
668
657
667
666
662
657
642
675
658
651
646
662
650
656
647
649
670
653
642
644
645
655
647
642
631
632
635
645
634
647
655
636
627
656
647
637
636
632
631
632
631
640
635
644
637
633
631
638
633
636
631
621
636
634
625
627
628
635
626
640
619
638
645
635
630
632
622
647
630
632
629
613
633
614
631
632
617
632
634
627
631
624
633
621
630
632
614
620
613
625
635
632
636
639
625
624
622
626
619
613
636
634
617
632
628
628
624
622
614
614
611
629
617
626
631
617
613
617
627
629
613
610
610
618
607
615
618
605
623
621
609
613
625
619
615
619
619
610
629
609
621
621
615
624
616
625
621
619
607
619
622
613
619
618
635
611
618
617
605
626
614
618
605
608
617
609
614
605
615
618
612
610
619
600
611
608
605
604
609
618
606
608
618
619
618
598
609
606
617
610
632
618
606
604
613
614
609
609
600
600
620
610
619
614
606
617
613
611
606
612
609
620
600
609
608
607
605
602
614
609
613
609
614
607
610
610
608
603
605
596
606
607
600
603
616
599
606
612
593
605
607
607
611
606
609
607
614
603
606
603
598
614
601
603
606
606
608
609
598
609
611
607
608
605
597
606
607
602
601
609
600
600
608
603
606
604
604
607
602
611
597
602
607
605
612
607
609
593
598
605
599
600
603
599
607
603
602
615
590
603
599
606
606
604
600
598
610
615
618
598
611
609
593
596
599
606
610
601
592
600
598
599
610
598
604
608
606
604
595
599
594
594
606
605
612
605
599
601
604
606
589
614
595
606
603
601
600
598
609
599
595
594
603
606
606
598
606
598
600
605
602
600
603
598
598
611
603
605
600
603
607
600
604
602
602
597
595
600
608
601
599
600
601
604
599
603
604
598
598
608
606
599
596
605
602
605
600
590
605
596
604
597
599
601
599
598
602
606
599
604
614
600
588
599
604
597
595
601
599
594
586
602
598
596
596
595
602
607
605
603
608
