600
606
613
615
597
601
610
612
618
604
602
607
612
604
618
596
596
612
601
607
604
599
598
609
605
608
609
607
606
604
604
610
612
603
601
604
608
608
610
604
608
601
610
603
604
608
605
598
593
603
612
603
604
596
600
602
600
611
595
605
594
607
597
596
601
606
609
603
605
603
602
599
608
604
594
605
601
601
612
600
595
609
600
607
605
605
607
593
602
610
608
610
615
612
603
610
604
605
607
605
602
607
604
602
601
594
606
601
616
598
600
612
603
596
603
604
607
595
611
606
611
605
610
602
603
605
606
612
605
595
603
620
612
604
601
604
610
601
603
601
607
599
606
605
611
615
610
604
604
611
604
607
607
605
602
604
610
609
605
609
610
605
604
614
610
608
605
607
608
600
606
607
606
614
609
592
603
603
614
599
601
604
608
601
610
598
615
611
607
612
602
613
602
601
614
606
612
609
608
606
608
603
607
610
614
602
611
609
610
610
604
612
597
616
612
610
613
603
623
612
606
617
605
606
611
614
616
604
621
620
602
621
608
614
615
609
622
608
618
610
614
620
620
627
611
620
620
620
612
612
620
625
630
613
619
619
616
608
634
613
612
622
616
616
619
627
633
616
627
624
621
633
638
614
619
619
626
618
621
621
631
633
613
627
635
632
611
632
639
633
625
628
638
634
606
611
628
621
639
641
621
638
640
636
628
638
638
641
635
633
647
631
670
657
655
649
642
651
642
638
640
656
641
673
660
661
649
657
656
651
662
658
684
656
684
697
675
691
684
682
703
696
693
702
712
697
737
707
718
706
747
721
730
743
742
749
752
763
764
750
815
780
808
821
796
809
822
835
830
832
850
852
864
881
883
903
932
954
955
956
1002
994
968
1008
987
1039
1081
1137
1086
1138
1185
1249
1232
1255
1243
1304
1360
1381
1391
1389
1467
1494
1541
1557
1607
1676
1799
1768
1734
1863
1960
1958
2053
2124
2137
2223
2346
2398
2490
2506
2626
2710
2750
2887
3018
3016
3109
3243
3367
3446
3686
3670
3908
4029
4098
4349
4565
4692
4822
4851
5237
5331
5294
5761
5843
6025
6173
6335
6335
6625
6822
7084
7287
7766
7858
8185
8089
8343
8407
8731
8946
9254
9377
9626
9924
9915
9953
10279
10246
10233
10460
10494
10999
11021
11229
11259
11268
11638
11624
11897
11865
12108
12143
12241
12238
11969
12177
12144
12370
11937
12257
12376
12073
12184
12115
12210
12258
12361
12285
12290
12024
12105
12127
11804
11987
11850
11419
11688
11356
11322
10883
10966
10700
10412
10567
10286
10193
10095
9877
9888
9828
9626
9286
9084
9122
8847
8741
8624
8484
8215
8350
8185
7860
7874
7682
7535
7554
7393
7380
7068
7100
6996
6855
6729
6515
6473
6456
6478
6225
6158
6030
5937
5992
5511
5753
5587
5587
5465
5354
5368
5353
5235
5286
5127
5207
4947
4946
4875
4824
4724
4851
4747
4540
4594
4497
4555
4508
4544
4405
4211
4341
4226
4114
4220
4172
3985
3971
4052
3885
3910
3841
3776
3779
3725
3658
3615
3561
3545
3570
3496
3527
3316
3345
3415
3190
3294
3292
3208
3221
3278
3138
2983
3104
2980
3002
2866
2932
2939
2716
2895
2759
2744
2721
2673
2630
2689
2539
2636
2540
2577
2438
2489
2491
2501
2403
2420
2267
2338
2356
2317
2271
2252
2248
2202
2157
2109
2116
2079
2038
2055
2086
2032
2018
1976
1975
1956
1884
1917
1880
1960
1882
1786
1831
1863
1825
1672
1721
1726
1705
1667
1676
1609
1620
1562
1664
1717
1549
1565
1574
1548
1577
1609
1483
1487
1506
1506
1541
1418
1432
1426
1446
1426
1384
1393
1309
1374
1377
1372
1303
1361
1350
1241
1294
1325
1288
1305
1264
1327
1236
1261
1265
1184
1266
1195
1185
1232
1244
1192
1189
1203
1145
1133
1123
1128
1158
1116
1084
1109
1131
1057
1059
1084
1123
1073
1098
1114
1038
1080
998
1021
981
1034
1074
985
1048
1002
1005
1044
1004
995
1018
971
973
988
946
936
981
966
955
966
922
970
983
943
927
899
932
903
890
943
939
924
908
891
907
917
928
879
874
839
875
869
848
882
865
850
857
838
899
875
842
861
835
805
862
812
782
828
806
869
834
807
839
821
836
812
806
813
817
836
810
789
821
776
806
804
786
805
783
801
761
784
803
745
772
775
744
766
761
720
740
759
756
753
760
752
757
738
731
753
751
759
735
775
727
746
770
731
749
725
739
733
710
706
727
745
711
748
725
738
712
709
741
726
718
705
741
714
725
720
703
694
711
703
704
710
693
698
714
694
703
693
708
716
686
704
690
710
708
693
691
701
686
699
698
697
672
700
696
686
681
685
677
695
695
673
690
675
674
685
666
672
704
685
674
649
679
666
689
685
679
653
673
662
670
672
682
674
682
665
665
676
647
658
651
644
660
651
655
658
658
672
661
630
646
649
664
665
661
648
645
649
651
655
647
661
641
645
661
652
659
647
641
661
636
644
647
640
651
644
644
651
646
643
654
635
649
654
655
646
649
644
638
660
641
637
634
651
620
643
643
637
644
642
632
639
629
644
630
645
636
643
622
629
628
634
639
636
637
624
620
636
631
632
646
635
629
624
622
640
647
627
619
629
636
616
634
627
623
629
620
637
633
620
619
621
638
623
637
639
625
624
627
627
621
623
612
630
625
632
613
616
608
629
624
618
615
615
608
613
619
622
622
621
621
609
628
626
621
628
625
625
628
615
617
619
616
617
608
621
614
608
631
614
630
622
615
626
626
619
620
619
625
621
623
613
610
604
622
629
611
613
613
625
616
610
611
613
613
621
614
603
621
604
626
615
611
609
622
611
611
612
606
611
607
603
610
617
608
614
614
614
606
610
618
614
611
606
609
616
622
610
608
619
608
611
612
606
622
617
603
606
603
606
608
610
621
606
614
623
608
624
601
607
607
612
601
598
603
605
617
613
620
610
607
606
607
600
605
606
612
604
611
605
613
611
610
609
605
592
603
607
608
609
615
610
613
616
614
613
604
609
607
602
606
618
603
603
598
613
622
600
601
608
612
602
603
599
607
607
604
604
601
593
603
599
606
606
601
607
599
600
605
609
596
601
606
613
607
598
609
601
611
608
599
612
603
610
604
602
601
599
607
603
602
596
601
596
600
608
605
602
606
614
604
603
607
598
605
614
610
603
603
605
601
597
605
606
598
601
612
603
609
603
607
605
603
600
595
603
601
611
610
601
604
608
594
604
601
604
600
606
609
604
606
598
604
610
608
603
604
612
600
604
596
600
610
598
606
598
601
601
604
603
608
607
608
601
605
598
614
599
611
598
598
605
607
608
603
605
