600
611
609
597
606
602
608
601
597
602
608
608
608
611
604
611
598
604
608
600
598
604
602
606
604
611
595
604
606
604
603
610
605
602
602
604
606
608
607
612
606
597
594
599
610
600
609
601
599
600
601
594
604
600
594
596
599
609
606
597
600
609
600
601
602
612
607
597
596
603
603
592
601
598
603
602
597
597
606
608
597
596
598
600
603
609
597
607
599
604
599
600
607
606
603
603
601
603
608
604
610
613
603
604
605
595
603
603
607
597
609
608
602
610
605
610
609
610
602
600
598
598
603
606
605
591
603
608
608
602
597
600
613
602
600
601
595
611
600
618
604
609
613
611
607
593
611
602
614
605
612
603
598
608
603
597
600
621
604
602
606
607
597
609
597
606
610
597
599
615
606
602
597
600
595
603
593
596
612
604
605
608
602
613
605
606
612
604
606
604
612
609
598
611
616
599
604
609
604
598
609
613
615
602
604
610
612
607
612
605
611
618
615
620
613
616
609
615
620
621
619
604
608
613
614
621
612
618
627
615
604
620
620
609
605
618
621
623
618
614
618
617
624
627
602
620
619
614
615
617
621
615
621
613
614
617
627
622
612
629
618
613
609
626
622
622
630
609
626
611
616
617
636
616
634
622
617
626
623
611
629
628
620
635
627
622
625
617
640
646
617
617
612
627
634
621
620
633
622
623
633
639
632
630
629
640
620
630
642
636
642
647
627
638
627
634
677
642
646
633
655
639
642
656
661
665
646
684
667
662
664
660
650
661
678
693
681
683
673
678
691
680
692
707
712
706
716
706
720
710
729
726
735
741
748
766
759
763
781
791
760
838
812
811
773
833
871
837
874
880
868
892
905
876
919
879
885
952
949
963
1039
1037
1037
1022
1085
1095
1146
1110
1168
1151
1195
1181
1227
1293
1284
1315
1363
1372
1429
1422
1547
1536
1542
1602
1635
1679
1771
1732
1823
1849
1939
2075
2004
2146
2231
2271
2336
2374
2442
2625
2695
2853
2973
3001
3032
3118
3200
3330
3507
3585
3585
3823
3978
4144
4153
4440
4648
4773
4946
5138
5237
5345
5676
5766
5830
5836
6245
6508
6685
6888
7022
7387
7815
7731
7894
8323
8311
8508
8966
8975
9445
9425
9704
9968
9856
10282
10426
10375
10626
10697
10889
11086
11016
11174
11732
11665
11826
11959
11902
12260
12334
12503
12466
12479
12532
12574
12604
12359
12718
12530
12682
12551
12589
12502
12477
12561
12393
12407
12516
12676
12622
12194
12194
12139
11923
11816
11953
11854
11708
11347
11249
11289
11215
10726
10901
10745
10610
10235
10284
10137
10209
9960
9781
9712
9319
9309
8956
8999
8734
8691
8377
8197
8025
8003
7903
7939
7696
7274
7473
7306
7094
7109
6789
6957
6547
6550
6596
6623
6353
6320
6083
6017
5865
5918
5872
5611
5624
5723
5493
5495
5581
5308
5400
5163
5232
5199
5181
5048
4940
5071
4796
4833
4784
4683
4691
4595
4556
4463
4343
4329
4297
4234
4239
4316
4052
4004
4116
4146
4030
3833
3821
3744
3841
3829
3756
3727
3691
3548
3593
3594
3533
3372
3549
3331
3305
3264
3320
3083
3308
3201
3103
3115
3091
3054
3133
3063
2965
2923
2852
2794
2850
2797
2714
2684
2621
2659
2541
2670
2553
2520
2643
2466
2413
2478
2425
2375
2475
2365
2270
2318
2272
2304
2208
2293
2142
2188
2031
2083
2117
2035
2040
2010
2010
1972
2011
1924
1914
1945
1966
1913
1824
1848
1820
1901
1871
1779
1842
1745
1709
1684
1662
1666
1665
1607
1667
1621
1639
1547
1518
1616
1613
1539
1474
1491
1581
1488
1433
1527
1509
1503
1449
1318
1448
1407
1349
1388
1370
1383
1354
1363
1275
1321
1311
1285
1285
1340
1270
1205
1241
1253
1258
1217
1234
1197
1171
1181
1207
1155
1159
1194
1139
1179
1157
1141
1138
1167
1064
1100
1086
1132
1082
1068
1099
1099
1096
1059
1054
1090
1020
1039
1022
1020
1013
994
1050
982
966
950
1033
1036
964
982
955
975
1022
907
962
954
950
938
966
970
974
959
940
904
932
956
917
946
921
909
909
922
879
892
936
883
862
872
858
865
898
863
914
882
858
848
892
871
848
885
843
822
848
842
837
854
827
843
828
849
816
801
814
811
836
829
795
803
787
802
815
791
782
816
771
794
776
787
779
756
786
772
784
760
751
767
754
764
790
741
739
758
757
754
771
746
755
753
774
734
722
755
749
757
773
753
727
749
725
728
730
736
726
750
738
688
731
718
733
717
731
750
723
693
731
730
722
706
691
704
734
706
702
715
706
705
703
701
721
716
722
709
703
691
697
717
703
697
686
693
688
682
686
692
685
688
690
689
703
710
695
689
683
692
700
668
673
702
685
672
666
656
667
668
672
666
667
643
657
672
681
660
671
657
670
668
655
686
671
662
659
659
646
678
665
673
653
659
664
638
674
658
659
666
669
624
655
647
643
645
638
653
644
642
661
648
664
652
655
636
652
655
650
657
641
649
653
649
655
647
659
640
640
645
648
636
629
645
651
640
633
650
635
637
644
625
649
643
648
639
633
650
638
668
641
628
624
645
629
635
628
642
632
637
642
628
624
629
636
641
639
649
632
619
637
630
650
631
632
628
619
632
634
629
642
637
613
638
632
622
638
626
635
641
629
626
620
625
630
615
622
639
636
633
614
624
613
623
631
634
633
612
639
616
620
607
619
605
622
626
625
627
633
619
621
605
607
620
617
614
613
607
616
619
615
621
618
613
615
626
620
620
629
618
625
625
618
617
614
619
616
616
613
615
609
609
617
615
615
610
608
609
612
623
611
625
620
628
603
622
613
609
607
607
603
605
620
609
618
622
616
608
619
619
601
613
612
612
611
610
614
614
613
617
605
619
611
621
613
609
605
610
601
611
617
603
602
612
601
612
606
597
612
610
608
606
622
608
619
604
607
605
611
602
600
613
603
606
608
612
601
602
597
616
606
611
608
608
604
605
601
604
601
604
613
604
596
614
601
612
600
605
599
619
604
601
603
612
603
611
611
596
602
605
611
601
603
611
613
604
611
602
606
609
601
602
603
606
601
602
609
604
603
600
604
599
607
605
603
601
602
608
595
607
603
596
605
605
593
612
596
608
598
601
600
602
597
605
598
597
598
603
600
609
600
599
598
601
605
606
611
605
606
599
599
606
617
604
608
602
609
598
601
604
599
594
599
597
609
605
606
604
612
600
609
608
602
602
594
605
599
597
598
606
604
608
598
603
598
600
600
601
599
601
603
600
594
603
590
599
608
595
593
598
608
611
600
600
597
600
597
598
598
603
595
596
598
601
602
604
593
598
596
604
595
610
591
608
