598
600
603
607
602
598
600
607
605
602
606
608
605
609
607
603
608
601
605
602
595
605
598
604
602
606
597
603
607
603
600
600
604
600
606
594
585
600
614
598
595
598
598
606
606
595
600
604
602
595
604
601
605
598
598
601
603
601
604
600
603
602
604
610
606
599
602
605
601
598
602
596
605
609
603
596
603
602
603
605
601
602
608
600
601
605
601
597
604
596
606
592
602
601
600
601
597
597
599
594
603
604
598
602
599
595
599
604
594
602
601
602
602
589
603
594
595
596
600
598
606
604
592
601
610
592
603
598
601
604
604
609
616
601
601
603
611
598
605
600
596
600
604
612
587
600
609
601
600
602
605
604
601
600
593
609
611
595
609
601
601
605
603
601
602
598
609
592
599
609
599
598
604
600
596
601
602
602
609
598
600
599
610
600
600
601
609
594
605
604
600
600
616
602
602
598
608
603
601
610
600
606
612
599
601
604
602
594
609
610
604
617
604
603
611
602
598
597
608
606
606
606
600
603
595
587
606
603
602
615
604
589
605
604
600
601
601
605
604
605
610
602
596
613
596
603
607
608
609
599
609
616
616
600
612
605
601
602
600
612
608
607
605
610
598
617
611
603
606
615
611
605
615
607
609
609
608
602
610
607
596
611
599
605
603
611
609
604
614
602
615
602
611
604
611
621
606
604
602
609
616
603
613
604
609
612
605
609
609
627
614
628
618
609
609
622
618
611
616
608
624
619
616
616
627
625
616
628
634
636
619
621
630
615
624
628
617
630
636
647
622
646
619
629
632
643
634
652
654
639
640
646
651
662
654
638
666
666
656
661
669
673
686
661
670
669
672
676
697
707
696
692
691
727
716
707
708
725
733
716
734
765
802
762
784
774
779
788
777
822
814
796
816
875
886
823
858
877
924
916
949
934
933
971
1018
1054
1015
1052
1073
1069
1131
1134
1139
1174
1222
1222
1268
1320
1317
1360
1403
1391
1407
1462
1543
1591
1552
1673
1703
1678
1756
1790
1882
1909
2017
2017
2180
2203
2199
2217
2460
2449
2564
2601
2692
2746
2779
2767
2931
2937
3189
3189
3316
3372
3559
3535
3601
3768
3894
3870
3993
4097
4103
4250
4301
4288
4384
4600
4541
4598
4621
4691
4818
4771
4959
4864
5133
5162
5182
5237
5318
5325
5391
5426
5366
5519
5478
5424
5412
5333
5353
5197
5520
5548
5427
5418
5352
5362
5374
5370
5513
5263
5252
5195
5359
5224
5293
5214
5038
5090
4908
4623
4778
4810
4801
4506
4719
4433
4554
4494
4371
4246
4271
4170
4045
3959
3899
3893
3642
3629
3697
3603
3518
3473
3427
3377
3285
3283
3141
3098
3095
2996
3067
2876
2995
2862
2754
2864
2773
2778
2562
2602
2631
2549
2481
2379
2505
2410
2327
2359
2349
2261
2195
2274
2303
2140
2182
2150
2146
2110
2102
2081
2023
2094
2009
1920
1878
1866
1894
1920
1859
1845
1828
1791
1777
1756
1777
1751
1787
1772
1728
1708
1715
1696
1720
1645
1624
1580
1608
1553
1532
1537
1538
1495
1555
1504
1508
1542
1450
1432
1467
1467
1397
1408
1384
1374
1348
1386
1330
1363
1317
1328
1289
1276
1278
1295
1242
1273
1268
1275
1251
1218
1210
1197
1189
1185
1168
1240
1183
1171
1106
1114
1151
1111
1103
1097
1079
1138
1093
1101
1098
1084
1080
1096
1028
1022
1040
1039
1012
1013
1016
1030
1027
1011
950
956
989
972
931
974
992
937
929
942
948
934
945
936
870
922
889
885
935
925
891
894
864
874
892
873
897
837
861
873
878
833
804
870
893
849
846
873
862
827
867
834
839
843
829
824
808
802
840
820
795
828
804
779
790
809
800
771
809
797
731
790
774
778
768
729
775
767
745
764
783
767
799
753
735
744
755
730
737
756
765
741
707
743
748
767
715
702
735
756
753
736
728
707
698
698
730
707
715
707
726
707
701
713
709
709
729
743
714
705
683
697
703
715
689
685
694
702
678
684
698
697
698
687
685
702
686
695
680
667
673
665
671
685
671
690
674
674
656
660
658
687
678
659
679
665
697
665
666
683
666
661
660
662
673
662
661
654
645
662
661
667
656
652
643
654
672
638
651
640
648
667
656
636
659
650
656
643
660
651
641
663
650
626
639
651
663
648
648
635
653
640
643
641
658
635
639
640
621
638
639
641
616
658
637
622
633
645
633
640
624
628
638
633
643
630
653
633
637
636
633
639
635
643
645
628
635
629
637
624
631
629
654
630
635
638
650
639
632
626
630
640
624
619
631
626
625
634
632
634
630
619
623
624
625
618
616
630
630
619
618
614
627
615
613
628
614
614
614
630
614
619
615
634
619
630
603
620
612
627
621
605
634
614
630
628
615
630
610
626
612
628
626
621
618
617
624
617
626
615
605
609
612
617
612
614
612
611
621
611
617
604
623
610
615
619
621
618
612
611
618
616
619
609
621
609
611
605
617
606
604
622
612
611
619
610
621
614
614
619
601
613
617
615
617
607
600
605
622
614
606
610
609
620
611
613
616
610
622
601
601
611
610
611
615
613
610
615
610
607
602
597
606
609
606
612
610
606
612
612
605
607
621
598
607
618
609
596
608
607
594
615
603
617
604
614
611
601
607
610
608
600
604
600
606
602
601
607
615
603
609
606
598
607
606
613
611
599
604
612
602
592
608
598
604
608
604
610
607
597
617
603
608
611
610
608
605
605
617
614
604
600
616
607
609
603
598
603
604
604
602
607
612
610
596
603
599
606
602
618
605
611
614
608
603
606
601
598
621
602
597
594
601
613
594
604
605
603
603
608
601
602
602
598
615
603
599
602
605
603
600
600
600
600
598
603
600
604
596
610
601
615
602
602
603
598
589
604
601
604
596
600
602
601
607
609
597
597
598
596
603
603
605
600
610
607
590
600
601
602
608
600
605
599
599
605
598
610
606
602
603
605
597
603
598
607
608
601
601
601
601
598
597
600
602
604
596
595
606
592
603
601
604
596
597
588
599
607
601
602
595
607
595
596
600
602
601
592
596
600
597
608
604
598
603
602
606
599
601
602
601
607
606
597
597
601
600
600
606
601
605
602
593
603
597
598
593
601
605
600
594
600
604
600
598
603
596
598
600
602
600
606
598
599
600
604
596
597
602
603
597
601
593
605
596
598
603
599
605
604
601
600
598
606
600
607
598
608
598
598
606
601
602
601
602
606
599
607
601
595
597
604
602
599
603
595
601
594
602
596
607
599
612
605
597
590
