600
595
597
593
596
596
601
601
606
596
602
608
606
607
605
606
597
598
604
605
610
587
597
599
611
593
607
599
604
600
610
596
600
600
604
603
599
596
597
597
596
598
594
598
589
607
598
594
589
596
598
599
613
598
600
596
603
607
601
602
602
607
604
607
600
600
593
601
603
596
600
592
601
603
604
597
592
602
605
592
600
605
596
598
602
600
598
597
595
602
600
600
603
601
606
603
592
601
595
599
603
599
597
601
608
603
601
596
599
592
603
597
595
600
602
605
601
598
594
602
602
590
596
603
594
605
602
604
593
603
601
603
601
600
602
597
602
606
603
609
605
595
603
599
596
604
597
602
602
598
610
606
600
598
608
593
604
596
600
602
596
600
601
605
602
596
598
597
594
602
602
598
605
603
604
602
604
605
602
596
598
607
601
602
601
602
605
600
593
592
598
601
600
602
596
597
592
599
607
601
602
605
602
608
602
603
591
599
605
600
601
595
600
596
609
605
596
598
604
604
599
597
600
604
601
604
601
604
603
600
600
595
597
595
594
598
599
592
593
600
600
597
599
590
602
603
600
604
597
600
592
596
602
605
593
604
611
599
592
603
595
606
602
604
602
605
602
606
604
598
598
595
602
601
597
597
601
593
594
603
600
594
602
607
603
599
601
595
597
604
600
598
598
592
597
604
600
600
597
606
597
600
602
597
598
601
599
602
595
596
605
596
602
593
600
598
601
597
605
595
597
587
605
607
601
601
596
600
602
601
596
594
600
598
603
605
604
601
598
600
599
608
598
603
601
600
599
597
594
604
596
592
600
588
600
607
598
597
597
605
599
595
594
609
607
600
598
601
603
602
599
599
597
597
598
601
602
604
595
597
602
599
592
596
601
601
603
602
601
604
597
604
599
593
598
603
595
601
592
595
595
594
601
601
605
601
610
603
598
603
593
596
602
597
596
605
597
597
594
592
605
602
603
597
597
600
600
595
590
596
597
597
598
593
602
594
599
596
593
603
593
595
607
601
595
592
604
604
601
599
594
599
601
601
604
603
594
601
598
601
599
597
597
605
611
602
594
598
598
602
597
601
599
600
601
601
604
600
598
596
602
594
587
605
596
604
602
604
601
599
599
593
600
597
594
597
596
602
596
602
599
605
598
600
598
597
604
604
604
599
601
606
599
598
603
597
601
597
595
599
599
595
604
598
605
589
598
598
597
607
599
607
601
601
598
600
602
601
604
608
601
600
594
606
604
600
597
604
601
599
609
600
598
592
593
598
602
600
601
604
597
603
602
604
593
596
594
607
597
604
600
599
599
592
599
597
610
603
597
601
595
604
596
595
592
590
604
599
601
596
599
597
594
600
601
600
600
595
603
600
593
600
600
598
598
604
600
602
608
598
602
602
602
599
600
596
596
602
605
606
603
591
599
596
600
599
593
596
607
596
601
600
605
597
603
598
595
604
598
598
587
603
601
602
600
604
592
597
595
600
591
596
600
605
602
595
603
598
608
589
594
602
598
593
603
597
594
604
596
601
604
598
603
589
605
598
601
594
608
606
598
600
595
603
604
601
588
601
596
608
594
601
610
595
605
602
599
607
603
602
598
604
588
599
601
603
602
598
600
601
608
602
596
596
596
606
588
602
606
597
599
597
602
602
602
603
600
596
602
603
604
591
595
599
595
602
596
599
597
597
599
598
601
603
607
596
600
597
600
603
600
597
606
607
607
601
593
600
598
600
605
603
598
605
600
596
599
600
596
599
600
599
603
600
601
600
602
602
593
596
603
605
593
607
599
594
599
604
595
598
602
594
604
587
602
601
597
603
592
604
595
599
605
597
602
607
599
603
603
606
598
595
603
605
600
603
594
595
600
599
596
598
594
606
598
601
596
594
601
600
588
604
598
603
604
601
605
602
604
591
606
601
607
607
598
600
598
602
594
596
594
600
589
600
594
598
596
598
600
606
600
599
602
597
597
597
606
598
608
601
598
598
602
600
603
597
597
597
602
600
600
604
602
604
596
601
601
595
602
600
599
610
603
605
606
602
597
602
603
603
608
608
599
598
589
600
607
597
609
596
602
599
606
603
606
599
602
603
607
604
602
596
602
606
599
604
601
593
603
599
597
600
594
599
605
598
592
604
603
602
595
599
605
594
596
606
600
599
601
607
601
612
600
589
598
598
600
603
595
598
592
600
606
590
600
596
605
601
603
597
603
602
598
604
604
599
594
591
601
596
606
593
608
597
596
593
604
597
601
597
601
597
597
607
595
596
608
599
596
610
598
598
601
601
596
598
593
598
603
599
600
603
601
607
602
597
604
596
601
596
609
599
601
590
598
610
593
604
595
609
597
603
602
597
600
605
597
602
592
597
594
602
598
605
604
601
612
604
596
608
600
594
610
597
591
598
609
596
603
599
595
599
604
597
601
596
601
605
604
604
598
589
607
600
601
600
598
594
598
594
593
602
594
595
599
601
596
599
599
605
601
583
604
591
593
593
593
593
594
602
597
605
598
606
605
601
597
607
594
611
607
601
601
594
597
601
597
598
596
597
607
596
595
607
598
598
597
596
600
597
597
610
602
594
605
599
596
604
600
607
598
597
596
602
607
605
597
603
589
601
598
598
603
592
603
601
602
600
596
598
603
589
601
594
603
602
606
599
597
602
597
602
608
598
602
596
598
600
600
603
602
592
595
598
593
598
602
602
609
589
602
599
596
594
599
603
596
601
603
597
596
602
596
594
594
590
596
608
602
601
601
594
596
597
598
603
601
597
593
595
599
595
603
588
603
594
608
598
594
601
601
601
597
603
605
595
603
602
589
598
595
596
599
610
597
603
602
602
603
601
596
602
596
586
601
598
600
596
598
596
607
593
601
593
596
606
604
599
598
601
600
598
601
605
600
600
602
599
603
599
598
598
597
605
600
604
602
599
598
606
608
597
609
601
606
608
600
600
603
600
607
601
607
603
596
597
598
596
602
590
588
597
608
598
596
594
596
593
595
600
601
598
600
605
596
601
600
600
607
602
605
608
602
602
601
601
604
605
593
602
