598
597
597
593
601
606
595
606
599
599
608
608
606
600
606
599
608
614
610
606
597
606
605
603
597
606
591
597
602
598
607
602
598
597
599
592
601
597
602
592
603
602
610
604
606
603
599
602
603
604
600
596
606
605
603
605
599
600
596
595
607
608
604
597
608
596
603
595
604
603
606
600
600
608
593
606
605
610
597
598
603
606
607
598
606
602
601
605
598
592
603
598
608
611
599
602
599
593
604
597
598
602
600
599
595
597
598
603
599
601
594
599
603
603
608
601
601
599
598
600
605
610
603
601
597
599
606
605
599
603
597
604
600
599
605
607
595
596
598
601
599
601
596
602
608
596
607
603
602
605
593
603
600
597
605
605
597
594
600
596
601
600
603
598
599
596
599
596
604
595
600
596
605
607
599
604
601
603
598
602
605
610
594
597
598
588
608
598
592
603
598
595
604
598
599
599
597
609
597
592
599
597
606
595
597
599
601
603
591
600
602
595
598
598
602
594
601
608
595
598
604
601
596
596
598
600
600
606
600
597
604
599
593
588
600
608
601
601
600
596
600
603
593
602
593
594
598
601
596
594
597
597
603
593
599
596
600
603
605
597
604
597
601
606
602
595
599
601
595
605
598
606
601
599
599
608
605
601
595
607
597
602
597
602
603
601
593
597
601
601
599
601
597
597
608
592
593
593
594
598
600
601
599
596
602
605
600
592
596
596
593
607
602
594
604
602
608
600
595
600
606
601
602
605
599
606
601
602
603
598
597
603
599
599
603
594
601
601
601
602
598
601
596
604
603
606
603
600
601
603
597
601
604
602
604
601
610
602
596
603
606
599
605
598
606
598
595
606
603
599
590
598
591
595
601
595
609
601
598
595
600
604
600
595
594
608
598
590
599
599
593
602
594
596
597
595
606
601
598
602
595
603
597
597
596
602
602
606
603
597
592
600
602
602
600
585
597
601
602
596
601
600
611
600
604
599
599
603
608
602
598
598
602
594
603
595
589
593
599
598
591
601
600
602
592
596
601
599
605
597
606
600
596
602
607
601
600
594
595
614
606
599
614
601
601
599
600
609
608
599
606
603
601
602
599
602
603
605
596
599
594
601
595
596
603
598
596
604
599
599
601
597
596
599
599
596
600
600
595
598
603
597
602
606
603
608
601
601
602
597
600
599
601
605
596
600
595
598
599
597
597
603
603
605
598
594
606
604
598
605
603
594
604
602
591
607
593
597
601
596
589
596
597
594
593
596
598
594
604
600
603
603
604
606
605
595
599
596
597
591
598
603
599
599
596
595
599
597
598
600
599
599
599
602
611
593
597
596
606
601
597
603
602
605
600
602
603
599
598
601
607
607
603
605
595
598
601
600
604
608
589
593
601
593
602
595
601
596
600
611
602
602
607
597
601
601
597
597
602
604
600
601
601
593
607
593
599
605
607
599
603
601
597
595
602
598
593
596
599
598
602
602
592
598
605
603
602
604
598
602
599
598
597
610
592
596
604
596
604
595
599
600
607
605
611
599
604
602
593
608
599
600
602
596
601
601
602
598
596
595
605
608
596
602
601
593
598
603
600
588
597
597
603
597
605
597
601
603
599
591
601
600
596
597
602
598
606
600
597
600
599
603
598
604
598
603
597
588
593
600
604
607
591
608
599
607
599
606
601
601
601
610
605
597
602
605
613
603
607
604
603
603
597
603
597
597
598
591
598
598
604
602
597
593
593
593
597
595
598
595
594
596
601
598
597
587
597
602
599
610
596
606
593
604
596
604
598
607
606
603
604
604
605
602
600
603
599
603
605
607
604
602
599
597
594
600
598
598
603
604
600
595
596
601
606
602
602
598
599
604
593
602
596
588
601
594
602
602
596
597
594
604
599
601
600
604
599
596
610
599
598
602
601
607
600
603
610
599
599
602
601
594
598
599
598
600
601
603
603
600
598
604
595
597
603
606
611
598
596
594
601
597
606
601
603
600
595
598
603
591
594
596
603
604
591
601
605
605
599
602
599
602
603
598
598
600
601
602
603
598
603
597
593
602
603
607
607
606
599
602
602
606
600
587
595
602
592
596
601
597
598
606
603
605
603
599
603
598
604
605
608
596
606
603
602
601
600
601
601
601
599
598
594
603
603
604
597
610
603
598
601
604
607
601
605
602
598
603
605
604
599
597
596
600
596
601
603
602
604
591
606
604
598
606
597
605
601
599
596
601
597
602
601
598
601
602
598
596
600
597
603
601
603
601
599
602
601
593
595
598
600
597
595
602
596
597
596
595
598
606
596
609
600
607
611
594
599
605
601
606
602
602
606
604
594
599
600
599
606
598
601
594
595
606
602
596
600
602
602
603
599
594
601
601
606
604
602
604
603
592
605
606
605
604
596
599
596
602
595
607
603
608
603
597
596
605
600
598
594
596
600
597
601
603
607
602
603
599
599
590
607
602
605
608
598
589
602
603
601
601
605
592
602
600
603
596
594
595
601
607
604
602
604
596
595
602
596
599
603
590
592
591
600
600
603
594
603
594
599
597
604
603
596
601
602
594
600
597
592
607
607
601
597
602
595
600
596
590
594
607
612
596
604
604
596
605
599
599
607
598
602
596
605
597
596
603
602
601
607
603
597
600
592
605
602
601
599
605
605
607
606
596
602
600
600
600
600
607
596
605
607
603
594
603
602
594
604
604
597
601
597
601
594
598
596
601
598
589
613
588
601
599
599
593
600
596
607
607
603
604
598
598
610
604
595
593
605
597
599
597
601
597
598
601
587
594
597
602
595
604
601
595
603
592
604
600
603
602
595
597
599
598
599
594
595
602
602
602
607
600
602
603
607
594
591
607
603
597
597
597
608
594
592
598
597
600
597
602
598
604
599
602
596
606
604
605
597
616
597
597
605
600
610
601
605
594
598
606
595
604
592
604
603
593
604
606
601
597
603
596
596
601
597
601
608
597
612
600
605
601
606
599
602
600
602
594
599
606
600
594
609
600
596
598
599
605
601
609
598
610
603
603
599
597
598
596
606
599
598
599
606
595
597
597
599
601
605
596
598
606
