602
602
606
604
607
607
593
604
607
593
597
596
600
599
603
595
604
603
603
611
599
606
601
600
599
591
613
603
606
604
610
607
599
601
604
600
604
611
604
605
598
600
610
598
596
611
603
607
617
606
598
605
603
602
606
604
601
594
595
602
597
597
606
604
610
602
597
600
607
601
599
599
602
598
596
604
595
602
603
593
605
602
601
587
600
603
601
603
606
606
607
601
605
607
598
601
606
603
596
600
597
609
604
601
610
601
604
604
589
604
606
602
601
597
605
598
598
589
603
600
608
597
602
598
600
604
597
601
604
605
598
598
596
601
600
595
602
599
592
605
603
598
597
602
604
597
610
598
596
597
600
599
600
599
601
599
598
606
596
600
603
597
597
599
600
601
596
597
601
600
597
604
600
597
606
606
606
607
597
596
595
597
602
606
597
606
611
594
606
602
596
593
601
597
593
597
605
595
600
606
600
597
598
603
603
598
600
603
607
600
597
601
608
607
597
598
603
605
593
602
600
607
599
593
598
602
594
595
599
600
597
598
596
605
602
598
606
601
606
598
603
597
600
604
593
612
599
605
600
601
606
608
601
600
596
594
598
596
594
604
602
603
594
595
603
596
590
598
609
601
605
594
605
601
602
603
602
602
603
601
611
598
610
602
609
603
593
605
602
607
593
592
607
608
601
609
604
594
600
604
593
614
602
601
612
607
601
611
605
606
609
601
602
610
601
607
615
595
597
612
602
604
601
611
601
598
607
603
593
610
603
603
606
601
610
601
611
615
606
611
612
612
606
606
606
611
602
607
607
617
614
617
611
621
614
624
614
610
626
609
611
618
610
608
615
617
620
619
626
626
619
625
622
614
627
624
633
626
624
630
629
625
635
631
630
634
630
642
633
631
650
664
635
660
666
675
651
667
674
655
659
695
680
691
668
691
689
694
688
675
688
718
752
724
762
741
726
755
751
757
753
765
793
801
810
775
827
825
830
824
842
863
904
871
928
860
923
926
948
1007
956
982
1019
1009
1014
1011
1077
1037
1164
1111
1131
1031
1143
1183
1183
1199
1220
1264
1268
1265
1303
1302
1370
1379
1404
1362
1311
1336
1373
1378
1443
1459
1379
1458
1456
1569
1569
1530
1528
1579
1494
1545
1521
1580
1537
1541
1533
1555
1605
1577
1548
1478
1545
1555
1532
1555
1633
1469
1568
1559
1557
1497
1622
1513
1462
1549
1534
1463
1440
1432
1477
1477
1432
1405
1363
1374
1339
1314
1337
1289
1337
1327
1306
1309
1322
1237
1252
1230
1165
1228
1167
1160
1188
1161
1144
1184
1107
1109
1101
1069
1048
1105
1051
1057
1089
1017
1041
1073
1046
1024
1010
1008
985
959
1015
964
991
926
956
906
948
976
941
929
933
895
929
912
909
914
909
876
906
863
882
885
883
874
831
874
872
871
828
848
840
826
852
818
797
813
842
818
827
814
812
849
792
818
778
774
757
784
787
792
819
778
718
783
783
760
820
788
797
751
757
767
743
737
744
747
735
742
745
750
759
739
722
754
712
720
742
715
731
706
743
718
705
741
713
698
706
710
729
701
729
705
704
711
699
697
714
684
704
693
701
682
676
683
674
697
683
711
691
683
671
666
669
674
684
665
656
685
677
683
679
648
657
657
660
641
666
650
667
671
654
665
656
655
652
664
647
659
663
670
657
646
639
647
651
642
649
655
643
655
636
643
657
642
639
652
646
674
631
639
648
644
647
645
639
647
645
635
633
636
637
623
647
635
628
634
629
645
640
636
627
639
619
617
618
642
625
623
627
629
629
620
627
621
621
624
634
630
624
626
635
621
622
625
627
638
620
621
613
623
632
611
638
626
624
611
625
630
620
625
615
610
627
615
612
619
622
614
613
620
601
617
610
635
611
626
611
627
619
618
613
612
616
610
608
620
616
617
607
610
604
615
616
613
615
612
612
616
619
619
618
607
615
607
606
610
610
614
621
607
619
621
613
625
609
602
621
619
606
613
616
603
614
609
622
614
604
609
607
605
593
610
606
605
599
605
593
619
603
602
601
612
601
607
610
605
611
605
596
612
606
611
612
605
611
606
603
609
620
617
613
607
616
606
614
617
614
605
607
605
606
605
608
609
603
599
604
599
603
601
604
611
613
610
603
614
601
597
605
611
611
599
601
598
607
605
604
604
610
612
603
608
605
602
613
603
604
602
618
602
601
601
609
617
602
597
592
607
600
600
606
610
614
605
591
604
601
601
597
613
612
600
604
601
597
606
599
594
610
606
607
606
605
599
602
601
598
599
598
604
597
611
609
589
600
606
596
604
614
602
600
608
605
604
610
598
607
608
605
602
606
599
602
598
609
604
601
603
609
602
604
603
598
608
600
607
603
600
601
603
597
596
606
601
607
601
606
595
602
608
608
599
607
605
596
601
604
607
602
605
600
607
604
599
596
600
614
605
609
597
608
600
597
602
610
599
593
602
606
603
596
608
602
603
599
600
602
607
600
608
603
603
597
599
597
598
607
595
598
596
593
604
594
586
598
598
605
602
597
593
608
603
605
600
600
609
599
599
595
597
603
615
610
593
606
610
607
603
605
595
606
603
595
601
606
611
608
592
600
602
595
599
592
617
609
594
601
600
601
591
595
601
612
605
597
601
607
604
595
602
597
598
603
609
607
594
599
602
604
599
594
604
596
598
604
601
595
606
602
609
603
595
595
611
604
602
594
593
597
603
602
596
594
602
600
599
614
604
601
595
602
592
603
597
597
603
599
599
608
603
602
607
604
600
598
606
604
601
606
593
605
598
602
603
606
605
599
606
604
604
603
598
602
594
602
596
601
600
608
606
602
600
596
607
606
609
601
595
606
605
598
602
604
600
609
597
607
595
600
602
607
602
600
591
602
606
604
600
603
604
599
603
599
602
603
602
596
602
592
597
600
596
608
606
597
604
607
592
603
599
602
593
607
602
595
605
600
597
595
604
610
607
598
599
599
608
599
605
602
594
595
603
604
612
597
600
598
600
603
606
595
607
607
590
593
602
595
607
591
603
597
591
600
599
595
602
594
607
600
597
596
602
597
598
604
603
599
600
608
603
600
600
602
605
601
596
599
602
604
599
608
600
605
598
603
603
606
593
602
594
596
598
601
606
600
611
