604
606
605
609
603
606
598
614
611
605
606
603
592
618
608
606
607
599
606
604
602
613
601
614
614
621
619
613
607
619
621
619
611
619
623
614
623
607
611
603
600
605
605
615
622
618
627
621
616
610
609
596
608
604
598
606
606
599
606
605
604
602
605
608
606
613
596
598
608
603
600
605
603
603
597
599
607
603
604
600
607
604
607
615
609
608
603
608
606
604
606
597
604
613
606
606
600
600
608
599
604
594
599
600
600
605
601
604
605
600
611
602
603
597
601
601
598
603
601
598
603
602
605
607
600
605
599
594
601
603
599
609
601
595
601
599
598
609
600
596
602
601
612
605
602
599
602
602
604
607
603
607
602
603
603
605
602
611
603
611
609
604
596
607
603
599
599
605
603
605
606
607
594
596
610
602
601
600
603
602
608
600
606
600
595
594
608
604
603
605
603
611
597
604
601
600
603
602
598
610
601
602
602
598
612
607
599
602
601
609
606
605
603
610
605
612
612
596
605
607
604
604
602
603
610
614
599
603
608
600
609
593
601
605
594
596
612
610
594
603
610
607
598
595
608
598
606
608
601
612
609
601
611
615
607
601
604
613
611
600
606
601
597
609
601
596
609
611
598
604
609
608
610
611
604
606
603
614
609
611
603
604
609
601
608
612
606
617
611
622
608
611
610
608
602
610
607
608
616
610
602
615
605
615
614
607
613
612
611
620
607
623
603
616
608
613
613
620
626
614
612
611
613
607
618
615
618
609
622
621
621
615
619
618
615
615
621
638
630
634
618
638
624
631
627
619
630
635
622
624
630
626
635
643
646
632
624
641
652
663
657
664
666
650
684
655
675
656
677
694
702
680
684
716
696
706
724
702
714
703
706
722
740
732
733
753
738
784
743
767
777
763
786
843
822
852
824
796
849
846
845
898
908
899
903
917
953
907
974
991
1036
1031
1037
1087
1068
1133
1112
1156
1171
1161
1260
1237
1214
1321
1332
1407
1318
1446
1446
1479
1518
1565
1648
1639
1717
1712
1802
1751
1875
1932
2020
2074
2100
2063
2183
2196
2229
2364
2392
2396
2517
2568
2574
2674
2812
2835
2988
3039
3155
3051
3207
3175
3220
3254
3354
3323
3436
3476
3523
3550
3755
3716
3703
3758
3840
3830
4020
3938
3926
4119
4077
4161
4251
4177
4250
4224
4162
4188
4279
4150
4258
4197
4123
4103
4128
4188
4208
4220
4123
4065
4141
3981
4096
3943
3959
3865
3810
3822
3696
3835
3728
3681
3682
3624
3576
3533
3357
3472
3427
3347
3360
3263
3110
3219
3054
3044
2993
2977
3034
2853
2834
2831
2771
2624
2561
2675
2593
2642
2498
2482
2402
2506
2448
2410
2313
2267
2280
2307
2135
2194
2118
2086
1995
2180
2023
2054
1908
1912
1894
1986
1898
1844
1823
1780
1765
1860
1800
1830
1725
1706
1678
1704
1641
1696
1621
1613
1650
1599
1611
1531
1535
1486
1559
1517
1520
1561
1495
1454
1388
1527
1410
1455
1428
1529
1411
1341
1374
1385
1331
1352
1317
1338
1340
1336
1215
1240
1336
1261
1270
1188
1262
1200
1204
1226
1189
1227
1144
1149
1206
1140
1143
1131
1094
1146
1114
1127
1067
1065
1084
1046
1141
1043
1064
1062
1088
1079
1040
1005
1040
1027
1064
1037
991
1020
1017
985
1004
937
984
964
960
921
1000
977
948
938
917
915
887
966
969
913
951
861
904
925
896
874
866
888
874
864
854
832
814
882
806
849
863
877
849
845
835
820
807
857
809
826
834
827
822
826
802
802
781
800
798
797
799
778
780
779
800
792
784
786
788
761
763
772
768
752
740
748
771
763
723
738
740
751
740
756
721
743
727
724
729
731
769
715
719
724
712
699
715
721
697
730
705
724
707
703
700
690
719
693
710
691
713
691
695
692
698
690
678
678
686
671
685
704
688
674
680
674
677
667
680
659
665
674
693
677
671
680
658
649
674
660
684
677
679
680
660
652
662
675
661
651
696
648
660
651
657
670
658
679
660
658
649
667
641
669
664
663
656
660
657
644
659
661
670
663
647
644
635
649
636
662
650
636
641
659
665
631
659
637
649
637
654
631
630
623
652
650
648
642
637
649
630
644
638
621
634
646
650
644
639
633
636
643
621
642
639
628
635
638
638
635
637
646
640
625
642
626
632
628
617
631
628
613
622
632
627
628
622
631
616
637
631
618
618
614
630
627
623
627
621
627
625
624
619
614
628
640
614
623
624
631
612
629
619
612
615
620
622
616
614
623
617
616
629
621
637
626
609
613
625
620
615
620
610
616
617
620
619
619
615
609
615
620
625
628
623
622
616
616
612
619
613
614
625
605
617
611
615
626
617
621
615
620
614
623
622
624
620
620
620
610
627
605
611
604
605
609
604
602
616
609
619
601
610
606
608
613
613
614
614
612
614
612
602
599
601
613
620
607
600
609
619
628
621
614
623
612
599
610
603
606
614
621
620
606
609
607
611
605
612
617
607
620
616
602
619
605
617
616
596
609
602
606
601
603
601
618
611
608
615
600
608
607
605
607
603
613
594
616
604
620
611
609
605
603
604
611
617
613
606
612
612
610
605
612
607
604
600
607
603
609
611
599
613
612
597
605
602
613
607
614
615
605
605
602
605
615
606
607
614
605
599
605
595
615
614
617
612
606
609
608
612
599
612
610
610
600
605
606
607
605
602
608
605
605
605
609
610
603
605
604
601
599
613
599
596
604
608
614
607
601
590
600
599
612
606
611
603
608
606
609
600
604
611
599
601
602
600
605
604
601
608
607
602
611
597
603
599
610
602
603
590
608
610
599
597
594
603
604
602
601
606
620
604
601
601
599
605
606
602
608
602
610
603
592
601
607
602
601
593
599
604
614
603
600
602
606
601
609
601
606
607
600
601
606
606
599
600
605
602
602
597
599
598
599
589
606
590
597
598
600
579
600
600
604
599
600
592
594
601
600
602
597
603
599
602
600
588
603
606
605
598
603
601
596
597
595
605
605
596
604
607
597
610
607
595
604
603
607
605
599
597
610
606
611
593
604
609
603
590
591
607
603
592
602
593
595
595
602
597
596
602
602
604
597
610
607
606
602
597
608
600
608
596
601
602
609
603
605
598
605
607
600
601
600
597
602
595
606
596
603
605
605
608
597
601
602
591
599
592
602
596
604
594
601
606
598
603
603
596
606
597
598
598
602
593
591
609
598
600
603
604
600
598
607
606
600
598
604
601
593
604
591
