608
607
605
615
619
613
607
608
605
608
606
611
608
608
605
605
605
610
597
620
603
614
607
603
611
613
618
613
613
632
619
642
620
607
610
619
606
615
601
612
611
611
608
611
619
620
615
611
617
614
613
624
608
605
619
607
608
609
608
606
601
602
610
599
616
604
609
605
602
603
604
598
595
607
599
607
612
600
595
605
609
606
603
605
610
603
600
609
611
604
601
597
604
605
607
613
604
611
607
608
604
599
599
606
607
599
601
595
606
611
609
610
606
609
605
595
613
602
608
608
612
604
604
598
606
602
603
610
606
593
609
601
603
610
607
603
602
605
609
611
607
612
602
612
606
606
602
606
609
615
610
609
606
598
605
600
602
600
603
609
594
604
604
599
610
611
598
606
602
591
611
602
612
604
597
600
601
604
605
603
605
611
604
611
600
604
612
603
604
604
611
594
601
612
603
597
607
607
604
603
619
604
604
604
612
606
611
603
605
611
616
610
607
601
601
597
608
620
604
605
606
610
595
604
601
604
606
612
600
603
603
599
598
600
610
603
599
615
607
600
612
605
608
605
602
608
620
607
606
609
609
603
598
610
614
608
597
604
600
599
605
604
602
606
604
607
618
609
620
618
614
605
613
608
613
614
612
605
620
602
617
597
619
603
607
598
608
625
613
607
608
609
616
621
611
612
613
627
612
611
614
609
606
606
607
621
609
605
614
614
610
620
630
627
623
617
622
628
609
629
624
611
619
630
618
631
625
622
612
638
623
614
615
639
620
628
633
637
622
619
634
654
632
637
651
647
657
636
640
648
651
632
643
644
657
681
679
671
672
660
679
667
674
662
692
656
677
682
726
690
689
691
711
743
709
718
724
732
742
741
751
766
783
795
799
779
782
785
812
808
825
836
819
870
860
912
917
893
893
918
957
986
994
955
1026
957
1032
981
1058
1091
1112
1142
1204
1255
1149
1221
1217
1291
1314
1339
1488
1420
1469
1415
1452
1536
1607
1667
1690
1668
1688
1846
1830
1913
2023
2060
2156
2097
2253
2384
2331
2356
2444
2492
2557
2663
2719
2747
2768
2888
2978
3074
3093
3250
3390
3412
3475
3722
3646
3735
3860
3937
3935
4051
4072
4168
4106
4263
4143
4307
4302
4460
4543
4516
4614
4710
4699
4723
4833
4872
4774
4955
4879
4850
5045
5024
4889
4977
5014
4929
4878
5007
5084
4916
4807
4963
4998
4860
5061
4895
4812
4858
4755
4730
4815
4680
4696
4571
4686
4461
4355
4407
4296
4279
4328
4134
4270
4191
4068
3999
3926
3995
3939
3801
3637
3690
3664
3589
3556
3527
3351
3195
3309
3243
3287
3168
3073
3070
3012
2944
2999
2927
2988
2899
2810
2859
2753
2676
2583
2539
2542
2458
2480
2404
2441
2440
2398
2460
2395
2280
2324
2224
2254
2197
2176
2173
2120
2162
2111
2045
2060
2149
2012
2001
1977
1948
1900
1922
1899
1826
1854
1904
1865
1779
1800
1709
1759
1794
1783
1810
1785
1685
1681
1721
1735
1682
1631
1657
1556
1561
1581
1540
1520
1588
1513
1502
1501
1510
1548
1516
1426
1420
1439
1434
1495
1418
1373
1416
1361
1362
1396
1351
1339
1362
1327
1301
1290
1270
1294
1314
1251
1293
1239
1226
1242
1216
1151
1209
1177
1186
1170
1138
1109
1156
1130
1131
1148
1107
1126
1119
1096
1089
1073
1093
1065
1100
1073
1047
1047
1040
1034
991
1028
984
980
1008
983
982
984
979
956
965
1002
935
951
993
933
944
913
935
916
955
917
886
901
915
939
921
923
878
898
850
878
878
875
874
845
854
874
835
848
810
839
853
838
832
854
832
823
803
802
837
795
826
778
817
828
783
821
767
786
792
751
784
770
755
764
757
784
783
763
748
750
775
761
761
760
735
770
739
758
732
745
740
767
751
726
724
693
746
712
737
732
715
717
758
730
706
744
746
705
737
724
703
726
714
690
722
678
699
694
689
704
691
686
704
700
691
688
709
669
699
689
673
696
702
695
668
681
684
708
698
657
685
682
657
681
674
673
689
697
672
674
681
638
665
652
668
672
666
647
664
676
651
674
669
667
682
676
646
654
668
644
651
653
661
642
652
653
644
663
655
652
664
641
646
648
652
646
658
650
638
654
654
641
639
653
658
639
641
645
623
642
634
646
652
637
636
629
646
638
642
644
641
638
630
632
635
650
640
633
649
657
644
644
632
633
635
639
635
629
614
634
648
627
620
651
632
624
628
642
639
641
647
635
629
625
635
638
632
639
631
628
631
618
615
644
630
620
629
624
621
614
621
635
632
627
639
620
625
615
638
638
622
617
620
633
622
621
627
623
620
612
614
624
616
618
626
616
617
613
617
620
620
624
620
625
626
627
619
640
613
606
633
629
620
613
618
628
617
619
609
628
620
620
625
616
623
606
614
610
609
612
609
625
621
612
616
607
603
607
618
602
612
603
610
615
613
616
618
617
613
615
615
621
615
621
606
618
615
611
626
618
611
607
620
613
614
610
627
620
606
615
615
610
615
608
611
610
616
624
615
617
617
618
617
608
611
619
610
610
607
592
614
603
618
612
612
619
613
607
607
611
608
609
613
608
609
612
617
620
607
615
605
609
613
626
608
608
618
603
606
608
604
611
614
622
622
615
613
608
614
612
610
613
609
603
608
613
606
610
613
613
608
614
608
607
598
597
612
611
604
611
603
614
614
600
598
607
605
608
599
605
611
613
606
616
601
606
600
610
602
611
612
609
603
604
606
605
614
606
601
598
612
610
603
606
608
607
607
604
605
606
605
600
607
602
601
614
608
598
609
607
610
607
611
604
604
596
605
607
605
603
601
601
604
595
601
599
603
608
602
601
599
602
605
603
598
601
597
594
616
601
601
599
607
600
597
597
597
602
602
594
599
602
604
607
601
597
602
607
605
598
591
603
604
597
598
601
593
605
595
599
602
599
610
605
607
599
593
605
603
606
602
594
601
601
616
602
601
599
609
595
607
602
599
610
599
600
603
602
608
596
599
605
596
606
603
594
594
602
605
601
603
598
596
599
606
602
604
606
597
613
606
603
604
599
603
601
607
598
598
604
600
599
592
598
596
602
605
599
601
603
604
604
601
602
597
598
600
600
601
594
602
596
604
597
606
606
597
606
600
597
612
608
600
605
606
597
601
594
597
607
602
600
594
602
598
603
593
593
601
592
597
598
594
599
592
590
598
598
598
593
605
597
598
608
606
597
603
610
602
597
606
606
605
601
607
602
601
