603
615
602
607
605
610
597
610
616
606
609
603
605
612
609
600
604
608
604
605
602
603
604
615
619
622
614
629
634
644
625
620
634
639
610
622
609
616
604
618
611
605
611
627
627
624
626
619
621
608
599
618
606
607
614
606
604
604
615
605
602
600
614
603
592
606
607
606
601
608
604
600
614
606
604
600
614
602
607
606
607
604
594
595
604
605
604
597
597
600
607
612
614
598
615
607
619
608
608
609
594
607
599
617
608
608
603
604
603
610
608
609
606
600
610
595
605
608
606
600
604
598
603
612
610
596
606
610
602
602
605
602
605
606
599
603
594
603
601
605
599
599
605
600
605
595
609
599
610
597
608
602
607
607
603
601
604
604
601
600
605
596
605
603
605
600
605
593
611
601
598
604
604
613
606
601
608
605
603
604
600
608
603
613
618
609
610
589
608
614
610
601
614
604
602
605
611
601
602
608
599
602
603
603
604
613
600
610
604
600
598
610
598
606
602
604
609
601
601
597
602
598
603
610
598
607
609
606
601
609
616
612
607
602
597
603
615
608
606
606
610
606
602
606
622
610
608
609
612
611
607
619
615
610
611
611
598
600
601
605
608
603
609
607
611
610
606
604
603
615
596
601
612
606
618
602
606
600
616
595
611
611
605
612
611
615
616
608
605
614
611
617
603
599
624
613
603
611
613
605
608
612
605
621
611
617
614
621
620
618
623
612
613
609
617
619
626
623
621
618
630
644
636
627
634
622
630
613
631
621
625
622
623
637
629
632
637
644
638
655
634
657
661
647
646
640
634
670
631
664
654
670
681
691
641
659
672
672
683
688
677
690
704
687
715
714
701
740
699
710
730
731
722
715
747
750
778
760
777
773
812
804
812
824
820
806
856
846
843
871
887
911
873
914
957
923
977
993
1023
1037
1044
1080
1086
1142
1064
1085
1110
1165
1191
1214
1248
1293
1341
1311
1371
1433
1423
1462
1470
1517
1555
1621
1676
1741
1770
1802
1903
1891
1932
2095
2054
2132
2246
2253
2424
2369
2520
2622
2630
2798
2847
2873
2995
3023
3175
3236
3473
3295
3440
3590
3705
3766
3867
4040
3931
4073
4215
4418
4430
4563
4698
4704
4867
4856
4976
5301
5087
5115
5217
5309
5383
5408
5711
5589
5571
5824
5881
5945
5931
6002
5935
6002
6022
6054
6178
5926
6134
6095
6044
6074
6087
6110
6061
6126
6223
6042
5966
6219
6045
6116
6069
5980
6022
5865
5876
5759
5755
5691
5522
5592
5451
5296
5367
5159
5313
5261
5216
5017
4920
4877
4993
4863
4719
4647
4328
4516
4433
4320
4315
4185
4222
4172
3948
4097
3926
3747
3737
3727
3723
3560
3706
3472
3413
3549
3504
3270
3317
3133
3129
3088
3156
2971
3004
2972
2942
2876
2868
2759
2784
2776
2741
2707
2761
2648
2605
2648
2551
2597
2583
2451
2579
2480
2338
2457
2301
2276
2259
2324
2282
2268
2164
2161
2153
2175
2109
2169
2173
2129
2125
2004
2131
2026
2019
1884
1924
1900
1886
1850
1887
1859
1886
1844
1814
1822
1733
1754
1800
1694
1744
1717
1703
1721
1605
1707
1636
1606
1607
1614
1533
1575
1557
1489
1513
1578
1533
1547
1510
1453
1471
1451
1446
1435
1410
1408
1396
1437
1379
1385
1417
1335
1362
1341
1359
1347
1291
1265
1246
1213
1240
1224
1248
1225
1176
1154
1157
1189
1157
1178
1176
1148
1123
1104
1109
1143
1077
1115
1087
1088
1063
1057
1107
1048
1052
1046
1011
1050
1034
1024
1031
1038
977
980
915
981
938
1038
970
967
932
985
964
949
950
950
934
948
946
906
900
920
890
875
902
902
891
908
884
856
892
847
863
892
864
883
831
845
852
843
841
831
827
827
831
806
835
837
801
814
845
799
827
821
818
801
791
786
781
812
809
808
773
807
775
785
781
755
744
781
779
749
776
770
768
767
734
740
746
740
750
738
741
747
728
749
733
732
711
713
741
734
755
750
730
725
722
731
703
729
721
719
715
704
714
733
715
709
716
698
716
703
688
704
667
689
684
692
701
672
692
691
695
693
670
706
698
675
684
689
692
700
687
690
693
697
673
690
666
676
706
703
673
685
673
690
665
677
667
679
661
691
682
688
675
672
655
701
631
672
674
652
671
671
655
674
662
667
647
655
661
653
645
656
660
665
653
653
668
646
661
649
651
641
653
653
647
640
673
647
645
654
634
649
629
648
646
651
639
639
645
635
635
640
642
663
645
645
647
651
634
639
630
640
635
640
632
640
629
651
621
636
628
630
628
619
639
641
635
620
638
640
628
634
631
636
640
626
636
638
633
631
630
618
618
624
618
625
641
623
614
629
614
616
636
622
632
627
618
636
627
622
624
634
630
619
612
617
611
613
622
605
628
625
609
638
627
614
626
628
628
619
623
617
631
629
628
617
617
609
628
619
605
614
624
620
620
617
621
615
621
620
616
619
607
611
611
613
616
618
613
617
617
614
617
607
616
619
607
624
611
620
614
626
610
605
611
609
619
614
623
624
621
620
601
610
612
626
605
613
614
619
611
618
607
607
609
619
629
603
613
622
610
620
619
609
619
616
608
614
620
601
622
628
605
614
614
614
621
600
617
609
604
611
601
607
607
614
601
610
616
617
608
611
612
619
595
616
605
603
594
604
616
610
605
611
598
608
611
612
607
615
610
610
606
609
614
612
613
603
616
594
610
610
598
601
612
605
605
613
609
605
602
608
611
602
607
609
599
604
609
605
611
615
604
611
609
609
598
605
604
609
610
604
610
608
604
605
601
605
604
590
604
605
607
603
603
615
605
609
602
610
605
606
610
605
601
606
610
610
598
596
606
597
600
598
606
598
616
600
610
599
607
599
606
601
595
603
596
602
599
613
604
601
609
598
600
607
605
603
600
604
595
599
609
609
606
600
608
605
597
609
609
604
605
603
604
602
607
595
603
602
600
602
604
600
598
607
599
598
600
614
598
609
600
606
604
602
614
602
600
602
599
597
597
604
603
610
604
595
600
592
599
601
604
593
607
599
601
606
594
599
602
588
601
601
606
608
600
606
600
595
602
599
602
610
604
595
598
597
607
602
602
605
608
592
589
600
602
603
596
597
603
597
595
592
605
602
597
598
603
603
598
597
604
599
607
597
597
604
595
595
603
596
596
605
599
600
595
600
603
597
596
604
597
598
600
602
591
602
604
595
596
595
602
595
600
599
599
599
599
597
604
596
594
593
605
598
600
605
599
604
602
605
602
605
592
604
601
598
604
602
