602
605
610
607
608
609
605
606
614
607
608
611
609
611
601
609
602
608
607
602
595
610
619
613
610
617
617
632
625
620
613
621
628
614
617
616
613
608
617
612
619
607
611
604
613
612
609
613
624
618
611
603
606
602
607
609
606
600
606
603
602
601
603
604
608
603
616
602
603
605
603
603
597
600
600
607
613
598
603
599
607
600
610
610
607
603
604
601
606
604
617
612
602
619
612
607
603
594
604
613
616
604
604
598
606
615
605
604
597
600
606
614
604
609
605
611
604
605
607
610
606
601
603
604
607
598
605
598
609
595
604
603
606
609
607
603
615
602
606
603
605
609
599
604
605
607
603
601
596
601
604
601
597
604
604
596
603
607
604
595
599
598
600
603
600
610
602
604
594
610
603
601
604
596
610
604
605
612
610
606
614
601
606
602
614
606
599
604
606
606
595
598
604
601
598
607
598
605
603
597
614
611
608
613
606
596
604
606
608
605
611
608
615
601
606
614
601
613
606
614
606
613
605
612
611
606
601
603
604
601
597
613
603
600
603
612
615
601
609
606
612
610
608
608
604
601
615
616
611
607
601
607
596
602
602
611
605
607
610
605
596
617
603
613
610
616
607
614
615
608
610
606
603
606
609
609
604
608
611
600
617
599
611
615
604
619
608
611
614
607
615
618
616
614
601
617
604
614
619
612
627
617
622
622
618
615
617
606
628
615
613
622
619
622
629
614
610
617
619
617
611
624
622
609
633
642
622
631
631
648
643
634
632
634
630
650
653
638
651
633
650
646
641
641
666
657
652
657
672
664
665
669
672
656
670
657
682
685
677
686
661
697
666
708
723
694
718
733
727
721
750
716
723
751
759
733
787
781
783
798
782
806
829
830
805
839
875
886
908
941
915
905
919
951
949
966
1030
968
995
1059
1074
1073
1120
1106
1110
1158
1141
1171
1213
1302
1279
1336
1372
1379
1418
1480
1461
1523
1635
1610
1689
1670
1738
1795
1843
1886
1923
2009
2072
2100
2215
2199
2303
2384
2486
2561
2616
2595
2719
2934
3020
3078
3126
3286
3051
3332
3488
3506
3605
3721
3845
3906
4020
4171
4256
4420
4619
4733
4878
4933
4818
5183
5204
5264
5129
5384
5355
5596
5600
5681
5786
5809
6030
5971
6091
6108
6348
6448
6268
6533
6564
6470
6624
6576
6759
6585
6742
6608
6836
6764
6761
6813
6695
6669
6608
6618
6618
6838
6515
6632
6541
6578
6405
6380
6508
6286
6158
6164
6183
6051
5968
5817
5937
5809
5719
5626
5569
5409
5428
5473
5392
5216
5129
4947
4911
4847
4798
4758
4666
4520
4485
4334
4354
4251
4162
4066
4141
4090
3969
3823
3840
3855
3750
3610
3756
3590
3522
3421
3309
3300
3225
3180
3158
3158
3121
3112
3025
3021
3082
2958
2909
2824
2869
2699
2706
2660
2693
2679
2564
2572
2527
2620
2557
2416
2358
2324
2423
2230
2334
2241
2255
2288
2205
2203
2230
2188
2144
2095
2110
2092
2107
2086
2077
1966
2165
1926
1935
1957
1916
1944
1921
1876
1805
1839
1762
1779
1730
1700
1736
1815
1707
1746
1726
1641
1637
1635
1623
1623
1582
1599
1612
1486
1532
1525
1482
1449
1538
1476
1467
1426
1429
1451
1438
1440
1400
1421
1329
1375
1338
1394
1397
1317
1347
1324
1319
1317
1343
1242
1249
1174
1220
1233
1235
1227
1221
1246
1183
1190
1115
1233
1153
1181
1127
1151
1157
1136
1110
1113
1044
1117
1079
1064
1055
1064
1060
1029
1090
1053
1031
1007
1019
1000
1023
1017
999
935
957
987
995
958
950
935
994
980
947
958
922
935
940
937
914
883
915
915
898
898
894
880
852
842
869
874
859
884
845
872
827
872
834
855
846
818
856
809
842
842
835
833
829
804
823
769
788
784
791
836
789
780
814
819
778
827
774
750
805
795
744
788
769
772
797
762
790
765
786
762
751
732
738
759
748
740
753
728
752
763
743
752
761
750
731
733
722
730
698
714
730
753
728
722
715
729
716
737
714
711
736
734
716
711
708
716
718
698
705
705
708
698
698
705
699
711
679
690
684
692
667
693
686
688
681
686
669
672
702
689
673
688
671
708
675
703
682
677
682
658
673
672
674
686
655
682
670
682
676
667
676
664
664
662
665
660
660
647
663
655
664
666
670
663
663
674
665
648
654
661
655
633
635
664
676
670
640
639
658
649
649
662
653
637
650
643
650
652
645
654
661
652
657
638
631
644
652
628
631
636
639
650
647
658
634
647
631
635
645
645
656
634
647
620
631
629
631
632
636
618
640
632
632
637
640
634
637
639
630
634
627
638
628
626
625
639
630
634
618
626
635
638
620
623
615
629
609
633
632
634
628
624
634
636
619
636
624
619
620
622
619
611
618
618
632
627
625
620
616
628
612
620
626
613
620
617
611
625
638
626
628
619
614
619
633
618
631
620
618
631
623
612
617
628
630
614
622
620
619
615
613
609
615
613
611
623
622
607
613
621
604
618
618
608
612
617
620
618
611
631
623
621
630
607
617
608
618
617
602
607
610
618
616
617
611
613
613
629
609
610
612
612
611
619
619
610
602
611
621
616
618
617
611
606
623
615
618
603
616
612
619
616
608
609
604
614
611
611
609
607
620
598
609
609
612
600
614
609
612
615
615
611
610
609
611
617
609
605
610
597
618
598
611
612
612
607
601
605
604
602
611
609
607
611
610
612
617
612
605
612
610
607
602
594
612
606
609
605
603
607
600
609
603
600
610
615
604
606
601
611
605
607
596
594
599
611
610
601
608
613
608
606
610
612
609
604
597
604
609
607
603
605
610
604
617
609
598
603
603
605
607
600
609
612
609
599
602
598
610
612
601
602
607
598
614
611
611
606
595
605
608
610
603
600
600
603
596
603
603
603
598
604
597
596
609
602
603
612
615
606
606
601
606
605
600
600
594
600
597
606
605
604
601
602
595
593
606
593
594
606
600
603
604
607
598
600
601
597
603
600
605
599
601
599
592
604
600
595
601
597
591
597
600
606
598
593
591
600
602
596
601
600
598
597
609
602
598
603
604
608
604
607
602
601
596
602
604
602
593
602
608
600
600
601
602
605
598
607
605
595
600
596
601
607
607
595
594
607
591
602
599
597
605
605
597
602
593
596
602
595
599
593
602
596
602
610
596
598
599
592
599
597
598
604
609
595
600
601
602
600
611
595
601
596
601
598
604
602
605
603
605
602
601
615
598
597
597
602
604
596
599
600
589
592
599
595
593
603
605
598
604
601
598
593
