610
616
616
597
609
611
604
609
607
612
613
606
610
607
608
617
609
605
614
616
616
608
614
619
610
617
614
619
616
630
621
624
632
617
611
610
615
614
606
602
612
603
617
626
634
631
609
619
630
615
610
610
613
604
601
612
606
606
598
596
607
604
609
603
604
606
609
609
603
606
604
601
597
599
605
611
605
605
603
605
606
602
603
602
605
599
603
608
604
599
611
608
602
603
604
605
605
603
600
596
607
602
605
598
604
600
596
605
614
604
610
604
598
617
596
610
606
610
603
609
598
601
605
596
610
605
603
601
609
607
609
607
611
605
606
598
607
607
607
599
604
600
601
602
603
609
601
602
603
606
601
600
603
597
594
612
604
605
600
608
603
608
593
602
607
603
605
603
609
601
610
604
603
605
603
596
598
606
604
598
609
607
603
611
606
610
606
606
600
611
600
608
600
598
609
602
603
603
606
608
613
608
603
599
600
599
606
601
606
598
603
611
599
594
608
604
614
618
610
616
614
607
601
606
614
603
606
603
607
607
605
603
601
603
618
607
615
599
602
610
612
605
592
611
607
608
606
606
614
624
614
612
598
610
617
620
603
606
607
605
623
612
616
607
618
611
619
622
611
607
611
622
618
611
615
604
621
607
613
616
607
608
620
613
614
616
624
609
596
607
603
613
617
615
607
613
615
612
615
639
622
624
616
621
630
614
615
615
624
622
621
616
619
611
632
620
623
630
627
635
622
624
624
638
630
626
642
634
645
642
644
632
651
659
636
644
638
655
628
640
642
640
644
656
652
661
656
693
647
665
682
697
681
693
673
670
680
697
698
691
699
718
712
688
733
729
692
718
749
721
755
762
753
767
825
773
806
779
793
782
802
847
835
864
834
860
859
855
908
903
916
960
960
972
973
1032
1012
1070
1056
1077
1076
1055
1167
1131
1187
1183
1265
1284
1312
1333
1372
1373
1376
1427
1426
1589
1562
1557
1650
1709
1765
1917
1831
1941
1902
1961
2018
2126
2257
2240
2266
2346
2527
2548
2608
2649
2802
2868
2953
3152
3133
3306
3345
3404
3539
3596
3630
3892
3850
4024
4025
4192
4197
4591
4671
4699
4779
4989
5122
5230
5330
5340
5549
5540
5579
5747
5748
5925
6186
5890
6066
6224
6246
6365
6437
6604
6498
6861
6778
6856
6825
6968
6943
6847
6937
6935
6982
7013
7047
7011
6923
6942
6862
6915
6971
7071
7201
7039
7050
6735
6798
6927
6906
6694
6685
6725
6634
6575
6402
6340
6400
6363
6086
6063
6148
6009
5900
5805
5772
5743
5608
5569
5308
5247
5181
5097
5236
5051
4947
4904
4762
4591
4708
4516
4392
4420
4205
4327
4233
4152
4097
4000
3997
3909
3895
3861
3723
3726
3574
3612
3639
3551
3389
3384
3230
3336
3312
3232
3188
3202
3111
3087
3132
3015
3070
2889
2971
3012
2885
2772
2785
2678
2676
2698
2701
2612
2619
2535
2622
2536
2542
2467
2422
2396
2365
2279
2451
2399
2402
2291
2244
2223
2228
2222
2212
2158
2185
2094
2083
2072
2041
2000
1986
2054
1969
1979
1895
2060
1966
1812
1891
1848
1862
1874
1824
1793
1814
1772
1622
1693
1738
1792
1679
1637
1670
1678
1633
1593
1618
1580
1601
1588
1579
1522
1546
1463
1555
1501
1462
1516
1414
1448
1409
1451
1412
1381
1367
1405
1375
1305
1328
1274
1323
1272
1319
1278
1304
1285
1269
1266
1197
1240
1250
1232
1261
1203
1209
1224
1194
1181
1153
1208
1102
1114
1123
1174
1123
1088
1079
1051
1096
1057
1067
1066
1049
1054
1051
1075
1031
1033
1004
1018
990
939
999
1026
986
972
996
939
976
967
917
939
961
913
959
930
938
924
885
913
904
906
945
853
864
881
897
886
848
858
900
888
804
860
862
866
860
851
865
864
863
855
852
826
843
825
849
803
808
835
808
777
789
802
814
759
769
794
815
782
793
782
816
767
762
767
796
764
817
762
781
752
748
750
731
761
777
747
755
724
755
761
735
742
739
768
728
726
748
751
750
741
721
717
717
740
725
735
696
705
721
722
724
716
739
705
713
711
716
696
699
690
721
686
684
702
706
689
700
680
702
696
689
691
692
695
698
693
718
688
710
680
688
699
679
685
686
669
677
708
684
668
653
683
678
683
705
674
660
679
672
666
666
668
698
681
657
664
691
658
669
678
654
663
658
670
667
668
655
650
659
663
668
670
668
669
665
642
683
660
657
645
663
660
644
656
647
641
652
651
648
649
656
651
666
652
627
652
632
646
647
657
627
649
633
661
638
628
644
633
649
646
639
637
650
642
631
634
625
656
626
646
645
638
632
642
640
638
642
628
631
638
657
641
638
642
634
621
627
627
635
630
639
624
629
620
616
635
638
619
639
638
621
640
633
615
627
623
632
622
635
630
617
621
643
623
643
616
632
647
626
633
621
628
628
629
630
610
613
613
622
622
626
622
621
616
633
630
625
631
615
638
637
639
622
628
623
617
623
615
608
621
626
620
616
632
629
614
618
624
630
609
615
613
628
630
622
622
617
620
636
635
610
619
617
619
616
613
622
626
607
618
629
614
621
620
622
612
609
606
613
612
613
617
609
621
608
607
609
610
617
617
620
616
615
611
622
607
609
610
611
612
610
612
614
620
612
609
621
607
608
605
619
615
611
627
614
617
607
617
616
619
614
604
625
620
600
609
611
624
609
601
608
599
603
607
605
604
611
605
617
610
609
605
615
617
607
606
610
596
607
613
614
602
608
601
606
603
612
604
613
610
605
605
612
607
602
609
602
604
605
610
607
609
617
615
600
618
605
602
605
607
609
610
605
612
607
606
605
595
604
600
606
606
608
597
596
603
609
603
613
609
612
600
606
611
606
597
610
606
602
608
611
601
606
607
604
606
599
607
606
604
606
614
603
602
594
606
608
608
602
610
599
598
602
602
612
600
605
617
598
614
612
600
599
606
603
604
602
608
607
594
604
612
608
604
605
606
610
606
603
597
602
598
607
610
609
610
600
603
609
602
611
602
601
598
608
600
609
592
609
598
603
601
601
604
600
597
596
600
601
604
603
601
597
599
599
602
604
603
607
598
605
598
596
593
611
596
605
608
597
598
592
597
609
600
602
600
597
605
611
602
596
598
597
596
602
605
599
602
603
602
607
606
605
600
601
594
604
613
608
613
599
599
600
591
605
600
600
596
602
603
602
594
605
610
596
598
597
605
590
603
609
600
603
589
601
603
604
602
612
598
595
606
601
605
599
607
605
595
598
604
600
605
609
594
601
598
