601
608
604
616
620
599
606
611
603
610
612
605
607
607
613
612
611
621
605
605
615
613
606
618
613
627
636
632
638
633
624
623
627
613
612
612
613
611
604
611
612
616
605
621
620
616
623
612
620
623
610
607
609
607
604
604
610
611
602
615
599
607
606
605
606
600
596
609
603
607
602
600
603
603
602
598
610
615
614
606
605
605
595
608
598
614
601
615
608
610
616
608
610
608
607
619
616
609
610
599
607
606
609
599
602
612
598
608
596
601
604
607
602
609
619
605
611
612
610
603
607
606
617
600
606
596
598
596
595
609
599
600
606
600
597
601
609
607
600
614
599
609
598
609
601
608
601
601
610
599
593
605
605
599
607
597
604
605
607
598
606
602
611
603
613
605
609
604
603
596
604
593
602
609
605
604
601
613
606
599
599
612
598
602
604
618
609
601
610
605
624
602
608
611
605
597
602
600
607
606
601
602
612
606
605
603
613
610
594
609
607
611
597
610
613
599
602
616
612
600
611
607
601
611
610
611
608
603
612
606
609
609
615
611
614
611
610
614
609
606
606
610
607
597
614
618
618
616
614
614
612
614
610
601
613
604
623
607
617
609
610
621
616
615
609
621
604
618
627
610
615
609
602
606
618
616
622
618
610
618
615
612
624
618
614
624
613
629
620
628
613
616
617
624
606
609
633
625
628
627
627
620
624
628
608
624
628
623
618
620
621
619
635
633
623
632
638
634
638
631
631
637
644
626
634
622
643
661
638
657
649
641
651
659
681
650
656
646
671
663
649
656
680
653
659
673
663
678
692
714
696
695
674
698
704
711
715
696
715
712
738
715
724
733
743
734
775
773
787
767
768
790
817
846
815
855
854
887
818
854
939
875
928
942
955
938
940
975
960
981
1006
1014
1026
1130
1108
1136
1126
1156
1230
1194
1213
1243
1319
1317
1387
1412
1393
1458
1462
1505
1604
1643
1690
1767
1728
1773
1918
1916
1984
2020
2132
2170
2244
2238
2282
2414
2514
2591
2680
2705
2852
2905
2977
3146
3174
3449
3549
3618
3587
3757
3812
4079
4069
4166
4295
4580
4667
4871
4971
5004
5128
5295
5474
5497
5710
6016
6111
6229
6641
6567
6686
6879
6836
7057
7136
7266
7397
7508
7429
7630
7816
8132
8259
8000
8156
8367
8477
8604
8643
8774
8609
8902
8909
8996
8775
8998
8980
8712
8948
9015
8913
8942
8848
8991
8845
8951
9109
8979
8792
8931
8783
8766
8535
8754
8406
8375
8316
8250
8182
8059
7988
7875
7850
7671
7687
7542
7381
7418
7308
7249
7220
6945
6922
6681
6674
6437
6533
6231
6302
6246
6068
5868
5741
5718
5691
5524
5380
5336
5415
5146
5117
5122
5148
5039
4950
4805
4572
4690
4459
4620
4555
4404
4344
4225
4182
4156
4039
4172
4029
3904
3728
3830
3676
3779
3759
3590
3624
3658
3515
3686
3446
3484
3464
3325
3250
3231
3208
3010
3115
3104
3053
3118
3040
3035
2990
2942
2909
2923
2884
2903
2799
2765
2745
2755
2654
2574
2693
2574
2484
2461
2575
2450
2493
2398
2407
2438
2405
2344
2336
2333
2246
2256
2268
2210
2139
2214
2123
2135
2165
2091
2095
2026
2062
1943
1973
1977
1974
1962
1863
1961
1908
1797
1818
1885
1739
1840
1822
1821
1764
1749
1672
1745
1716
1655
1651
1583
1667
1610
1549
1559
1575
1536
1499
1502
1518
1514
1522
1432
1457
1470
1406
1434
1467
1418
1434
1372
1323
1317
1415
1387
1292
1352
1347
1249
1318
1268
1211
1297
1252
1250
1194
1279
1163
1205
1195
1184
1190
1164
1162
1167
1137
1159
1124
1132
1088
1075
1102
1077
1048
1111
1036
1054
1038
1093
1066
1050
1116
1046
1078
1034
1020
1013
1005
982
1001
1022
1005
970
939
957
999
975
966
921
930
951
939
929
956
941
931
915
953
929
907
889
899
910
923
924
886
879
887
860
850
852
853
869
863
839
848
857
866
838
812
821
837
855
813
827
833
832
814
812
830
801
817
825
771
836
795
761
776
757
813
783
777
781
784
791
767
757
767
780
805
760
742
756
774
758
783
760
791
736
769
746
730
734
758
728
769
746
721
764
740
727
725
741
726
723
745
714
739
700
717
730
713
734
719
704
716
718
682
690
713
694
729
700
711
732
704
693
721
698
694
703
707
693
693
687
708
663
687
690
703
694
682
678
680
681
695
681
678
681
673
678
670
706
680
668
702
679
660
673
666
694
666
670
691
655
685
662
684
687
668
667
668
679
666
658
654
655
649
673
677
660
656
656
656
650
672
647
661
658
659
663
663
674
657
665
670
652
638
644
656
666
653
664
653
659
662
648
648
645
630
653
638
637
653
641
648
634
655
650
643
656
634
645
630
623
621
649
637
648
643
641
635
636
636
645
641
638
618
642
652
633
635
623
648
640
633
632
631
638
628
650
644
628
627
636
650
629
631
635
643
639
643
631
641
625
619
619
619
628
616
622
632
630
632
645
619
628
623
639
624
636
622
624
630
640
631
615
622
636
626
615
617
642
614
615
628
624
609
627
623
629
615
598
631
633
616
628
629
620
622
613
624
615
631
618
616
611
619
628
631
617
623
624
626
606
620
616
626
611
620
611
622
610
620
617
621
618
617
620
616
612
609
619
615
623
629
617
614
606
613
609
624
617
620
611
605
616
613
616
621
609
614
614
618
616
612
612
614
609
618
611
616
612
607
601
606
615
616
617
609
620
604
631
617
606
605
614
605
612
598
607
612
617
611
606
613
623
609
610
612
613
610
611
600
606
611
607
604
612
602
610
613
619
607
608
602
596
609
612
612
613
612
612
612
603
606
615
607
602
601
605
598
609
598
612
607
599
602
608
604
601
605
602
613
603
598
613
609
602
603
616
607
597
607
613
602
611
603
615
612
617
611
609
601
601
608
614
619
606
606
608
606
612
617
608
610
611
599
604
609
606
614
598
610
607
600
604
610
601
608
610
607
612
612
607
609
600
606
600
602
604
602
606
605
606
605
603
610
607
597
604
601
600
605
606
603
608
605
608
600
609
598
605
606
607
594
602
608
599
603
595
600
608
598
600
595
595
616
600
599
595
599
599
603
602
611
602
603
601
596
606
605
600
607
598
594
599
600
603
597
605
601
598
604
605
604
596
603
602
599
602
604
590
601
599
605
601
606
595
606
604
601
604
600
610
602
604
604
599
599
605
593
593
599
599
600
603
602
601
602
600
602
607
601
605
602
590
602
605
605
600
600
598
600
601
597
607
605
605
601
596
612
609
612
605
595
598
608
602
605
605
600
603
600
598
