603
612
604
612
609
610
607
618
603
610
605
606
605
621
602
611
606
613
604
607
614
603
604
604
604
624
616
616
631
626
625
628
621
623
614
612
614
615
600
608
619
610
613
617
624
612
635
615
617
621
606
614
612
607
602
612
606
604
613
597
608
602
609
605
612
606
608
606
603
608
610
606
597
607
607
599
600
607
603
599
611
606
617
603
604
611
599
602
601
614
612
608
611
621
609
607
615
615
617
622
615
607
613
607
602
609
601
604
597
605
607
596
599
604
612
605
611
608
607
613
605
593
606
602
615
606
611
600
606
611
613
597
601
603
612
607
598
601
595
606
608
608
606
602
618
607
599
607
604
616
603
606
602
598
605
617
603
603
602
610
617
609
601
602
605
609
603
613
604
599
603
604
597
615
603
601
602
605
608
608
598
605
616
606
614
613
610
601
608
606
604
598
607
607
605
605
611
603
602
605
604
609
610
606
612
618
606
604
606
607
612
609
605
605
612
608
605
608
610
612
615
610
606
604
599
617
617
614
603
627
617
621
606
612
618
615
612
604
610
609
615
607
614
609
613
619
608
611
601
611
612
606
597
623
612
613
610
612
610
606
613
626
620
614
619
613
611
611
610
623
616
612
616
620
628
609
604
618
613
621
615
606
618
613
618
606
629
617
624
629
611
619
628
599
622
617
629
638
624
623
630
636
625
622
626
628
648
625
625
627
639
635
637
642
636
633
624
635
626
633
638
646
657
627
626
645
641
637
655
640
660
670
650
661
658
647
645
659
663
656
666
677
675
675
680
688
687
682
670
670
703
713
698
703
725
714
732
722
738
751
727
764
735
730
758
769
767
760
778
780
807
795
793
828
844
824
848
866
871
873
905
948
939
942
959
947
999
968
1058
1052
1032
1093
1087
1099
1143
1140
1195
1199
1244
1301
1284
1327
1336
1292
1424
1396
1378
1556
1557
1610
1632
1644
1733
1723
1794
1914
1975
2059
2041
2050
2196
2196
2250
2430
2436
2565
2678
2685
2821
2851
2928
3042
3016
3190
3411
3433
3571
3842
3921
3938
4135
4256
4426
4386
4753
4607
4859
4995
5055
5518
5494
5565
5772
6116
6155
6217
6354
6445
6793
6937
7278
7340
7363
7460
7726
7605
7907
8127
8152
8213
8436
8452
8667
8795
8998
8978
9193
9213
9214
9189
9459
9552
9585
9476
9653
9461
9665
9557
9613
9600
9940
9787
9783
9638
9428
9546
9583
9573
9481
9600
9645
9389
9430
9584
9426
9229
8995
9015
8909
8708
8710
8475
8510
8387
8299
8094
8104
7945
7763
7617
7532
7447
7557
7408
7132
7110
6900
6810
6640
6607
6626
6387
6176
6091
6088
6081
5875
5731
5758
5608
5595
5425
5238
5439
5211
5144
5014
4879
4793
4867
4488
4765
4457
4554
4328
4290
4331
4322
4157
4061
4075
3989
3849
3967
3884
3845
3838
3787
3722
3725
3667
3560
3575
3428
3417
3390
3414
3370
3266
3328
3213
3194
3193
3036
3096
3089
3043
3055
2991
2939
2912
2952
2818
2772
2787
2772
2701
2737
2723
2672
2536
2521
2637
2483
2590
2493
2413
2356
2329
2383
2361
2457
2340
2196
2286
2240
2177
2256
2158
2127
2109
2033
2092
2012
1981
2013
2019
1958
1974
1937
1943
1881
1845
1860
1952
1846
1841
1879
1787
1788
1786
1713
1692
1731
1738
1641
1651
1696
1619
1645
1634
1601
1607
1580
1543
1559
1529
1527
1433
1468
1467
1446
1468
1424
1446
1436
1397
1320
1355
1363
1343
1304
1272
1303
1276
1281
1315
1294
1294
1303
1250
1272
1254
1194
1227
1224
1243
1176
1155
1137
1126
1089
1141
1147
1152
1115
1137
1097
1063
1038
1061
1134
1063
1086
1078
1085
1051
1076
1033
1015
1028
979
1006
1022
1022
1039
1014
983
962
1012
934
970
949
964
948
976
967
934
934
939
934
933
909
927
892
950
942
915
903
888
912
887
934
883
861
879
884
865
839
905
847
878
878
880
849
874
861
835
823
825
872
801
823
815
812
834
866
837
819
803
803
822
824
793
785
795
814
771
777
796
793
820
761
806
777
764
770
762
776
775
750
765
772
762
765
760
735
726
771
760
781
767
768
735
746
743
755
745
746
733
731
726
741
717
722
728
738
719
723
707
719
709
724
724
702
681
710
752
702
697
704
695
730
701
699
728
699
693
692
701
686
715
692
699
698
697
682
701
708
677
691
701
682
705
699
680
667
691
690
668
658
682
688
687
698
673
672
694
678
693
670
671
688
690
668
664
679
670
661
685
680
672
662
660
676
671
660
656
650
659
660
670
650
663
645
669
649
664
647
649
655
661
649
651
676
640
652
654
680
667
665
642
638
660
667
635
650
656
665
649
660
627
645
670
650
655
646
651
637
637
639
633
636
657
647
647
643
638
643
636
624
648
647
625
645
646
649
640
637
636
642
647
629
632
635
648
634
643
641
632
641
637
630
624
634
647
630
644
638
631
629
637
621
629
627
619
627
628
630
636
630
623
624
621
660
627
627
628
627
619
647
639
629
629
631
621
617
611
634
636
629
641
619
638
627
623
621
616
625
619
636
618
624
626
625
616
618
640
620
614
626
635
627
625
629
613
623
625
621
620
632
614
620
614
629
618
619
614
625
623
616
622
612
612
609
621
611
629
619
619
619
633
621
625
616
622
612
615
615
609
623
610
620
618
616
614
619
627
612
620
625
606
612
619
603
618
609
613
617
611
613
603
615
603
617
603
597
613
612
610
619
604
607
612
613
602
617
616
616
618
612
614
601
611
609
610
611
610
608
601
611
613
610
603
594
604
606
613
606
614
610
607
610
612
606
602
607
605
598
602
606
605
607
616
599
613
611
606
607
611
599
610
601
608
614
604
598
614
598
604
605
605
611
606
610
615
610
617
601
612
601
607
594
608
612
601
600
612
607
606
605
604
601
608
611
599
604
603
611
591
612
608
604
612
603
604
601
594
602
604
596
609
599
601
602
614
599
608
604
599
601
608
596
601
603
593
607
602
605
604
596
614
602
603
602
604
604
607
605
598
605
604
608
606
602
607
601
599
605
607
602
608
603
592
605
598
596
596
595
593
605
592
598
599
607
602
607
601
603
608
598
607
602
602
599
603
600
603
602
587
603
604
606
599
604
609
605
608
601
596
604
608
601
597
600
597
602
601
601
602
601
598
600
605
602
605
599
593
607
602
601
607
599
609
607
608
603
611
595
597
600
596
605
596
610
607
597
599
613
598
596
598
604
606
608
593
601
598
597
601
605
601
600
598
614
597
605
604
612
603
608
596
589
604
606
599
605
603
600
599
