607
610
604
604
617
607
596
609
600
605
610
615
601
608
602
601
610
600
608
608
601
610
614
617
610
613
623
619
619
622
618
617
615
618
614
621
611
618
618
601
607
609
613
626
619
624
626
620
621
618
612
595
612
614
605
605
615
602
598
608
622
603
602
612
607
594
613
610
604
605
612
606
607
602
611
606
608
611
604
597
605
598
616
613
601
612
604
604
612
603
610
611
613
614
609
615
606
604
608
604
615
598
606
606
600
599
615
614
612
605
604
614
605
598
600
604
604
603
598
603
612
611
605
595
607
611
602
604
602
607
600
604
600
599
603
609
601
610
607
603
607
600
610
616
594
603
598
611
601
602
597
608
606
606
613
609
613
598
604
604
601
605
610
605
605
607
602
599
607
603
600
609
604
604
599
606
605
606
591
605
610
609
601
607
600
602
605
602
613
601
605
609
606
605
610
596
612
621
604
601
603
604
600
613
611
603
606
618
611
611
620
603
602
617
606
599
599
609
612
606
606
612
607
605
620
605
612
614
602
617
603
618
613
618
604
624
607
619
614
617
611
611
618
614
611
609
621
614
625
620
621
612
614
611
609
608
607
610
616
601
616
622
615
610
617
612
605
608
623
610
617
610
608
609
621
621
612
623
627
618
622
617
620
628
615
614
622
619
617
619
618
632
628
628
617
631
621
626
628
625
623
618
631
631
627
639
636
635
630
606
645
630
635
621
641
636
623
641
624
654
651
659
641
659
646
663
639
650
654
646
645
680
637
672
664
649
658
648
674
671
669
671
691
687
671
683
677
707
722
688
698
715
716
726
695
728
716
741
725
747
733
764
750
784
777
803
791
765
809
821
851
817
801
869
834
870
864
901
937
927
927
907
966
1027
985
1001
968
1043
1015
1071
1089
1103
1104
1160
1234
1241
1222
1309
1270
1317
1368
1336
1429
1426
1450
1526
1505
1640
1659
1749
1750
1772
1869
1895
1934
2089
2040
2092
2186
2242
2336
2439
2534
2529
2696
2762
2840
2971
2961
3139
3272
3336
3416
3456
3665
3673
3935
4118
4271
4393
4497
4718
4760
4999
5040
5207
5361
5595
5745
5867
6129
6195
6487
6526
6849
6873
7167
7213
7379
7528
7851
7802
8006
8187
8450
8480
8567
8879
8817
8963
9193
9310
9444
9549
9652
9949
10005
10046
10155
10331
10299
10128
10300
10519
10613
10479
10393
10564
10497
10624
10509
10781
10817
10584
10635
10710
10743
10504
10811
10334
10630
10470
10339
10496
10166
10025
9995
9954
9824
9622
9803
9602
9385
9299
9137
9034
8908
8851
8718
8633
8484
8273
8131
8056
7893
7617
7650
7628
7212
7313
7064
6969
6965
6743
6784
6483
6289
6317
6296
6188
6137
6101
6030
5724
5687
5735
5535
5499
5356
5330
5095
5177
4977
4953
4909
4854
4883
4715
4584
4487
4370
4407
4442
4386
4310
4371
4263
4057
3992
3967
4008
3887
3787
3738
3748
3721
3653
3611
3535
3535
3467
3462
3397
3442
3359
3474
3284
3250
3271
3176
3226
3075
3150
3071
3078
3021
2993
2917
2955
2979
2780
2811
2804
2733
2737
2681
2575
2645
2723
2679
2595
2490
2479
2601
2414
2391
2375
2391
2257
2305
2349
2327
2305
2210
2171
2099
2129
2100
2088
2109
2021
2032
2004
1976
2101
1963
1962
1897
1961
1924
1860
1837
1841
1844
1796
1833
1791
1756
1776
1762
1777
1736
1597
1646
1732
1611
1657
1599
1569
1601
1615
1511
1629
1458
1495
1545
1447
1519
1501
1437
1422
1415
1494
1443
1424
1416
1375
1372
1304
1316
1359
1336
1288
1300
1355
1283
1263
1239
1273
1262
1231
1217
1272
1241
1236
1143
1170
1146
1185
1174
1158
1156
1133
1150
1143
1087
1149
1144
1081
1074
1105
1086
1049
1045
1095
1044
1058
1016
1030
1031
1014
1022
984
1003
1056
1002
975
989
1028
1019
959
949
957
980
991
944
940
933
955
953
894
960
900
907
898
899
905
908
906
879
890
924
873
901
895
922
881
864
880
882
863
871
845
888
825
842
812
843
837
823
814
835
824
845
811
819
796
779
773
817
809
788
814
847
772
801
811
806
789
820
758
785
758
802
762
775
790
766
785
746
766
762
746
760
747
756
761
751
745
744
753
753
751
739
745
765
739
762
745
748
757
725
732
727
723
723
734
738
717
709
729
727
712
721
728
704
722
682
710
730
710
702
696
705
711
701
724
705
704
717
705
706
698
688
699
717
682
698
672
698
695
701
688
704
692
685
694
700
689
685
685
695
679
670
682
693
683
672
677
695
669
674
663
672
664
672
673
691
654
672
664
659
666
664
674
659
655
663
660
660
648
658
661
671
662
668
654
660
652
666
655
648
672
652
650
649
647
651
660
659
643
648
663
650
635
641
663
641
638
647
629
648
647
631
636
643
657
633
646
649
648
643
643
636
641
643
652
637
635
639
647
639
644
644
636
633
648
652
636
644
643
638
646
624
633
656
640
636
624
645
637
629
623
627
620
626
632
652
616
627
637
621
631
636
627
622
626
631
627
628
623
623
618
641
620
633
620
625
626
638
620
627
626
637
630
626
621
635
624
644
628
633
624
623
612
617
607
614
606
624
626
632
619
629
617
605
621
622
616
607
612
618
617
630
622
616
630
625
617
620
630
623
614
618
629
612
623
610
609
618
606
626
618
622
618
615
628
627
612
632
625
621
610
624
624
613
624
626
615
624
612
619
619
610
617
617
614
610
610
600
610
623
610
619
614
622
618
606
618
612
595
623
606
610
607
622
608
619
600
623
608
601
614
621
609
616
605
604
602
605
605
605
602
604
609
601
604
614
599
612
611
606
615
607
618
606
614
605
604
600
609
607
611
606
625
615
618
612
604
612
609
606
607
608
611
606
596
601
609
608
601
599
606
611
610
612
606
609
601
606
606
602
611
603
603
609
600
614
605
608
611
599
603
603
601
599
604
608
603
605
602
609
592
599
598
602
607
607
611
612
603
603
611
602
606
613
597
600
605
602
602
608
603
604
607
603
603
607
596
602
602
595
595
604
599
596
610
597
607
599
602
616
600
605
604
607
597
603
610
602
605
597
612
611
608
601
609
608
607
596
605
610
604
611
589
608
605
607
607
603
602
604
597
602
600
598
610
596
600
592
601
597
607
602
599
599
599
599
606
599
605
599
595
604
604
598
609
605
605
611
592
587
604
599
605
602
599
591
594
600
600
603
603
599
601
608
604
602
597
603
594
608
598
605
595
605
604
604
603
611
607
612
605
601
594
596
603
598
596
587
601
608
607
601
603
605
598
602
597
600
597
603
604
610
601
594
596
601
602
606
