603
606
596
612
614
605
597
616
611
604
597
600
617
598
613
617
614
605
619
613
620
604
598
612
608
614
607
624
631
626
619
617
637
610
619
617
612
613
611
609
604
607
621
633
623
622
608
604
619
621
604
601
618
602
618
602
608
605
605
604
609
603
611
607
606
604
612
601
592
612
616
600
596
605
608
607
606
607
606
605
603
599
605
609
608
614
606
604
614
619
608
610
611
616
610
606
608
612
605
609
611
597
616
609
600
609
600
605
610
612
603
609
607
605
602
607
603
606
613
597
593
601
609
600
609
604
604
603
595
612
605
610
598
602
610
600
612
601
611
607
613
605
604
607
597
605
604
601
607
612
610
603
604
605
598
601
608
601
607
605
598
612
598
604
612
607
608
606
614
617
603
605
612
613
612
602
605
605
608
611
602
598
614
611
607
607
614
611
614
607
600
612
604
601
604
606
595
605
607
612
612
597
602
604
600
608
615
606
607
617
605
610
603
616
611
618
611
608
604
606
603
605
609
608
617
607
612
603
612
608
608
618
606
617
607
600
612
617
614
605
607
617
606
607
617
615
625
624
608
614
609
622
622
621
602
626
618
622
619
616
610
621
612
612
609
614
625
612
627
611
609
615
615
609
619
618
619
617
620
622
621
614
617
611
627
607
621
623
606
620
623
617
623
621
614
604
630
608
626
628
639
625
621
620
629
628
628
630
624
622
625
633
629
633
640
644
636
634
636
656
633
641
646
647
647
654
653
660
654
673
656
665
648
658
645
662
665
669
648
654
666
687
678
684
683
685
681
660
706
701
711
711
695
695
710
725
727
724
740
768
736
747
741
755
769
782
756
802
776
803
826
815
847
833
835
843
874
901
908
903
925
948
929
960
967
993
1010
1029
1076
1043
1109
1064
1126
1152
1123
1153
1237
1220
1196
1252
1296
1362
1413
1448
1478
1507
1465
1583
1588
1603
1668
1762
1829
1887
1895
1915
1959
2053
2182
2246
2306
2370
2399
2542
2462
2630
2648
2822
2860
2983
3053
3109
3290
3507
3424
3631
3760
3906
4078
4261
4244
4393
4600
4740
4751
4837
5152
5247
5557
5488
5923
5996
6135
6239
6236
6678
6646
6890
6964
7428
7417
7579
7848
7780
8013
8137
8018
8311
8457
8667
8664
8784
8749
8950
9321
9252
9353
9531
9494
9665
9859
9864
9822
9830
9978
9895
9937
9915
9951
9909
9885
9937
10021
10106
9884
10084
10072
9702
9922
9882
10024
9822
9859
9849
9760
9449
9271
9301
8995
8929
8996
8795
8704
8658
8520
8506
8615
8057
8076
8198
7923
7820
7764
7457
7433
7294
7386
7152
6887
6878
6846
6633
6591
6303
6256
6255
6027
5881
5897
5871
5699
5663
5651
5406
5461
5298
5225
5185
5065
5128
5156
4768
4693
4602
4582
4587
4543
4346
4446
4325
4286
4172
4317
4149
4215
4033
4078
3902
3869
3870
3818
3835
3796
3696
3670
3572
3576
3572
3565
3494
3368
3241
3437
3320
3300
3149
3134
3206
3145
3131
3243
3121
2880
3034
3000
2976
2856
2906
2818
2741
2768
2756
2853
2645
2626
2595
2579
2575
2566
2590
2523
2369
2437
2396
2433
2275
2361
2303
2296
2220
2219
2289
2226
2145
2125
2191
2133
2061
2100
2050
2059
1952
1961
1946
1944
1977
1964
1983
1862
1812
1775
1854
1809
1824
1776
1789
1771
1720
1640
1681
1699
1644
1654
1635
1604
1631
1524
1574
1567
1544
1569
1530
1499
1543
1450
1421
1476
1484
1497
1432
1450
1447
1379
1333
1398
1333
1358
1322
1361
1336
1284
1284
1231
1314
1309
1287
1241
1227
1237
1238
1215
1168
1148
1177
1169
1172
1166
1106
1177
1184
1167
1128
1144
1113
1097
1076
1080
1074
1085
1080
1071
1069
1052
1051
1070
1034
998
1073
1068
1027
985
989
987
935
1028
1003
986
974
965
955
976
946
971
933
938
957
943
943
909
913
915
900
885
918
946
917
882
885
871
907
885
901
889
865
856
867
860
870
842
877
833
892
868
862
836
867
838
841
793
813
825
844
799
793
808
777
795
807
799
787
831
839
789
786
843
798
771
822
770
769
769
768
797
796
768
770
753
774
796
759
750
767
748
771
783
733
753
737
754
748
761
754
711
740
737
721
729
738
752
730
713
732
723
727
719
732
716
724
706
726
711
721
726
714
746
713
705
710
695
711
707
721
722
718
698
705
702
715
710
716
701
711
688
702
678
710
685
709
684
675
685
683
693
677
680
689
692
682
666
676
674
669
682
671
678
663
656
670
679
658
659
670
653
662
667
684
663
648
675
645
656
658
660
682
666
650
650
655
653
647
658
638
630
656
666
663
679
656
662
652
651
673
657
649
647
665
655
649
642
655
638
654
650
646
647
654
660
643
653
644
650
634
655
643
650
647
650
649
640
641
657
657
637
645
637
636
633
631
643
636
632
626
635
641
651
651
639
646
629
638
637
640
627
643
637
645
641
629
630
623
632
633
640
631
621
630
625
636
632
623
626
643
632
628
625
641
637
615
635
625
637
633
637
617
624
621
630
622
632
625
630
617
629
617
644
632
630
631
625
619
628
622
624
624
618
614
641
623
635
626
639
632
636
632
638
618
626
622
624
619
622
619
611
624
628
621
626
616
619
619
613
614
619
613
640
638
609
614
614
634
631
619
613
614
604
621
607
612
619
621
609
607
619
614
618
624
614
603
625
619
609
617
622
633
608
601
612
617
617
595
619
620
614
605
610
610
619
604
609
602
609
614
614
603
616
613
608
610
606
607
618
619
607
597
614
622
622
621
608
610
609
604
603
611
606
616
614
609
621
611
612
603
605
612
606
595
609
618
617
602
607
607
614
605
610
600
620
605
598
603
610
612
611
611
609
599
606
597
606
616
600
607
606
607
607
604
600
608
613
603
606
608
619
613
603
605
606
601
599
611
610
605
599
605
607
613
613
609
601
597
601
595
612
610
602
608
608
600
609
601
607
610
604
611
606
603
608
600
606
607
611
607
607
598
605
599
617
607
603
600
608
610
600
608
604
594
604
601
607
612
601
605
597
605
598
616
601
613
607
598
585
610
609
603
592
593
603
601
601
607
605
603
612
598
600
604
601
598
603
610
603
599
600
604
597
603
603
599
604
598
601
600
608
607
604
598
601
608
597
602
606
605
602
606
596
604
598
608
601
599
601
602
605
603
614
601
610
599
590
604
607
606
600
594
594
604
602
609
598
599
593
594
605
601
600
608
603
606
600
598
584
602
598
601
610
608
596
597
603
598
600
596
606
610
604
595
610
610
603
600
607
604
607
605
612
599
603
602
606
604
