630
626
616
633
622
622
632
624
629
622
620
626
625
627
622
629
640
620
625
625
615
636
620
629
624
625
623
632
624
632
627
627
629
632
619
631
633
626
613
626
617
619
626
632
619
629
629
605
626
641
624
627
633
619
618
630
627
635
631
618
637
633
629
633
628
629
628
633
634
628
628
622
629
631
634
639
619
628
624
635
614
631
615
628
633
612
619
629
624
640
636
632
636
642
631
628
623
660
643
631
637
640
630
623
636
629
630
632
630
634
621
630
628
621
637
641
620
637
623
630
631
622
629
638
630
631
635
639
635
619
626
631
644
617
624
629
626
628
631
640
647
634
626
618
633
626
614
635
640
651
645
630
651
631
652
644
636
626
628
622
621
623
642
626
627
623
630
636
633
626
618
634
626
635
628
640
618
633
635
627
645
628
641
629
639
626
655
636
639
632
631
635
649
636
653
641
643
637
633
652
624
624
628
627
644
610
632
644
646
630
634
630
642
648
637
644
634
639
653
628
642
638
635
639
640
620
624
622
635
636
638
628
626
633
636
635
650
634
634
645
621
632
648
645
650
648
647
654
632
623
649
649
650
639
649
632
626
650
641
633
629
644
637
643
634
636
640
636
655
636
631
633
651
626
639
632
635
644
645
638
643
647
644
647
658
639
637
650
631
636
638
640
655
630
632
624
650
624
650
635
625
651
645
630
639
639
629
637
629
628
644
632
650
638
657
641
640
651
641
635
628
630
644
644
643
629
655
655
644
649
646
639
638
652
627
659
636
644
651
655
638
644
642
639
629
643
642
645
629
643
651
627
633
653
637
663
632
651
648
634
648
627
645
653
661
641
637
647
650
659
643
641
658
634
632
649
629
654
655
642
652
667
630
651
646
662
643
632
650
644
631
643
646
639
657
644
657
656
639
649
650
631
636
649
634
659
653
637
645
660
634
648
640
645
645
642
642
649
632
662
655
641
658
646
643
647
645
650
632
653
648
657
640
649
634
639
643
651
645
632
662
640
645
653
652
638
628
636
656
654
643
643
665
637
654
648
648
648
651
670
654
674
645
658
657
650
643
652
646
651
637
649
652
650
640
645
648
659
654
659
663
637
649
657
658
642
649
644
643
647
640
650
664
656
642
654
653
655
655
669
646
641
647
654
659
650
648
649
663
660
654
645
650
655
669
654
658
651
657
661
654
646
643
663
633
652
640
645
640
661
650
635
631
668
664
657
641
664
657
658
644
644
664
647
659
645
656
659
674
661
661
641
655
666
641
656
660
666
639
678
646
635
663
664
647
658
641
658
651
646
655
653
657
673
672
657
665
647
664
649
650
661
653
642
668
663
665
662
651
658
656
648
664
671
671
681
645
659
655
665
663
650
645
664
649
658
654
654
652
666
658
662
667
649
662
647
659
645
657
655
663
656
679
663
671
646
673
668
661
655
658
653
650
664
667
654
657
647
643
649
651
664
645
655
661
641
645
670
629
670
673
656
656
664
647
645
654
649
670
656
655
678
675
686
671
648
665
647
663
649
675
649
665
666
657
656
646
660
665
661
672
651
645
659
666
674
666
655
669
648
651
669
655
652
662
662
673
644
664
667
658
645
653
663
652
662
674
676
651
652
642
656
629
660
673
655
671
653
655
655
674
670
651
657
679
648
660
652
670
656
654
669
649
683
651
652
649
659
646
662
658
645
660
655
647
656
643
665
664
650
663
657
653
664
665
657
645
663
665
669
667
647
661
660
658
658
641
667
674
653
656
666
664
664
668
633
675
676
644
665
665
651
681
664
661
654
663
657
648
657
647
644
657
667
683
648
662
665
667
665
664
650
672
654
649
661
664
647
658
658
672
657
663
650
654
653
648
651
670
655
673
655
653
656
665
644
646
657
673
647
650
648
679
643
642
646
643
652
667
647
651
664
651
661
662
663
654
654
678
642
658
671
657
653
647
663
638
672
665
654
677
659
657
653
646
661
640
665
651
668
662
670
668
644
660
635
658
666
666
663
658
669
655
664
665
664
667
681
656
656
663
650
667
658
665
655
645
661
664
654
662
667
647
644
650
664
665
659
652
645
669
650
666
655
647
654
650
643
665
646
648
646
669
662
664
652
652
678
662
661
648
657
645
676
647
662
638
648
639
681
661
651
649
653
662
650
649
656
675
678
658
665
659
648
662
664
657
674
669
666
656
652
655
659
650
665
661
650
673
672
655
673
636
661
640
656
650
646
646
653
645
658
666
668
638
662
652
657
658
664
638
666
661
656
685
656
658
663
639
662
634
657
646
659
664
657
655
644
673
632
670
654
662
647
651
644
663
652
650
660
656
652
642
656
641
638
649
660
661
641
646
646
657
652
649
647
632
650
653
649
662
650
647
654
658
646
649
642
647
649
651
636
644
646
641
637
652
642
655
645
636
651
654
650
648
649
639
638
653
651
639
652
647
654
643
643
640
652
648
656
653
646
645
656
632
655
645
629
645
660
643
630
653
635
655
657
650
661
640
639
659
650
634
652
633
647
644
636
648
633
637
638
657
623
641
628
655
668
634
648
650
655
656
657
665
644
656
645
661
646
637
643
634
631
646
628
632
654
643
639
652
626
641
646
647
638
634
649
644
645
633
643
658
624
641
645
639
643
620
641
645
653
645
637
642
643
650
638
638
638
641
635
646
639
639
629
633
635
643
657
643
622
637
625
647
641
630
646
647
627
637
640
637
639
624
638
625
622
639
639
635
629
643
639
635
633
637
641
631
640
649
627
628
633
644
638
628
624
646
630
646
631
635
633
625
613
636
622
626
636
638
623
633
628
638
622
631
664
630
637
625
623
632
621
622
643
624
629
625
628
634
624
632
635
644
644
628
624
641
638
634
624
636
640
629
624
629
639
632
632
633
627
625
635
605
621
619
620
623
613
630
622
621
635
628
639
630
625
624
635
623
627
625
612
628
644
619
625
629
628
628
628
622
629
619
621
630
611
620
627
617
624
621
623
620
620
619
628
601
625
628
632
616
628
616
625
620
612
609
636
617
628
628
625
627
620
627
630
626
629
