599
607
608
613
614
602
605
604
596
601
604
600
614
597
595
602
610
598
597
607
607
596
598
598
603
605
599
609
599
605
603
606
611
598
605
601
605
605
606
602
599
603
604
609
588
598
600
598
602
607
601
599
596
603
597
602
598
597
600
598
603
600
609
592
605
597
593
600
600
608
602
603
600
606
605
607
604
600
605
595
593
602
602
605
598
592
601
600
601
607
602
603
599
602
596
598
602
598
604
602
605
605
595
595
599
606
605
607
600
611
601
600
601
597
603
594
605
603
597
604
607
595
599
600
596
597
599
604
605
602
604
595
596
607
593
598
602
607
610
607
596
603
598
601
597
602
609
597
602
608
600
600
597
603
598
600
610
601
594
604
603
605
592
602
601
598
598
602
597
602
592
603
603
602
602
595
602
605
605
601
598
596
603
595
604
602
605
600
593
596
599
596
598
593
603
606
601
593
604
603
601
602
602
602
605
598
602
606
599
603
601
602
603
596
597
593
608
597
595
602
604
604
602
612
605
611
600
597
600
594
597
603
603
598
597
606
600
607
602
600
607
597
603
601
593
601
594
594
603
606
598
596
589
600
603
602
605
606
600
605
600
601
593
598
602
601
598
592
602
596
597
601
596
605
595
604
600
598
600
599
599
600
599
600
602
603
599
596
604
599
606
606
593
604
600
595
603
600
600
606
595
605
598
590
604
601
593
601
599
601
609
601
598
602
601
594
598
601
603
603
598
599
597
599
605
609
600
605
599
599
594
603
594
605
602
606
591
602
596
602
595
604
594
599
605
604
601
612
595
597
610
602
598
603
599
599
605
600
603
600
602
601
597
601
607
595
606
594
608
595
599
603
596
606
598
604
601
606
606
599
603
605
592
598
593
591
589
607
597
604
604
599
598
600
600
595
605
596
602
597
597
602
598
603
610
598
599
597
601
605
605
602
604
601
604
600
601
597
607
606
601
593
599
600
602
601
600
598
601
599
600
589
601
599
592
596
596
594
600
598
603
599
598
603
605
603
604
600
603
602
597
601
602
594
598
595
601
603
599
601
597
599
612
602
601
593
601
609
594
598
602
597
600
602
594
602
595
600
600
609
600
596
597
598
596
610
603
605
593
594
594
595
593
594
598
605
592
601
597
608
604
599
604
604
597
603
601
599
602
601
1000
4453
2571
607
613
602
608
605
605
602
609
604
598
602
601
602
598
592
604
596
597
601
601
606
601
605
602
604
595
593
600
599
604
604
596
595
595
599
603
593
602
601
604
601
604
600
592
598
594
600
597
593
603
607
602
605
599
590
596
599
597
601
603
600
597
606
595
603
605
600
604
596
597
592
601
595
604
610
610
605
597
596
599
601
603
604
592
598
598
607
594
606
613
606
596
612
598
609
600
596
603
602
603
595
593
598
598
609
600
599
597
609
601
603
594
603
601
598
606
599
600
605
593
610
601
601
599
597
600
603
597
596
608
602
594
596
589
605
596
603
596
589
602
604
594
604
603
597
602
600
598
592
614
594
602
597
598
594
595
598
603
604
587
608
606
606
595
593
595
594
596
597
592
600
598
607
591
600
603
601
598
595
604
602
598
604
603
602
601
597
593
598
600
603
604
605
606
596
599
609
600
600
600
597
597
599
596
605
596
595
601
601
597
603
608
608
604
598
602
604
600
597
593
607
599
602
603
601
603
605
604
606
600
605
603
605
588
597
596
604
595
600
602
602
595
606
605
603
602
594
595
603
597
600
603
601
599
604
600
597
598
602
591
601
594
596
599
602
600
601
606
605
597
596
603
603
594
595
603
600
605
601
596
607
597
605
595
598
601
587
600
597
601
603
604
596
609
602
594
601
598
597
600
606
598
599
607
592
600
601
598
607
609
600
603
599
598
595
595
601
592
598
599
599
602
607
608
596
606
598
610
596
601
599
600
601
604
608
594
601
608
594
612
599
602
601
605
603
605
604
602
601
597
603
595
602
597
598
604
600
601
600
598
604
601
593
605
604
601
600
601
604
610
599
597
598
594
602
600
596
600
596
597
600
600
592
598
600
596
603
597
602
596
606
600
606
605
599
603
600
597
598
607
595
600
600
600
602
601
599
604
589
608
602
598
599
588
597
608
598
601
605
600
608
598
596
609
603
598
602
609
593
598
601
596
606
594
592
597
601
593
599
602
587
600
605
607
605
599
601
606
602
594
603
596
598
595
599
596
597
604
593
595
598
595
603
598
593
595
597
603
595
594
593
605
595
599
606
595
596
603
601
601
602
597
596
602
610
600
592
600
603
599
597
600
601
596
604
601
599
604
597
602
611
600
602
600
597
593
605
598
601
600
596
600
601
606
605
599
604
595
592
602
606
614
600
606
596
600
605
602
608
599
600
601
602
604
599
592
594
597
605
604
604
602
600
603
597
600
597
600
604
602
597
602
597
598
600
600
598
598
599
602
598
605
595
600
593
602
607
602
605
598
602
602
602
599
608
602
603
607
598
607
603
603
602
602
592
596
609
599
598
597
600
595
606
600
603
603
602
605
608
601
602
601
598
599
602
601
594
597
601
596
597
592
602
606
598
600
598
602
594
598
599
602
598
597
608
598
607
602
600
596
604
611
600
606
598
598
608
603
597
604
602
599
598
603
601
598
592
598
602
594
606
595
609
609
606
604
595
606
605
601
592
608
602
601
602
606
601
597
604
593
604
600
595
607
598
600
599
598
598
599
593
598
595
597
596
604
596
607
597
590
600
600
601
599
598
594
603
592
602
598
600
601
603
597
605
601
605
601
604
597
601
597
602
596
597
594
601
599
603
596
604
604
602
599
601
603
596
602
599
596
609
601
599
598
586
604
613
606
602
597
595
607
607
598
597
602
603
600
606
604
590
596
601
596
598
598
597
598
607
598
599
602
600
600
599
598
607
605
600
599
596
597
599
601
594
604
593
596
594
600
604
604
592
603
606
593
602
606
597
597
605
606
610
603
602
592
602
596
602
600
603
603
605
606
600
599
600
603
606
599
600
605
607
601
598
600
599
600
597
593
602
597
598
611
606
599
608
