609
599
590
604
604
601
597
598
603
607
603
610
605
604
598
608
605
604
607
600
608
601
609
605
600
608
601
601
610
601
592
601
599
600
602
596
605
596
596
609
602
603
610
602
603
613
598
610
602
604
599
605
604
600
608
605
593
600
607
601
602
602
599
609
606
600
602
610
603
607
607
598
600
601
602
598
597
600
602
595
595
596
600
592
602
598
598
600
603
602
597
601
606
603
595
602
604
603
603
597
597
603
608
602
601
602
598
600
605
597
603
599
600
605
592
602
599
596
610
599
600
595
596
605
602
598
604
602
597
603
604
604
608
602
601
599
599
602
593
603
595
598
608
603
600
595
602
594
604
606
596
601
593
597
605
600
594
601
603
601
599
603
594
603
607
607
597
597
606
605
598
598
597
598
603
599
597
599
601
603
600
596
595
598
597
601
599
598
599
597
605
597
604
595
596
603
601
595
599
602
595
596
601
591
598
596
600
597
593
595
603
601
605
604
600
600
600
593
595
611
604
602
603
599
606
602
593
602
604
603
603
603
601
606
598
606
599
605
594
610
601
604
601
602
603
596
593
598
592
600
592
596
600
600
600
603
598
603
602
604
610
595
594
597
603
600
605
606
603
596
597
600
602
594
603
600
591
596
604
596
599
599
601
596
601
593
601
603
605
606
602
605
602
601
607
599
597
612
595
603
604
593
596
597
602
606
600
603
593
609
602
600
601
596
600
607
607
600
595
604
601
600
599
601
603
603
607
601
601
598
599
605
596
604
591
597
598
599
609
602
610
607
598
604
600
598
598
596
604
595
602
602
593
601
593
598
606
609
601
596
599
596
594
600
604
595
602
599
598
596
602
591
600
595
597
602
596
594
602
603
607
594
603
604
604
596
599
599
609
598
589
602
605
592
607
607
604
603
600
603
599
599
597
601
601
602
611
603
600
599
599
600
600
594
600
599
598
604
602
597
603
606
605
603
594
604
605
599
607
597
595
595
591
603
599
598
603
598
597
607
602
588
595
594
601
600
597
602
608
599
598
601
601
607
594
598
601
600
604
593
593
594
610
601
606
597
594
597
600
600
606
606
594
592
599
597
610
596
607
601
597
602
598
603
603
604
602
600
597
603
599
603
605
592
594
606
596
606
601
596
600
603
609
601
599
601
598
593
590
607
603
599
592
608
594
609
590
597
603
598
599
590
592
606
603
596
592
603
601
595
591
601
604
600
610
599
599
603
597
601
596
598
595
606
596
598
602
597
598
607
596
597
604
599
599
600
594
598
604
590
592
595
604
596
596
604
606
598
598
602
602
592
603
601
596
596
601
597
597
610
606
595
597
596
601
601
589
606
604
605
604
602
596
598
596
594
597
600
597
599
598
600
602
602
601
593
603
605
599
596
614
606
604
599
599
602
601
597
603
594
594
599
600
596
596
603
600
594
600
593
600
594
598
596
603
599
594
602
603
595
599
610
598
600
599
595
598
598
591
603
595
593
604
595
600
593
611
596
608
593
603
602
602
603
600
601
597
611
597
600
596
595
600
592
604
600
606
598
605
605
608
593
596
596
601
600
597
594
594
596
593
604
604
597
597
600
605
597
598
610
605
602
598
599
597
602
596
601
600
599
604
603
591
596
601
594
600
599
602
608
604
606
603
597
608
597
609
604
600
601
605
602
608
601
600
603
601
597
598
598
595
601
601
603
609
596
600
604
600
599
598
603
600
595
599
605
591
603
606
592
594
592
596
601
595
589
600
597
588
605
594
598
601
598
598
609
601
598
602
601
597
606
603
596
603
594
603
606
601
605
594
600
595
601
598
604
600
595
605
601
604
599
605
607
600
593
600
599
602
604
598
605
597
599
600
603
597
606
602
601
607
603
599
599
603
602
597
602
599
599
598
601
596
608
601
605
602
600
605
601
597
607
613
603
599
602
594
603
603
603
605
601
595
602
592
597
598
596
600
598
598
600
594
601
617
595
604
600
591
598
606
601
597
601
600
609
596
612
600
593
594
605
599
597
606
601
607
594
595
597
603
601
592
595
598
599
596
597
599
597
602
596
604
593
598
606
598
594
601
591
603
598
600
604
595
599
595
603
604
594
601
605
595
596
597
591
594
597
601
603
596
600
598
602
605
607
606
607
602
600
602
590
601
593
598
603
604
593
601
605
596
602
609
598
601
599
603
593
593
604
601
601
596
600
600
594
597
610
604
604
605
604
591
600
600
603
603
600
606
593
604
604
594
601
597
589
595
604
605
604
606
607
595
609
599
597
593
599
604
596
600
597
592
607
597
597
597
598
602
602
609
597
601
607
601
605
599
604
604
593
609
597
602
596
607
605
603
597
605
601
601
598
598
595
600
601
602
604
602
598
600
600
608
608
599
595
603
597
603
602
601
598
596
604
601
597
605
602
599
605
601
594
595
602
600
616
603
602
598
596
596
600
605
613
603
600
604
600
607
611
603
600
601
609
601
598
594
600
605
595
605
605
593
592
596
597
604
605
604
602
602
597
597
605
602
600
595
596
607
603
601
603
600
598
600
597
602
602
599
597
592
598
605
600
602
599
594
597
597
596
607
591
596
594
594
603
608
599
603
601
600
602
605
593
606
588
601
601
602
606
602
604
601
606
598
603
595
608
605
598
602
602
600
601
607
595
605
602
595
606
595
602
596
600
598
602
595
602
592
598
600
601
599
601
600
599
597
599
607
607
602
597
591
598
602
603
601
608
604
603
605
604
601
597
600
604
597
594
597
602
602
596
601
598
603
597
600
602
597
598
595
595
597
598
597
603
601
597
602
602
599
601
601
596
592
600
601
596
602
600
598
598
601
608
602
609
605
602
597
595
604
597
598
608
596
600
601
602
596
601
605
603
602
604
602
606
602
600
598
600
606
600
611
596
603
599
595
598
589
600
597
599
600
607
597
596
599
600
598
598
602
602
605
603
597
602
600
600
596
597
597
594
593
588
596
593
598
600
606
605
594
594
594
594
597
607
601
601
605
602
603
598
598
595
609
602
607
601
611
600
592
601
606
601
601
603
597
609
609
602
