610
604
611
601
605
604
612
612
602
607
607
603
608
605
607
615
601
603
609
589
602
599
611
606
611
602
609
610
604
614
606
608
612
607
602
599
609
609
609
606
605
613
601
600
612
603
609
609
608
608
606
607
600
604
607
615
604
612
611
608
600
601
602
608
600
609
603
600
606
611
598
598
612
599
610
607
606
607
613
612
611
602
599
607
606
609
592
593
603
607
602
604
602
606
605
602
595
608
612
597
613
607
604
605
603
608
608
605
616
614
611
614
614
611
603
615
614
599
604
601
605
608
613
602
605
602
608
613
605
603
604
609
610
615
616
611
609
606
610
612
613
604
604
607
603
612
609
604
613
613
605
605
602
603
603
603
604
607
610
609
613
599
609
606
603
601
610
611
607
594
605
607
609
604
610
606
596
603
600
611
610
613
606
599
601
615
611
610
610
609
607
612
608
605
604
603
611
613
615
603
611
617
617
609
595
605
619
606
610
608
611
596
603
599
613
604
613
610
614
606
613
599
606
606
602
613
609
605
602
610
614
610
614
610
611
606
604
608
604
613
608
614
613
601
617
600
604
606
604
597
604
603
606
600
601
616
610
602
605
614
601
607
603
606
601
603
602
612
611
607
619
612
612
613
602
607
608
613
619
608
605
611
599
601
610
606
603
613
607
597
600
618
614
614
611
605
603
611
622
604
613
609
624
605
606
602
603
610
601
615
609
604
614
620
605
613
607
612
603
613
609
612
609
612
606
600
611
614
606
614
615
605
608
598
609
615
614
616
605
612
604
612
608
611
611
609
606
606
615
598
621
607
603
618
615
600
605
615
610
625
603
615
612
601
606
608
597
606
604
610
611
608
605
610
614
604
615
611
613
611
605
615
610
602
610
622
615
606
605
613
613
621
610
600
615
621
610
607
608
623
617
618
604
602
614
605
619
602
614
600
619
604
614
602
601
617
615
607
613
603
623
615
611
603
602
609
609
604
598
612
612
614
611
616
613
615
614
614
622
608
613
620
606
609
609
609
606
602
611
624
606
623
612
620
610
608
613
609
609
605
609
610
608
620
611
617
612
621
609
612
616
615
613
606
616
605
609
610
596
613
610
606
604
623
612
606
609
610
603
601
617
608
617
616
610
612
604
614
600
614
606
609
623
617
620
615
610
618
627
624
611
618
607
608
621
612
606
611
615
606
610
607
613
611
609
610
606
609
609
625
625
616
614
607
612
607
608
609
613
615
608
611
608
613
603
614
600
602
612
622
612
622
615
611
621
617
616
603
605
615
609
604
619
612
606
623
616
608
619
611
607
624
612
610
610
604
616
610
610
617
612
612
611
613
600
618
618
601
608
620
606
595
616
615
610
602
612
610
604
608
619
610
622
624
613
606
618
610
617
609
613
617
614
614
607
617
618
612
609
608
603
604
608
623
612
624
618
606
613
617
610
614
609
609
616
620
613
604
612
622
620
621
616
605
614
618
606
605
623
617
620
612
608
611
622
607
609
605
612
623
611
613
618
616
596
607
611
614
611
611
606
614
613
613
608
605
614
614
621
622
618
619
612
610
619
607
610
607
614
606
604
614
600
618
622
611
614
609
610
608
610
620
614
613
619
619
601
612
620
611
615
614
617
620
611
611
610
619
615
610
604
618
612
609
621
618
603
619
606
609
617
615
617
615
617
614
613
613
612
612
610
613
618
621
614
616
627
615
626
613
607
614
607
610
623
609
609
611
605
612
607
617
593
604
611
611
617
625
613
616
604
599
615
618
619
612
620
609
619
601
625
612
619
610
606
603
607
618
611
619
614
606
613
615
605
608
624
603
606
618
606
618
614
612
615
600
614
615
617
615
616
611
610
611
610
606
613
614
606
618
624
613
605
611
607
612
611
608
604
611
625
617
617
617
606
622
596
611
619
610
614
609
619
614
608
613
608
618
602
603
611
617
610
609
606
611
611
603
619
607
602
618
611
612
626
612
608
613
619
604
619
603
609
605
609
620
607
621
622
627
600
620
616
615
622
609
612
628
605
619
609
605
618
617
617
621
609
614
615
612
612
614
615
595
605
612
623
622
619
613
604
607
620
611
614
617
622
610
608
612
614
619
610
612
620
610
622
605
614
612
621
605
610
619
620
615
611
612
615
609
617
607
608
600
611
620
610
608
608
613
603
603
619
623
613
606
612
615
623
601
600
621
614
621
605
609
611
605
615
628
610
602
601
604
601
615
616
611
605
604
605
609
595
623
612
608
602
613
601
603
611
596
619
609
613
610
603
615
619
607
610
612
616
611
620
609
611
608
617
618
611
609
617
613
613
611
610
624
608
603
619
607
603
614
613
606
619
602
599
611
609
605
613
624
596
618
609
621
606
614
609
610
609
619
615
605
617
615
622
613
602
610
610
613
610
613
621
613
607
601
619
610
612
613
613
620
613
601
614
613
614
611
603
612
611
610
602
610
611
606
609
611
615
601
615
601
609
602
610
616
598
609
619
612
619
611
600
617
609
614
604
601
609
612
594
621
605
605
612
611
617
615
609
609
616
603
613
609
604
614
617
608
607
610
619
610
617
613
611
608
617
621
611
617
619
609
620
619
606
604
609
604
613
600
604
608
607
607
605
606
598
609
608
601
611
610
609
613
609
609
613
608
613
615
611
603
610
607
601
607
608
601
604
612
624
607
604
608
611
608
596
604
603
612
612
608
601
607
603
602
609
592
600
598
605
601
610
609
605
606
606
606
607
594
605
611
605
633
607
605
606
608
604
609
607
604
612
601
602
611
611
609
611
607
607
610
612
608
595
606
598
608
606
606
612
604
605
603
602
606
608
607
605
612
600
603
604
601
604
599
606
598
606
600
624
603
617
609
599
603
614
602
611
600
609
604
612
607
605
603
609
597
611
607
598
606
607
614
603
615
592
614
605
598
606
610
601
599
614
606
604
609
610
604
612
613
610
598
603
596
613
597
607
603
609
618
601
609
608
606
608
601
605
602
605
599
606
605
604
607
606
612
614
602
597
603
605
610
607
600
608
611
600
606
604
601
606
603
600
607
