607
608
617
611
602
602
603
611
613
612
614
607
606
603
615
605
619
617
603
612
607
607
611
614
603
606
605
612
602
618
610
604
608
603
614
608
607
604
608
614
610
609
613
615
606
608
607
611
613
617
613
606
610
617
608
617
612
614
612
604
615
604
610
605
595
601
609
611
608
610
605
602
618
610
608
612
610
605
604
610
608
609
619
619
605
616
611
615
616
606
612
607
622
607
611
609
612
604
609
613
620
620
617
613
608
612
608
615
615
605
603
612
615
606
617
611
603
613
616
611
602
612
622
611
610
608
616
617
603
618
617
611
613
614
620
610
603
611
611
612
609
620
626
612
630
617
610
611
612
608
623
603
614
611
615
609
596
609
617
608
603
617
607
614
617
613
617
626
614
602
619
608
604
612
610
607
614
609
614
610
593
616
617
611
612
621
607
607
614
622
619
610
624
614
613
606
619
621
618
619
623
616
612
618
623
605
601
614
615
610
608
627
621
605
620
616
625
620
609
611
615
629
606
616
620
622
606
635
619
618
609
617
611
621
601
622
615
621
621
613
617
606
613
608
615
620
621
611
613
604
611
621
612
609
629
624
616
622
613
611
612
615
606
621
602
618
613
616
611
601
619
606
620
624
616
618
610
609
614
609
620
614
617
623
632
608
617
609
608
625
618
609
610
608
606
617
619
630
628
607
624
628
617
608
624
617
635
600
600
612
620
621
609
626
622
616
615
618
617
605
622
612
611
625
627
609
634
611
617
613
621
622
617
620
614
621
627
622
619
610
620
623
615
628
622
614
621
617
612
627
626
631
613
613
618
624
624
610
612
615
620
609
613
611
618
618
618
611
634
614
620
615
614
623
615
615
626
625
618
632
611
633
619
625
607
630
606
621
619
599
604
618
613
617
613
627
618
612
631
621
614
616
624
619
613
609
612
606
621
608
610
620
620
615
623
619
620
624
613
612
613
617
617
608
625
626
613
619
614
610
618
611
617
621
614
620
629
623
623
613
618
615
615
623
618
621
605
623
612
611
619
610
608
628
619
631
624
615
616
608
620
624
642
625
624
623
628
624
618
611
627
604
613
629
617
622
627
613
625
626
609
622
621
617
622
626
610
613
609
620
629
626
611
630
615
622
621
615
611
625
618
622
618
616
621
606
623
620
630
621
619
617
619
641
610
623
622
609
634
616
624
617
621
618
626
615
632
612
616
625
618
611
634
634
621
624
619
617
612
620
635
608
611
622
621
621
621
620
613
622
622
627
619
624
628
623
632
611
627
629
617
638
628
621
627
614
635
621
635
626
623
634
625
622
620
617
618
613
629
628
619
638
613
633
622
630
629
612
620
636
609
634
639
627
625
642
621
621
626
611
615
614
627
619
630
633
630
632
632
631
637
624
616
615
627
631
623
623
638
632
632
625
622
632
621
622
614
624
615
627
624
614
631
620
626
631
630
613
630
629
631
618
621
629
632
616
624
615
632
613
621
622
611
614
610
626
625
633
623
626
626
626
620
618
606
628
624
626
627
623
618
625
614
616
615
622
628
613
620
627
628
629
610
621
623
623
615
613
618
620
625
628
614
621
618
618
617
622
615
630
623
625
633
623
624
613
624
618
621
609
609
625
628
636
628
619
610
624
613
619
619
634
633
628
629
632
634
645
630
627
619
619
633
618
632
618
615
607
631
638
625
632
619
610
632
623
613
608
637
643
628
617
628
622
641
624
614
621
621
628
612
621
621
621
622
618
626
622
621
624
635
627
620
626
618
634
624
619
621
622
623
617
610
627
627
620
625
633
621
630
624
616
616
634
624
626
624
621
615
625
621
620
628
629
633
629
619
638
627
623
624
631
630
625
619
632
629
630
623
613
617
629
642
630
629
615
620
632
617
631
622
628
652
618
623
634
622
629
617
612
621
628
636
624
625
611
629
614
623
616
633
625
620
629
627
614
612
642
628
634
629
623
629
625
619
620
620
615
634
631
623
620
630
621
618
619
613
635
629
629
615
613
630
621
627
621
627
616
636
611
630
623
626
623
623
614
619
620
648
613
627
627
610
632
613
625
613
605
611
626
613
612
621
626
630
636
624
625
626
626
624
623
617
610
621
616
622
618
623
613
617
621
625
628
618
624
619
617
618
638
628
611
628
616
616
628
615
622
632
628
608
618
636
631
632
624
622
620
620
615
631
615
628
619
615
625
632
614
623
619
618
627
631
618
632
613
626
616
617
628
615
636
619
626
625
620
626
609
627
609
617
614
624
623
623
623
628
617
629
627
618
626
634
615
619
626
606
628
628
613
622
619
621
620
619
622
615
616
623
625
618
623
629
620
623
610
628
622
617
627
623
623
624
612
612
602
617
617
629
627
623
624
630
625
623
608
613
630
640
619
618
639
631
619
613
623
617
625
624
617
614
628
630
630
620
620
610
625
624
621
625
622
627
624
618
622
625
612
618
627
614
611
626
606
615
612
614
622
631
612
624
626
610
623
618
623
616
614
622
614
620
620
626
617
623
625
619
622
619
616
613
636
619
612
617
617
619
629
622
622
620
621
622
623
624
613
616
626
608
602
610
614
618
621
619
608
617
624
621
605
612
609
630
625
618
618
634
628
623
604
618
615
615
620
622
617
619
635
617
620
635
623
622
613
629
615
614
607
616
620
612
603
613
622
623
607
620
614
625
624
625
610
620
612
620
607
609
609
608
611
622
605
614
612
612
626
612
604
614
621
606
607
613
622
607
605
630
620
613
610
605
614
611
593
626
617
611
614
612
628
623
623
607
613
621
608
604
610
614
615
606
609
604
602
610
612
611
608
609
602
616
619
623
614
607
611
607
611
618
609
619
605
611
604
604
616
620
603
608
608
611
610
612
599
604
614
601
613
622
605
601
607
609
613
605
605
599
616
611
611
608
601
619
609
596
612
610
609
613
606
612
611
607
607
615
605
606
617
608
604
610
602
601
610
607
611
615
607
600
622
613
611
607
607
615
601
610
608
606
604
611
613
616
609
615
613
613
613
607
600
599
614
601
601
595
613
604
598
609
606
