609
602
594
604
602
602
603
609
606
605
604
604
606
605
611
598
601
604
605
603
597
606
607
602
607
604
606
602
605
605
602
604
598
602
596
608
598
606
599
610
604
594
598
595
591
600
593
602
603
608
597
604
603
601
601
601
608
603
602
600
611
601
601
598
610
598
600
607
600
602
604
610
606
606
604
609
609
603
599
595
604
607
607
600
603
606
605
604
609
600
599
610
597
604
607
605
598
600
607
602
603
607
607
605
603
611
597
604
607
604
605
601
599
601
603
608
600
597
613
600
622
608
605
598
602
601
601
604
602
606
606
604
595
603
603
605
605
611
610
609
602
606
597
598
608
600
607
599
601
608
612
610
600
610
605
588
599
601
602
602
596
615
600
601
608
598
601
600
595
615
596
611
605
608
595
601
606
596
610
614
616
608
608
611
607
612
611
613
602
614
611
607
613
602
608
615
604
612
608
610
604
608
612
606
618
604
614
600
606
610
617
615
618
616
611
611
609
609
605
606
599
614
613
615
611
615
600
611
623
610
627
622
624
610
621
614
618
618
625
618
617
614
612
610
619
608
612
605
617
630
607
617
621
606
606
611
605
624
614
604
610
613
617
614
612
619
618
611
621
634
601
615
608
619
617
617
610
613
619
608
636
627
615
627
624
628
632
631
624
627
626
625
621
628
631
631
612
625
627
634
624
622
622
636
632
648
634
633
641
644
632
637
633
627
639
629
649
648
643
651
639
638
643
656
653
663
667
669
659
662
669
646
677
669
661
671
673
666
673
648
673
691
703
689
695
707
696
709
688
706
716
746
756
702
720
709
732
723
765
760
785
771
796
784
802
807
854
818
825
805
847
835
879
880
859
891
906
889
931
954
955
995
964
1029
1000
1009
1029
1078
1103
1071
1191
1098
1184
1179
1228
1208
1189
1242
1314
1300
1345
1426
1430
1484
1502
1554
1595
1641
1634
1731
1779
1916
1865
1940
1931
2020
2101
2167
2214
2362
2345
2358
2548
2577
2768
2800
2993
2929
3049
3112
3289
3405
3516
3625
3862
3943
4008
4252
4307
4407
4645
4769
4942
4954
5168
5367
5478
5662
5781
5855
6119
6337
6451
6940
7017
7104
7378
7528
7751
7923
8115
8252
8402
8625
8466
8885
8952
9114
9374
9546
9652
9667
9775
10045
10200
10431
10109
10401
10416
10690
10590
10789
10695
10853
10790
10773
11127
10940
10994
11005
11008
10958
10883
11096
10955
11047
10551
10680
10760
10853
10781
10671
10679
10633
10598
10563
10377
10171
10330
10096
9801
9887
9629
9562
9744
9530
9332
9123
9044
9104
8774
8813
8552
8435
8529
8124
8152
7800
7702
7829
7621
7507
7230
7088
7254
7050
6861
6934
6594
6582
6638
6744
6352
6406
6107
6104
6008
5939
5927
5745
5741
5672
5458
5647
5333
5286
5276
5244
5214
5065
5133
5126
5006
4891
4913
4822
4687
4740
4825
4616
4659
4585
4503
4410
4272
4365
4286
4195
4325
4048
3973
4126
3974
4043
3819
4082
4013
3823
4062
3832
3828
3758
3659
3744
3711
3710
3580
3600
3459
3392
3353
3403
3397
3273
3286
3291
3169
3162
3113
3141
3138
3063
2982
3000
2890
2842
2937
2898
2823
2784
2850
2739
2693
2734
2646
2576
2486
2628
2545
2529
2512
2531
2534
2464
2396
2440
2285
2292
2242
2264
2238
2243
2186
2170
2234
2126
2155
2069
2025
2031
2037
2005
1958
1961
1955
1926
1973
1825
1917
1810
1863
1833
1818
1799
1798
1718
1718
1736
1673
1655
1720
1657
1612
1643
1693
1614
1632
1547
1626
1583
1560
1534
1563
1522
1474
1491
1417
1453
1449
1398
1422
1388
1391
1374
1447
1408
1387
1357
1255
1338
1271
1253
1343
1276
1262
1260
1198
1267
1268
1251
1212
1239
1237
1197
1140
1180
1187
1161
1165
1144
1109
1145
1095
1128
1111
1096
1060
1037
1078
1119
1052
1051
1084
1086
1053
1004
1088
1061
999
1006
1008
1019
1024
1022
1013
975
973
968
977
1016
988
983
1005
1020
921
948
949
978
968
911
961
955
924
940
937
938
910
937
934
912
884
883
897
884
887
873
889
909
886
864
893
876
900
838
870
842
824
842
849
839
847
843
842
784
838
811
821
840
814
814
839
800
820
788
826
792
814
805
788
820
773
822
788
786
775
791
822
781
778
766
785
745
775
776
754
747
768
752
759
744
770
754
733
722
757
756
715
775
736
744
746
748
725
737
748
734
753
742
748
744
726
721
731
704
713
738
710
700
726
721
723
725
721
727
684
701
695
687
739
728
704
701
711
701
697
690
719
683
725
705
698
727
696
676
690
690
690
698
691
699
700
684
692
686
686
691
672
688
696
676
677
683
684
667
686
667
664
686
683
672
662
661
668
678
677
669
653
669
662
673
663
681
645
662
656
680
664
656
653
658
666
666
670
687
658
647
660
663
664
663
657
657
664
651
646
653
664
647
661
649
659
663
647
633
648
670
656
642
646
638
645
639
636
640
653
647
642
659
642
634
637
643
637
636
648
658
642
636
646
639
629
638
639
655
641
632
645
632
629
626
636
627
654
642
647
618
622
649
645
623
618
649
622
632
631
632
640
623
634
641
634
615
628
634
631
645
632
629
622
622
632
641
618
624
617
619
628
624
614
621
613
629
626
630
635
624
626
640
613
628
628
622
624
635
621
623
630
615
619
631
618
628
614
638
615
635
621
611
628
613
622
617
623
607
617
618
621
611
617
621
612
622
618
615
620
626
616
615
611
623
613
618
618
615
611
610
608
607
620
620
610
618
618
608
613
627
606
613
622
610
611
603
606
617
608
621
616
616
621
605
615
617
616
607
618
615
609
615
614
611
612
618
613
611
609
610
607
618
620
609
608
608
624
610
613
608
607
612
609
609
615
600
611
614
617
603
600
620
610
602
612
611
609
612
603
600
619
622
603
603
606
606
619
607
598
615
602
605
602
604
604
609
611
603
607
611
608
605
602
614
609
595
613
598
604
600
602
602
613
604
608
608
607
615
604
608
607
599
606
602
613
608
598
604
600
608
608
605
605
599
613
608
594
611
605
603
603
600
609
604
607
603
600
603
603
606
600
603
612
598
607
594
611
597
597
599
600
606
610
606
613
600
611
595
599
604
606
596
604
604
600
595
604
598
602
607
606
598
610
607
600
607
596
603
603
593
605
609
600
609
599
596
608
605
606
615
598
593
608
603
592
597
599
604
604
600
606
610
609
603
600
599
606
608
602
605
602
601
595
597
598
600
601
604
598
598
602
604
608
602
606
600
605
601
601
610
599
605
606
607
599
600
606
596
602
612
605
600
598
597
600
597
603
600
605
597
600
603
611
597
