603
598
613
602
599
609
610
608
611
604
603
608
598
603
605
603
605
600
597
610
604
605
602
606
601
597
599
606
601
604
609
602
612
594
614
605
598
609
606
602
603
618
607
608
601
591
607
599
615
602
603
599
603
606
599
604
596
601
601
602
597
601
598
603
600
601
598
603
594
606
614
606
604
604
603
605
601
599
594
607
597
604
596
596
607
607
608
604
600
605
599
610
595
601
608
602
608
608
600
606
602
614
602
599
605
616
603
604
606
604
596
609
611
602
618
599
613
604
600
597
612
605
597
606
605
607
594
604
601
611
607
605
606
608
602
605
603
600
608
606
603
604
604
597
605
602
597
598
604
602
611
601
600
609
601
596
598
611
600
609
601
602
603
588
596
598
600
602
605
591
595
607
608
613
602
595
606
606
607
606
603
607
608
610
618
616
617
611
611
619
602
615
616
612
602
607
603
611
612
610
603
614
610
616
611
597
596
614
606
607
606
601
610
613
608
607
617
617
611
620
602
620
618
629
616
623
617
622
611
615
606
615
609
606
616
628
614
620
624
623
621
622
613
611
628
613
608
630
602
621
622
622
607
624
619
622
629
613
600
616
629
619
629
614
627
623
626
619
624
641
624
637
628
631
624
623
633
633
617
626
634
628
638
623
625
634
629
639
632
636
629
639
632
630
625
647
629
631
640
620
631
640
633
633
623
636
627
639
644
643
644
643
662
647
635
664
650
650
654
658
651
647
651
673
654
663
689
665
668
662
653
681
668
662
656
670
688
696
686
694
674
707
705
690
712
725
716
742
711
725
728
744
738
722
743
738
799
743
794
808
780
796
779
794
817
816
846
849
852
867
864
880
865
910
902
924
919
975
981
999
1008
1014
1047
1019
1076
1074
1120
1152
1121
1178
1131
1156
1175
1221
1298
1280
1410
1386
1445
1461
1477
1590
1580
1564
1666
1649
1735
1812
1784
1906
1925
1994
2088
2178
2186
2244
2259
2408
2626
2503
2739
2807
2834
2916
3041
3118
3230
3349
3426
3626
3770
3944
4017
4177
4239
4589
4418
4819
4910
4874
5201
5546
5433
5720
5860
5908
6269
6309
6526
6769
6976
7254
7559
7747
7925
8070
8212
8537
8852
8801
9217
9244
9388
9655
9671
10102
9859
10188
10286
10668
10845
11106
11216
11415
11378
11426
11726
11710
11765
12297
11973
12163
12277
12227
12085
12390
12313
12476
12596
12511
12244
12283
12582
12342
12373
12308
12564
12600
12437
12442
12237
12220
12330
12050
12209
11757
11743
11573
11538
11402
11192
11073
10865
10695
10868
10750
10521
10425
10441
10399
9941
9879
9871
9609
9490
9442
9163
8968
8867
8646
8622
8446
8278
8054
8112
7820
7899
7655
7429
7515
7537
7263
7218
7096
7036
6922
6899
6895
6605
6622
6465
6467
6481
6331
6137
5839
5912
5812
5849
5738
5921
5739
5540
5586
5467
5478
5412
5348
5431
5172
5135
5123
5102
5012
4989
4918
4829
4832
4772
4673
4586
4656
4495
4433
4450
4433
4332
4525
4388
4445
4315
4193
4234
4093
4154
4017
4063
3936
3928
3979
3833
3760
3803
3716
3700
3663
3609
3531
3500
3480
3471
3530
3385
3318
3406
3402
3325
3334
3157
3129
3034
3077
3084
2916
3017
3046
2811
2938
2834
2794
2803
2808
2751
2696
2674
2680
2530
2637
2618
2548
2500
2451
2396
2340
2324
2337
2366
2295
2220
2261
2202
2223
2223
2217
2240
2092
2185
2032
2085
2085
1975
2024
2129
2018
1939
1926
1926
1904
1885
1862
1855
1743
1812
1750
1783
1752
1801
1727
1651
1750
1589
1704
1587
1634
1604
1549
1669
1548
1602
1515
1558
1467
1462
1448
1458
1453
1497
1500
1406
1451
1409
1385
1429
1370
1323
1343
1393
1269
1288
1296
1331
1329
1312
1275
1255
1307
1248
1233
1197
1188
1241
1264
1191
1245
1182
1207
1151
1210
1140
1176
1140
1098
1143
1119
1125
1127
1137
1158
1096
1103
1113
1091
1040
1057
1085
1025
1065
1076
1041
1027
1030
1024
1074
1024
995
991
1004
1004
1077
1003
989
1004
936
936
924
971
985
968
958
967
955
987
955
952
906
946
911
921
896
924
949
889
925
930
889
921
908
877
898
864
863
854
897
876
831
896
867
836
846
846
849
870
876
851
846
823
825
789
818
810
812
848
799
807
835
783
827
827
819
799
784
785
823
781
784
772
802
801
772
796
780
762
767
798
775
769
761
782
783
778
758
745
790
747
732
745
754
742
757
737
744
759
757
748
747
785
755
740
757
752
757
705
729
756
732
751
706
727
734
748
746
718
728
729
721
737
720
710
730
690
687
692
741
717
733
722
692
716
715
713
707
707
694
692
696
681
706
719
707
695
680
673
692
689
677
686
691
674
690
670
684
694
704
673
686
697
681
681
686
672
678
685
673
689
688
662
672
668
685
655
700
664
664
650
655
671
668
670
661
664
664
654
671
660
666
635
677
652
648
649
649
657
653
662
657
652
664
668
652
670
652
660
643
661
654
665
660
632
647
657
653
658
648
641
657
644
643
635
643
644
648
648
661
649
642
638
637
636
642
647
636
639
628
641
617
647
628
639
656
643
624
656
655
640
628
649
629
648
629
635
621
643
634
626
630
644
634
630
627
649
627
620
633
632
626
640
632
626
629
623
623
640
641
622
631
628
625
628
624
626
630
613
642
628
630
620
621
620
627
614
622
623
617
621
613
641
618
622
625
629
620
620
621
631
622
610
615
622
628
615
617
627
623
610
618
613
626
623
615
619
619
606
624
609
610
617
611
620
616
613
615
620
609
608
624
606
624
608
617
628
609
603
622
608
610
620
621
617
610
621
620
611
612
608
609
624
612
607
612
614
624
608
620
612
616
604
609
610
615
615
604
615
607
602
613
618
613
608
608
627
605
608
607
610
604
609
604
607
614
617
611
610
619
608
604
613
609
615
605
601
605
603
610
603
612
604
610
604
604
605
601
600
605
614
611
615
605
612
603
606
603
613
601
602
609
606
605
609
613
610
603
613
603
606
603
592
595
609
601
607
606
598
610
604
610
604
616
608
603
611
599
608
614
602
604
619
603
600
605
605
607
597
604
606
606
615
607
612
608
602
602
605
607
596
603
602
603
603
600
606
600
603
598
596
594
598
592
602
603
602
604
592
608
609
606
603
598
608
608
603
612
601
609
601
607
610
609
598
600
601
605
605
606
601
602
596
601
597
593
606
605
604
602
598
600
601
598
611
604
601
599
600
606
608
604
604
606
605
599
606
601
611
604
593
605
603
606
595
600
601
604
606
603
598
603
592
603
602
599
606
604
598
605
604
603
601
597
604
592
608
608
603
600
601
602
606
597
595
594
601
