614
605
613
618
611
608
617
607
605
605
600
610
598
606
601
613
601
594
605
600
611
603
611
605
592
606
610
605
599
610
614
605
605
604
606
609
602
602
593
606
603
601
609
611
607
600
611
598
602
612
611
612
604
600
600
599
612
604
606
606
606
608
613
604
598
616
606
606
614
596
614
603
609
608
602
595
603
597
606
615
616
607
609
609
606
608
603
606
610
588
598
601
598
606
605
612
609
602
614
606
601
604
623
605
607
611
616
612
609
606
607
603
611
611
606
607
618
615
605
605
607
611
612
613
603
610
600
609
606
610
609
603
609
616
606
601
610
613
614
602
617
609
615
610
611
614
610
614
616
612
608
616
607
623
619
614
619
614
609
610
607
605
617
615
625
609
616
621
610
617
615
612
619
610
608
615
613
595
616
615
617
617
619
620
626
619
607
625
608
615
612
617
616
615
615
616
616
611
627
616
618
605
618
632
614
620
625
607
613
618
616
613
614
620
618
617
619
617
627
619
621
628
632
631
622
617
630
622
625
621
621
621
618
618
626
635
624
617
624
626
626
624
626
636
631
630
642
619
623
623
621
632
633
621
630
636
618
635
648
623
653
624
628
637
636
628
641
627
638
635
639
645
632
628
633
647
652
631
640
657
636
624
650
652
634
643
642
642
660
637
647
663
651
645
638
660
638
636
648
651
652
642
657
656
633
671
658
661
693
671
664
670
677
679
672
672
671
681
680
675
689
672
696
696
678
688
692
683
689
691
678
704
690
708
713
715
714
705
705
743
741
731
738
720
758
784
770
750
797
826
783
792
792
811
818
824
824
856
849
878
895
887
883
929
903
890
946
915
977
956
983
980
950
967
1030
1032
1045
1077
1068
1158
1160
1127
1165
1229
1228
1259
1288
1294
1330
1399
1297
1393
1463
1453
1451
1537
1670
1651
1681
1754
1720
1863
1856
1914
2006
1966
1966
2146
2165
2309
2364
2388
2401
2723
2590
2735
2819
3013
3037
3128
3202
3383
3388
3531
3724
3678
3924
4151
4215
4183
4486
4677
4868
4937
5214
5411
5670
5769
6056
6064
6201
6864
6746
7146
7339
7356
7867
8023
8225
8470
8844
9062
9243
9655
9878
10044
10631
10866
11276
11351
11536
11696
12081
12230
12556
12616
12833
12835
13190
13618
13587
13916
13911
14528
14457
14903
15033
15145
15441
15662
15676
15789
16062
16145
16267
16219
16619
16294
16594
16577
16501
16633
16720
16934
16433
17113
17216
16953
16919
16927
17003
16934
16847
16796
16580
16562
16393
16522
16232
16154
16198
15781
15582
15638
15384
15239
15085
14974
14832
14834
14796
14411
14063
13982
13704
13840
13453
13309
12824
12677
12636
12406
12119
11913
11669
11714
11308
11387
11251
11017
11034
10790
10467
10410
10154
10179
10023
10001
9828
9782
9650
9245
9190
8957
8984
9014
8784
8406
8570
8621
8279
8391
8394
8018
8048
8145
8099
7962
7870
7679
7538
7604
7383
7326
7193
7114
7208
7205
7133
7030
6805
6843
6792
6733
6670
6560
6504
6746
6516
6325
6181
6439
6184
6237
5976
6047
5990
5907
5896
5612
5788
5759
5430
5610
5368
5565
5279
5343
5257
5161
4916
5065
5032
5048
4868
4858
4818
4654
4637
4690
4664
4478
4274
4455
4291
4315
4130
4214
4148
4036
4013
4154
4035
4071
3916
3797
3812
3780
3685
3684
3522
3533
3611
3511
3455
3445
3311
3316
3336
3208
3164
3221
3200
3046
3152
3030
2958
2906
2931
2832
2887
2846
2856
2781
2794
2612
2585
2634
2636
2529
2511
2501
2454
2518
2466
2479
2350
2399
2229
2298
2232
2315
2122
2218
2222
2206
2141
2221
2057
2062
2071
2092
2052
1992
1969
1918
1905
1949
1895
1914
2014
1831
1846
1829
1885
1825
1866
1787
1730
1759
1698
1660
1671
1672
1643
1666
1601
1641
1583
1512
1546
1568
1579
1540
1459
1541
1534
1475
1426
1438
1441
1446
1464
1438
1382
1398
1438
1420
1400
1350
1316
1346
1304
1303
1320
1251
1271
1282
1297
1294
1300
1198
1211
1255
1246
1252
1293
1262
1198
1201
1172
1206
1180
1154
1176
1164
1140
1109
1113
1129
1103
1083
1095
1091
1058
1128
1076
1126
1126
1062
1088
1094
1041
1045
1039
1064
1054
1010
1022
1032
1032
1027
1021
1034
993
1010
980
972
997
999
1048
1025
984
966
971
959
948
1007
963
937
918
929
948
969
915
941
946
924
875
870
899
914
897
880
924
898
903
872
885
909
868
882
872
873
864
911
871
851
850
860
827
854
838
840
844
808
847
870
861
826
855
831
811
854
830
837
795
807
815
834
807
813
793
792
819
794
804
818
799
777
782
796
788
747
771
766
783
793
760
737
793
762
752
769
744
743
776
766
747
740
759
774
747
763
750
766
732
733
758
725
760
745
754
717
747
727
736
729
748
692
738
701
747
741
722
722
711
710
732
711
712
707
745
703
713
735
719
728
719
706
715
732
684
698
720
690
726
703
695
672
696
723
696
681
722
681
678
677
684
690
694
720
688
684
709
666
693
677
675
695
699
684
705
673
657
686
678
690
662
681
682
683
668
661
692
684
673
666
693
669
669
669
681
684
656
644
661
680
677
662
651
661
646
691
672
667
646
649
672
657
659
649
648
677
651
657
657
652
662
659
656
656
660
628
664
636
670
650
647
653
651
630
636
658
644
651
655
635
666
651
641
652
663
651
673
650
650
641
647
661
637
647
635
650
633
644
632
619
632
636
640
639
633
638
640
633
647
628
625
635
639
631
637
629
626
622
638
632
615
632
635
633
638
633
623
626
625
638
628
637
619
624
625
617
640
614
615
639
632
627
633
626
627
617
621
616
627
627
625
614
615
620
621
623
621
631
620
627
633
623
632
618
638
623
616
625
626
617
615
618
611
622
622
631
615
621
614
614
629
615
621
627
610
611
619
616
621
622
622
609
625
619
614
635
612
607
625
618
617
614
618
605
620
604
616
612
623
611
616
611
615
606
620
618
621
614
616
614
610
616
612
618
610
621
607
607
611
609
600
607
617
610
623
614
614
607
610
602
612
611
619
609
607
616
615
613
599
598
613
607
607
608
598
606
603
604
606
612
611
597
604
615
613
602
610
602
606
612
606
617
613
613
615
618
605
611
610
611
611
609
597
615
604
599
610
603
608
612
614
609
606
615
606
605
624
608
606
603
602
614
591
608
606
601
606
606
612
596
613
604
612
598
602
613
599
612
616
618
601
605
607
591
607
597
602
606
606
601
600
600
602
601
600
611
608
606
611
596
609
602
612
603
601
599
595
594
606
596
594
606
602
608
611
607
606
602
599
602
608
595
602
597
602
603
604
603
605
598
601
600
609
608
605
602
609
607
599
600
601
602
594
603
601
600
596
600
600
597
603
594
