605
604
598
611
604
610
605
613
607
604
602
614
608
617
605
603
606
608
609
603
607
607
609
611
604
613
617
605
602
605
610
608
603
606
601
602
610
605
609
617
602
605
616
598
606
606
606
607
602
609
604
603
603
609
606
601
605
609
613
603
599
611
611
608
596
615
600
611
611
602
607
607
608
609
601
606
601
599
603
600
606
608
601
605
603
600
607
602
605
605
599
604
596
608
600
613
602
610
597
602
601
596
612
602
607
595
621
608
604
610
615
610
604
610
608
618
609
608
611
607
608
610
605
612
607
610
614
613
596
607
605
604
600
614
606
607
619
611
606
614
613
607
609
622
609
610
604
604
603
610
615
603
603
604
621
610
610
622
606
610
608
602
600
609
606
617
622
619
621
614
607
610
621
606
621
603
615
612
610
617
630
617
615
624
606
616
628
607
609
613
619
620
620
614
619
614
613
625
616
618
613
601
611
624
615
618
622
614
614
624
624
614
618
618
618
624
630
616
624
620
604
629
629
628
620
618
618
622
613
627
628
629
614
626
630
627
611
627
625
634
624
618
640
636
620
633
635
643
640
621
637
625
644
633
638
636
630
642
640
628
628
639
636
638
627
643
633
648
656
647
644
632
626
640
646
639
652
639
626
644
656
643
665
647
635
639
627
646
651
637
643
671
660
643
651
671
637
638
660
645
658
669
653
672
661
670
660
666
655
654
671
656
673
692
689
669
692
670
693
693
689
680
702
708
697
682
687
705
690
699
705
703
722
722
720
732
723
741
727
743
739
752
764
770
772
784
779
788
768
792
815
775
821
830
822
832
831
866
871
857
900
911
923
920
934
962
942
994
1002
1018
1061
1034
1056
1091
1077
1082
1115
1151
1171
1198
1242
1259
1239
1249
1342
1394
1324
1340
1445
1463
1538
1510
1583
1596
1659
1686
1815
1823
1873
1951
1944
2058
2083
2119
2249
2243
2374
2365
2451
2559
2571
2786
2870
2878
2983
3192
3279
3208
3370
3582
3714
3867
3924
4095
4114
4289
4484
4698
4926
5112
5265
5258
5578
5910
6183
6381
6450
6629
6938
7047
7385
7630
7917
8124
8329
8737
9000
9262
9714
9926
10440
10676
10819
11122
11288
11895
12068
12479
12745
13175
13257
13828
13915
13923
14653
14844
14987
15539
15477
15821
15940
16466
16424
16827
17167
17033
17560
17760
17707
18287
18233
18205
18324
18575
18448
19125
18822
19045
18553
19025
18731
19140
18841
18681
18872
19027
18812
19018
19070
18892
19438
18884
18886
18821
18602
18627
18497
18384
17971
18116
17554
17781
17495
17130
17021
17029
16781
16455
16511
15907
15886
15601
15429
15387
14985
14679
14614
14076
14053
13808
13721
13594
13227
12905
13044
12529
12332
12350
11916
11849
12037
11674
11547
11247
10990
11091
10777
10857
10598
10404
10238
10281
9914
9982
9812
9587
9670
9606
9437
9211
9108
9224
8826
8680
8981
8639
8712
8501
8328
8476
8338
8244
8055
7937
7824
8033
7644
7777
7551
7455
7403
7340
7307
7216
7251
7366
7032
7148
6947
6991
6889
6757
6842
6707
6550
6339
6308
6312
6227
6124
6078
6100
5916
5980
5790
5696
5732
5744
5565
5498
5585
5465
5408
5344
5198
5227
5121
5066
4922
5019
4841
4775
4776
4578
4652
4519
4517
4450
4484
4429
4368
4175
4234
4154
4053
4134
4097
3989
3992
3849
3852
3729
3759
3730
3707
3596
3495
3404
3495
3508
3364
3237
3360
3317
3381
3275
3208
3064
3207
3030
3109
3024
2979
2949
2947
2784
2720
2705
2732
2723
2702
2683
2619
2626
2547
2522
2573
2422
2513
2469
2496
2373
2506
2384
2314
2356
2255
2278
2298
2160
2097
2208
2122
2078
2143
2017
2103
1986
2016
1966
1930
1930
2015
1979
1888
1879
1837
1811
1919
1836
1791
1803
1840
1726
1680
1730
1634
1664
1681
1667
1626
1595
1624
1655
1553
1590
1573
1544
1607
1499
1497
1544
1534
1493
1512
1518
1428
1462
1389
1443
1437
1456
1394
1453
1445
1370
1361
1279
1324
1279
1274
1340
1300
1264
1272
1272
1280
1251
1219
1268
1264
1217
1304
1255
1254
1212
1223
1238
1205
1200
1185
1155
1139
1121
1162
1141
1138
1163
1106
1130
1136
1129
1085
1138
1090
1082
1079
1072
1038
1065
1055
1051
1076
1078
1022
1004
1049
1045
995
987
945
1018
963
977
1014
1022
998
956
960
1042
996
987
999
917
963
996
948
963
975
950
891
926
945
934
930
906
946
886
915
895
900
903
911
885
885
896
908
840
874
839
871
858
839
877
901
855
829
852
859
863
844
846
840
813
820
828
845
805
789
838
824
813
817
819
845
822
833
819
819
823
831
777
820
789
782
781
819
797
776
773
767
778
783
784
772
790
773
775
767
760
764
800
791
746
780
751
785
802
765
744
746
742
751
761
756
730
723
764
735
727
747
736
735
735
748
738
720
740
749
730
724
700
725
721
713
736
742
712
704
719
720
721
721
728
720
714
687
687
700
697
690
707
708
695
715
699
718
693
701
685
677
686
680
686
710
701
699
692
674
691
679
707
681
693
680
696
707
690
680
672
678
685
690
687
676
686
673
676
672
669
675
681
689
675
675
690
694
677
692
665
665
653
656
678
655
680
678
654
657
656
659
679
667
651
645
659
664
650
668
658
663
672
654
667
664
652
653
664
658
654
649
663
676
659
653
663
646
645
637
643
651
639
642
645
643
647
633
645
646
653
660
650
640
643
640
644
638
641
632
645
649
627
639
647
636
626
657
647
652
634
631
647
649
633
624
638
626
645
649
638
613
635
635
618
636
645
647
630
624
643
618
646
650
646
635
634
625
623
621
627
623
624
635
620
617
634
623
624
626
624
650
631
624
631
640
632
626
632
625
618
614
616
615
606
621
620
617
622
625
631
624
627
627
614
613
617
629
618
616
614
622
620
618
627
630
615
617
621
619
624
620
619
623
612
611
617
613
630
615
607
605
607
629
614
609
614
618
620
615
614
604
619
606
620
606
620
614
621
611
618
600
614
614
620
600
604
619
605
606
617
613
611
615
603
602
614
616
613
607
619
605
610
609
607
608
603
605
610
603
616
624
612
605
607
614
612
605
604
610
602
611
611
611
608
611
618
606
611
609
616
606
610
605
604
612
618
608
610
598
609
612
606
613
596
604
602
604
606
604
604
604
600
599
613
598
610
600
607
606
609
600
613
600
618
606
612
601
607
607
602
595
599
605
609
611
605
606
608
612
594
605
605
600
606
602
589
605
605
602
607
600
604
601
598
596
605
603
606
602
602
603
603
596
601
605
609
606
601
603
600
600
608
608
599
608
592
596
618
606
612
601
599
623
599
611
609
611
603
600
602
599
596
600
609
599
608
591
603
591
606
610
605
595
599
611
603
600
597
599
601
