612
605
609
624
608
607
611
609
616
611
599
619
616
603
622
606
606
605
605
606
606
615
618
614
604
606
611
613
614
609
603
618
603
611
609
600
608
609
603
610
610
606
611
603
613
604
613
618
627
600
611
607
611
605
610
611
614
617
604
608
601
595
606
609
599
614
606
600
608
609
608
619
623
604
612
599
606
597
610
606
613
596
605
606
613
611
606
617
600
619
621
605
602
612
599
611
606
608
607
611
612
609
611
619
615
616
605
619
614
609
615
605
623
609
616
609
603
608
610
609
604
610
607
616
610
606
615
612
614
619
609
610
603
602
614
613
604
611
604
612
615
612
609
618
607
610
609
615
616
616
610
625
612
597
623
610
614
614
609
606
604
626
615
611
615
616
619
611
603
618
615
619
620
607
619
621
612
623
609
621
630
633
621
629
612
632
613
620
615
608
618
621
620
633
622
622
621
630
627
634
619
619
639
631
627
628
628
630
626
633
630
622
627
637
619
631
632
620
629
642
630
646
641
620
641
622
630
632
626
641
628
642
625
626
629
633
650
642
635
632
623
625
648
647
651
637
630
641
642
625
637
657
632
621
636
651
642
651
647
644
659
653
660
634
652
650
651
641
646
660
657
642
651
644
638
662
644
651
646
657
662
660
652
642
657
659
661
648
681
651
679
655
650
664
661
676
672
670
667
692
661
660
675
670
658
674
673
666
693
692
681
661
691
675
688
685
683
697
695
694
715
707
727
719
706
720
723
715
734
740
737
725
723
750
737
758
752
765
746
754
778
783
805
811
806
829
830
814
832
841
869
819
869
874
885
888
917
926
913
943
963
942
976
983
983
957
1024
1074
1078
1069
1117
1055
1119
1153
1179
1236
1197
1300
1309
1238
1352
1307
1387
1306
1413
1473
1487
1526
1587
1596
1679
1723
1763
1766
1786
1921
1983
2032
2057
2157
2257
2267
2315
2445
2455
2434
2654
2682
2750
2875
2855
3169
3102
3327
3304
3591
3726
3873
3990
4132
4188
4307
4596
4732
4986
5019
5118
5424
5590
5766
6013
6207
6551
6576
6781
7236
7447
7725
8016
8474
8416
8863
9141
9511
9724
10111
10549
10704
10951
11135
11939
12176
12499
13177
13645
13526
13998
14417
15126
15266
15915
16075
16451
16711
16938
17404
17480
17963
17796
18532
18612
19041
19287
19723
20065
20208
20536
20527
21154
21039
21199
21521
21783
21772
22069
21981
22541
22211
22130
21693
22382
22317
22520
22634
22799
22427
22398
22489
22642
22579
22850
22567
22632
22391
22185
21842
21645
21953
21936
21310
21185
21193
20799
20751
20640
20619
20158
19769
19419
19462
18876
18851
18538
18314
18102
17666
17503
17083
16854
16364
16659
16320
15969
15729
15564
15178
14933
14906
14665
14247
14121
13800
13779
13872
13265
13489
13205
13164
12724
12409
12670
12425
12221
11796
11763
11572
11618
11415
11004
11087
10957
11093
10749
10769
10631
10484
10415
10418
10448
9994
10001
10017
9792
9821
9645
9538
9449
9231
9101
9167
9039
8856
8800
8753
8707
8657
8605
8425
8326
8338
8187
8189
8161
8064
7827
7873
7619
7788
7483
7375
7385
7327
7204
7353
7183
7082
6945
6734
6889
6650
6631
6560
6479
6516
6417
6269
6172
6060
5954
5799
5810
5812
5642
5672
5548
5497
5517
5283
5328
5409
5080
5117
5100
5024
4895
4877
4812
4659
4855
4754
4545
4676
4600
4506
4318
4378
4270
4297
4167
4083
4052
4066
3904
3887
3871
3868
3834
3726
3710
3731
3597
3601
3563
3421
3564
3343
3421
3231
3284
3352
3227
3217
3198
3128
2996
3091
3035
2999
2862
2908
2799
2857
2814
2803
2690
2628
2678
2670
2656
2619
2490
2484
2449
2489
2397
2329
2339
2383
2414
2286
2349
2305
2302
2209
2224
2250
2205
2157
2139
2016
2096
2049
1982
2007
2016
2022
1957
1964
1874
1928
1990
1890
1822
1852
1764
1861
1774
1857
1804
1830
1781
1721
1691
1717
1672
1666
1690
1652
1655
1644
1644
1632
1585
1582
1523
1583
1533
1526
1527
1548
1472
1460
1472
1406
1454
1412
1334
1436
1409
1439
1375
1372
1380
1367
1384
1399
1314
1303
1319
1307
1299
1374
1271
1289
1249
1272
1253
1281
1234
1191
1212
1240
1259
1251
1224
1281
1194
1185
1205
1238
1150
1172
1161
1112
1169
1142
1139
1130
1111
1081
1129
1161
1137
1114
1122
1074
1024
1104
1052
1061
1063
1038
1049
1053
1066
1041
1028
1045
992
1044
1016
1014
1011
1041
987
1017
964
968
956
947
979
995
971
947
924
1012
932
948
926
938
961
915
888
927
905
910
937
886
938
891
898
860
922
872
898
931
891
887
876
880
901
896
866
876
911
877
842
899
860
845
888
873
829
852
839
858
841
835
860
847
838
824
805
803
812
788
858
832
792
807
823
808
800
801
811
800
794
829
787
783
791
780
801
798
801
783
773
792
776
778
779
750
786
787
804
759
768
762
798
748
764
748
754
772
770
763
723
749
741
757
750
732
727
759
738
739
741
720
769
739
734
706
749
735
748
740
724
737
701
713
717
723
714
697
700
729
694
684
722
683
729
727
709
710
726
707
717
718
722
750
734
725
700
721
708
692
696
710
695
714
713
696
697
686
705
676
680
663
681
676
692
668
697
676
677
686
679
700
689
672
685
682
678
683
671
681
670
687
686
695
675
677
686
674
662
682
662
645
651
668
669
661
665
672
675
666
663
659
652
655
653
659
662
670
651
684
663
640
654
656
653
661
665
627
652
651
664
649
662
663
662
666
655
637
643
656
636
654
644
671
650
658
642
648
649
642
640
655
631
637
655
648
639
645
641
628
635
641
632
640
647
644
632
621
637
642
641
631
642
642
640
625
636
627
644
630
643
649
637
634
628
635
635
644
630
633
613
621
645
621
630
630
624
630
633
616
652
605
628
622
633
619
623
623
633
626
643
629
631
616
631
629
619
615
632
632
623
626
623
625
627
614
620
615
624
626
624
622
617
621
619
623
624
622
622
615
616
622
614
616
616
617
619
615
611
627
618
604
617
614
623
610
620
630
618
607
614
610
621
615
620
618
606
610
614
619
620
613
616
626
613
623
627
618
606
611
606
615
608
614
609
607
603
612
614
607
618
607
597
612
603
606
614
618
619
615
607
615
606
612
606
608
616
611
611
612
615
607
612
600
609
607
607
610
607
604
611
597
598
612
607
605
598
606
606
606
608
612
608
611
602
611
606
618
606
612
602
608
610
603
601
614
603
602
607
614
610
609
596
622
607
604
615
605
608
604
607
603
616
613
600
606
608
606
604
613
603
607
605
602
621
600
605
611
610
601
608
610
601
604
608
600
605
606
603
612
613
610
603
606
608
607
601
603
602
599
604
601
610
601
602
611
604
610
593
601
608
601
595
607
610
609
609
609
610
608
603
610
604
611
