6.730290252846334624e+02
6.730701139527002397e+02
6.731102006110324965e+02
6.731502874203787314e+02
6.731903743807386036e+02
6.732304614921123402e+02
6.732705487544998277e+02
6.733106361679009524e+02
6.733507237323160552e+02
6.733908114477449089e+02
6.734308993141873998e+02
6.734709873316437552e+02
6.735110755001137477e+02
6.735511638195977184e+02
6.735912522900953263e+02
6.736313409116066850e+02
6.736724319053799945e+02
6.737125208326941674e+02
6.737526099110223186e+02
6.737926991403642205e+02
6.738327885207197596e+02
6.738728780520892769e+02
6.739129677344724314e+02
6.739530575678693367e+02
6.739931475522801065e+02
6.740332376877046272e+02
6.740733279741428987e+02
6.741134184115949211e+02
6.741535090000608079e+02
6.741935997395403319e+02
6.742336906300337205e+02
6.742737816715408599e+02
6.743138728640618638e+02
6.743539642075965048e+02
6.743940557021450104e+02
6.744351496407811055e+02
6.744752414411325390e+02
6.745153333924976096e+02
6.745554254948764310e+02
6.745955177482692307e+02
6.746356101526756675e+02
6.746757027080958551e+02
6.747157954145297936e+02
6.747558882719777102e+02
6.747959812804391504e+02
6.748360744399144551e+02
6.748761677504036243e+02
6.749162612119064306e+02
6.749563548244231015e+02
6.749964485879536369e+02
6.750365425024976958e+02
6.750766365680556191e+02
6.751167307846274070e+02
6.751568251522129458e+02
6.751969196708121217e+02
6.752370143404252758e+02
6.752771091610520671e+02
6.753172041326926092e+02
6.753572992553471295e+02
6.753973945290151732e+02
6.754374899536970815e+02
6.754775855293928544e+02
6.755176812561022643e+02
6.755577771338255388e+02
6.755978731625625642e+02
6.756379693423133403e+02
6.756780656730778674e+02
6.757181621548561452e+02
6.757592612054030496e+02
6.757993579929841417e+02
6.758394549315793256e+02
6.758795520211880330e+02
6.759196492618104912e+02
6.759597466534469277e+02
6.759998441960970013e+02
6.760399418897608257e+02
6.760800397344385146e+02
6.761201377301299544e+02
6.761602358768350314e+02
6.762003341745540865e+02
6.762404326232867788e+02
6.762805312230333357e+02
6.763206299737935296e+02
6.763607288755675881e+02
6.764008279283555112e+02
6.764409271321570714e+02
6.764810264869724961e+02
6.765211259928015579e+02
6.765612256496444843e+02
6.766013254575012752e+02
6.766414254163717032e+02
6.766815255262558821e+02
6.767216257871539256e+02
6.767617261990657198e+02
6.768018267619912649e+02
6.768419274759306745e+02
6.768820283408837213e+02
6.769221293568506326e+02
6.769622305238314084e+02
6.770023318418257077e+02
6.770424333108338715e+02
6.770825349308560135e+02
6.771226367018916790e+02
6.771627386239412090e+02
6.772028406970046035e+02
6.772429429210816352e+02
6.772830452961724177e+02
6.773231478222769510e+02
6.773632504993954626e+02
6.774033533275276113e+02
6.774434563066735109e+02
6.774825568567388245e+02
6.775226601341369133e+02
6.775627635625488665e+02
6.776028671419746843e+02
6.776429708724140255e+02
6.776830747538672313e+02
6.777231787863343015e+02
6.777632829698151227e+02
6.778033873043095809e+02
6.778434917898179037e+02
6.778835964263400911e+02
6.779237012138759155e+02
6.779638061524254908e+02
6.780039112419890444e+02
6.780440164825662350e+02
6.780841218741571765e+02
6.781242274167619826e+02
6.781643331103804258e+02
6.782044389550127335e+02
6.782445449506589057e+02
6.782846510973187151e+02
6.783247573949922753e+02
6.783648638436797000e+02
6.784049704433808756e+02
6.784450771940958020e+02
6.784851840958244793e+02
6.785252911485670211e+02
6.785653983523232000e+02
6.786055057070932435e+02
6.786456132128770378e+02
6.786857208696745829e+02
6.787258286774858789e+02
6.787659366363111531e+02
6.788050420415635244e+02
6.788451502986408741e+02
6.788852587067319746e+02
6.789253672658369396e+02
6.789654759759554281e+02
6.790055848370880085e+02
6.790456938492341123e+02
6.790858030123940807e+02
6.791259123265677999e+02
6.791660217917553837e+02
6.792061314079566046e+02
6.792462411751716900e+02
6.792863510934005262e+02
6.793264611626431133e+02
6.793665713828994512e+02
6.794066817541696537e+02
6.794467922764536070e+02
6.794869029497513111e+02
6.795270137740627661e+02
6.795661219731645133e+02
6.796062330957280437e+02
6.796463443693054387e+02
6.796864557938968119e+02
6.797265673695018222e+02
6.797666790961204697e+02
6.798067909737530954e+02
6.798469030023994719e+02
6.798870151820594856e+02
6.799271275127333638e+02
6.799672399944209928e+02
6.800073526271223727e+02
6.800474654108376171e+02
6.800875783455666124e+02
6.801276914313093584e+02
6.801668018353063871e+02
6.802069152193013224e+02
6.802470287543101222e+02
6.802871424403325591e+02
6.803272562773688605e+02
6.803673702654189128e+02
6.804074844044826023e+02
6.804475986945602699e+02
6.804877131356515747e+02
6.805278277277567440e+02
6.805679424708756642e+02
6.806080573650083352e+02
6.806481724101547570e+02
6.806872847245704179e+02
6.807274000679691426e+02
6.807675155623816181e+02
6.808076312078077308e+02
6.808477470042477080e+02
6.808878629517015497e+02
6.809279790501689149e+02
6.809680952996502583e+02
6.810082117001453526e+02
6.810483282516541976e+02
6.810884449541767935e+02
6.811285618077131403e+02
6.811676758853091087e+02
6.812077930370976446e+02
6.812479103399000451e+02
6.812880277937161964e+02
6.813281453985460985e+02
6.813682631543897514e+02
6.814083810612472689e+02
6.814484991191184236e+02
6.814886173280034427e+02
6.815287356879022127e+02
6.815678512342014983e+02
6.816079698923524575e+02
6.816480887015172812e+02
6.816882076616957420e+02
6.817283267728879537e+02
6.817684460350941436e+02
6.818085654483139706e+02
6.818486850125475485e+02
6.818888047277949909e+02
6.819289245940561841e+02
6.819680416090586732e+02
6.820081617735720556e+02
6.820482820890993025e+02
6.820884025556401866e+02
6.821285231731948215e+02
6.821686439417634347e+02
6.822087648613455713e+02
6.822488859319415724e+02
6.822890071535513243e+02
6.823281254900189197e+02
6.823682470098807471e+02
6.824083686807565527e+02
6.824484905026461092e+02
6.824886124755494166e+02
6.825287345994664747e+02
6.825688568743973974e+02
6.826089793003419572e+02
6.826480988110358794e+02
6.826882215352327421e+02
6.827283444104433556e+02
6.827684674366677200e+02
6.828085906139058352e+02
6.828487139421579286e+02
6.828888374214235455e+02
6.829289610517029132e+02
6.829680817366233896e+02
6.830082056651551738e+02
6.830483297447004816e+02
6.830884539752597675e+02
6.831285783568328043e+02
6.831687028894194782e+02
6.832088275730200166e+02
6.832489524076344196e+02
6.832880742667813365e+02
6.833281993996478150e+02
6.833683246835280443e+02
6.834084501184221381e+02
6.834485757043300964e+02
6.834887014412515782e+02
6.835288273291870382e+02
6.835679502153219573e+02
6.836080764015094928e+02
6.836482027387108928e+02
6.836883292269261574e+02
6.837284558661549454e+02
6.837685826563975979e+02
6.838087095976541150e+02
6.838478335107771500e+02
6.838879607502857425e+02
6.839280881408080859e+02
6.839682156823444075e+02
6.840083433748943662e+02
6.840484712184580758e+02
6.840875960113306746e+02
6.841277241531466871e+02
6.841678524459763366e+02
6.842079808898198507e+02
6.842481094846772294e+02
6.842882382305482452e+02
6.843283671274330118e+02
6.843674929472936128e+02
6.844076221424306823e+02
6.844477514885815026e+02
6.844878809857460737e+02
6.845280106339245094e+02
6.845681404331164686e+02
6.846072671327268608e+02
6.846473972301712365e+02
6.846875274786292493e+02
6.847276578781011267e+02
6.847677884285867549e+02
6.848079191300861339e+02
6.848470467094460901e+02
6.848871777091976583e+02
6.849273088599630910e+02
6.849674401617422745e+02
6.850075716145352089e+02
6.850477032183418942e+02
6.850868316774514142e+02
6.851269635795102886e+02
6.851670956325829138e+02
6.852072278366695173e+02
6.852473601917697579e+02
6.852874926978836356e+02
6.853266220367428332e+02
6.853667548411091275e+02
6.854068877964889452e+02
6.854470209028827412e+02
6.854871541602904017e+02
6.855272875687115857e+02
6.855664177873203471e+02
6.856065514939938339e+02
6.856466853516811852e+02
6.856868193603821737e+02
6.857269535200970267e+02
6.857660844712169137e+02
6.858062189291839559e+02
6.858463535381647489e+02
6.858864882981592928e+02
6.859266232091677011e+02
6.859657548927988273e+02
6.860058901020593112e+02
6.860460254623335459e+02
6.860861609736218725e+02
6.861262966359236088e+02
6.861664324492392097e+02
6.862055650126201272e+02
6.862457011241879172e+02
6.862858373867694581e+02
6.863259738003649773e+02
6.863661103649741335e+02
6.864052436608659491e+02
6.864453805237272945e+02
6.864855175376025045e+02
6.865256547024914653e+02
6.865657920183940632e+02
6.866049260467971180e+02
6.866450636609521325e+02
6.866852014261207842e+02
6.867253393423031866e+02
6.867654774094994536e+02
6.868046121704137477e+02
6.868447505358620901e+02
6.868848890523242972e+02
6.869250277198003687e+02
6.869641630659873499e+02
6.870043020317154969e+02
6.870444411484573948e+02
6.870845804162131572e+02
6.871247198349826704e+02
6.871638559136808908e+02
6.872039956307025932e+02
6.872441354987380464e+02
6.872842755177872505e+02
6.873244156878502054e+02
6.873635524990596650e+02
6.874036929673748091e+02
6.874438335867038177e+02
6.874839743570466908e+02
6.875231117535288377e+02
6.875632528221237862e+02
6.876033940417324857e+02
6.876435354123550496e+02
6.876836769339913644e+02
6.877228150629846368e+02
6.877629568828730271e+02
6.878030988537755093e+02
6.878432409756914012e+02
6.878823796899574745e+02
6.879225221101257830e+02
6.879626646813078423e+02
6.880028074035035388e+02
6.880429502767130998e+02
6.880820897234904123e+02
6.881222328949521625e+02
6.881623762174277772e+02
6.882025196909170290e+02
6.882416597229670288e+02
6.882818034947085835e+02
6.883219474174638890e+02
6.883620914912329454e+02
6.884012321085557460e+02
6.884413764805769915e+02
6.884815210036119879e+02
6.885216656776608488e+02
6.885608068802563366e+02
6.886009518525573867e+02
6.886410969758721876e+02
6.886812422502007394e+02
6.887203840380690281e+02
6.887605296106497690e+02
6.888006753342442607e+02
6.888408212088526170e+02
6.888799635819937066e+02
6.889201097548541384e+02
6.889602560787285483e+02
6.890004025536165955e+02
6.890395455120303723e+02
6.890796922851706086e+02
6.891198392093247094e+02
6.891599862844924473e+02
6.891991298281790250e+02
6.892392772015990658e+02
6.892794247260328575e+02
6.893195724014804000e+02
6.893587165304397786e+02
6.893988645041393966e+02
6.894390126288529927e+02
6.894791609045803398e+02
6.895183056188124056e+02
6.895584541927918281e+02
6.895986029177852288e+02
6.896387517937922667e+02
6.896778970932970196e+02
6.897180462675564740e+02
6.897581955928294519e+02
6.897983450691161806e+02
6.898374909538938482e+02
6.898776407284328798e+02
6.899177906539855485e+02
6.899569369767975786e+02
6.899970872006024365e+02
6.900372375754212726e+02
6.900773881012538595e+02
6.901165350093384632e+02
6.901566858334231256e+02
6.901968368085217662e+02
6.902369879346340440e+02
6.902761354279914485e+02
6.903162868523560292e+02
6.903564384277342469e+02
6.903955863591259003e+02
6.904357382327564210e+02
6.904758902574006925e+02
6.905160424330586011e+02
6.905551909497231691e+02
6.905953434236333806e+02
6.906354960485573429e+02
6.906746450032562734e+02
6.907147979264324249e+02
6.907549510006223272e+02
6.907951042258262078e+02
6.908342537657977118e+02
6.908744072892535542e+02
6.909145609637233747e+02
6.909537109417293550e+02
6.909938649144511373e+02
6.910340190381868979e+02
6.910741733129364093e+02
6.911133238762150768e+02
6.911534784492166636e+02
6.911936331732321150e+02
6.912327841745450314e+02
6.912729391968127857e+02
6.913130943700941771e+02
6.913522458094414560e+02
6.913924012809751503e+02
6.914325569035225953e+02
6.914727126770836776e+02
6.915118647017037574e+02
6.915520207735171425e+02
6.915921769963442785e+02
6.916313294589987208e+02
6.916714859800780459e+02
6.917116426521712356e+02
6.917507955528599268e+02
6.917909525232051919e+02
6.918311096445642079e+02
6.918702629832873754e+02
6.919104204028986942e+02
6.919505779735237638e+02
6.919907356951625843e+02
6.920298896191584390e+02
6.920700476390494487e+02
6.921102058099543228e+02
6.921493601719844264e+02
6.921895186411416034e+02
6.922296772613123039e+02
6.922688320613767701e+02
6.923089909797997734e+02
6.923491500492365276e+02
6.923883052873353563e+02
6.924284646550242996e+02
6.924686241737269938e+02
6.925077798498601851e+02
6.925479396668151821e+02
6.925880996347838163e+02
6.926272557489512565e+02
6.926674160151723072e+02
6.927075764324069951e+02
6.927467329846086841e+02
6.927868937000955611e+02
6.928270545665963027e+02
6.928662115568323543e+02
6.929063727215852850e+02
6.929465340373518529e+02
6.929856914656223807e+02
6.930258530796412515e+02
6.930660148446738731e+02
6.931051727109786498e+02
6.931453347742635742e+02
6.931854969885621358e+02
6.932246552929011614e+02
6.932648178054519121e+02
6.933049804690166411e+02
6.933441392113900292e+02
6.933843021732067200e+02
6.934244652860372753e+02
6.934636244664451397e+02
6.935037878775278841e+02
6.935439514396243794e+02
6.935831110580664927e+02
6.936232749184151771e+02
6.936634389297777261e+02
6.937025989862540882e+02
6.937427632958687127e+02
6.937829277564973154e+02
6.938220882510080401e+02
6.938622530098887182e+02
6.939024179197831472e+02
6.939415788523283481e+02
6.939817440604748526e+02
6.940219094196353353e+02
6.940610707902146714e+02
6.941012364476273433e+02
6.941414022560537660e+02
6.941805640646674647e+02
6.942207301713460765e+02
6.942598922707558131e+02
6.943000586756865005e+02
6.943402252316310523e+02
6.943793877690749241e+02
6.944195546232718925e+02
6.944597216284823844e+02
6.944988846039607324e+02
6.945390519074234135e+02
6.945792193619000727e+02
6.946183827754126696e+02
6.946585505281412907e+02
6.946977142324498118e+02
6.947378822834308494e+02
6.947780504854255241e+02
6.948172146277682941e+02
6.948573831280152717e+02
6.948975517792760002e+02
6.949367163596530190e+02
6.949768853091660503e+02
6.950160501803389934e+02
6.950562194281039865e+02
6.950963888268830715e+02
6.951355541360903771e+02
6.951757238331214239e+02
6.952158936811663352e+02
6.952550594284080034e+02
6.952952295747049902e+02
6.953343956127425827e+02
6.953745660572918723e+02
6.954147366528550265e+02
6.954539031289268678e+02
6.954940740227420974e+02
6.955342450675709642e+02
6.955734119816773955e+02
6.956135833247585651e+02
6.956527505296606932e+02
6.956929221709940521e+02
6.957330939633412754e+02
6.957722616062777661e+02
6.958124336968771786e+02
6.958516016306094798e+02
6.958917740194611952e+02
6.959319465593265477e+02
6.959711149310930978e+02
6.960112877692107531e+02
6.960504564317732275e+02
6.960906295681431857e+02
6.961308028555266674e+02
6.961699719561235042e+02
6.962101455417592888e+02
6.962493149331521636e+02
6.962894888170400236e+02
6.963296628519418618e+02
6.963688326813688718e+02
6.964090070145228992e+02
6.964481771347459471e+02
6.964883517661520500e+02
6.965285265485719037e+02
6.965676971068294279e+02
6.966078721875014708e+02
6.966470430365546918e+02
6.966872184154790375e+02
6.967273939454171341e+02
6.967665652325047176e+02
6.968067410606950034e+02
6.968459126385783975e+02
6.968860887650208724e+02
6.969262650424772119e+02
6.969654370583949685e+02
6.970056136341034971e+02
6.970447859408171780e+02
6.970849628147778958e+02
6.971251398397523644e+02
6.971643125845002942e+02
6.972044899077269520e+02
6.972436629432710333e+02
6.972838405647497666e+02
6.973230138910896585e+02
6.973631918108205809e+02
6.974033698815654816e+02
6.974425436459397361e+02
6.974827220149367122e+02
6.975218960701066635e+02
6.975620747373559425e+02
6.976012490833219317e+02
6.976414280488232862e+02
6.976816071653385052e+02
6.977207819493387433e+02
6.977609613641062651e+02
6.978001364389024275e+02
6.978403161519220248e+02
6.978794915175141114e+02
6.979196715287858979e+02
6.979598516910715489e+02
6.979990274946979980e+02
6.980392079552357245e+02
6.980783840496579842e+02
6.981185648084480135e+02
6.981577411936661974e+02
6.981979222507083023e+02
6.982381034587643853e+02
6.982772802820169318e+02
6.983174617883250903e+02
6.983566389023734473e+02
6.983968207069337950e+02
6.984359981117781899e+02
6.984761802145908405e+02
6.985153579102309322e+02
6.985555403112957720e+02
6.985957228633742488e+02
6.986349009970488169e+02
6.986750838473795966e+02
6.987142622718499751e+02
6.987544454204329440e+02
6.987936241356992468e+02
6.988338075825345186e+02
6.988729865885967456e+02
6.989131703336840928e+02
6.989523496305421304e+02
6.989925336738818942e+02
6.990327178682351814e+02
6.990718976031275815e+02
6.991120820957331716e+02
6.991512621214214960e+02
6.991914469122792752e+02
6.992306272287635238e+02
6.992708123178733786e+02
6.993099929251535514e+02
6.993501783125158227e+02
6.993893592105918060e+02
6.994295448962061528e+02
6.994697307328342504e+02
6.995089120689447100e+02
6.995490982038251104e+02
6.995882798307312669e+02
6.996284662638637428e+02
6.996676481815659372e+02
6.997078349129507160e+02
6.997470171214488346e+02
6.997872041510856889e+02
6.998263866503796180e+02
6.998665739782688888e+02
6.999057567683587422e+02
6.999459443945000885e+02
6.999851274753858661e+02
7.000253153997792879e+02
7.000644987714611034e+02
7.001046869941068280e+02
7.001438706565843404e+02
7.001840591774822542e+02
7.002242478493941462e+02
7.002634319499059075e+02
7.003036209200698750e+02
7.003428053113775604e+02
7.003829945797938308e+02
7.004221792618975542e+02
7.004623688285657863e+02
7.005015538014653202e+02
7.005417436663858552e+02
7.005809289300813134e+02
7.006211190932541513e+02
7.006603046477455337e+02
7.007004951091704470e+02
7.007396809544576399e+02
7.007798717141348561e+02
7.008190578502179733e+02
7.008592489081473786e+02
7.008984353350264200e+02
7.009386266912080146e+02
7.009778134088829802e+02
7.010180050633166502e+02
7.010571920717875400e+02
7.010973840244735129e+02
7.011365713237403270e+02
7.011767635746784890e+02
7.012159511647411136e+02
7.012561437139313512e+02
7.012953315947900137e+02
7.013355244422325541e+02
7.013747126138871408e+02
7.014149057595817567e+02
7.014540942220321540e+02
7.014942876659791864e+02
7.015334764192253942e+02
7.015736701614245021e+02
7.016128592054667479e+02
7.016530532459180449e+02
7.016922425807561012e+02
7.017324369194597011e+02
7.017716265450935680e+02
7.018118211820493570e+02
7.018510110984792618e+02
7.018912060336872401e+02
7.019303962409129554e+02
7.019705914743731228e+02
7.020097819723947623e+02
7.020499775041072326e+02
7.020891682929246826e+02
7.021293641228892284e+02
7.021685552025027164e+02
7.022087513307194513e+02
7.022479427011289772e+02
7.022871342150956480e+02
7.023273307888030104e+02
7.023665225935657190e+02
7.024067194655253843e+02
7.024459115610840172e+02
7.024861087312958716e+02
7.025253011176503151e+02
7.025654985861142450e+02
7.026046912632647263e+02
7.026448890299809591e+02
7.026840819979272510e+02
7.027242800628956729e+02
7.027634733216377754e+02
7.028036716848586138e+02
7.028428652343966405e+02
7.028830638958694408e+02
7.029222577362033917e+02
7.029614517200948285e+02
7.030016508270583699e+02
7.030408451017457310e+02
7.030810445069613479e+02
7.031202390724446332e+02
7.031604387759124393e+02
7.031996336321916488e+02
7.032398336339117577e+02
7.032790287809866641e+02
7.033192290809590759e+02
7.033584245188299064e+02
7.033986251170543937e+02
7.034378208457212622e+02
7.034770167179456166e+02
7.035172177616606177e+02
7.035564139246808963e+02
7.035966152666482003e+02
7.036358117204644032e+02
7.036760133606837826e+02
7.037152101052957960e+02
7.037554120437675920e+02
7.037946090791755296e+02
7.038338062581408394e+02
7.038740086421031492e+02
7.039132061118643833e+02
7.039534087940791096e+02
7.039926065546361542e+02
7.040328095351028423e+02
7.040720075864559249e+02
7.041122108651749159e+02
7.041514092073239226e+02
7.041906076930303016e+02
7.042308114172399200e+02
7.042700101937422232e+02
7.043102142162040309e+02
7.043494132835021446e+02
7.043896176042162551e+02
7.044288169623102931e+02
7.044690215812764791e+02
7.045082212301665550e+02
7.045474210226140030e+02
7.045876260870709302e+02
7.046268261703143025e+02
7.046670315330233052e+02
7.047062319070626017e+02
7.047464375680239073e+02
7.047856382328590144e+02
7.048248390412516073e+02
7.048650451477034267e+02
7.049042462468920576e+02
7.049444526515961797e+02
7.049836540415805075e+02
7.050228555751224349e+02
7.050630624253171845e+02
7.051022642496549224e+02
7.051424713981019750e+02
7.051816735132356371e+02
7.052218809599347651e+02
7.052610833658642377e+02
7.053002859153513100e+02
7.053404938075411792e+02
7.053796966478240620e+02
7.054199048382661204e+02
7.054591079693449274e+02
7.054983112439811066e+02
7.055385198799139062e+02
7.055777234453460096e+02
7.056179323795307710e+02
7.056571362357589123e+02
7.056973454681958628e+02
7.057365496152200421e+02
7.057757539058014800e+02
7.058159635837290580e+02
7.058551681651064200e+02
7.058953781412861872e+02
7.059345830134594735e+02
7.059737880291903593e+02
7.060139984508607540e+02
7.060532037573874504e+02
7.060934144773100343e+02
7.061326200746325412e+02
7.061718258155126478e+02
7.062120369809259728e+02
7.062512430126018899e+02
7.062914544762672904e+02
7.063306607987390180e+02
7.063698672647684589e+02
7.064100791739246006e+02
7.064492859307497383e+02
7.064894981381580692e+02
7.065287051857790175e+02
7.065679123769577927e+02
7.066081250298566374e+02
7.066473325118309958e+02
7.066865401373629538e+02
7.067267532357525397e+02
7.067659611520804219e+02
7.068061745487221970e+02
7.068453827558458897e+02
7.068845911065270684e+02
7.069248049486594709e+02
7.069640135901364602e+02
7.070042277305212792e+02
7.070434366627941927e+02
7.070826457386245920e+02
7.071228603244998112e+02
7.071620696911261348e+02
7.072012792013100579e+02
7.072414942326759046e+02
7.072807040336556383e+02
7.073209193632736742e+02
7.073601294550492184e+02
7.073993396903823623e+02
7.074395554654911393e+02
7.074787659916200937e+02
7.075179766613064203e+02
7.075581928819058248e+02
7.075974038423881893e+02
7.076376203612397831e+02
7.076768316125179581e+02
7.077160430073536190e+02
7.077562599716958402e+02
7.077954716573275391e+02
7.078346834865164965e+02
7.078749008963493452e+02
7.079141130163343405e+02
7.079533252798767080e+02
7.079935431352000705e+02
7.080327556895385896e+02
7.080729738431141413e+02
7.081121866882484710e+02
7.081513996769400592e+02
7.081916182760063521e+02
7.082308315554939782e+02
7.082700449785390902e+02
7.083102640230960105e+02
7.083494777369369331e+02
7.083886915943352278e+02
7.084289110843830031e+02
7.084681252325772221e+02
7.085073395243290406e+02
7.085475594598672160e+02
7.085867740424148451e+02
7.086259887685199601e+02
7.086662091495488767e+02
7.087054241664499159e+02
7.087456448457309079e+02
7.087848601534278714e+02
7.088240756046823208e+02
7.088642967294540540e+02
7.089035124715043139e+02
7.089427283571120597e+02
7.089829499273743068e+02
7.090221661037780905e+02
7.090613824237391327e+02
7.091016044394921209e+02
7.091408210502492011e+02
7.091800378045636535e+02
7.092202602658071555e+02
7.092594773109176458e+02
7.092986944995853946e+02
7.093389174063197515e+02
7.093781348857835383e+02
7.094173525088048109e+02
7.094575758610295679e+02
7.094967937748466511e+02
7.095360118322214475e+02
7.095762356299368321e+02
7.096154539781072117e+02
7.096546724698353046e+02
7.096948967130413166e+02
7.097341154955653337e+02
7.097733344216466094e+02
7.098135591103432489e+02
7.098527783272205625e+02
7.098919976876552482e+02
7.099322228218426289e+02
7.099714424730732389e+02
7.100106622678613348e+02
7.100498822062068029e+02
7.100901079331232495e+02
7.101293281622646418e+02
7.101685485349635201e+02
7.102087747073705941e+02
7.102479953708655103e+02
7.102872161779176849e+02
7.103274427958153865e+02
7.103666638936634854e+02
7.104058851350691839e+02
7.104461121984576266e+02
7.104853337306590220e+02
7.105245554064181306e+02
7.105647829152969734e+02
7.106040048818518926e+02
7.106432269919644114e+02
7.106824492456341886e+02
7.107226773472422110e+02
7.107618998917079125e+02
7.108011225797310999e+02
7.108413511268298635e+02
7.108805741056488614e+02
7.109197972280254589e+02
7.109600262206147363e+02
7.109992496337871444e+02
7.110384731905170383e+02
7.110787026285970569e+02
7.111179264761228751e+02
7.111571504672061792e+02
7.111963746018468555e+02
7.112366046326558262e+02
7.112758290580925404e+02
7.113150536270868542e+02
7.113552841033863388e+02
7.113945089631763494e+02
7.114337339665238460e+02
7.114729591134288285e+02
7.115131901824573788e+02
7.115524156201583992e+02
7.115916412014166781e+02
7.116318727159359696e+02
7.116710985879901727e+02
7.117103246036018618e+02
7.117495507627710367e+02
7.117897828700195078e+02
7.118290093199846069e+02
7.118682359135070783e+02
7.119084684662459495e+02
7.119476953505644587e+02
7.119869223784403403e+02
7.120261495498738213e+02
7.120663826953418720e+02
7.121056101575710500e+02
7.121448377633578275e+02
7.121850713543165057e+02
7.122242992508992074e+02
7.122635272910392814e+02
7.123027554747368413e+02
7.123429896584245853e+02
7.123822181329180694e+02
7.124214467509690394e+02
7.124606755125773816e+02
7.125009102889941914e+02
7.125401393413985716e+02
7.125793685373603239e+02
7.126185978768795621e+02
7.126588332460253241e+02
7.126980628763406003e+02
7.127372926502132486e+02
7.127775284648496381e+02
7.128167585295182107e+02
7.128559887377441555e+02
7.128952190895275862e+02
7.129354554968931552e+02
7.129746861394725101e+02
7.130139169256093510e+02
7.130531478553035640e+02
7.130933848553980852e+02
7.131326160758883361e+02
7.131718474399359593e+02
7.132110789475411821e+02
7.132513165403647690e+02
7.132905483387658023e+02
7.133297802807243215e+02
7.133690123662402129e+02
7.134092505517930931e+02
7.134484829281049088e+02
7.134877154479742103e+02
7.135269481114009977e+02
7.135671868896827164e+02
7.136064198439054280e+02
7.136456529416855119e+02
7.136848861830233091e+02
7.137251255540340935e+02
7.137643590861675875e+02
7.138035927618585674e+02
7.138428265811070332e+02
7.138830665448469972e+02
7.139223006548913872e+02
7.139615349084931495e+02
7.140007693056523976e+02
7.140410098621213137e+02
7.140802445500764861e+02
7.141194793815891444e+02
7.141587143566594023e+02
7.141979494752870323e+02
7.142381907717234526e+02
7.142774261811468932e+02
7.143166617341278197e+02
7.143558974306662321e+02
7.143961393198319456e+02
7.144353753071661686e+02
7.144746114380579911e+02
7.145138477125071859e+02
7.145540901944017378e+02
7.145933267596469705e+02
7.146325634684495753e+02
7.146718003208097798e+02
7.147110373167272428e+02
7.147512805385892989e+02
7.147905178253027998e+02
7.148297552555736729e+02
7.148689928294021456e+02
7.149092366439932675e+02
7.149484745086175508e+02
7.149877125167993199e+02
7.150269506685385750e+02
7.150661889638353159e+02
7.151064335183938283e+02
7.151456721044864935e+02
7.151849108341366446e+02
7.152241497073441678e+02
7.152633887241091770e+02
7.153036340186351936e+02
7.153428733261961270e+02
7.153821127773144326e+02
7.154213523719903378e+02
7.154615982592455339e+02
7.155008381447172496e+02
7.155400781737465650e+02
7.155793183463331388e+02
7.156185586624771986e+02
7.156588052897000125e+02
7.156980458966399965e+02
7.157372866471375801e+02
7.157765275411925359e+02
7.158157685788049776e+02
7.158560159459950683e+02
7.158952572744035479e+02
7.159344987463693997e+02
7.159737403618926237e+02
7.160129821209733336e+02
7.160532302281309285e+02
7.160924722780075626e+02
7.161317144714416827e+02
7.161709568084334023e+02
7.162101992889824942e+02
7.162504481361075932e+02
7.162896909074524956e+02
7.163289338223548839e+02
7.163681768808147581e+02
7.164074200828321182e+02
7.164466634284070778e+02
7.164869131627380057e+02
7.165261567991087759e+02
7.165654005790369183e+02
7.166046445025226603e+02
7.166438885695656609e+02
7.166841390438643202e+02
7.167233834017033587e+02
7.167626279030997694e+02
7.168018725480537796e+02
7.168411173365651621e+02
7.168803622686341441e+02
7.169206136301385186e+02
7.169598588530034249e+02
7.169991042194257034e+02
7.170383497294053541e+02
7.170775953829426044e+02
7.171178474844144830e+02
7.171570934287475438e+02
7.171963395166382043e+02
7.172355857480862369e+02
7.172748321230918691e+02
7.173140786416547598e+02
7.173543316303325810e+02
7.173935784396915096e+02
7.174328253926078105e+02
7.174720724890815973e+02
7.175113197291129836e+02
7.175505671127017422e+02
7.175908209885855058e+02
7.176300686629700749e+02
7.176693164809122436e+02
7.177085644424117845e+02
7.177478125474688113e+02
7.177870607960834377e+02
7.178273155591730301e+02
7.178665640985834671e+02
7.179058127815513899e+02
7.179450616080767986e+02
7.179843105781594659e+02
7.180235596917998464e+02
7.180628089489977128e+02
7.181030647465316861e+02
7.181423142945253630e+02
7.181815639860764122e+02
7.182208138211850610e+02
7.182600637998510820e+02
7.182993139220745888e+02
7.183395706068146183e+02
7.183788210198340494e+02
7.184180715764109664e+02
7.184573222765452556e+02
7.184965731202371444e+02
7.185358241074864054e+02
7.185750752382931523e+02
7.186153329574775626e+02
7.186545843790802337e+02
7.186938359442403907e+02
7.187330876529579200e+02
7.187723395052330488e+02
7.188115915010655499e+02
7.188508436404555368e+02
7.188911023940843279e+02
7.189303548242702391e+02
7.189696073980136362e+02
7.190088601153144054e+02
7.190481129761726606e+02
7.190873659805885154e+02
7.191266191285616287e+02
7.191658724200925690e+02
7.192061323554039518e+02
7.192453859377305889e+02
7.192846396636145982e+02
7.193238935330560935e+02
7.193631475460551883e+02
7.194024017026116553e+02
7.194416560027257219e+02
7.194809104463971607e+02
7.195211715633912490e+02
7.195604262978586121e+02
7.195996811758833474e+02
7.196389361974656822e+02
7.196781913626053893e+02
7.197174466713026959e+02
7.197567021235573748e+02
7.197959577193695395e+02
7.198362200180464470e+02
7.198754759046544223e+02
7.199147319348199972e+02
7.199539881085429442e+02
7.199932444258234909e+02
7.200325008866612961e+02
7.200717574910567009e+02
7.201110142390095916e+02
7.201502711305198545e+02
7.201905347581180195e+02
7.202297919404242066e+02
7.202690492662878796e+02
7.203083067357091522e+02
7.203475643486876834e+02
7.203868221052238141e+02
7.204260800053173170e+02
7.204653380489684196e+02
7.205045962361767806e+02
7.205448611926962030e+02
7.205841196707007157e+02
7.206233782922624869e+02
7.206626370573818576e+02
7.207018959660586006e+02
7.207411550182929432e+02
7.207804142140846579e+02
7.208196735534337449e+02
7.208589330363404315e+02
7.208981926628044903e+02
7.209384590954837222e+02
7.209777190127437052e+02
7.210169790735612878e+02
7.210562392779361289e+02
7.210954996258685696e+02
7.211347601173584962e+02
7.211740207524057951e+02
7.212132815310108072e+02
7.212525424531730778e+02
7.212918035188929480e+02
7.213310647281700767e+02
7.213713327842472154e+02
7.214105942843203820e+02
7.214498559279509209e+02
7.214891177151391730e+02
7.215283796458846837e+02
7.215676417201876802e+02
7.216069039380481627e+02
7.216461662994660173e+02
7.216854288044414716e+02
7.217246914529742980e+02
7.217639542450647241e+02
7.218032171807125223e+02
7.218434870074262335e+02
7.218827502338699560e+02
7.219220136038711644e+02
7.219612771174298587e+02
7.220005407745459252e+02
7.220398045752194776e+02
7.220790685194505159e+02
7.221183326072392674e+02
7.221575968385851638e+02
7.221968612134886598e+02
7.222361257319496417e+02
7.222753903939679958e+02
7.223146551995438358e+02
7.223539201486771617e+02
7.223931852413680872e+02
7.224334572804334584e+02
7.224727226639201945e+02
7.225119881909644164e+02
7.225512538615660105e+02
7.225905196757250906e+02
7.226297856334416565e+02
7.226690517347158220e+02
7.227083179795472461e+02
7.227475843679362697e+02
7.227868508998827792e+02
7.228261175753866610e+02
7.228653843944481423e+02
7.229046513570669958e+02
7.229439184632433353e+02
7.229831857129770469e+02
7.230224531062683582e+02
7.230617206431170416e+02
7.231019951890111770e+02
7.231412630166558984e+02
7.231805309878578782e+02
7.232197991026175714e+02
7.232590673609345231e+02
7.232983357628089607e+02
7.233376043082409979e+02
7.233768729972305209e+02
7.234161418297774162e+02
7.234554108058817974e+02
7.234946799255436645e+02
7.235339491887630174e+02
7.235732185955397426e+02
7.236124881458740674e+02
7.236517578397656507e+02
7.236910276772149473e+02
7.237302976582216161e+02
7.237695677827858844e+02
7.238088380509074113e+02
7.238481084625865378e+02
7.238873790178230365e+02
7.239266497166169074e+02
7.239659205589684916e+02
7.240051915448773343e+02
7.240444626743437766e+02
7.240847409049739554e+02
7.241240123252362082e+02
7.241632838890560606e+02
7.242025555964332852e+02
7.242418274473679958e+02
7.242810994418601922e+02
7.243203715799098745e+02
7.243596438615170428e+02
7.243989162866816969e+02
7.244381888554036095e+02
7.244774615676831218e+02
7.245167344235201199e+02
7.245560074229146039e+02
7.245952805658665739e+02
7.246345538523759160e+02
7.246738272824428577e+02
7.247131008560671717e+02
7.247523745732490852e+02
7.247916484339882572e+02
7.248309224382850289e+02
7.248701965861392864e+02
7.249094708775509162e+02
7.249487453125200318e+02
7.249880198910466333e+02
7.250272946131308345e+02
7.250665694787724078e+02
7.251058444879714671e+02
7.251451196407278985e+02
7.251843949370418159e+02
7.252236703769132191e+02
7.252629459603421083e+02
7.253022216873284833e+02
7.253414975578722306e+02
7.253807735719736911e+02
7.254200497296324102e+02
7.254593260308486151e+02
7.254986024756224197e+02
7.255378790639534827e+02
7.255771557958421454e+02
7.256164326712882939e+02
7.256557096902919284e+02
7.256949868528528214e+02
7.257342641589714276e+02
7.257735416086475198e+02
7.258128192018808704e+02
7.258520969386718207e+02
7.258913748190201431e+02
7.259306528429260652e+02
7.259699310103893595e+02
7.260092093214102533e+02
7.260484877759884057e+02
7.260877663741242714e+02
7.261270451158175092e+02
7.261663240010681193e+02
7.262056030298762153e+02
