673.353 105
673.394 109
673.434 109
673.474 106
673.514 104
673.554 106
673.594 104
673.634 109
673.674 107
673.714 109
673.754 105
673.794 108
673.834 105
673.874 107
673.914 108
673.954 105
673.995 108
674.035 107
674.075 108
674.115 103
674.155 102
674.195 107
674.235 105
674.275 110
674.315 104
674.355 103
674.395 108
674.435 109
674.475 107
674.515 104
674.555 107
674.595 103
674.635 106
674.675 108
674.715 105
674.756 105
674.796 109
674.836 109
674.876 103
674.916 105
674.956 110
674.996 106
675.036 111
675.076 107
675.116 109
675.156 105
675.196 106
675.236 106
675.276 106
675.316 103
675.356 104
675.396 100
675.436 105
675.476 104
675.516 107
675.556 104
675.596 101
675.636 108
675.676 105
675.716 105
675.756 105
675.796 103
675.836 104
675.876 107
675.916 108
675.956 104
675.996 108
676.036 111
676.077 107
676.117 108
676.157 106
676.197 107
676.237 108
676.277 107
676.317 105
676.357 104
676.397 110
676.437 105
676.477 105
676.517 105
676.557 114
676.597 104
676.637 108
676.677 108
676.717 105
676.757 103
676.797 108
676.837 107
676.877 105
676.917 110
676.957 105
676.997 105
677.037 107
677.077 108
677.117 106
677.157 109
677.197 103
677.237 106
677.277 106
677.317 107
677.357 107
677.397 105
677.437 108
677.477 105
677.517 108
677.557 102
677.597 105
677.637 107
677.677 107
677.717 106
677.757 106
677.796 109
677.836 105
677.876 107
677.916 105
677.956 108
677.996 105
678.036 105
678.076 108
678.116 102
678.156 106
678.196 107
678.236 107
678.276 108
678.316 107
678.356 109
678.396 105
678.436 104
678.476 104
678.516 107
678.556 110
678.596 103
678.636 110
678.676 107
678.716 108
678.756 102
678.796 109
678.836 107
678.876 108
678.916 103
678.956 103
678.996 106
679.036 105
679.076 107
679.115 108
679.155 106
679.195 104
679.235 108
679.275 108
679.315 102
679.355 105
679.395 106
679.435 110
679.475 107
679.515 104
679.555 107
679.595 108
679.635 105
679.675 109
679.715 104
679.755 110
679.795 105
679.835 105
679.874 104
679.914 107
679.954 108
679.994 103
680.034 106
680.074 106
680.114 105
680.154 103
680.194 109
680.234 107
680.274 107
680.314 105
680.354 107
680.394 107
680.434 105
680.473 106
680.513 110
680.553 108
680.593 108
680.633 103
680.673 104
680.713 104
680.753 107
680.793 105
680.833 104
680.873 106
680.913 106
680.953 106
680.992 106
681.032 108
681.072 108
681.112 108
681.152 105
681.192 104
681.232 107
681.272 104
681.312 104
681.352 106
681.392 107
681.432 107
681.471 105
681.511 104
681.551 108
681.591 108
681.631 104
681.671 107
681.711 104
681.751 103
681.791 104
681.831 106
681.87 105
681.91 105
681.95 110
681.99 107
682.03 105
682.07 105
682.11 104
682.15 109
682.19 106
682.23 102
682.269 104
682.309 105
682.349 106
682.389 110
682.429 105
682.469 105
682.509 111
682.549 104
682.589 107
682.628 107
682.668 106
682.708 105
682.748 106
682.788 109
682.828 107
682.868 103
682.908 105
682.947 107
682.987 107
683.027 106
683.067 107
683.107 105
683.147 106
683.187 104
683.227 107
683.266 110
683.306 111
683.346 108
683.386 108
683.426 104
683.466 107
683.506 108
683.546 104
683.585 107
683.625 104
683.665 107
683.705 105
683.745 107
683.785 107
683.825 106
683.864 103
683.904 107
683.944 103
683.984 111
684.024 109
684.064 107
684.104 104
684.143 108
684.183 106
684.223 102
684.263 108
684.303 105
684.343 105
684.382 106
684.422 106
684.462 102
684.502 108
684.542 102
684.582 109
684.622 108
684.661 105
684.701 106
684.741 106
684.781 104
684.821 104
684.861 107
684.9 107
684.94 107
684.98 109
685.02 108
685.06 108
685.1 104
685.139 106
685.179 102
685.219 104
685.259 104
685.299 109
685.339 109
685.378 104
685.418 104
685.458 104
685.498 106
685.538 102
685.578 106
685.617 107
685.657 108
685.697 107
685.737 106
685.777 107
685.817 109
685.856 104
685.896 102
685.936 107
685.976 105
686.016 104
686.055 110
686.095 108
686.135 106
686.175 104
686.215 105
686.254 106
686.294 103
686.334 107
686.374 109
686.414 104
686.454 108
686.493 105
686.533 106
686.573 104
686.613 104
686.653 106
686.692 108
686.732 110
686.772 109
686.812 105
686.852 106
686.891 107
686.931 102
686.971 109
687.011 107
687.051 103
687.09 105
687.13 105
687.17 105
687.21 107
687.249 106
687.289 107
687.329 109
687.369 108
687.409 104
687.448 105
687.488 106
687.528 109
687.568 105
687.608 105
687.647 109
687.687 107
687.727 105
687.767 108
687.806 106
687.846 105
687.886 107
687.926 106
687.966 107
688.005 106
688.045 107
688.085 109
688.125 106
688.164 108
688.204 108
688.244 108
688.284 109
688.324 105
688.363 110
688.403 109
688.443 106
688.483 102
688.522 106
688.562 105
688.602 107
688.642 107
688.681 105
688.721 103
688.761 108
688.801 106
688.84 101
688.88 105
688.92 107
688.96 106
688.999 105
689.039 105
689.079 110
689.119 104
689.158 104
689.198 109
689.238 107
689.278 105
689.317 109
689.357 104
689.397 106
689.437 108
689.476 108
689.516 103
689.556 102
689.596 108
689.635 103
689.675 107
689.715 106
689.755 100
689.794 106
689.834 106
689.874 105
689.914 105
689.953 108
689.993 106
690.033 104
690.073 108
690.112 103
690.152 110
690.192 107
690.231 104
690.271 103
690.311 108
690.351 107
690.39 102
690.43 106
690.47 109
690.51 106
690.549 104
690.589 108
690.629 105
690.668 107
690.708 109
690.748 107
690.788 107
690.827 109
690.867 104
690.907 103
690.946 103
690.986 109
691.026 105
691.066 103
691.105 104
691.145 104
691.185 104
691.224 108
691.264 104
691.304 107
691.344 110
691.383 102
691.423 108
691.463 106
691.502 105
691.542 103
691.582 107
691.621 110
691.661 106
691.701 106
691.741 108
691.78 107
691.82 101
691.86 109
691.899 106
691.939 107
691.979 103
692.018 106
692.058 105
692.098 106
692.137 104
692.177 103
692.217 105
692.257 105
692.296 105
692.336 109
692.376 105
692.415 107
692.455 105
692.495 104
692.534 109
692.574 105
692.614 106
692.653 107
692.693 106
692.733 109
692.772 110
692.812 104
692.852 107
692.891 112
692.931 110
692.971 114
693.01 116
693.05 125
693.09 144
693.129 253
693.169 653
693.209 796
693.248 487
693.288 197
693.328 155
693.367 146
693.407 140
693.447 125
693.486 111
693.526 107
693.566 107
693.605 108
693.645 102
693.685 110
693.724 109
693.764 103
693.804 104
693.843 108
693.883 109
693.923 109
693.962 108
694.002 110
694.042 105
694.081 107
694.121 105
694.161 107
694.2 102
694.24 108
694.28 105
694.319 110
694.359 106
694.399 108
694.438 105
694.478 108
694.517 104
694.557 107
694.597 108
694.636 103
694.676 110
694.716 111
694.755 105
694.795 107
694.835 109
694.874 107
694.914 110
694.953 108
694.993 104
695.033 106
695.072 108
695.112 101
695.152 104
695.191 104
695.231 105
695.27 106
695.31 106
695.35 106
695.389 102
695.429 103
695.469 106
695.508 107
695.548 107
695.587 106
695.627 105
695.667 109
695.706 107
695.746 105
695.786 103
695.825 107
695.865 106
695.904 105
695.944 107
695.984 110
696.023 107
696.063 106
696.102 104
696.142 103
696.182 105
696.221 106
696.261 106
696.3 107
696.34 106
696.38 107
696.419 108
696.459 108
696.498 106
696.538 102
696.578 108
696.617 105
696.657 109
696.696 109
696.736 104
696.776 110
696.815 108
696.855 104
696.894 109
696.934 108
696.974 106
697.013 106
697.053 109
697.092 105
697.132 106
697.172 105
697.211 106
697.251 107
697.29 102
697.33 108
697.37 108
697.409 104
697.449 106
697.488 106
697.528 105
697.567 107
697.607 104
697.647 105
697.686 106
697.726 108
697.765 104
697.805 110
697.844 102
697.884 102
697.924 106
697.963 109
698.003 109
698.042 107
698.082 107
698.121 106
698.161 112
698.201 108
698.24 106
698.28 105
698.319 105
698.359 106
698.398 107
698.438 108
698.478 106
698.517 104
698.557 109
698.596 106
698.636 110
698.675 106
698.715 105
698.754 104
698.794 103
698.834 107
698.873 109
698.913 105
698.952 104
698.992 105
699.031 108
699.071 110
699.11 104
699.15 104
699.189 109
699.229 105
699.269 105
699.308 105
699.348 106
699.387 105
699.427 107
699.466 104
699.506 108
699.545 107
699.585 108
699.624 107
699.664 107
699.704 104
699.743 104
699.783 107
699.822 107
699.862 106
699.901 107
699.941 108
699.98 108
700.02 102
700.059 109
700.099 104
700.138 108
700.178 102
700.217 106
700.257 104
700.296 106
700.336 104
700.375 106
700.415 106
700.455 106
700.494 107
700.534 105
700.573 105
700.613 107
700.652 104
700.692 102
700.731 107
700.771 112
700.81 106
700.85 104
700.889 104
700.929 104
700.968 106
701.008 105
701.047 109
701.087 106
701.126 106
701.166 105
701.205 105
701.245 108
701.284 110
701.324 108
701.363 108
701.403 109
701.442 105
701.482 108
701.521 110
701.561 104
701.6 105
701.64 103
701.679 103
701.719 110
701.758 105
701.798 108
701.837 109
701.877 110
701.916 106
701.956 107
701.995 105
702.035 108
702.074 106
702.114 106
702.153 106
702.193 104
702.232 109
702.272 104
702.311 107
702.351 108
702.39 108
702.43 104
702.469 109
702.508 109
702.548 112
702.587 169
702.627 175
702.666 156
702.706 119
702.745 118
702.785 109
702.824 110
702.864 107
702.903 105
702.943 109
702.982 111
703.022 109
703.061 119
703.101 110
703.14 107
703.179 115
703.219 117
703.258 126
703.298 144
703.337 192
703.377 444
703.416 1612
703.456 2268
703.495 1454
703.535 451
703.574 256
703.614 213
703.653 194
703.692 129
703.732 114
703.771 104
703.811 111
703.85 109
703.89 106
703.929 110
703.969 109
704.008 108
704.047 108
704.087 108
704.126 106
704.166 109
704.205 105
704.245 107
704.284 106
704.324 105
704.363 107
704.402 105
704.442 105
704.481 108
704.521 108
704.56 104
704.6 105
704.639 108
704.679 104
704.718 106
704.757 105
704.797 111
704.836 107
704.876 104
704.915 104
704.955 107
704.994 106
705.033 102
705.073 107
705.112 107
705.152 104
705.191 108
705.23 106
705.27 104
705.309 113
705.349 109
705.388 108
705.428 105
705.467 103
705.506 104
705.546 105
705.585 105
705.625 107
705.664 110
705.703 105
705.743 107
705.782 108
705.822 108
705.861 102
705.901 107
705.94 107
705.979 111
706.019 104
706.058 110
706.098 120
706.137 115
706.176 107
706.216 103
706.255 112
706.295 112
706.334 104
706.373 103
706.413 108
706.452 110
706.492 104
706.531 107
706.57 107
706.61 106
706.649 104
706.689 107
706.728 111
706.767 105
706.807 108
706.846 110
706.885 106
706.925 111
706.964 111
707.004 106
707.043 105
707.082 106
707.122 105
707.161 108
707.201 110
707.24 108
707.279 103
707.319 104
707.358 107
707.397 108
707.437 108
707.476 109
707.516 108
707.555 104
707.594 105
707.634 105
707.673 105
707.712 104
707.752 107
707.791 109
707.831 107
707.87 107
707.909 106
707.949 105
707.988 106
708.027 106
708.067 102
708.106 104
708.145 109
708.185 104
708.224 103
708.264 106
708.303 107
708.342 109
708.382 106
708.421 108
708.46 107
708.5 109
708.539 104
708.578 107
708.618 106
708.657 109
708.696 106
708.736 104
708.775 106
708.814 102
708.854 106
708.893 109
708.933 110
708.972 106
709.011 109
709.051 108
709.09 110
709.129 109
709.169 108
709.208 112
709.247 102
709.287 113
709.326 111
709.365 112
709.405 108
709.444 108
709.483 107
709.523 107
709.562 108
709.601 105
709.641 107
709.68 110
709.719 104
709.759 106
709.798 107
709.837 107
709.877 104
709.916 107
709.955 103
709.995 105
710.034 104
710.073 111
710.113 106
710.152 108
710.191 109
710.23 104
710.27 107
710.309 105
710.348 105
710.388 102
710.427 102
710.466 109
710.506 107
710.545 106
710.584 102
710.624 104
710.663 107
710.702 104
710.742 106
710.781 108
710.82 104
710.859 109
710.899 107
710.938 106
710.977 109
711.017 105
711.056 105
711.095 109
711.135 107
711.174 108
711.213 106
711.253 105
711.292 107
711.331 107
711.37 106
711.41 106
711.449 106
711.488 109
711.528 105
711.567 103
711.606 107
711.645 109
711.685 106
711.724 105
711.763 108
711.803 109
711.842 104
711.881 106
711.92 104
711.96 105
711.999 107
712.038 103
712.078 107
712.117 105
712.156 104
712.195 107
712.235 108
712.274 107
712.313 102
712.353 104
712.392 107
712.431 103
712.47 106
712.51 109
712.549 104
712.588 109
712.627 103
712.667 109
712.706 105
712.745 109
712.784 110
712.824 104
712.863 110
712.902 106
712.942 104
712.981 107
713.02 104
713.059 108
713.099 108
713.138 107
713.177 106
713.216 107
713.256 110
713.295 104
713.334 104
713.373 106
713.413 111
713.452 107
713.491 110
713.53 107
713.57 108
713.609 108
713.648 107
713.687 104
713.727 102
713.766 105
713.805 107
713.844 109
713.884 108
713.923 104
713.962 105
714.001 108
714.041 101
714.08 105
714.119 106
714.158 106
714.198 105
714.237 109
714.276 106
714.315 105
714.354 105
714.394 108
714.433 104
714.472 106
714.511 108
714.551 104
714.59 107
714.629 109
714.668 105
714.708 107
714.747 104
714.786 103
714.825 106
714.864 105
714.904 108
714.943 108
714.982 103
715.021 106
715.061 105
715.1 110
715.139 105
715.178 108
715.217 106
715.257 110
715.296 109
715.335 104
715.374 106
715.413 107
715.453 106
715.492 104
715.531 103
715.57 106
715.61 105
715.649 104
715.688 104
715.727 103
715.766 110
715.806 109
715.845 106
715.884 105
715.923 105
715.962 104
716.002 107
716.041 109
716.08 104
716.119 107
716.158 105
716.198 107
716.237 106
716.276 110
716.315 107
716.354 106
716.394 108
716.433 109
716.472 107
716.511 105
716.55 105
716.589 106
716.629 105
716.668 108
716.707 106
716.746 110
716.785 103
716.825 104
716.864 108
716.903 106
716.942 107
716.981 106
717.02 105
717.06 107
717.099 106
717.138 110
717.177 105
717.216 109
717.256 104
717.295 107
717.334 101
717.373 107
717.412 111
717.451 122
717.491 191
717.53 240
717.569 209
717.608 145
717.647 127
717.686 116
717.726 115
717.765 108
717.804 106
717.843 103
717.882 105
717.921 110
717.961 103
718 109
718.039 107
718.078 105
718.117 107
718.156 105
718.195 105
718.235 108
718.274 100
718.313 102
718.352 106
718.391 105
718.43 108
718.47 106
718.509 107
718.548 106
718.587 108
718.626 107
718.665 107
718.704 107
718.744 107
718.783 107
718.822 107
718.861 109
718.9 107
718.939 106
718.978 104
719.018 103
719.057 103
719.096 104
719.135 106
719.174 107
719.213 106
719.252 107
719.291 107
719.331 109
719.37 106
719.409 108
719.448 102
719.487 108
719.526 107
719.565 107
719.604 108
719.644 107
719.683 106
719.722 103
719.761 108
719.8 107
719.839 109
719.878 109
719.917 106
719.957 104
719.996 100
720.035 106
720.074 104
720.113 107
720.152 104
720.191 109
720.23 107
720.269 102
720.309 106
720.348 108
720.387 107
720.426 106
720.465 105
720.504 110
720.543 105
720.582 106
720.621 109
720.661 104
720.7 104
720.739 108
720.778 105
720.817 106
720.856 106
720.895 108
720.934 105
720.973 106
721.012 107
721.052 106
721.091 108
721.13 105
721.169 102
721.208 105
721.247 108
721.286 107
721.325 108
721.364 105
721.403 106
721.442 107
721.482 110
721.521 109
721.56 106
721.599 104
721.638 106
721.677 102
721.716 105
721.755 107
721.794 110
721.833 106
721.872 108
721.911 104
721.951 105
721.99 107
722.029 108
722.068 105
722.107 107
722.146 110
722.185 106
722.224 107
722.263 107
722.302 107
722.341 105
722.38 105
722.419 103
722.458 101
722.497 107
722.537 107
722.576 110
722.615 108
722.654 104
722.693 102
722.732 105
722.771 106
722.81 111
722.849 105
722.888 109
722.927 107
722.966 104
723.005 108
723.044 108
723.083 104
723.122 104
723.161 106
723.201 108
723.24 103
723.279 107
723.318 109
723.357 105
723.396 102
723.435 104
723.474 103
723.513 105
723.552 107
723.591 106
723.63 107
723.669 106
723.708 105
723.747 109
723.786 105
723.825 106
723.864 106
723.903 105
723.942 106
723.981 105
724.02 104
724.059 109
724.098 107
724.137 110
724.177 107
724.216 108
724.255 106
724.294 112
724.333 106
724.372 108
724.411 109
724.45 113
724.489 134
724.528 197
724.567 375
724.606 645
724.645 590
724.684 326
724.723 178
724.762 169
724.801 144
724.84 120
724.879 113
724.918 107
724.957 108
724.996 109
725.035 107
725.074 108
725.113 108
725.152 106
725.191 106
725.23 104
725.269 106
725.308 108
725.347 104
725.386 108
725.425 106
725.464 107
725.503 109
725.542 109
725.581 103
725.62 105
725.659 105
725.698 107
725.737 105
725.776 102
725.815 105
725.854 105
725.893 106
725.932 105
725.971 110
726.01 105
726.049 105
726.088 103
726.127 106
726.166 103
726.205 102
726.244 110
726.283 105
