604
610
603
596
605
601
606
603
599
603
615
603
608
613
599
604
607
603
601
596
602
603
598
605
605
608
605
594
609
611
607
606
601
606
604
605
598
600
599
597
596
602
604
604
601
602
595
601
604
604
599
611
610
600
596
611
602
592
600
594
602
597
599
596
602
605
603
598
598
606
612
615
604
613
611
597
610
603
612
604
610
600
610
606
598
604
606
594
606
606
601
610
606
601
600
607
599
598
610
607
606
597
607
599
603
600
606
601
600
599
608
601
607
609
600
603
601
607
596
605
603
612
602
603
612
603
602
606
600
607
611
596
596
604
599
608
612
596
600
604
604
609
602
600
603
613
602
596
603
610
599
604
599
602
606
601
600
607
602
602
606
601
604
612
595
602
612
602
612
603
603
604
610
603
595
605
597
612
607
600
601
601
614
607
606
603
598
604
598
601
593
606
604
604
601
596
607
611
609
605
602
600
608
606
597
596
600
603
604
609
605
605
598
602
605
593
605
598
598
602
598
605
603
593
599
609
604
606
608
610
603
609
608
607
606
603
598
598
600
610
596
607
601
606
606
601
598
613
608
597
601
602
613
599
603
609
604
609
605
601
600
610
607
611
604
595
600
609
606
615
610
611
608
615
606
615
607
601
606
615
614
605
606
610
608
613
614
599
618
604
610
612
612
608
605
613
616
613
602
603
610
604
615
608
601
607
603
599
603
603
601
601
615
606
618
615
599
624
619
610
603
611
613
611
606
611
610
605
621
618
607
621
622
606
615
614
617
616
616
621
613
614
622
628
608
617
611
627
619
623
620
623
628
621
626
624
623
628
620
629
624
631
632
640
630
631
638
625
635
619
644
630
626
640
647
638
655
626
637
651
626
642
655
639
642
658
645
659
656
643
661
642
672
653
664
659
654
658
681
670
678
672
682
672
653
697
664
690
689
679
703
672
699
703
712
722
721
710
720
739
743
711
744
717
706
732
733
738
740
789
758
751
773
798
784
773
806
797
841
799
861
801
839
822
836
844
844
863
851
866
876
895
883
934
888
943
926
953
934
935
994
987
1014
992
1002
1009
1016
1095
1107
1108
1094
1074
1104
1119
1186
1184
1208
1217
1255
1197
1243
1245
1300
1219
1281
1314
1376
1373
1359
1387
1428
1492
1504
1477
1494
1541
1591
1636
1636
1667
1730
1679
1728
1743
1776
1833
1848
1851
1933
1873
1993
2023
2049
2088
2062
2176
2232
2137
2386
2317
2269
2338
2390
2388
2508
2641
2569
2552
2625
2751
2817
2716
2908
2858
2888
2908
2874
3054
3137
3314
3316
3289
3421
3442
3407
3534
3610
3652
3560
3691
3777
3796
3948
3830
3889
4073
4009
4215
4120
4156
4309
4409
4322
4413
4537
4659
4628
4562
4847
4845
4880
4807
4995
4984
5008
5158
5130
4997
5240
5293
5219
5526
5513
5750
5490
5567
5613
5796
5858
5818
5731
5925
6058
5939
6005
5950
6048
6090
6027
6216
6185
6394
6217
6432
6379
6130
6390
6439
6385
6622
6673
6733
6528
6563
6800
6673
6873
6849
6754
6721
6808
6653
6682
6822
6592
6967
6740
6862
6695
7049
6695
7050
6780
6938
6975
6980
6975
6771
6981
6989
7056
6986
6788
6826
6937
6907
6962
7020
6843
6902
6906
6891
6974
6923
6946
6909
6978
6986
6822
7145
6969
6789
6807
6866
6933
7019
6837
6796
6941
6768
6797
6877
6619
6696
6792
6824
6872
6795
6830
6838
6676
6651
6684
6622
6687
6640
6474
6562
6631
6624
6420
6580
6374
6363
6481
6503
6404
6413
6306
6537
6489
6399
6249
6426
6343
6186
6244
6311
6330
6241
6148
6298
6219
6271
6109
5971
5954
5807
6034
5938
5907
5763
5828
5853
5972
5816
5877
5616
5812
5606
5678
5535
5583
5672
5604
5683
5585
5407
5539
5264
5154
5426
5248
5174
5309
5167
5204
5145
5215
5113
5073
4982
4978
5013
4954
4967
4967
4952
4875
4721
4893
4834
4753
4654
4693
4744
4476
4457
4448
4513
4526
4398
4473
4368
4336
4210
4307
4309
4184
4231
4177
4227
4014
3914
4099
3908
3816
3971
3881
3946
3858
3807
3809
3709
3752
3766
3595
3406
3555
3527
3464
3516
3368
3439
3295
3321
3382
3303
3312
3234
3240
3172
3152
3118
3029
2997
3018
3048
2965
2875
2912
2828
2928
2785
2728
2739
2691
2842
2662
2594
2528
2646
2536
2608
2496
2549
2355
2448
2438
2432
2392
2410
2453
2346
2346
2306
2201
2274
2209
2140
2171
2191
2202
2090
2074
2054
2012
2050
2056
1972
1956
1949
1924
1870
1904
1865
1869
1910
1847
1849
1751
1788
1752
1751
1736
1758
1636
1647
1674
1662
1588
1649
1654
1561
1574
1623
1563
1535
1497
1602
1521
1572
1509
1449
1434
1415
1456
1402
1386
1350
1376
1319
1348
1341
1312
1287
1209
1299
1279
1354
1212
1293
1210
1226
1270
1196
1197
1201
1169
1188
1166
1161
1152
1135
1077
1145
1149
1188
1108
1089
1104
1040
1071
1039
1102
1032
1057
1041
1012
1090
1062
1043
1027
1049
1024
997
992
1052
987
992
973
965
1002
933
963
947
920
931
951
910
921
926
936
954
927
932
864
907
902
910
877
830
863
876
868
889
842
849
855
868
904
816
809
808
834
842
840
834
838
832
846
813
800
825
802
823
789
804
818
819
798
778
798
815
774
773
753
731
757
762
762
729
773
738
753
751
760
760
766
757
749
719
751
721
757
723
713
732
719
742
733
750
713
710
719
735
726
694
709
709
697
712
711
718
722
700
729
705
690
701
686
689
697
707
678
682
684
657
684
701
674
702
681
680
670
689
680
681
672
680
685
678
687
674
682
666
679
663
671
671
684
681
664
692
645
664
668
674
656
656
648
645
657
668
666
652
640
665
648
660
642
650
650
658
656
649
638
656
660
655
642
627
657
651
641
639
642
654
634
638
653
626
621
643
647
676
648
633
642
641
641
639
652
628
635
641
640
642
633
642
636
630
632
619
624
626
622
647
613
629
648
630
631
635
620
636
625
648
626
633
638
623
628
618
627
636
627
621
627
619
628
634
622
625
620
636
614
609
624
615
610
631
614
626
624
619
619
615
613
625
621
618
618
625
611
618
623
620
623
602
631
623
610
614
622
612
619
612
616
614
604
603
621
620
611
618
610
625
618
628
615
602
618
623
603
614
614
604
622
609
608
624
611
610
614
617
616
605
609
613
605
601
605
613
608
602
598
612
614
603
613
615
600
616
608
614
607
607
607
605
607
610
603
607
616
611
610
606
616
602
603
620
608
605
612
611
603
611
603
602
607
611
606
600
606
613
607
609
610
610
609
597
610
613
609
605
606
601
608
615
616
607
599
607
609
610
607
609
595
599
602
612
603
607
606
614
603
601
606
609
600
611
602
600
606
604
610
612
605
604
606
603
601
598
603
594
603
603
604
602
