607
599
596
605
599
604
612
611
603
605
606
614
610
610
598
610
612
615
610
602
614
606
604
608
592
605
604
603
618
613
603
609
608
598
610
605
611
610
597
608
604
609
601
605
606
606
619
604
608
603
602
596
607
608
606
597
614
604
602
598
608
606
608
603
607
615
612
590
604
599
604
610
603
602
597
598
604
598
615
600
606
607
605
604
605
605
609
605
609
600
600
615
604
601
597
600
594
609
603
605
605
599
603
606
609
604
610
607
605
601
607
606
604
604
602
600
601
607
605
598
604
593
598
606
612
598
590
607
598
610
607
600
596
603
603
608
611
608
597
597
603
612
604
606
590
596
601
605
598
605
596
603
603
604
603
605
606
604
602
600
599
605
601
606
610
598
611
608
602
601
596
598
601
611
611
604
607
608
611
606
601
602
606
601
609
603
602
606
607
601
596
608
607
598
600
605
612
605
606
603
597
601
603
610
597
596
601
605
594
601
598
603
600
610
614
607
601
600
603
602
602
606
603
605
599
605
605
609
615
606
607
601
606
601
597
605
603
605
609
604
609
600
609
605
606
602
599
612
605
607
604
613
598
601
610
604
605
604
610
606
611
613
608
606
594
605
614
604
610
606
604
606
602
606
604
611
610
604
618
595
607
597
607
610
623
607
607
610
602
607
603
604
609
602
612
610
615
600
607
616
603
604
597
610
608
612
611
606
619
613
624
612
620
612
612
618
609
613
605
615
614
609
627
607
611
610
607
620
613
610
626
609
623
625
620
629
616
628
618
614
615
630
615
632
616
626
621
625
623
618
627
623
630
624
641
625
632
628
634
633
636
622
629
642
639
618
649
639
633
657
635
622
640
627
653
627
650
651
644
654
657
656
663
661
657
643
658
662
653
674
669
663
658
659
667
661
676
686
701
691
709
676
700
707
691
682
684
712
717
712
729
701
714
713
709
728
758
745
727
743
749
760
725
769
769
786
813
773
785
772
804
814
809
785
840
844
836
855
876
884
868
826
885
895
889
898
894
920
949
976
946
945
1035
973
1004
1007
1061
1043
1051
1068
1091
1129
1113
1108
1146
1169
1093
1168
1228
1213
1203
1304
1246
1280
1407
1396
1412
1426
1414
1452
1459
1511
1531
1491
1563
1594
1626
1610
1704
1718
1731
1794
1783
1803
1811
1992
1901
1986
1989
2004
2059
2138
2089
2193
2253
2265
2290
2393
2456
2401
2413
2475
2492
2616
2593
2650
2734
2801
2814
2832
2828
3021
3061
3056
3092
2979
3216
3189
3229
3334
3424
3439
3462
3527
3395
3662
3646
3677
3750
3880
4081
4024
4074
4149
4205
4315
4300
4570
4493
4570
4617
4576
4591
4656
4788
4652
4736
4819
4861
5006
5045
5205
5210
5357
5402
5416
5502
5661
5605
5507
5750
5562
5668
5734
5984
5871
6038
5963
6100
6071
6361
6149
6108
6232
6217
6300
6508
6565
6470
6522
6578
6723
6694
6778
6692
6888
6727
6763
6724
6856
6758
6975
6917
6944
6975
6989
7029
6952
7146
7151
7111
7157
7155
7191
7459
7195
7244
7377
7168
7226
7224
7292
7416
7232
7488
7369
7316
7255
7298
7477
7307
7519
7504
7704
7551
7574
7534
7526
7483
7526
7469
7583
7523
7430
7464
7531
7570
7638
7486
7563
7604
7382
7568
7502
7347
7504
7405
7391
7671
7646
7521
7584
7564
7390
7384
7688
7469
7534
7466
7545
7428
7393
7464
7450
7273
7425
7331
7366
7303
7469
7365
7584
7184
7296
7444
7327
7266
7225
7085
7334
7243
7107
7148
6981
6984
7254
7038
7011
6884
6842
7042
6970
7091
7135
7094
7175
6844
6875
6824
6847
6757
6854
6746
6661
6659
6642
6536
6512
6699
6532
6256
6484
6481
6440
6541
6343
6506
6349
6291
6316
6260
6267
6173
6119
6113
6085
6083
5975
5960
5955
5955
5973
5709
5772
5938
5621
5653
5681
5675
5698
5590
5381
5484
5427
5445
5450
5322
5376
5400
5208
5255
5079
5165
4974
4954
4956
4947
5062
4787
4969
4904
4738
4670
4741
4787
4628
4618
4561
4539
4575
4500
4528
4281
4338
4447
4404
4246
4114
4267
4207
4105
4148
3995
3935
3943
3969
3906
3885
3789
3751
3789
3749
3765
3738
3551
3651
3470
3551
3477
3442
3386
3380
3357
3347
3264
3269
3212
3170
3177
3146
3093
3082
2972
2914
3085
2874
2879
2872
2748
2833
2855
2641
2685
2629
2651
2544
2558
2613
2560
2498
2505
2507
2446
2392
2395
2357
2353
2391
2288
2250
2212
2329
2222
2227
2208
2137
2133
1992
2083
2044
2050
1979
1954
1944
1911
1905
1931
1909
1885
1870
1823
1930
1815
1793
1877
1826
1729
1732
1705
1707
1708
1739
1623
1604
1552
1583
1599
1544
1580
1560
1552
1476
1507
1467
1478
1486
1497
1526
1383
1435
1423
1390
1370
1332
1330
1394
1301
1327
1323
1336
1224
1281
1253
1260
1286
1270
1262
1200
1200
1204
1193
1178
1139
1180
1177
1124
1164
1148
1097
1077
1107
1098
1080
1076
1015
1090
1026
1065
966
1044
979
1000
1021
1029
1023
1021
981
975
1015
982
961
957
956
955
980
957
973
913
914
919
935
897
966
896
928
917
923
902
905
883
874
879
872
882
901
881
850
866
841
852
860
839
854
862
826
849
800
834
837
791
813
794
801
791
804
814
786
817
803
784
809
787
758
778
757
791
778
768
774
754
786
746
784
772
753
740
774
767
728
721
726
744
746
750
713
731
697
721
721
711
724
726
734
749
727
709
705
726
711
702
694
715
729
708
695
716
710
695
739
669
687
697
701
704
688
688
690
694
707
677
680
679
670
683
682
692
680
677
677
685
671
664
677
669
678
677
674
660
698
661
662
664
710
670
656
676
658
662
676
684
652
675
659
676
667
665
659
649
676
655
655
648
655
641
643
647
641
650
635
651
633
652
632
656
651
646
654
657
649
650
626
642
634
636
651
628
642
633
630
635
635
650
640
633
635
621
628
651
628
645
637
626
631
630
641
637
625
643
637
626
618
632
628
635
638
622
621
621
615
620
634
630
630
638
620
635
617
637
612
619
622
625
629
623
625
619
616
619
618
613
638
618
632
616
623
616
617
611
623
625
614
619
620
638
617
620
626
602
624
617
611
614
608
622
613
621
623
628
631
612
610
622
609
615
616
627
606
607
610
621
617
615
621
616
616
607
613
622
612
607
604
607
605
614
615
612
610
615
621
612
603
608
619
604
614
607
611
609
608
620
616
616
620
613
616
615
613
617
610
610
610
619
615
615
614
602
612
617
607
608
626
614
609
614
606
613
605
609
608
610
617
616
606
624
612
610
620
605
610
612
611
608
605
608
618
612
610
611
608
603
608
607
610
599
615
613
602
599
602
606
603
606
602
609
602
596
596
601
605
611
605
607
596
606
603
608
605
611
602
616
617
600
609
602
611
608
611
609
615
606
