605
604
622
595
605
601
604
603
608
613
615
607
607
597
610
605
608
598
608
602
601
605
605
622
612
603
605
613
604
615
600
604
607
603
606
603
609
607
602
601
604
609
608
596
600
599
607
595
600
610
593
612
601
597
602
594
602
607
612
598
613
620
605
602
598
600
616
614
601
612
597
608
599
601
602
611
606
611
615
602
611
607
599
600
597
604
602
600
612
605
609
605
606
607
602
605
606
605
594
609
606
606
605
619
602
605
603
607
603
597
607
598
607
600
610
607
603
614
610
606
608
604
595
607
599
607
602
597
599
612
612
609
609
598
604
611
607
600
596
605
606
608
604
609
600
605
595
603
601
604
606
598
618
605
612
605
609
605
603
603
606
609
599
589
612
613
601
611
597
598
596
610
601
603
601
597
604
613
610
602
605
608
610
603
613
607
602
604
608
615
617
603
601
612
604
610
592
614
606
604
619
609
604
610
610
600
608
609
612
608
606
606
606
612
606
603
609
613
597
605
605
598
607
608
603
598
604
605
614
604
606
613
611
605
615
609
620
610
608
611
608
602
613
606
612
609
603
614
598
612
616
607
609
616
600
609
594
609
610
607
615
605
619
613
614
615
608
615
613
607
608
617
614
615
627
615
611
618
607
625
609
607
617
619
615
608
606
609
605
622
612
620
612
621
620
617
623
620
605
615
623
607
620
622
611
638
627
607
620
629
619
631
628
624
623
606
619
638
620
636
627
623
621
624
639
614
631
636
635
630
637
635
628
620
640
645
621
641
632
646
635
652
645
648
655
650
653
653
654
652
642
657
645
666
643
646
670
660
673
662
650
659
663
670
647
686
665
654
677
659
694
673
680
706
664
682
663
686
690
709
688
708
695
717
727
702
702
691
718
717
744
728
749
735
739
735
755
747
780
782
770
762
778
798
783
815
773
810
793
826
823
839
843
825
843
840
840
859
865
869
880
873
845
903
973
906
926
950
939
980
956
996
1023
999
1022
1060
1070
1026
1082
1089
1103
1204
1151
1184
1193
1167
1198
1183
1192
1244
1283
1305
1345
1332
1378
1463
1454
1372
1479
1452
1501
1503
1587
1547
1634
1571
1689
1669
1661
1732
1785
1846
1841
1899
1979
1952
1960
2082
2180
2131
2220
2229
2231
2309
2285
2400
2436
2573
2581
2593
2671
2730
2718
2828
2909
2884
2990
2997
3147
3154
3241
3288
3376
3549
3540
3556
3681
3765
3869
3815
3976
4161
3992
4148
4286
4332
4486
4563
4612
4701
4650
4919
4924
5080
5064
5182
5320
5362
5653
5471
5625
5600
5985
6008
6041
6088
6248
6328
6553
6593
6587
6793
6921
7040
7334
7387
7452
7647
7521
7707
7623
7959
7907
8020
8212
8364
8617
8319
8662
8816
8803
9033
9248
9258
9329
9373
9463
9719
9901
9912
10176
10247
10220
9947
10469
10300
10313
10544
10650
10849
10911
10793
10942
10958
11044
11165
11422
11143
11585
11638
11687
11907
11996
11953
12331
12187
12261
12244
12358
12177
12477
12238
12228
12312
12707
12815
12617
12671
13082
12688
13139
12864
12884
13239
12940
13040
13061
13033
12896
13427
13110
13262
13026
13294
13263
13205
13208
13285
13118
13377
13300
13343
13662
13825
13877
13385
13691
13504
13595
13911
13726
13685
13749
13671
13569
13580
13505
13814
13445
13814
13632
13420
13891
13780
13356
13516
13631
13666
13888
13989
13655
13780
13818
13744
13613
13673
13632
13770
13573
13408
13552
13334
13557
13442
13190
13637
13535
13424
13403
13576
13301
13199
13387
13556
13226
13267
13166
13136
13197
13080
13158
12991
12979
13032
12923
13148
12869
13082
12667
12705
12857
12881
12682
12667
12770
12589
12661
12653
12358
12223
12444
12443
12273
12080
12218
12171
11870
11937
11995
11957
11963
11713
11470
11822
11655
11535
11539
11522
11370
11621
11499
11545
11257
11350
11244
11240
11152
11097
10894
11155
11014
10761
10573
10620
10294
10504
10484
10378
10393
10218
10137
9927
9899
10028
9743
9956
9693
9677
9713
9515
9707
9475
9435
9164
9343
9051
9012
9066
8910
8692
8963
8665
8690
8725
8620
8321
8364
8421
8246
8304
8420
8160
8162
7878
7726
7829
7818
7707
7708
7558
7498
7226
7505
7156
7286
6911
6988
6810
6635
6843
6788
6772
6761
6538
6419
6585
6427
6348
6148
6240
6095
6211
6106
5947
5892
5752
5717
5762
5533
5568
5415
5398
5303
5224
5322
5151
5000
4967
4940
4944
4692
4867
4839
4773
4580
4607
4613
4538
4454
4357
4390
4357
4303
4218
4317
4061
4068
3981
3957
3906
3824
3990
3792
3666
3670
3623
3651
3579
3608
3523
3422
3412
3495
3407
3246
3410
3226
3234
3259
3151
3078
3137
3029
3013
2955
2886
2963
3005
2915
2814
2773
2697
2742
2640
2721
2581
2641
2558
2557
2506
2516
2418
2406
2377
2375
2316
2311
2224
2323
2242
2204
2124
2172
2206
2150
2126
2130
2076
2049
1958
1943
1964
1990
1947
1898
1929
1858
1847
1767
1783
1836
1820
1705
1776
1809
1647
1659
1698
1712
1607
1588
1589
1540
1642
1514
1583
1537
1474
1533
1505
1552
1502
1432
1438
1457
1392
1466
1378
1402
1368
1386
1366
1320
1304
1282
1285
1238
1311
1260
1253
1262
1300
1154
1263
1193
1226
1209
1226
1197
1209
1142
1125
1183
1188
1156
1160
1169
1122
1058
1142
1077
1117
1099
1072
1081
1047
1033
1027
1058
1070
1050
1042
1010
1033
1019
1011
1005
993
1033
968
958
946
999
1003
925
937
1005
930
930
943
939
922
944
914
944
939
891
893
920
864
913
876
887
899
871
886
859
850
839
851
838
826
821
856
826
848
869
825
824
830
839
813
796
827
797
831
813
802
783
802
790
796
780
793
789
768
803
774
783
748
780
781
755
755
779
779
762
758
766
761
729
742
762
737
727
764
750
753
739
742
764
723
744
731
748
751
722
723
709
718
710
737
746
723
697
718
711
716
723
691
711
718
704
707
687
713
704
714
697
730
673
685
711
713
674
690
707
671
673
673
711
694
690
675
683
688
680
679
687
678
689
689
671
672
679
667
674
642
673
656
682
656
660
665
663
665
664
690
666
682
670
644
666
672
651
674
654
649
653
647
653
658
642
648
667
656
663
649
648
660
642
648
662
644
638
649
650
638
640
641
642
647
649
644
655
642
631
657
646
640
634
648
632
656
637
640
637
644
638
640
639
640
629
625
641
630
635
637
637
636
626
639
620
635
629
622
622
615
631
622
618
622
619
626
609
624
639
627
630
621
639
633
637
628
634
620
608
628
627
621
632
629
637
620
621
626
627
618
625
623
618
622
629
632
618
624
616
618
627
608
613
620
625
626
628
621
613
612
631
623
622
624
622
607
610
615
617
612
612
612
629
607
605
625
617
621
621
602
612
610
615
614
616
611
617
609
615
612
607
619
616
615
620
619
610
611
609
603
610
615
608
606
605
607
615
619
621
627
604
615
620
605
612
613
614
619
607
621
627
611
613
600
604
614
617
602
613
611
605
610
