615
600
606
608
611
615
614
611
620
606
601
614
611
606
606
614
596
612
607
601
610
612
617
616
605
616
613
619
618
606
613
608
607
614
610
613
605
607
602
612
612
608
600
607
606
608
615
602
603
604
602
615
605
607
612
599
609
608
605
616
609
607
612
602
597
608
603
600
607
605
617
614
613
608
607
599
614
612
604
606
609
604
605
609
608
608
610
608
609
611
610
597
603
615
604
601
615
607
605
607
606
602
601
613
599
609
610
619
602
601
606
609
607
606
600
604
604
604
610
608
602
600
607
607
611
615
608
606
611
601
598
613
608
602
605
598
614
609
606
600
611
617
601
608
605
594
603
616
601
602
619
605
618
606
614
609
615
604
611
604
605
607
609
608
610
604
606
611
611
588
610
608
601
605
602
603
608
609
601
610
602
599
595
606
611
603
594
621
605
602
616
603
598
606
610
606
612
605
609
612
615
617
606
608
608
625
621
616
616
616
617
609
605
608
606
611
607
610
603
610
599
610
604
611
609
607
610
607
614
611
600
608
620
609
603
601
607
615
619
607
614
607
619
602
609
611
615
610
613
605
621
612
612
608
611
613
617
622
611
606
614
614
608
609
623
609
610
612
612
610
610
614
607
614
620
620
606
623
614
621
609
621
603
616
623
609
614
620
640
623
632
622
621
629
629
616
627
617
617
626
628
636
618
630
632
618
627
639
648
622
632
637
613
637
634
623
647
621
644
636
631
635
636
646
645
627
646
639
654
637
657
644
628
642
647
636
664
686
646
652
664
642
659
655
651
674
665
662
669
662
664
665
676
669
654
695
678
688
703
675
700
703
675
703
678
697
695
691
699
700
660
706
692
700
720
697
695
722
723
708
738
739
740
733
740
714
749
738
771
745
747
781
732
774
761
770
767
805
776
814
790
768
799
860
821
847
849
835
834
843
851
865
857
910
889
939
908
894
885
934
947
928
982
969
924
972
991
1013
1052
1089
1060
1054
1104
1042
1120
1144
1085
1186
1123
1160
1182
1180
1230
1218
1255
1300
1283
1312
1319
1439
1364
1409
1372
1439
1456
1534
1485
1521
1510
1501
1649
1617
1632
1716
1695
1751
1861
1784
1890
1840
1912
1938
2002
2080
2058
2110
2214
2182
2214
2358
2288
2290
2467
2501
2528
2614
2644
2700
2780
2823
2792
2922
2894
3031
3120
3173
3292
3268
3458
3394
3516
3454
3681
3628
3807
3920
3856
4094
4127
4146
4145
4162
4475
4419
4499
4792
4777
5008
5050
5172
5082
5342
5492
5369
5570
5717
5652
5665
5941
6063
6204
6357
6359
6338
6426
6762
6807
6968
6885
7105
7334
7627
7842
7856
8044
8244
8180
8433
8458
8654
8691
9096
9133
9142
9183
9437
9388
9584
9875
10021
10257
10286
10396
10596
10937
11077
10939
11375
11605
11617
11777
12086
11942
12070
12097
12538
12402
12187
12629
12783
12953
12813
12989
13420
13448
13613
13721
13956
14060
14243
14330
14334
14675
14515
14753
14625
15003
14902
15079
15032
15382
15363
15520
15697
15503
15449
15607
15835
15712
16039
15891
16124
16240
16264
16461
16488
16607
16749
16562
16498
16718
16551
16771
16792
16602
16819
17003
16904
16695
16885
16811
17435
17214
17240
17441
17333
17431
17534
17101
17482
17232
17433
17590
17456
17416
17309
17431
17246
17237
17299
17392
17106
17379
17398
17604
17604
17324
17421
17681
17498
17530
17599
17493
17608
17348
17337
17160
17554
17487
17119
17193
17025
17063
16830
16992
17157
17080
17085
17092
17267
16904
17161
17129
17061
17088
17038
16894
16789
16840
16813
16695
16460
16570
16953
16385
16266
16278
16119
15954
16289
16302
15968
16305
15925
16102
16025
15853
15923
16001
16028
15317
15767
15631
15562
15591
15365
15384
14969
15312
15254
15044
14823
14540
14935
14772
14722
14830
14698
14588
14524
14331
14171
14452
14282
14481
14408
14125
14083
13958
13993
13458
13870
13732
13703
13358
13324
13053
13276
13060
12969
12965
13025
13095
12877
12737
12709
12367
12453
12508
12520
12286
11990
12108
12089
11791
11734
11668
11493
11464
11416
11129
11255
11288
11146
11121
10912
10950
10915
11013
10568
10311
10674
10434
10319
10215
10336
10060
9987
9944
9932
9520
9507
9465
9490
9124
9261
9153
8995
9095
8835
8878
8834
8753
8473
8762
8543
8449
8284
8227
8065
7935
7910
7961
7766
7708
7520
7488
7530
7551
7269
7240
7098
6894
7069
6810
6916
6772
6582
6567
6591
6574
6370
6506
6229
6263
6107
5951
5979
6015
6000
5926
5783
5650
5668
5673
5728
5523
5351
5329
5228
5177
5181
5173
4853
4948
4880
4856
4785
4711
4782
4573
4718
4567
4505
4501
4373
4317
4236
4181
4347
4152
4188
4209
3937
3793
3759
3923
3706
3714
3739
3663
3661
3704
3570
3521
3454
3411
3354
3381
3325
3304
3252
3284
3275
3174
3072
3068
3007
3071
2983
2989
2877
2760
2841
2813
2766
2682
2600
2675
2611
2689
2550
2576
2574
2564
2481
2491
2413
2420
2331
2384
2294
2281
2262
2168
2229
2143
2188
2111
2058
2023
2090
2001
1969
2010
2071
1906
1999
1933
1805
1835
1820
1831
1897
1843
1836
1778
1843
1726
1735
1810
1726
1621
1686
1695
1705
1619
1653
1628
1630
1566
1551
1603
1570
1500
1576
1509
1464
1516
1476
1435
1396
1453
1428
1373
1379
1364
1370
1363
1317
1348
1340
1318
1311
1309
1279
1306
1249
1322
1267
1231
1272
1220
1184
1226
1218
1269
1190
1224
1170
1139
1179
1185
1171
1137
1129
1112
1133
1138
1112
1115
1084
1034
1076
1080
1049
1080
1038
1095
1060
1049
1051
1013
1021
1035
1004
1010
979
1008
1014
950
969
959
971
933
987
975
951
958
944
941
951
955
943
891
909
914
918
919
920
863
938
917
901
899
888
869
875
853
885
856
860
854
840
859
880
854
839
840
828
823
848
838
807
842
809
833
789
805
803
823
792
781
768
795
781
792
793
784
779
801
787
779
763
765
788
750
774
790
760
782
753
769
756
735
766
746
743
751
739
749
742
748
743
720
748
732
744
718
715
722
706
738
746
755
729
714
710
721
725
710
707
699
709
706
724
703
685
696
695
697
673
699
707
709
693
706
680
664
713
699
699
654
705
701
692
699
700
675
672
688
679
654
667
699
684
666
680
676
668
704
674
678
671
678
662
682
667
666
648
688
642
640
656
658
671
656
656
656
662
645
661
644
656
642
648
654
669
650
645
649
648
650
658
644
652
639
652
656
639
644
639
635
654
650
640
655
665
633
642
631
643
646
663
637
635
634
635
645
644
631
645
638
640
633
635
636
626
631
628
624
649
644
644
621
623
634
646
637
651
635
633
623
620
632
641
631
623
620
634
623
635
621
630
620
622
640
632
634
631
619
616
627
624
623
624
616
630
618
625
631
631
622
627
621
617
635
607
615
623
617
623
630
619
627
636
617
627
627
639
624
614
618
631
610
616
612
614
629
617
623
628
622
630
619
622
629
619
620
606
620
626
617
608
616
607
616
609
607
620
609
616
612
615
617
607
610
624
617
616
