610
611
611
607
603
619
612
617
616
610
613
613
607
615
619
608
606
610
612
605
601
620
608
620
604
611
606
615
618
601
611
619
605
612
609
606
609
611
606
607
609
608
609
626
604
611
612
612
610
608
604
604
607
613
613
612
613
605
613
612
625
596
613
620
605
603
612
613
614
609
607
605
597
620
607
600
610
612
605
614
612
595
610
611
597
610
595
613
604
604
607
604
603
606
610
618
617
607
608
605
614
615
611
609
608
605
616
607
607
600
604
610
618
612
615
612
614
615
608
613
608
610
603
610
614
616
618
612
612
612
607
609
603
607
622
622
600
608
608
606
612
613
612
617
600
612
613
605
605
618
611
606
615
607
605
612
613
613
613
604
610
612
602
615
604
619
607
620
610
604
611
606
607
611
606
592
611
612
617
606
606
601
610
612
609
608
615
610
606
617
607
605
610
605
608
621
608
613
617
607
621
614
612
604
614
610
602
612
610
616
624
601
608
612
610
618
619
615
627
619
617
618
615
627
614
604
615
617
616
617
617
600
617
599
617
619
616
611
632
612
618
606
620
612
610
615
612
619
620
619
622
624
612
622
613
620
604
625
619
619
623
618
613
625
618
614
621
618
639
615
612
616
610
635
619
624
630
627
621
630
630
622
619
627
645
624
635
622
635
624
631
623
630
635
616
640
633
628
633
640
642
632
636
649
636
627
643
633
643
636
642
646
644
659
652
656
646
655
657
651
640
644
665
653
644
659
669
639
648
654
657
641
662
652
664
674
658
664
679
660
673
679
680
680
690
692
695
686
713
683
680
706
704
682
708
688
701
710
720
713
689
704
697
703
719
712
710
719
729
733
740
742
731
722
752
750
765
760
730
742
767
778
765
769
768
797
777
792
805
823
829
808
835
817
842
821
845
866
851
911
864
867
899
892
875
916
926
913
964
946
956
972
957
991
972
971
984
1006
1031
1035
1033
1053
1044
1126
1083
1098
1110
1083
1139
1137
1131
1202
1203
1231
1269
1258
1251
1285
1341
1344
1416
1387
1367
1440
1425
1490
1436
1481
1542
1581
1607
1688
1638
1657
1713
1829
1776
1843
1914
1886
1960
1877
2005
2030
2112
2106
2153
2206
2216
2259
2298
2335
2366
2470
2538
2464
2660
2520
2767
2785
2786
2970
2868
2934
3115
3139
3224
3300
3344
3402
3393
3536
3607
3645
3760
3842
3919
4043
4093
4204
4334
4356
4597
4525
4802
4908
4873
5027
5099
5241
5241
5460
5436
5663
5541
5879
6112
5960
6187
6365
6273
6558
6586
6703
6832
7060
7110
7085
7545
7504
7892
7703
7899
8057
8353
8310
8787
8798
9020
9172
9375
9364
9734
9670
10016
10239
10329
10376
10540
10970
10920
11105
11121
11205
11647
11364
12016
11935
12252
12694
12671
13018
12807
13393
13418
13926
13687
13966
14299
14454
14351
14875
14851
15222
15226
15199
15438
15421
15937
15971
16278
16370
16452
16758
17154
17158
17459
17412
17890
17754
18031
18094
18399
18544
18445
18579
19035
18667
18887
18830
19271
19168
19438
19492
19679
19617
19630
20016
20359
20186
20366
20357
20779
20545
20976
20848
20966
20957
21112
20945
21073
21302
21287
20663
21527
21422
21494
21499
21198
21301
21324
21475
21514
21871
22089
21866
21690
22352
22053
21676
21841
22075
22149
22267
22193
22196
21955
22268
22212
21892
22270
21869
22344
22526
22599
22275
21941
22339
22459
22588
22165
22197
22319
22151
22063
22246
22036
21662
22324
22116
22082
21804
21584
21628
21927
21932
21813
21989
21873
21795
21525
21655
21668
21955
21733
21476
21462
21267
21415
21375
21558
21001
21017
21517
20917
20813
20788
20894
21077
21130
20750
20697
20491
20579
20397
20737
20494
20139
20307
20048
19678
19948
20072
19918
19840
19801
19749
19692
19448
19429
19443
19187
19111
19110
19155
18991
19040
18615
19205
18789
18705
18544
18349
18611
18302
18317
18138
18024
18008
17730
17606
17660
17647
17372
17192
17429
17058
17235
16777
17019
16711
16708
16305
16574
16404
16433
16258
16107
16055
16183
15582
15799
15683
15258
15266
15139
15170
15181
15209
14682
14589
14371
14520
14159
14195
14097
13963
13863
14131
13935
13618
13650
13457
13465
13189
13250
13148
12926
12825
12502
12405
12341
12479
12108
12212
12270
11787
11640
11774
11626
11420
11560
11475
11204
11133
11091
10855
10844
10637
10532
10390
10471
10438
10106
9928
10028
9966
9728
9540
9262
9586
9173
9127
8978
8901
8756
8817
8885
8619
8600
8557
8417
8323
8239
8269
8252
7934
7996
8039
7723
7619
7487
7563
7373
7154
7094
7150
6906
7009
6838
6767
6655
6636
6571
6535
6492
6243
6177
6129
6068
6072
5973
6039
5856
5796
5704
5745
5637
5540
5367
5526
5260
5300
5139
5044
5046
4996
4825
4905
4787
4748
4605
4617
4630
4542
4517
4363
4386
4307
4229
4256
4301
4114
4023
4071
4066
3966
3855
3757
3824
3759
3768
3622
3610
3589
3522
3408
3474
3463
3298
3337
3338
3279
3234
3100
3170
3156
3147
3114
3038
2887
2990
2927
2908
2862
2808
2813
2714
2702
2636
2663
2542
2524
2474
2533
2481
2377
2421
2456
2446
2300
2447
2372
2290
2281
2144
2259
2200
2239
2182
2173
2098
2066
2136
2087
2014
2049
1920
1933
1961
1909
1877
1881
1839
1858
1823
1743
1808
1831
1794
1759
1742
1792
1794
1667
1703
1729
1637
1641
1700
1637
1605
1710
1547
1570
1599
1565
1508
1533
1464
1514
1477
1475
1456
1487
1425
1423
1458
1395
1423
1373
1442
1360
1336
1351
1327
1320
1299
1348
1293
1314
1288
1345
1301
1253
1266
1216
1176
1239
1234
1187
1148
1242
1187
1212
1192
1187
1172
1142
1157
1090
1108
1120
1070
1092
1080
1138
1128
1082
1078
1071
1053
1062
1054
1056
1071
1079
1038
1032
996
1014
1031
984
983
936
957
1009
963
951
1014
998
909
934
942
928
950
915
881
926
906
927
922
957
891
882
899
888
920
922
902
905
847
850
918
902
869
834
906
848
850
868
853
847
849
855
822
828
800
831
821
850
840
812
868
813
799
820
802
811
816
795
811
758
824
767
795
807
787
814
776
794
794
772
803
776
754
765
756
776
768
755
746
752
740
749
746
749
738
766
722
732
762
738
733
761
751
735
725
738
741
712
723
719
721
728
711
721
707
703
710
704
694
696
703
725
701
705
704
714
692
709
689
682
711
693
700
715
709
676
699
681
683
676
699
687
682
657
683
672
706
663
684
685
688
696
671
668
690
682
684
686
681
662
660
692
664
670
673
662
663
674
657
665
658
660
667
657
658
669
667
680
678
679
654
658
643
652
663
636
652
679
651
637
653
619
643
660
660
638
658
644
651
641
657
648
645
652
636
644
656
642
631
640
638
641
644
642
639
646
647
641
632
621
637
631
638
647
636
635
636
631
630
638
639
623
641
636
638
641
636
633
634
633
630
634
624
617
644
628
626
625
631
629
645
629
605
630
635
623
631
630
638
625
610
622
621
621
625
642
619
619
620
621
631
616
624
611
613
611
618
623
613
615
612
621
622
621
614
621
619
625
629
618
632
622
627
619
624
619
631
