614
623
616
623
605
614
606
617
625
598
613
619
617
614
625
611
616
619
622
619
625
616
610
612
606
622
618
612
614
622
614
619
628
613
617
628
620
619
632
624
611
613
618
617
612
620
613
609
616
614
625
616
614
635
631
615
628
612
632
623
634
619
625
614
630
615
623
602
612
607
610
624
619
615
624
623
624
625
621
612
620
620
624
620
618
617
623
619
612
611
612
618
621
611
619
624
625
631
621
617
612
619
615
604
606
623
623
613
608
616
629
617
613
627
627
625
611
620
622
607
614
628
618
631
621
620
608
619
612
613
603
618
619
607
605
626
619
616
616
614
628
629
622
618
611
621
622
622
619
615
608
615
620
600
613
603
611
612
612
617
623
626
610
629
610
633
619
602
619
621
621
612
616
612
621
609
612
623
626
629
613
616
608
613
624
621
619
622
623
625
627
617
620
621
631
615
626
619
629
619
634
619
624
621
619
617
616
612
620
623
614
631
616
625
625
632
621
629
630
618
630
615
629
625
633
631
613
637
640
623
616
636
636
636
624
624
622
621
637
641
616
622
624
617
633
629
630
632
639
625
637
634
631
641
631
619
624
647
638
637
626
637
625
628
627
636
641
635
652
622
630
653
644
647
646
647
650
631
639
641
655
641
640
654
650
645
656
657
640
650
650
664
641
634
670
649
665
648
682
665
669
675
677
672
670
655
659
659
666
686
661
676
685
659
679
668
663
692
674
690
683
701
688
697
705
679
708
704
695
722
724
728
701
703
701
729
719
721
737
734
727
723
726
685
727
746
734
779
767
738
735
736
746
771
780
749
759
796
788
774
793
773
766
777
788
782
781
801
813
800
842
806
821
838
818
839
804
849
856
876
869
921
893
901
904
903
900
934
952
921
971
907
960
982
983
984
1006
1008
1032
1023
1039
1025
1067
1107
1065
1181
1095
1113
1191
1154
1182
1160
1229
1232
1220
1266
1224
1281
1336
1263
1319
1324
1369
1418
1391
1450
1476
1501
1450
1569
1588
1590
1550
1620
1642
1722
1734
1711
1773
1785
1802
1885
1856
1978
1985
2065
2079
2016
2111
2282
2173
2249
2296
2355
2421
2469
2592
2535
2662
2656
2703
2808
2785
2938
2749
3039
3076
3130
3286
3315
3235
3464
3380
3543
3667
3676
3816
3967
3944
4003
4243
4327
4405
4548
4623
4639
4703
4856
5024
5031
5169
5315
5361
5444
5574
5809
5955
6016
6238
6368
6348
6598
6804
7075
7056
7211
7376
7638
7673
7684
8001
8074
8332
8383
8596
8792
8796
9109
9159
9552
9739
9870
10179
10154
10381
10565
10760
11003
11222
11281
11849
12066
12182
12520
12383
12677
13067
13115
13313
13578
14052
14295
14489
14571
14981
15421
15347
15622
15964
16264
16549
16639
16802
17154
17315
17678
17944
17733
18589
18850
19217
19654
19303
19889
20391
20298
21004
21178
21515
21328
21547
22138
22062
22575
22691
22771
23187
22830
23760
23750
24020
24121
24351
24433
24936
25388
25635
25866
26210
26438
26478
26836
27334
27181
26919
27553
27784
27407
27557
27872
28529
28411
28383
28518
28122
28756
29479
29302
29408
29203
29591
29906
30354
30708
30353
30559
30207
30575
30366
30483
30828
30815
30809
31007
31231
30909
31451
31618
31302
31475
31579
31703
31919
31920
32213
32317
32243
32291
32412
32103
32409
32610
32363
32419
32026
32329
32009
32205
32060
32549
32508
32622
32181
32833
32409
32663
32825
32596
32524
32631
32823
32911
32732
32791
32536
32578
32366
32470
33107
32190
32319
32199
32478
32087
32174
32232
32472
32195
32122
32293
32057
32105
32395
32314
32193
32063
31998
31914
31667
32026
32066
30966
31364
31345
31329
30881
30868
31088
30665
30705
30908
30730
30916
30696
30993
30681
30673
30834
30537
30352
29703
30577
29765
29848
29898
29302
29466
29422
29259
29286
28789
28738
28444
28449
28392
28412
28715
28378
28031
28439
28094
28232
28133
27840
27905
27712
27490
27395
27299
26871
26657
26990
26273
26291
26350
26123
26318
26108
25912
25776
25487
25633
25205
24880
25150
25040
24794
24542
24349
24406
24090
24047
23859
23330
23658
23381
23328
23164
22752
22704
22348
22575
21920
21882
22011
21566
21744
21656
21323
21478
21357
21167
20851
20633
20299
20449
20477
20121
19651
19662
19610
19107
19069
18877
18684
18629
18408
18287
17966
17996
17781
17747
17716
17582
16858
17401
16834
16625
16742
16719
16559
16323
16061
15688
15631
15392
15259
14876
15024
14789
14616
14363
14433
14169
14021
14050
13736
13684
13645
13240
13240
13218
12622
13085
12652
12620
12433
12285
12380
11902
12058
11424
11420
11662
11322
11170
11257
10735
10802
10811
10642
10511
10426
10216
9987
10007
10083
9688
9585
9539
9421
9398
9187
9280
9139
8943
8887
8582
8707
8593
8314
8287
8215
8278
8098
8019
7484
7681
7467
7558
7542
7328
7206
7093
7042
7086
6930
6772
6840
6696
6655
6512
6429
6306
6234
6219
6095
6095
6028
6067
5718
5604
5628
5529
5452
5370
5162
5100
5141
5039
5107
4871
5020
4887
4813
4720
4656
4654
4636
4664
4448
4633
4397
4293
4311
4225
4162
4116
4116
3979
4017
3808
3888
3618
3705
3719
3637
3686
3501
3542
3510
3489
3343
3346
3329
3308
3340
3220
3246
3119
3152
3139
3160
3025
2996
3103
2937
2889
2857
2842
2721
2725
2674
2725
2742
2647
2586
2506
2558
2562
2514
2404
2443
2468
2426
2433
2291
2309
2401
2285
2255
2209
2258
2290
2159
2262
2174
2117
2077
2107
2069
2086
2032
1935
1925
1932
1978
1888
1916
1945
1941
1918
1841
1822
1789
1796
1733
1792
1766
1717
1659
1759
1729
1678
1708
1628
1615
1633
1573
1574
1576
1618
1593
1525
1562
1450
1524
1526
1410
1491
1401
1481
1459
1467
1424
1462
1394
1388
1300
1339
1365
1342
1337
1303
1328
1352
1264
1311
1312
1268
1228
1222
1220
1295
1229
1270
1222
1252
1204
1173
1120
1187
1156
1162
1161
1143
1204
1188
1209
1175
1128
1132
1094
1124
1108
1100
1054
1085
1059
1059
1038
1089
1084
1049
1017
987
1016
1039
983
1014
1027
1001
976
968
976
995
983
984
988
936
981
933
968
900
971
948
929
931
951
917
943
905
935
957
928
914
895
936
887
902
895
878
881
904
836
888
828
851
854
858
877
841
835
878
828
848
847
858
842
835
797
828
853
800
836
814
808
810
765
790
803
798
807
778
781
783
825
784
767
799
805
800
788
790
761
768
750
755
793
747
739
742
733
775
774
761
748
714
758
728
723
746
728
727
737
740
743
729
742
739
715
747
729
720
747
700
710
713
738
733
716
723
742
712
709
720
696
721
713
707
696
707
709
695
707
709
686
712
688
693
693
693
699
713
682
684
709
692
673
685
704
698
667
679
698
667
684
676
682
655
673
678
678
679
677
684
689
668
649
662
680
668
694
679
675
667
683
664
668
667
667
666
679
663
646
659
658
677
647
646
666
668
666
647
670
646
658
647
655
656
660
663
631
660
639
664
650
663
646
647
658
653
662
651
648
663
644
644
647
636
655
644
641
643
654
631
623
630
655
654
649
626
625
642
651
631
625
633
625
651
648
643
629
630
646
623
630
626
631
622
624
643
626
631
642
646
637
626
618
640
