602
619
613
614
615
619
616
613
608
623
617
617
615
608
617
622
624
613
613
626
622
620
616
612
616
615
622
624
615
610
618
617
630
626
623
618
620
611
610
625
611
624
613
630
616
629
604
619
623
611
628
619
612
616
609
614
613
623
619
625
621
614
613
625
620
612
611
610
616
607
622
603
618
616
615
629
621
618
630
613
623
610
612
615
619
600
619
610
606
617
611
620
621
602
613
622
625
609
615
621
615
617
619
616
620
617
620
619
617
614
620
617
627
611
616
619
616
607
613
626
617
614
631
614
616
613
622
615
620
607
621
620
626
633
618
616
617
606
619
603
625
615
617
625
611
615
612
611
620
615
622
624
609
614
610
613
610
605
622
625
613
612
636
627
616
617
616
618
618
613
617
612
622
618
628
623
623
620
620
616
626
617
613
611
610
618
625
624
617
618
620
621
620
618
615
626
636
613
612
618
622
616
615
618
616
624
628
619
612
629
615
626
616
614
617
626
619
634
627
620
621
622
620
614
619
624
624
620
621
610
636
625
633
621
604
610
638
631
613
620
631
621
609
625
636
631
618
633
630
631
636
628
642
639
633
632
624
636
632
631
632
643
630
641
644
633
634
647
635
621
643
638
644
656
641
647
639
632
629
638
636
645
652
630
643
639
636
655
640
636
627
653
640
651
649
668
650
655
664
657
667
640
660
661
669
667
683
664
647
651
664
691
665
661
671
666
672
680
676
711
684
698
684
657
673
683
689
669
713
689
679
683
701
700
699
705
702
736
719
692
714
715
727
724
725
713
694
723
723
746
754
747
739
766
752
760
740
750
779
775
747
788
760
796
791
771
779
816
787
788
818
794
804
833
834
845
853
845
836
836
823
881
833
911
854
898
875
865
902
880
891
913
945
936
943
989
1008
984
979
1011
1003
1030
1025
1041
1039
1020
1078
1092
1072
1124
1123
1153
1114
1157
1169
1221
1229
1189
1219
1188
1302
1281
1231
1303
1352
1336
1353
1344
1382
1384
1441
1435
1411
1522
1595
1578
1666
1666
1593
1697
1699
1697
1721
1780
1834
1767
1902
1930
1956
1969
2028
2106
2079
2148
2276
2273
2234
2192
2288
2394
2510
2560
2587
2694
2615
2620
2742
2873
2931
2963
2928
3112
3078
3207
3296
3373
3458
3573
3605
3683
3670
3864
4061
4040
4056
4200
4346
4339
4394
4545
4648
4739
4859
4925
4985
5209
5215
5360
5557
5595
5843
5903
6071
6282
6296
6368
6481
6834
6765
6826
7082
7067
7433
7430
7627
7899
8134
8010
8025
8370
8562
8921
9125
9162
9390
9577
9528
9725
10016
9962
10170
10699
10689
10740
11259
11420
11714
11647
11991
12132
12591
12570
12982
13199
13529
13577
13899
14193
14007
14699
15119
14808
15354
15381
15509
15819
15935
16432
16980
16840
17149
17448
17790
17928
18647
18643
19052
19329
19506
19701
19423
20144
20467
20357
20476
20795
21175
21383
21767
21543
22016
22199
22616
22757
23303
23031
23813
23807
24096
24450
24714
24749
24794
25257
25333
25460
25470
25834
26011
26018
26431
26325
26478
26842
26808
26842
27302
27445
27617
27622
28067
28162
28636
28797
28657
28930
28828
28831
29118
28928
29021
28612
29129
29373
29383
29573
29779
29811
29680
29748
30192
30294
30126
30206
30593
30934
30594
31061
30418
30756
30728
31287
30496
30957
30451
30539
30648
30686
30678
30798
31036
31163
30887
30965
30975
30972
30687
31000
30855
31327
31392
31207
31175
31123
31178
30858
30934
30975
30790
30676
30500
30405
31160
30456
30194
30883
30748
30728
30158
30724
30606
31047
30486
31037
30757
30429
30217
29843
30372
29699
30335
29991
30024
30174
29500
29432
29393
29652
29326
29066
29551
29411
29637
29153
29225
28955
29061
28941
29297
28819
28590
28568
28448
28504
28034
28274
27903
28030
27717
27819
27270
26893
27495
27077
26967
26989
26712
26883
26412
26798
26582
26480
26323
26309
26320
26033
26270
25984
25453
25608
25076
25116
25241
25070
24690
24559
24486
24224
24080
23989
24017
23803
23537
23580
23825
23714
23501
23322
23264
22997
22923
22960
22266
22113
22385
21817
21920
21824
21602
21353
21203
21374
21205
20947
20789
20733
20526
20312
20283
20053
19819
19709
19608
19600
19366
19155
19145
18746
18826
18400
18365
18243
18042
17859
17592
17676
17367
17426
16948
17021
16858
16861
16612
16412
16488
16322
16227
16016
15728
15886
15494
15559
15306
15090
14706
14773
14825
14381
14256
13805
14171
13655
13560
13489
13309
13121
13097
12978
13127
12916
12667
12398
12325
12283
12225
11794
11855
11704
11883
11494
11427
11362
10875
10843
10733
10620
10641
10517
10268
10056
10180
9770
9708
9869
9557
9673
9326
9165
9380
8938
8873
8994
8949
8897
8798
8660
8681
8579
8343
8229
7935
7914
7936
7741
7466
7737
7276
7505
7374
7253
7094
6845
7039
6983
6704
6726
6660
6691
6546
6275
6441
6125
6234
6096
6143
5813
5825
5908
5755
5626
5566
5452
5589
5365
5264
5264
5232
5057
5066
4932
4904
4888
4738
4697
4543
4741
4630
4510
4430
4607
4483
4253
4199
4231
4162
4101
4032
3942
3848
3942
3869
3794
3635
3736
3722
3616
3641
3483
3362
3433
3435
3524
3295
3254
3235
3344
3200
3181
3154
3090
3071
3043
3075
3019
2905
2851
2923
2904
2823
2756
2763
2732
2734
2618
2651
2604
2525
2555
2563
2480
2564
2570
2466
2421
2306
2328
2383
2363
2297
2189
2256
2234
2250
2118
2135
2161
2175
2128
2062
2046
2037
2057
1930
2008
1936
1921
1898
1916
1944
1860
1855
1833
1751
1811
1734
1752
1678
1813
1740
1729
1718
1629
1798
1670
1678
1618
1685
1685
1530
1621
1518
1546
1523
1577
1522
1556
1520
1495
1459
1479
1424
1483
1515
1367
1418
1470
1366
1363
1410
1272
1363
1332
1305
1322
1322
1328
1306
1337
1253
1323
1298
1278
1231
1207
1178
1198
1226
1204
1266
1160
1144
1158
1171
1142
1168
1138
1166
1151
1143
1129
1114
1113
1136
1045
1113
1126
1061
1095
1037
1055
1021
1014
1056
1057
1086
1051
992
988
1017
1000
1001
997
979
935
1001
981
964
948
982
962
996
961
922
932
932
970
935
927
942
914
922
905
907
915
887
932
885
911
853
912
847
891
872
879
864
870
908
867
893
840
882
891
852
841
845
834
845
811
808
858
815
796
843
793
845
812
804
832
818
783
790
800
803
801
779
775
795
797
785
809
794
787
759
783
796
795
799
763
763
758
750
739
761
776
753
763
743
757
768
728
732
751
728
779
731
752
740
743
728
720
740
728
730
706
715
735
724
729
728
707
759
687
716
731
696
714
716
727
712
699
702
705
681
695
706
706
707
694
684
687
709
692
709
677
684
687
689
701
695
694
672
672
672
673
707
660
700
686
688
686
694
673
672
688
674
673
678
652
690
681
664
662
667
672
684
661
667
654
677
678
663
678
678
656
666
652
656
639
666
657
656
665
666
653
648
663
656
642
639
649
663
649
649
654
647
684
652
648
657
648
625
660
636
637
659
633
657
653
640
648
637
640
624
639
660
616
628
641
633
628
639
630
641
649
631
647
650
641
645
634
632
642
643
630
636
639
636
637
651
636
636
633
634
637
636
616
630
631
638
636
