611
629
631
624
623
636
614
630
627
632
627
625
628
621
610
630
628
626
614
615
631
623
628
611
621
616
634
634
623
622
623
620
629
634
623
630
614
620
630
621
644
624
638
626
618
632
625
627
625
614
635
629
623
623
607
618
619
636
622
615
629
608
624
626
631
625
635
633
621
622
629
635
633
632
627
616
618
614
619
629
624
619
627
634
623
624
627
628
635
629
639
624
632
619
633
622
617
622
623
616
618
618
632
626
628
612
628
616
622
633
632
617
621
619
620
618
627
610
632
631
626
619
618
625
633
623
631
637
614
620
634
633
624
611
628
631
621
626
622
624
612
612
634
624
624
622
624
618
613
630
620
634
627
627
611
644
624
620
629
638
618
620
621
611
624
623
622
636
629
623
625
621
626
623
624
625
631
633
629
628
635
630
622
623
616
625
636
620
639
627
626
633
625
632
628
628
626
626
623
624
635
632
632
618
626
630
630
629
632
621
630
654
621
615
636
637
624
633
646
648
646
631
625
649
645
637
651
632
638
644
626
646
648
643
639
637
636
647
637
647
637
644
641
637
665
636
655
643
661
660
662
642
656
651
659
652
661
647
641
658
665
663
668
642
657
659
654
646
652
668
673
655
661
648
675
654
668
667
669
660
672
678
689
665
669
668
674
672
672
679
682
681
681
679
667
674
697
715
685
698
703
706
702
693
684
717
706
710
704
695
697
710
700
703
723
717
715
732
736
726
713
721
754
722
748
756
742
749
740
766
770
729
742
795
771
768
761
776
790
801
773
801
776
789
827
779
803
819
830
859
827
819
795
851
823
860
842
830
853
864
880
879
885
885
864
887
887
914
912
957
922
911
939
965
971
991
977
1019
975
1048
1007
1020
995
1045
984
1028
1086
1087
1072
1099
1084
1088
1075
1148
1121
1176
1190
1172
1226
1270
1219
1234
1273
1301
1235
1323
1317
1379
1313
1343
1395
1444
1424
1483
1495
1479
1470
1555
1547
1597
1640
1607
1673
1676
1673
1672
1703
1788
1810
1779
1901
2006
1967
2008
2070
2102
2111
2199
2200
2252
2282
2191
2281
2394
2442
2425
2491
2512
2651
2651
2657
2788
2832
2867
3056
3004
3078
3219
3260
3327
3421
3349
3498
3569
3641
3741
3881
3926
3888
4003
4065
4154
4189
4568
4537
4616
4831
4788
4880
5125
5071
5342
5265
5447
5549
5767
5967
5949
6066
6251
6546
6441
6673
6845
6994
7222
7294
7387
7630
7638
8009
8192
8280
8530
8752
8843
8898
9264
9241
9503
9746
9729
10151
10462
10683
10784
11016
11388
11463
11708
11806
12417
12213
12772
12863
12987
13264
13598
13725
13881
14522
14700
14584
15062
15299
15759
15971
16033
16633
16893
17477
17534
17754
18347
18512
18747
18885
19398
19642
20345
20274
20964
21048
21289
21692
21858
22121
22377
22707
23117
23730
24014
24783
24568
25134
25697
26361
26276
26658
26863
26993
27452
27972
28629
28490
28716
29120
28948
29975
30037
30423
30636
30880
31306
31687
32402
32660
32962
33438
33480
33876
34242
34334
34837
34874
34956
35820
35303
35739
36135
36214
36573
36871
36905
37417
37532
37929
37901
38294
38829
39084
39191
39572
39784
40243
39891
40261
40721
40260
40740
40785
41122
41235
40710
40897
41424
41717
41354
41520
41803
42249
42332
42599
42749
42826
42464
43078
43368
42871
43568
43237
43503
43155
43489
43448
43677
43262
43562
43601
43751
43516
44185
43925
44037
43576
44333
43683
44268
44307
44544
44282
44590
44688
44985
44018
44094
43539
43925
43886
43964
44141
43805
43683
43796
43696
43873
44447
43989
43911
43836
43615
43799
44047
44112
43830
43507
43476
43366
43492
43076
43365
42923
42645
43010
42404
42365
42435
42799
42233
43014
42466
42098
42303
42556
41715
42026
41711
41816
41760
41752
41649
41607
41212
40703
40597
40711
40433
40374
40056
40172
40090
39607
39734
39060
40022
39441
39152
39363
39098
39573
39104
38564
38406
38567
38901
38076
38177
37747
37645
37575
37372
36874
36610
36797
36633
36286
36343
36302
35718
35782
35549
35182
34879
35331
35057
34699
34709
34382
34483
33985
34163
33773
33347
33208
32970
32874
32731
32357
32008
32255
31948
31615
31600
31159
31141
30402
30911
30529
30346
30332
29663
30202
29386
29580
29100
29273
29022
28543
28557
28188
28066
27743
27275
27246
26977
26371
26591
26296
26288
25916
25751
25587
25469
25449
24903
25073
24482
24371
24278
24191
24101
23749
23650
23479
23024
22487
22097
21923
22214
21918
21745
21368
21199
20768
20784
20264
20255
19950
20210
19932
19629
19393
19105
19131
18794
19014
18678
18649
18498
18046
17973
17652
17395
17102
16880
16944
16736
16583
16017
16073
15955
15660
15587
15408
15175
15103
14948
14668
14632
14449
14563
14227
14096
13923
13852
13873
13364
13342
13257
13045
12776
12379
12728
11927
12049
12028
11827
11914
11563
11533
11428
11274
11036
10918
10795
10961
10565
10555
10263
10181
10166
10096
9799
9824
9650
9512
9565
9410
9050
9003
8800
9095
8809
8590
8636
8144
8148
8090
8037
7964
7829
7983
7733
7664
7550
7271
7269
7494
7138
7182
7068
6887
6973
6825
6690
6641
6555
6236
6130
6187
6185
5902
5841
5725
5702
5914
5564
5629
5543
5353
5494
5236
5142
5225
5071
5167
5080
5006
5006
4864
4931
4832
4733
4627
4504
4531
4424
4516
4384
4255
4273
4236
4122
4067
4092
4032
3913
3916
3838
3707
3739
3696
3704
3616
3635
3537
3540
3569
3420
3505
3323
3343
3351
3342
3326
3224
3338
3134
3164
3077
3120
3109
3080
2905
2887
2820
2820
2852
2808
2763
2775
2620
2710
2705
2669
2752
2621
2704
2509
2588
2490
2457
2438
2471
2393
2429
2338
2341
2319
2207
2204
2238
2190
2283
2150
2150
2098
2123
2117
2174
2024
1989
1926
2007
2021
1994
1973
1920
1894
1883
1908
1829
1860
1883
1844
1785
1705
1801
1766
1740
1672
1722
1644
1626
1708
1687
1675
1610
1593
1638
1650
1540
1637
1597
1519
1575
1573
1497
1584
1496
1544
1431
1466
1415
1462
1415
1451
1406
1446
1378
1399
1379
1332
1343
1339
1342
1402
1306
1303
1359
1276
1254
1273
1295
1289
1275
1323
1206
1214
1212
1174
1243
1263
1253
1191
1272
1183
1157
1170
1207
1182
1100
1126
1138
1157
1119
1104
1152
1086
1072
1098
1107
1103
1158
1048
1094
1081
1051
1108
1084
1058
1070
1053
1054
1012
1009
1045
987
1018
986
981
970
975
947
966
1013
1012
913
1015
929
932
908
918
942
927
888
933
897
918
964
908
921
909
925
941
889
889
906
898
888
883
863
872
846
835
897
862
865
854
879
840
871
865
827
843
851
830
817
806
808
822
821
826
812
810
802
810
825
792
830
807
806
769
802
777
786
805
784
782
744
783
772
767
768
733
776
768
743
809
761
775
763
764
751
787
767
726
748
761
750
726
752
754
738
713
696
761
736
757
752
754
733
731
757
736
705
729
737
713
697
718
738
744
724
709
723
741
711
707
718
714
724
710
704
683
691
687
711
700
681
683
689
711
684
689
696
692
704
689
690
678
669
678
687
664
660
690
647
699
681
674
674
672
680
668
669
674
645
674
668
661
690
694
684
677
645
651
654
670
645
665
666
660
665
667
651
662
673
662
671
656
661
663
651
651
642
640
649
655
669
655
652
637
651
650
658
641
657
638
666
