606
609
603
612
601
602
604
605
596
599
600
601
604
607
601
599
604
603
597
608
609
597
601
602
605
605
605
608
593
605
598
604
599
610
607
602
589
601
600
606
597
599
595
605
599
595
599
611
605
603
595
605
597
594
598
601
603
599
604
600
602
604
598
594
604
604
596
608
600
608
601
613
613
600
602
602
608
601
602
604
600
598
603
598
600
600
593
605
597
598
606
604
598
604
604
606
607
602
599
604
604
608
602
605
597
609
595
605
597
594
599
598
592
600
607
607
601
598
596
607
597
601
606
602
598
598
592
598
596
596
600
597
595
602
600
607
599
601
601
602
601
597
597
608
603
600
607
600
607
600
605
601
605
599
605
603
609
602
601
597
602
605
612
604
603
605
591
611
606
598
601
602
593
607
605
600
602
598
599
607
598
597
604
597
604
607
597
606
595
601
602
594
601
602
596
603
589
601
595
602
606
597
599
604
596
601
607
606
607
609
596
600
606
599
596
600
605
598
604
595
596
595
602
599
596
596
595
602
608
596
599
602
601
606
599
601
600
602
596
601
601
602
602
596
598
601
603
596
602
603
601
595
601
603
592
598
595
606
601
608
594
607
604
599
602
603
600
600
597
608
590
603
599
594
603
599
601
599
611
608
602
596
608
611
597
596
599
607
604
599
600
593
591
598
597
605
605
605
589
589
599
601
595
595
602
598
597
596
599
596
604
598
591
591
596
603
596
598
606
601
604
606
603
599
602
604
605
599
603
600
596
601
605
602
598
608
601
606
604
595
608
593
601
606
603
601
611
599
598
600
601
604
612
610
593
607
608
615
600
599
608
601
609
602
599
599
598
597
601
599
602
607
606
604
600
603
613
619
602
606
615
605
621
607
609
601
609
598
616
607
612
612
610
599
615
598
603
603
610
617
621
605
613
612
601
622
621
615
613
619
616
608
610
622
616
620
623
610
607
620
608
630
633
616
620
620
618
613
628
626
629
626
625
625
632
622
629
633
619
632
638
619
643
631
642
639
635
639
645
622
655
655
644
649
660
635
650
658
659
661
655
661
645
677
669
670
658
683
695
682
690
654
680
677
698
668
714
672
705
713
686
723
693
729
726
719
709
713
728
742
714
736
744
731
755
758
759
770
777
744
775
785
793
775
762
778
783
795
827
797
821
832
828
841
853
830
861
855
818
874
845
843
912
857
894
897
947
917
897
934
949
972
978
929
944
956
952
996
990
976
992
1016
1052
1055
1053
1061
1039
1054
1041
1073
1072
1052
1036
1094
1076
1130
1129
1102
1133
1160
1125
1167
1129
1116
1182
1166
1231
1226
1198
1208
1224
1210
1149
1237
1235
1232
1249
1238
1294
1275
1290
1237
1286
1310
1313
1345
1318
1317
1285
1298
1301
1353
1342
1323
1296
1312
1322
1322
1363
1355
1377
1389
1337
1331
1434
1399
1311
1385
1373
1422
1405
1355
1410
1358
1374
1416
1431
1369
1407
1403
1454
1370
1423
1448
1413
1342
1439
1449
1362
1362
1403
1367
1415
1483
1378
1426
1436
1461
1420
1418
1412
1425
1403
1404
1403
1411
1431
1407
1441
1502
1365
1426
1370
1429
1420
1426
1411
1435
1466
1444
1449
1433
1397
1450
1422
1462
1446
1371
1478
1453
1471
1452
1466
1453
1388
1336
1363
1405
1397
1360
1431
1459
1410
1407
1441
1371
1415
1381
1406
1369
1333
1348
1394
1375
1373
1377
1382
1324
1326
1329
1289
1424
1351
1300
1336
1366
1297
1344
1330
1363
1336
1359
1323
1329
1339
1324
1362
1290
1286
1296
1290
1316
1283
1275
1241
1271
1236
1234
1216
1281
1270
1279
1281
1244
1242
1261
1238
1252
1247
1263
1234
1230
1218
1196
1223
1154
1211
1188
1145
1188
1222
1174
1194
1133
1123
1108
1178
1116
1156
1131
1115
1117
1112
1048
1121
1121
1102
1104
1153
1108
1142
1040
1065
1097
1039
1080
1053
1090
1075
1071
1063
1001
1045
1026
1060
1019
1054
1018
1059
959
1025
986
1000
957
971
977
1013
967
1013
971
985
1014
992
940
932
927
922
937
886
959
938
885
908
916
891
888
871
891
881
896
879
900
871
879
824
864
896
865
858
850
848
839
857
814
828
840
829
800
806
816
796
819
768
776
801
795
781
808
814
783
779
768
797
793
778
786
804
751
808
770
762
754
732
775
762
773
761
757
775
761
743
743
754
720
736
735
723
739
725
735
719
734
704
718
711
733
703
722
717
703
694
707
702
700
690
694
706
698
705
673
719
672
692
698
672
668
694
694
671
667
709
677
674
679
680
682
671
654
657
677
655
677
674
662
658
649
665
660
626
665
651
644
661
662
655
647
671
661
650
654
636
639
623
649
634
654
623
640
640
655
647
639
643
647
647
649
644
640
636
638
630
642
649
628
637
634
646
633
638
623
630
634
628
637
622
640
618
638
641
612
632
631
630
629
642
623
626
631
648
613
622
612
637
623
618
633
627
610
629
627
623
619
618
621
608
606
622
624
623
615
623
625
609
626
623
623
609
616
615
619
607
614
620
612
614
608
613
616
619
607
607
619
613
612
622
618
627
623
615
621
609
624
617
626
617
613
622
615
606
608
604
608
614
621
605
612
610
607
612
615
603
615
612
615
612
618
615
614
609
607
605
607
610
602
622
598
610
611
615
600
602
613
613
605
612
612
603
605
603
607
609
608
611
611
611
605
604
602
607
610
604
607
608
612
604
605
608
600
600
619
608
609
620
601
605
601
604
616
612
600
604
608
614
608
602
608
601
605
606
605
611
597
607
605
606
601
602
608
605
600
608
603
608
611
601
605
607
606
600
602
603
612
610
603
603
602
606
604
610
606
602
602
600
605
604
609
601
602
598
598
603
607
607
605
605
603
593
610
603
601
611
597
596
602
596
606
600
608
613
609
596
599
607
602
602
601
596
606
605
603
606
599
608
616
608
604
604
595
602
607
602
606
605
611
595
598
603
597
599
608
604
607
597
602
600
606
603
594
607
599
605
603
596
599
601
600
596
593
599
605
604
602
603
603
601
605
604
601
600
597
598
600
604
607
600
595
608
603
603
608
600
603
601
599
593
607
606
599
601
593
612
596
596
595
597
599
597
595
601
607
614
613
605
599
595
597
597
595
604
606
608
599
613
607
593
600
610
599
596
598
595
590
601
599
598
609
600
596
605
596
596
597
588
598
597
603
598
611
599
603
597
608
598
596
600
591
606
592
604
597
605
609
598
604
600
607
605
605
604
600
