589
599
604
604
600
600
600
608
607
610
609
603
615
601
605
600
597
603
611
601
602
606
605
600
600
600
599
602
601
609
606
605
594
602
599
602
595
602
602
598
604
602
598
594
606
602
604
607
603
606
609
601
604
602
594
593
592
595
603
597
597
598
596
605
604
603
597
600
599
595
599
594
595
606
599
592
598
599
599
597
594
598
600
602
597
607
602
596
595
604
602
602
598
598
600
602
604
601
596
614
607
601
600
605
601
598
597
604
596
594
601
597
598
602
602
592
596
604
597
590
605
606
597
600
607
600
595
597
602
605
597
595
596
601
590
594
604
601
600
603
602
602
609
602
604
603
596
597
606
601
595
590
596
598
600
595
600
604
602
590
602
596
600
604
612
601
598
602
608
601
600
601
598
607
606
601
600
598
593
600
594
600
600
594
601
599
598
594
589
595
604
598
597
606
604
594
599
602
600
599
592
601
602
603
597
593
597
605
601
607
592
603
603
601
602
595
605
603
596
612
597
604
604
595
603
598
600
596
605
606
607
597
597
603
607
604
603
606
600
601
604
602
604
600
603
605
603
608
601
603
598
604
599
600
599
599
595
606
597
592
602
607
600
597
606
592
600
603
598
599
601
596
603
595
603
599
607
596
609
599
596
596
603
596
603
589
601
604
602
601
596
604
601
597
605
601
602
599
605
604
598
601
611
605
602
598
603
606
603
603
601
600
607
602
601
603
598
600
605
599
597
597
609
598
601
598
602
608
602
604
602
600
596
606
596
597
598
608
610
596
601
610
603
595
601
594
617
604
610
601
607
605
606
606
610
604
596
611
602
593
607
605
607
600
606
597
609
604
607
606
609
604
600
607
607
602
602
606
601
611
608
604
606
612
603
603
612
608
612
620
618
613
604
614
604
603
609
606
600
607
615
619
616
615
617
615
611
612
607
605
619
616
618
621
618
618
614
608
607
617
627
613
609
610
626
618
629
622
629
632
622
615
636
633
624
618
627
635
631
636
627
623
651
638
652
662
650
641
644
653
650
657
666
651
657
659
654
677
679
658
657
667
670
678
669
666
679
679
684
686
702
695
681
698
703
701
698
732
710
723
723
710
734
743
725
750
742
710
742
734
735
759
754
779
770
779
779
806
810
793
789
820
830
821
802
800
821
853
842
881
901
881
858
892
888
889
895
877
933
931
923
928
954
1004
938
971
996
963
959
980
992
1002
1026
1075
1071
1071
1079
1081
1074
1030
1079
1136
1123
1128
1137
1113
1228
1187
1154
1221
1215
1245
1190
1191
1185
1286
1228
1247
1315
1317
1286
1305
1303
1369
1287
1360
1331
1363
1367
1410
1451
1508
1401
1408
1450
1463
1443
1415
1470
1467
1540
1470
1491
1556
1560
1555
1569
1721
1530
1613
1643
1578
1599
1581
1577
1616
1611
1641
1640
1632
1598
1677
1689
1609
1695
1799
1613
1619
1821
1710
1716
1635
1668
1715
1720
1705
1714
1686
1693
1742
1722
1676
1738
1722
1781
1684
1707
1691
1623
1700
1697
1780
1749
1756
1772
1718
1683
1767
1743
1715
1730
1767
1796
1708
1716
1757
1707
1715
1712
1719
1616
1734
1683
1737
1737
1694
1714
1707
1760
1737
1672
1675
1769
1689
1744
1703
1643
1694
1650
1688
1633
1744
1648
1652
1650
1666
1564
1660
1589
1670
1603
1673
1690
1623
1575
1597
1709
1621
1530
1620
1606
1606
1636
1582
1587
1545
1571
1676
1545
1544
1587
1539
1563
1508
1534
1556
1520
1552
1475
1508
1471
1543
1518
1495
1519
1439
1524
1530
1475
1455
1441
1393
1440
1446
1413
1404
1404
1423
1388
1467
1361
1357
1378
1339
1354
1349
1293
1318
1369
1252
1334
1324
1329
1330
1276
1289
1255
1294
1261
1241
1211
1203
1255
1234
1195
1245
1227
1205
1242
1189
1226
1187
1220
1182
1176
1153
1181
1099
1108
1106
1152
1163
1138
1141
1152
1123
1025
1118
1076
1083
1081
1083
1081
1061
1020
1011
1044
1056
1034
1005
1073
1000
1020
1033
1001
1027
1016
984
979
1002
950
956
929
924
951
960
950
939
965
937
944
932
892
915
910
932
922
917
897
888
937
863
877
871
862
848
859
851
875
879
861
843
862
874
823
878
820
806
850
845
859
821
831
815
796
822
816
785
809
782
769
804
805
829
811
780
790
788
797
813
809
797
796
783
771
790
794
781
785
752
750
768
754
761
751
727
762
737
740
768
770
736
787
767
765
749
748
737
717
780
707
732
724
740
722
714
722
721
740
729
697
696
709
700
718
714
687
692
721
700
720
687
693
697
693
683
674
701
684
667
665
703
693
667
686
655
675
695
668
690
670
658
656
653
647
666
680
663
660
665
668
659
669
683
654
665
667
663
659
652
670
656
657
637
633
650
648
660
658
645
647
652
651
653
660
647
634
637
644
657
642
645
621
640
646
647
634
640
667
644
642
637
638
647
635
642
646
636
636
624
631
622
623
638
641
633
632
641
628
624
622
635
620
625
620
617
614
631
619
626
613
617
622
617
622
627
630
629
615
615
615
620
620
631
620
623
624
622
608
624
615
617
610
620
619
609
627
608
618
618
607
622
613
633
618
613
605
610
620
606
615
624
623
613
620
611
619
607
601
611
607
614
625
605
603
614
608
608
611
617
603
608
607
608
614
618
602
613
610
600
618
612
606
606
614
608
619
598
606
617
605
613
607
604
615
599
605
611
594
604
615
605
606
606
604
605
605
598
608
602
602
617
597
604
610
601
605
599
605
611
601
597
604
607
609
619
610
598
613
596
612
601
600
615
603
608
605
603
602
598
603
602
598
592
605
615
611
605
606
613
611
601
602
606
604
595
606
616
599
609
603
594
609
609
601
606
595
600
619
602
605
609
603
595
597
601
607
600
610
598
595
604
602
610
605
610
596
605
610
610
608
602
601
606
594
606
610
595
602
608
610
598
606
601
595
605
596
599
605
600
600
606
604
596
602
595
601
600
596
607
604
604
611
604
598
600
596
612
609
601
602
599
598
594
612
596
601
598
599
606
600
593
592
600
605
599
597
606
602
601
607
593
603
605
596
600
598
602
600
602
602
598
600
599
607
599
609
604
593
603
606
596
599
600
604
596
600
592
606
601
604
608
603
602
594
587
604
610
603
599
613
596
601
604
600
597
600
602
609
596
597
610
593
597
600
601
607
591
604
594
604
597
603
598
596
599
604
602
598
603
597
612
600
598
613
602
598
598
601
595
599
602
601
595
589
598
604
599
595
604
