596
597
608
600
599
600
601
602
604
600
597
597
598
604
603
607
600
602
596
601
606
601
603
608
612
606
596
611
607
605
604
593
598
600
601
597
603
608
592
600
604
602
597
601
586
607
601
596
601
614
599
600
597
602
596
601
601
606
603
602
603
611
605
606
598
606
605
600
604
593
598
603
599
601
599
597
597
598
608
607
604
593
609
605
601
600
601
598
591
600
599
595
602
601
595
603
606
603
604
615
601
612
608
599
602
604
601
598
593
592
617
607
592
601
597
603
605
600
600
603
597
595
600
604
613
602
599
604
599
595
604
600
604
596
603
596
601
603
599
596
601
597
595
600
600
598
603
598
600
604
586
596
603
602
595
596
596
597
603
595
602
597
599
597
593
598
600
600
597
594
590
599
598
598
598
603
601
600
604
601
595
599
595
602
604
597
599
604
603
602
598
604
599
596
598
607
592
601
601
600
606
594
597
596
608
594
602
607
595
596
600
604
600
597
596
601
605
605
600
601
596
596
598
598
596
592
598
598
599
605
597
599
601
595
601
597
598
600
599
604
602
600
601
607
598
600
609
598
607
602
596
598
607
599
617
608
595
605
595
597
607
601
602
601
599
596
596
597
597
598
593
609
603
600
605
605
602
594
610
596
604
594
596
604
594
599
601
594
607
601
609
600
602
605
606
597
602
603
597
603
597
603
603
606
604
602
608
596
601
609
602
607
595
610
597
603
595
596
603
607
609
604
594
591
611
600
593
590
603
603
605
604
597
604
606
612
598
603
605
603
604
605
597
603
603
604
601
590
599
595
603
604
599
608
611
603
607
605
607
599
605
594
605
605
610
616
618
608
610
599
605
601
602
611
608
609
605
610
602
615
610
613
610
608
618
603
596
611
619
614
627
606
610
616
626
609
613
612
613
612
617
608
626
603
617
621
614
614
613
615
635
611
616
611
627
625
621
629
631
632
622
631
621
631
628
641
632
648
635
645
642
638
640
641
629
645
639
643
658
636
660
652
673
647
664
667
666
664
676
674
663
673
685
685
666
688
702
706
698
698
694
722
683
708
717
718
703
716
715
733
706
715
758
756
751
749
756
758
761
791
773
779
785
817
791
841
833
818
823
824
846
837
861
882
883
866
897
909
916
912
913
943
914
915
936
963
953
989
944
998
1007
987
1009
1033
1018
1058
1072
1097
1070
1079
1131
1121
1136
1134
1081
1160
1214
1157
1176
1177
1206
1208
1256
1314
1279
1292
1290
1333
1377
1320
1350
1343
1381
1448
1466
1434
1453
1491
1421
1497
1515
1521
1583
1616
1546
1564
1566
1565
1608
1619
1650
1693
1694
1787
1768
1684
1752
1835
1861
1796
1863
1826
1882
1890
1886
1904
1834
1954
2047
1923
2002
2016
2029
1961
2082
1954
2028
2003
2013
2107
2151
2153
2186
2188
2123
2091
2170
2224
2157
2115
2156
2123
2117
2200
2167
2246
2238
2250
2274
2310
2264
2209
2234
2330
2312
2230
2281
2265
2355
2342
2274
2203
2296
2234
2333
2250
2147
2160
2389
2203
2325
2330
2322
2375
2300
2350
2253
2307
2293
2421
2294
2367
2392
2321
2305
2237
2291
2377
2339
2258
2230
2285
2306
2273
2320
2367
2310
2249
2283
2238
2341
2295
2331
2229
2196
2180
2233
2288
2206
2176
2208
2251
2270
2192
2273
2248
2192
2183
2241
2222
2226
2183
2102
2207
2202
2139
2114
2181
2177
2093
2100
2085
2068
2072
2041
2098
1940
2055
2024
2110
1961
2062
2076
2082
2017
2024
2062
1969
1982
1971
1946
2039
1946
1911
1961
1936
1952
1875
1924
1886
1841
1860
1886
1823
1858
1811
1907
1831
1810
1806
1834
1772
1761
1781
1750
1775
1796
1746
1793
1676
1774
1694
1727
1762
1617
1599
1684
1616
1666
1565
1586
1554
1542
1532
1657
1546
1575
1579
1555
1542
1505
1458
1491
1510
1452
1456
1440
1425
1503
1429
1381
1331
1375
1323
1386
1380
1409
1433
1364
1308
1342
1258
1328
1354
1329
1291
1311
1292
1285
1239
1207
1240
1224
1214
1182
1156
1227
1162
1209
1163
1133
1143
1151
1140
1101
1115
1140
1116
1124
1150
1135
1164
1060
1098
1062
1065
1075
1073
1029
1048
1031
1037
1064
988
982
1033
1009
1014
994
930
958
1003
949
972
993
982
952
963
953
922
974
941
932
937
913
945
887
910
884
874
967
921
935
897
892
906
860
860
895
899
872
889
865
864
848
849
838
882
872
848
813
829
824
874
815
840
808
855
812
830
844
836
810
814
812
840
819
784
796
803
790
813
826
762
823
786
768
776
765
767
759
774
787
774
758
769
758
783
775
753
745
725
757
745
749
748
742
718
725
727
741
713
728
712
718
703
720
729
719
720
723
707
723
711
717
691
704
701
708
674
697
694
707
698
686
676
705
689
661
683
682
652
664
669
672
687
668
670
674
680
662
670
669
673
664
678
661
652
672
652
661
657
676
671
654
657
665
638
660
643
682
655
650
657
647
657
652
653
638
659
645
664
647
640
648
640
649
644
643
644
634
646
638
627
652
642
631
635
635
642
632
640
641
630
625
630
636
633
634
632
637
631
629
637
632
645
627
637
629
632
621
632
625
615
619
652
614
633
629
622
628
623
612
635
631
637
626
632
627
614
633
614
618
630
622
618
615
616
613
629
614
626
612
628
618
613
612
603
606
612
617
624
601
618
619
611
611
613
614
617
601
612
611
605
607
624
609
610
626
605
605
604
616
613
599
605
612
611
610
619
602
602
622
621
610
605
604
608
610
609
609
614
615
613
609
603
614
618
608
604
597
598
607
610
605
608
614
601
611
613
604
602
608
603
607
603
620
593
600
606
596
606
612
603
605
606
608
607
601
614
617
597
612
606
596
603
602
604
602
604
607
613
611
606
604
603
602
609
592
609
604
606
611
599
604
606
604
600
606
589
591
606
603
600
596
602
606
597
594
602
611
600
598
603
595
607
602
617
604
602
605
601
603
596
609
603
605
593
595
600
604
596
608
599
601
599
608
595
603
596
598
604
600
610
604
596
597
594
604
596
603
594
597
605
611
604
605
601
603
593
599
608
602
599
602
601
599
606
602
596
603
610
603
600
595
605
597
609
595
602
601
604
608
608
604
606
600
600
616
593
607
598
607
606
600
598
599
606
598
597
603
598
595
601
601
602
604
604
599
605
604
609
601
601
611
602
597
602
597
605
602
606
603
610
597
603
608
605
602
598
595
603
614
595
597
612
598
600
600
602
598
603
603
600
599
605
598
601
602
600
599
601
611
599
600
594
601
596
599
594
