600
606
593
607
602
604
605
602
603
602
601
601
605
607
605
598
603
603
595
604
605
601
613
599
618
605
600
611
610
612
609
625
602
605
605
607
599
601
605
605
600
602
610
597
607
603
605
603
601
602
604
595
601
609
603
600
607
593
606
599
603
600
606
594
603
605
590
599
599
595
604
603
606
604
596
606
608
602
608
608
598
600
601
596
602
595
595
607
596
600
604
606
606
598
588
606
602
597
609
602
604
606
598
597
601
601
602
601
604
602
612
598
609
595
597
601
598
600
600
608
606
609
602
601
597
601
593
610
605
603
604
600
603
600
591
598
607
595
602
602
598
606
608
602
602
602
600
601
603
605
610
602
604
601
597
603
603
596
597
600
606
599
596
611
594
591
605
593
606
609
598
606
597
591
604
604
599
604
604
602
600
596
590
601
607
597
592
593
601
604
610
602
595
602
609
602
594
593
604
604
599
609
598
592
601
601
602
599
602
593
597
602
601
602
603
599
603
601
600
594
603
599
599
596
600
603
599
600
599
595
603
600
604
598
603
598
606
599
608
597
600
598
595
609
603
603
600
601
602
601
602
601
606
606
599
602
596
605
603
606
597
592
597
609
606
604
605
599
606
601
600
596
606
604
604
603
596
600
594
595
592
607
597
611
604
598
611
600
603
604
598
608
609
600
604
608
603
600
597
597
599
596
599
603
602
604
594
593
597
605
602
590
608
588
602
601
602
596
595
600
606
599
605
613
602
603
602
597
604
605
601
599
604
605
593
597
599
600
608
597
606
605
604
600
611
600
609
600
599
601
611
602
604
603
607
608
602
604
604
591
613
601
604
600
597
601
612
611
606
604
609
599
611
604
607
607
608
604
602
601
600
605
607
601
607
613
611
610
607
606
592
613
607
620
611
609
621
607
616
611
611
613
620
610
611
617
615
619
597
611
627
615
612
618
615
617
621
628
621
633
618
631
636
629
620
624
626
625
635
627
627
640
651
624
640
633
647
643
656
663
652
648
660
657
651
655
656
670
679
655
659
656
664
670
664
670
675
682
690
683
688
680
697
679
698
719
730
692
696
699
728
706
728
713
740
749
739
748
740
730
761
739
752
785
777
792
773
828
767
782
846
804
790
828
828
857
831
851
856
850
867
893
841
869
867
872
914
887
904
937
947
980
986
922
948
968
935
987
994
1018
1076
1041
1017
1006
1047
1006
1117
1061
1072
1085
1115
1153
1148
1114
1130
1148
1181
1207
1188
1211
1187
1278
1231
1298
1302
1353
1334
1300
1330
1385
1400
1418
1382
1358
1395
1389
1415
1424
1451
1482
1485
1547
1556
1538
1481
1601
1534
1628
1679
1580
1612
1669
1676
1698
1674
1747
1687
1735
1761
1753
1784
1768
1772
1816
1858
1917
1883
1886
1907
1877
1936
1878
1903
1948
1927
1939
1989
1992
1925
1937
1949
1981
2016
1932
2030
2032
2019
2104
2014
2081
2162
2081
2071
2097
2154
2118
2051
2067
2075
2089
2143
2141
2067
2078
2098
2110
2115
2062
2170
2112
2221
2128
2087
2090
2101
2090
2109
2161
2145
2133
2092
2191
2094
2086
2138
2034
2134
2105
2108
2105
2080
2175
2051
2113
2009
2194
2102
2115
2146
2158
2042
2099
2134
2113
2136
2081
2136
2025
2034
2052
2106
2039
2171
2047
1991
2016
1985
1963
2011
2071
2031
1989
1992
2002
2029
1962
2080
1889
1902
1954
1924
1926
1986
1942
1893
1916
1926
1918
1916
1854
1880
1884
1876
1882
1813
1927
1951
1854
1799
1846
1842
1786
1743
1761
1790
1808
1763
1795
1812
1762
1693
1727
1706
1704
1763
1665
1718
1664
1665
1652
1688
1701
1740
1672
1676
1582
1667
1623
1650
1629
1657
1610
1542
1635
1588
1546
1618
1529
1527
1460
1515
1455
1501
1507
1479
1450
1382
1380
1390
1473
1373
1426
1402
1372
1388
1333
1384
1335
1388
1349
1363
1295
1270
1298
1288
1342
1312
1282
1245
1240
1291
1283
1256
1234
1226
1248
1233
1216
1208
1103
1188
1223
1172
1219
1136
1177
1153
1073
1147
1137
1094
1090
1113
1117
1079
1109
1049
1098
1070
1060
1068
1095
1042
1016
1030
1025
995
1023
951
990
931
994
960
963
999
951
956
950
950
962
972
996
947
922
898
990
877
899
899
930
917
926
881
911
907
894
909
904
870
923
861
869
884
835
873
861
878
847
865
859
842
865
819
864
844
874
845
814
853
828
827
809
812
786
836
815
826
802
786
791
805
787
824
796
773
812
765
791
792
769
770
759
747
768
737
766
729
754
749
782
757
755
752
751
756
721
750
769
736
718
741
730
747
707
709
677
725
698
701
720
709
686
716
687
704
665
694
693
710
701
689
679
692
693
697
692
682
680
697
670
702
689
681
690
671
701
688
698
669
689
687
669
685
670
676
684
688
674
667
669
690
667
661
666
668
656
668
654
658
661
678
659
648
652
648
653
655
655
654
657
651
664
642
639
650
665
653
659
642
632
666
648
642
644
654
651
645
648
629
634
644
637
648
616
655
632
635
637
623
645
642
638
636
612
633
636
635
635
624
640
640
629
623
627
630
630
621
626
631
626
621
627
636
622
631
611
627
618
636
623
623
626
627
607
617
634
621
622
627
620
620
631
625
627
623
625
623
617
612
619
615
614
627
620
621
620
616
619
616
611
626
615
609
615
608
608
619
614
607
625
617
600
607
606
616
613
604
609
598
612
619
607
605
622
599
618
607
610
611
615
606
603
612
616
605
613
602
607
610
616
608
607
602
617
613
611
622
611
614
608
613
615
608
606
608
603
604
626
605
602
608
603
604
608
604
606
619
597
605
606
601
607
613
606
602
603
606
605
599
607
611
597
609
607
603
608
607
606
609
602
607
607
595
603
602
603
611
608
598
608
596
606
599
607
607
606
608
596
604
603
584
609
602
605
600
605
598
598
595
605
599
597
599
605
596
609
608
605
600
602
599
603
606
597
604
599
608
605
602
609
594
596
598
602
598
614
608
604
606
604
599
597
597
603
597
599
593
595
595
607
604
596
607
599
596
592
597
603
601
603
601
600
605
612
600
592
606
609
599
607
599
602
601
605
602
591
602
604
591
601
599
603
595
608
601
600
600
600
599
599
603
603
601
586
601
595
599
604
597
594
595
605
594
605
600
596
602
595
606
598
596
595
608
601
609
590
602
600
594
600
597
607
598
589
602
594
601
599
613
600
596
596
585
599
600
600
604
600
598
603
598
595
597
595
605
599
600
601
593
600
605
596
595
595
607
598
606
604
601
610
