607
598
614
600
606
607
603
610
610
594
600
593
606
605
604
610
609
591
607
600
612
609
595
603
604
598
606
607
620
604
617
609
616
604
603
604
600
605
605
595
611
606
607
613
612
606
607
616
606
606
595
603
603
595
595
600
597
600
598
600
602
603
605
601
603
596
607
602
609
603
599
603
611
606
602
606
603
602
603
596
599
599
602
595
601
588
603
601
591
606
598
602
600
599
597
604
600
598
609
599
601
594
603
600
596
595
605
603
602
599
602
603
592
599
601
614
596
599
601
597
600
595
606
602
598
596
600
592
606
599
602
605
597
597
592
601
603
601
606
597
597
600
608
601
591
603
600
593
592
597
606
602
602
602
601
597
607
600
592
602
600
598
602
606
598
610
605
600
608
602
598
601
604
608
604
598
593
602
600
607
597
611
607
605
596
604
601
603
603
596
599
606
597
611
604
597
596
602
598
595
600
604
597
600
603
603
602
587
608
595
599
603
600
595
598
599
605
594
597
599
606
595
602
592
595
598
602
598
596
598
605
594
606
599
610
590
598
603
595
604
591
601
596
600
592
598
601
604
611
597
601
603
597
603
602
602
603
609
597
606
607
605
602
609
604
610
606
605
603
601
607
603
604
600
599
604
604
609
596
600
595
603
603
609
603
603
599
602
605
602
608
612
599
609
600
595
606
594
602
607
602
605
601
602
603
607
606
600
600
604
609
603
604
606
606
591
606
602
602
609
594
614
596
617
606
611
610
611
610
606
602
605
603
614
602
618
606
601
610
606
605
606
613
599
606
605
612
602
607
606
608
611
619
611
602
613
605
601
619
603
604
607
605
613
609
605
607
610
608
615
609
598
610
620
614
612
608
618
621
618
614
618
615
623
622
616
617
620
617
620
625
615
623
624
625
630
610
630
637
629
638
629
633
624
628
650
646
630
637
643
639
644
633
658
632
633
655
652
656
648
645
661
646
679
664
665
666
670
666
669
680
659
687
693
686
682
692
703
700
705
718
738
733
718
721
747
699
742
736
774
730
769
767
777
741
749
758
775
782
776
784
802
799
802
834
823
827
847
846
842
883
861
906
905
864
880
899
897
929
951
953
965
1015
921
961
1006
1003
1040
1027
1062
1056
1079
1042
1032
1057
1079
1109
1154
1175
1159
1230
1208
1180
1245
1246
1238
1303
1293
1322
1305
1353
1318
1338
1386
1392
1451
1462
1419
1523
1498
1474
1540
1613
1583
1681
1628
1657
1747
1677
1669
1747
1772
1762
1818
1888
1804
1835
1906
1877
2008
1990
1943
2063
2054
2119
2108
2139
2128
2281
2242
2308
2276
2373
2390
2389
2330
2462
2452
2471
2445
2581
2670
2550
2662
2704
2639
2734
2820
2831
2852
2825
2874
3011
3033
3011
2977
3051
3086
3104
3176
3056
3109
3274
3154
3178
3276
3233
3243
3392
3380
3345
3325
3398
3387
3341
3396
3498
3548
3445
3440
3554
3503
3593
3528
3677
3621
3576
3489
3691
3630
3649
3617
3794
3714
3833
3727
3774
3748
3842
3837
3742
3739
3699
3790
3707
3774
3660
3817
3862
3714
3785
3821
3810
3797
3842
3878
3820
3821
3906
3700
3829
3805
3832
3708
3871
3812
3709
3668
3726
3735
3808
3776
3694
3807
3761
3852
3826
3752
3658
3768
3791
3854
3807
3829
3713
3750
3737
3712
3605
3522
3643
3645
3678
3550
3625
3554
3632
3659
3583
3626
3521
3540
3580
3577
3543
3578
3409
3406
3549
3457
3457
3280
3337
3401
3403
3338
3188
3303
3336
3275
3363
3350
3153
3341
3296
3231
3217
3074
3272
3288
3110
3164
3014
3062
3118
3132
3073
3072
2974
2925
2967
2996
3003
2995
2859
2865
2866
2967
2891
2955
2766
2786
2841
2688
2749
2738
2710
2674
2761
2633
2576
2731
2589
2582
2588
2639
2500
2528
2562
2403
2410
2503
2476
2437
2355
2404
2401
2406
2409
2348
2284
2245
2258
2284
2174
2198
2179
2210
2218
2081
2088
2096
2125
2075
2044
2005
2036
2034
1949
1975
1943
2023
1959
1950
1947
1925
1793
1869
1857
1810
1830
1808
1787
1712
1712
1673
1758
1679
1690
1663
1638
1672
1676
1635
1587
1567
1551
1559
1588
1565
1511
1504
1484
1526
1512
1510
1453
1452
1495
1459
1365
1422
1405
1344
1396
1365
1373
1317
1393
1304
1325
1358
1351
1322
1280
1251
1235
1264
1274
1228
1304
1244
1253
1258
1188
1195
1201
1175
1146
1222
1159
1214
1194
1171
1155
1123
1165
1129
1115
1108
1140
1130
1112
1079
1115
1074
1119
1067
1063
1064
1059
1052
1088
1059
1023
1030
1035
1054
1034
1083
1034
1028
1034
967
1028
941
1010
992
1000
979
984
968
978
927
946
929
958
910
963
916
918
872
891
859
897
913
905
890
898
865
865
892
840
913
847
835
810
852
819
852
816
848
839
843
821
809
834
820
815
806
808
791
827
794
786
759
792
776
763
770
774
780
762
754
752
751
770
762
771
762
747
736
728
728
726
762
715
730
726
750
730
733
757
710
723
709
706
727
719
711
714
693
712
701
704
732
717
729
709
712
695
719
695
691
692
705
689
706
698
691
665
685
669
686
672
674
674
691
672
678
685
663
683
701
645
670
672
666
665
652
655
656
671
683
676
668
655
646
656
659
650
673
664
651
678
637
663
655
651
637
652
658
650
642
661
636
639
636
635
644
628
641
646
647
642
634
644
643
642
641
633
635
624
632
641
637
626
643
648
618
632
623
622
631
628
625
634
626
622
643
629
628
630
634
625
627
635
627
624
620
638
626
636
636
639
620
620
619
627
621
620
609
620
632
615
630
609
624
627
619
618
613
623
618
627
622
623
606
608
605
612
616
620
606
611
620
615
605
619
624
614
622
606
613
619
607
611
612
605
617
604
605
620
606
611
605
604
613
618
611
605
608
617
610
617
609
610
608
612
606
601
612
615
606
605
611
611
601
612
605
609
610
593
605
612
610
604
605
607
611
606
611
609
607
611
620
609
606
613
607
617
606
600
610
614
612
603
608
600
607
602
604
595
606
603
606
603
602
611
610
594
598
607
593
607
599
609
609
614
606
615
604
603
601
607
609
602
610
602
605
610
600
606
607
609
604
599
604
595
603
603
604
600
610
599
596
607
597
601
609
612
601
597
606
603
598
598
595
599
598
600
595
607
609
607
612
600
614
602
596
614
605
602
597
604
602
602
604
604
604
608
597
598
600
609
607
602
602
605
604
596
595
603
600
607
603
590
610
600
609
605
605
601
606
590
602
604
605
600
605
599
597
602
605
595
604
600
601
611
605
596
603
600
603
603
602
605
602
597
613
598
607
601
607
601
603
612
603
602
599
603
593
595
607
602
603
597
602
600
605
