605
607
612
607
595
604
606
602
606
607
606
603
603
606
601
602
605
599
603
606
601
606
603
604
599
605
605
602
608
602
602
608
598
596
610
602
603
600
602
607
601
589
611
597
599
599
599
599
604
599
605
603
603
609
602
600
602
599
598
600
605
600
600
603
602
612
608
596
604
596
602
608
603
602
609
599
605
599
604
606
595
602
600
602
606
604
601
596
597
603
607
599
602
602
598
599
605
594
600
614
599
602
601
599
608
596
602
606
594
605
603
598
603
599
592
605
595
598
604
596
611
596
597
601
604
597
596
606
602
597
609
604
609
594
596
601
600
591
611
604
595
612
595
602
603
606
608
596
604
598
612
597
597
596
602
599
606
604
604
601
601
603
601
598
603
603
600
610
595
603
606
603
611
601
594
598
594
595
599
596
606
598
603
596
596
604
603
599
597
602
603
598
611
600
598
612
601
594
603
596
601
604
608
602
599
598
595
595
608
598
601
600
600
600
608
597
604
602
596
604
594
609
603
610
601
600
604
597
602
601
593
603
595
595
602
602
607
601
602
601
600
604
601
598
595
602
607
602
603
605
597
599
603
610
604
604
599
604
597
606
602
601
604
605
606
598
602
594
605
599
601
600
589
592
597
593
592
601
601
596
605
614
606
597
594
600
602
590
602
597
599
603
605
597
599
603
606
598
602
604
598
606
602
601
603
611
601
600
604
604
599
599
610
599
605
595
601
602
600
603
594
599
611
598
598
604
601
598
597
599
601
603
606
601
595
601
600
595
595
610
604
605
603
595
596
606
605
599
597
595
603
599
596
600
602
610
605
600
605
601
597
601
599
604
602
603
600
604
602
586
606
592
601
599
593
602
599
598
603
602
598
598
599
600
594
606
599
601
598
604
595
600
603
600
602
594
601
599
606
604
601
602
599
606
599
595
595
603
606
605
601
597
607
589
606
600
605
598
602
603
593
600
601
604
603
599
600
599
600
605
594
604
594
601
599
597
603
592
593
606
595
609
601
605
606
599
597
603
603
604
598
596
596
597
605
608
601
601
604
599
602
602
595
604
598
603
604
597
602
605
594
594
603
588
603
608
602
607
611
601
601
594
604
610
602
596
605
598
600
600
598
604
603
600
600
598
603
606
592
600
603
599
605
604
602
605
602
598
603
606
611
603
611
603
599
601
606
599
603
591
599
604
601
602
592
597
603
598
604
599
594
605
597
606
605
600
600
598
600
611
604
601
605
608
598
599
598
600
592
594
598
604
600
601
608
604
605
603
606
599
595
602
602
603
589
603
599
594
599
595
593
602
597
599
606
598
607
593
596
600
599
608
596
600
599
593
599
604
595
593
600
598
598
605
603
606
605
599
593
601
604
599
603
595
597
605
601
602
602
598
594
602
596
599
602
604
596
600
597
592
608
598
602
605
601
602
599
601
596
606
603
601
592
597
605
610
606
600
597
608
605
601
599
598
602
601
606
610
602
609
607
604
607
596
605
606
594
598
604
596
603
605
597
601
603
599
604
597
598
595
601
601
607
606
597
596
599
591
601
597
601
604
605
607
605
603
601
601
598
596
602
593
605
603
601
604
601
596
600
595
599
591
603
605
598
604
602
603
595
607
597
596
606
605
595
606
601
602
596
605
592
603
605
594
593
599
606
601
599
606
603
602
606
604
602
605
603
603
602
602
603
598
590
601
606
594
593
601
593
598
598
595
600
591
599
598
598
603
607
601
604
599
599
607
594
601
598
601
598
601
603
599
599
613
602
599
602
594
600
601
594
595
601
603
600
595
606
601
596
599
604
600
602
594
596
609
598
603
602
601
607
599
600
598
609
601
602
600
606
598
593
596
593
603
603
596
602
598
599
604
601
598
606
602
609
608
607
593
611
602
605
610
605
601
599
600
603
598
598
608
602
599
598
597
603
600
598
601
597
599
597
593
594
599
602
601
602
606
600
601
592
600
606
597
600
605
597
600
605
598
603
600
597
598
608
599
605
603
590
604
598
601
598
593
595
608
602
595
599
595
602
591
597
595
604
595
604
601
596
604
595
594
596
602
593
606
597
592
599
601
602
599
595
593
605
588
604
598
602
602
594
606
604
603
597
599
602
596
598
601
603
595
593
601
598
597
610
597
609
601
607
604
603
599
602
593
598
599
605
599
604
600
608
599
609
599
603
596
601
603
603
604
596
601
609
603
610
606
592
596
606
607
617
600
594
601
598
607
600
606
595
608
599
598
605
603
602
598
598
599
592
605
601
610
597
604
603
598
600
602
600
598
595
597
598
603
599
590
601
607
600
610
607
605
603
597
601
600
601
604
601
604
605
601
591
600
596
595
597
598
597
597
598
609
597
600
598
603
597
603
599
604
592
598
600
605
595
595
602
602
595
608
593
609
603
602
595
600
590
601
601
595
598
600
604
596
597
602
603
605
597
604
601
598
606
598
593
604
598
604
599
599
603
604
593
605
597
601
601
603
604
608
599
606
607
594
602
605
598
600
598
602
599
600
605
602
592
606
605
605
603
605
596
602
596
592
593
602
592
601
603
605
599
592
605
603
598
599
600
603
598
601
598
603
603
596
601
599
601
608
600
599
599
599
602
605
599
599
599
602
606
602
598
597
599
600
598
601
592
603
598
594
599
605
602
600
600
607
598
603
605
599
603
610
601
597
601
598
603
597
596
603
602
608
601
604
598
605
604
607
600
596
595
599
599
598
608
607
603
606
604
601
602
601
615
602
611
602
596
611
597
597
594
601
598
609
598
601
603
601
602
599
599
606
600
600
600
600
604
598
603
606
597
605
600
605
597
600
607
595
596
597
590
601
598
596
599
598
595
590
593
598
600
596
594
599
585
602
595
597
595
605
596
598
603
596
598
603
602
604
604
600
602
601
604
606
596
600
597
600
600
598
602
594
595
603
602
597
598
601
604
600
599
592
598
609
605
600
599
605
601
602
595
600
598
594
600
606
605
597
598
605
606
598
606
599
614
598
609
599
598
598
603
604
604
601
602
598
599
602
596
600
601
598
603
603
600
602
598
605
