601
599
596
600
601
605
611
604
602
600
604
604
603
598
598
601
606
611
603
596
603
601
601
602
598
601
607
599
607
596
605
598
592
600
603
603
600
592
603
602
599
601
603
603
604
602
606
598
603
597
603
592
607
600
593
599
602
603
609
602
602
597
601
600
593
605
604
598
603
612
606
596
603
598
595
601
606
598
603
604
600
604
601
598
603
598
589
593
600
598
596
596
603
611
598
598
604
602
600
601
600
594
605
596
597
593
594
598
596
599
598
600
595
596
603
597
600
595
601
599
609
609
597
593
599
603
607
607
601
600
598
599
602
611
601
604
597
601
598
607
600
606
605
602
610
600
596
605
606
596
596
602
601
601
594
604
603
602
606
603
603
597
606
599
606
603
592
601
600
598
592
610
595
603
601
598
602
596
602
596
604
601
606
607
605
603
601
605
603
607
605
596
597
601
597
596
598
598
598
595
602
602
600
601
596
603
598
614
597
604
594
596
597
601
603
600
599
595
594
597
605
591
606
601
593
595
597
604
601
601
601
600
599
590
604
599
600
596
589
604
596
601
604
608
596
597
601
593
600
608
603
600
603
598
600
604
601
598
599
595
605
599
598
602
601
599
602
601
598
605
604
602
604
596
603
604
600
608
600
611
613
593
599
599
596
595
604
602
605
603
601
600
588
594
594
606
599
595
596
598
602
603
606
604
596
603
604
597
607
595
598
602
600
595
603
601
603
605
595
604
595
599
606
596
602
601
604
601
599
604
603
600
589
603
595
593
592
593
597
595
609
598
605
598
607
606
600
608
605
601
600
601
594
599
600
599
603
594
595
601
603
593
604
597
604
604
597
597
587
601
601
598
602
597
608
606
594
606
603
609
600
604
600
597
595
598
603
596
605
600
597
600
596
605
594
601
604
598
607
598
604
598
598
604
606
601
607
603
603
595
601
605
592
597
600
605
596
594
600
596
603
597
603
599
604
598
592
596
603
604
595
596
593
590
605
600
596
604
606
597
598
595
601
602
600
599
594
610
603
598
595
605
597
602
602
597
604
595
609
603
597
603
610
604
592
602
607
602
601
602
600
607
600
600
603
602
600
595
600
601
604
600
598
596
598
601
603
605
591
600
602
596
597
600
599
598
606
602
592
598
603
594
592
607
598
599
606
594
593
595
599
595
605
602
601
599
600
605
602
602
594
593
595
599
595
597
601
597
590
597
593
592
605
601
601
596
596
596
596
602
597
597
600
601
597
603
601
594
604
601
600
603
600
598
602
597
598
592
598
606
601
599
596
602
602
603
605
603
607
596
595
604
599
603
605
597
608
600
596
600
601
596
598
601
601
599
598
605
598
598
601
600
595
603
600
588
598
591
607
600
600
597
606
602
600
598
601
605
598
596
596
601
596
600
606
598
609
603
597
605
601
591
597
593
602
597
595
606
601
594
606
596
596
601
602
596
600
598
595
605
597
599
591
600
604
595
604
601
587
603
594
602
605
600
597
597
598
597
602
598
595
598
597
595
608
596
598
597
596
601
599
601
598
607
601
602
605
606
601
595
597
603
595
596
602
599
605
601
598
605
603
594
598
597
601
602
604
600
606
603
604
600
598
598
604
600
598
609
597
603
592
594
598
594
605
602
603
606
604
603
600
605
601
601
600
599
604
609
594
606
604
605
605
606
594
605
606
609
604
603
597
607
596
594
605
598
593
605
597
602
600
592
606
606
605
607
603
615
601
600
600
602
601
590
603
599
608
598
604
602
604
596
592
602
602
604
601
607
601
598
606
602
607
605
607
605
603
594
600
604
591
605
602
595
596
607
602
597
594
589
602
598
600
601
604
590
595
600
605
596
593
603
597
598
597
597
597
608
600
605
593
606
597
598
601
599
590
596
598
590
596
600
598
605
603
609
595
597
598
605
608
597
602
605
592
602
611
595
594
599
596
603
599
591
593
601
598
598
598
593
597
599
601
606
601
598
596
593
602
595
603
605
600
603
597
602
593
600
603
608
601
587
599
598
600
608
597
603
600
597
603
590
591
606
592
602
598
600
595
610
597
602
597
597
603
599
600
600
597
587
601
595
600
607
597
600
597
600
596
601
601
605
615
602
595
599
606
602
602
593
605
591
600
601
597
601
596
601
599
592
586
603
602
600
600
600
603
608
598
600
603
596
598
605
603
604
604
608
607
597
598
598
600
601
597
594
606
604
602
588
593
599
600
593
607
597
599
597
610
603
599
599
603
598
594
606
606
601
599
604
598
605
600
596
601
607
602
595
607
601
602
600
605
597
594
602
607
603
602
594
604
598
595
601
597
603
596
594
597
598
599
597
597
602
592
603
602
601
598
610
591
601
603
597
605
606
600
601
601
600
597
599
605
600
601
601
600
600
596
601
589
599
605
601
594
599
594
602
598
599
595
602
603
597
591
599
598
602
599
601
596
602
601
603
599
593
600
603
596
607
600
603
598
602
604
609
606
595
600
607
601
601
603
595
600
601
597
600
603
596
596
594
608
598
589
599
607
595
600
595
600
593
595
606
597
594
597
600
597
609
597
595
601
596
608
601
603
599
601
598
605
599
595
601
599
601
602
597
595
602
589
601
598
591
594
604
604
605
601
610
605
600
606
611
596
606
592
599
608
604
597
603
601
588
596
605
603
594
602
595
606
597
606
600
601
603
598
600
596
594
595
596
604
591
609
599
600
595
597
594
603
602
601
609
591
604
593
596
603
607
599
600
602
601
599
596
602
602
604
600
601
598
597
599
596
601
605
592
601
604
601
610
598
601
604
601
600
605
597
600
594
595
601
605
605
601
605
604
604
591
602
609
605
598
594
602
594
603
595
607
598
600
600
607
605
600
603
596
601
605
599
603
593
600
599
597
596
594
590
599
605
592
602
597
591
605
598
602
603
593
599
595
603
598
606
596
600
596
610
603
597
605
596
602
599
606
600
602
601
594
604
594
606
598
604
599
603
600
599
605
595
588
594
595
603
604
602
599
601
611
605
602
602
597
603
598
603
601
598
599
599
606
600
600
600
588
597
608
599
594
