606
603
610
598
603
606
603
611
605
601
613
603
594
607
608
600
601
607
593
606
599
599
606
607
607
598
609
601
598
595
606
601
592
605
608
596
604
609
599
594
602
596
604
597
602
605
604
610
603
596
605
605
604
600
604
606
593
603
605
598
600
591
601
599
593
596
608
599
602
609
600
605
604
603
599
602
601
602
592
600
603
603
600
600
604
605
596
598
600
604
604
609
600
598
598
603
594
605
597
606
604
594
601
603
611
598
606
599
599
594
600
598
598
603
601
597
594
601
602
604
604
602
605
598
606
602
589
600
597
595
590
603
596
600
597
609
598
605
596
599
604
598
598
598
607
603
599
606
604
596
604
602
603
593
603
601
604
601
604
603
598
601
604
599
602
599
601
599
592
602
595
596
601
602
605
598
598
598
598
602
595
593
606
606
604
602
597
596
598
599
602
601
601
602
598
595
600
604
593
597
604
603
599
595
601
601
599
607
603
596
605
597
604
600
599
595
600
594
595
597
602
600
603
607
597
598
598
602
602
602
593
601
601
597
599
604
607
600
590
607
599
606
608
596
600
607
589
601
598
610
605
602
596
605
602
598
597
603
599
588
597
596
601
602
603
597
599
596
596
596
598
609
601
602
600
598
602
606
598
607
602
602
600
604
609
598
604
604
601
593
601
599
605
609
601
603
598
601
598
601
606
605
594
596
598
607
594
594
607
602
603
601
600
601
603
600
606
603
596
602
607
597
599
602
601
596
602
605
601
598
596
602
600
600
601
608
603
603
601
608
598
603
594
602
596
610
604
600
607
605
603
597
601
606
601
599
607
607
605
597
599
591
598
607
588
603
602
607
589
594
598
602
602
607
598
602
604
598
597
598
595
589
591
599
604
594
599
596
598
598
600
598
595
606
597
598
605
600
603
607
595
597
604
598
603
599
599
600
609
609
606
604
603
597
603
607
604
596
598
600
593
607
595
594
610
596
601
599
608
600
591
609
600
598
604
600
602
598
595
602
597
599
603
604
594
605
593
595
605
598
599
600
602
604
607
598
606
597
601
599
595
596
599
601
596
607
601
601
606
600
600
589
614
604
604
607
607
600
596
612
589
601
595
597
602
610
593
599
595
596
593
591
605
601
598
600
595
597
599
597
607
602
605
596
609
594
602
598
598
602
597
602
603
594
603
603
604
597
599
600
600
604
606
601
601
599
595
605
607
609
594
598
601
592
597
599
604
594
600
600
598
596
607
601
601
597
599
603
594
600
595
591
606
597
606
598
602
606
607
602
601
607
595
602
592
603
597
602
593
597
610
598
598
595
595
604
599
597
599
598
601
605
606
600
599
601
604
602
605
603
600
596
605
610
603
603
604
606
599
605
606
590
600
598
603
595
604
595
590
608
594
598
598
602
598
603
604
600
596
606
600
606
600
605
596
600
598
605
588
601
602
593
591
609
602
600
594
604
603
598
607
594
604
598
602
606
606
597
599
599
591
606
607
588
601
590
604
605
598
599
599
602
611
604
601
602
602
601
602
598
594
600
598
605
603
594
597
602
602
602
601
598
608
599
606
594
602
598
604
605
602
598
602
604
601
589
601
601
600
602
594
592
598
599
595
600
595
605
594
594
603
602
598
597
596
603
602
599
600
602
587
613
605
600
608
597
590
604
599
598
605
600
599
608
600
596
590
601
601
604
601
598
600
608
605
603
601
601
608
592
609
611
592
598
597
613
600
601
601
593
595
598
598
597
606
598
598
598
598
598
606
605
601
601
603
595
612
592
600
599
604
605
602
598
602
594
599
596
598
600
595
610
597
605
600
597
601
594
606
594
603
603
602
601
600
605
603
596
595
596
605
602
599
600
606
599
599
607
600
598
600
600
597
603
601
597
595
594
606
601
606
594
596
606
604
600
606
605
597
604
599
605
601
601
593
606
612
605
608
601
601
598
592
605
604
615
609
601
602
601
595
596
605
596
601
605
604
598
601
599
601
592
596
599
596
597
600
596
593
602
601
593
600
597
595
603
598
588
596
598
596
603
601
589
594
604
595
599
602
606
603
597
614
595
596
607
606
597
607
607
602
603
598
594
597
599
599
594
608
596
601
596
611
598
595
602
601
605
593
605
599
601
596
603
595
599
605
594
598
604
596
596
593
597
598
603
606
596
592
607
603
597
593
605
594
598
599
591
601
599
600
599
589
594
600
603
598
602
603
605
599
597
606
596
603
600
604
606
611
603
600
605
611
596
600
601
602
607
605
597
604
598
600
597
602
605
595
605
598
599
607
596
597
602
603
598
616
597
597
605
600
611
603
594
598
602
601
597
605
595
603
602
616
594
608
597
596
615
597
601
589
597
599
597
598
593
597
595
596
602
601
602
602
601
604
597
596
609
606
607
600
598
596
597
601
600
601
598
598
597
600
596
602
601
599
598
600
596
594
600
603
603
599
603
600
595
604
598
605
603
605
602
599
602
605
597
597
600
597
592
605
600
599
603
596
601
605
603
607
606
602
594
597
592
610
601
606
603
600
607
608
603
598
606
608
603
605
599
597
595
594
599
601
601
601
602
599
607
599
607
607
602
603
593
588
597
602
594
612
607
606
604
605
597
605
598
595
596
603
598
602
595
601
602
594
600
606
595
603
602
595
601
595
602
603
605
599
597
599
603
606
609
587
597
594
602
604
610
602
595
597
596
596
599
602
589
605
608
595
601
598
593
592
593
600
602
609
595
605
597
606
602
599
604
600
598
599
597
601
596
596
600
601
595
603
604
594
597
597
601
600
594
601
599
600
602
611
603
604
602
590
603
595
599
604
598
602
596
600
592
603
594
597
599
604
608
601
604
601
606
601
603
597
601
592
605
609
596
605
604
602
597
605
600
605
595
598
596
603
593
604
606
609
596
600
598
599
603
593
603
602
601
599
602
599
598
597
603
605
600
602
600
595
597
602
599
605
600
595
594
598
598
599
598
598
599
596
600
596
594
596
602
596
597
595
601
607
590
605
597
609
608
602
593
603
601
596
594
591
596
601
598
603
605
607
597
598
601
606
597
