600
616
603
598
600
605
596
595
600
607
603
606
606
604
596
602
604
601
594
600
596
601
600
604
606
605
600
598
597
595
597
597
607
605
601
602
598
596
601
593
604
594
602
611
595
601
598
596
593
606
605
591
605
599
605
602
597
592
596
592
594
595
601
596
597
589
606
595
602
598
597
606
601
594
601
600
598
596
600
604
603
596
610
596
595
605
610
598
602
600
611
598
601
603
601
606
598
603
596
596
593
600
602
600
605
600
605
603
600
596
602
598
599
602
602
595
602
600
598
600
610
601
591
605
603
603
601
591
595
595
602
602
603
588
600
600
604
607
607
603
599
600
608
595
603
602
596
604
605
584
604
600
607
596
602
590
597
601
596
597
594
599
604
595
604
595
592
608
595
597
601
602
598
595
601
598
597
597
603
602
602
600
603
596
595
601
601
609
604
600
606
601
596
606
597
595
596
602
598
607
594
600
597
604
608
598
597
599
608
604
600
605
605
603
597
598
600
595
601
605
596
601
600
604
597
604
594
600
602
604
599
593
601
604
603
603
597
605
601
599
598
594
604
603
611
584
607
599
605
594
598
597
597
600
603
598
597
598
601
597
602
606
603
605
601
602
603
601
597
603
600
602
591
604
602
605
593
603
595
600
605
608
601
607
607
602
601
599
603
601
604
600
601
600
596
596
597
594
592
607
596
601
591
601
602
603
596
596
600
601
593
601
600
607
603
597
596
599
602
595
599
602
609
602
602
600
600
591
601
602
598
602
605
598
597
592
600
600
604
601
600
594
607
600
605
602
595
604
596
601
598
600
600
600
592
591
600
601
597
589
595
594
598
603
594
595
595
591
605
604
595
593
597
604
593
592
604
595
597
607
601
593
598
606
592
604
598
610
596
595
599
600
610
600
603
602
599
596
602
609
589
604
601
592
601
601
596
599
597
595
594
596
597
604
597
602
604
600
602
600
597
605
596
598
604
599
597
603
597
597
596
597
593
599
597
604
606
604
602
602
604
600
593
604
610
589
593
607
607
603
595
599
594
606
605
598
599
606
598
598
602
605
602
594
594
596
601
593
604
606
598
602
604
599
600
606
600
599
602
600
605
598
602
607
594
600
599
596
600
600
600
601
602
597
596
611
595
605
596
600
602
601
603
602
589
597
597
597
601
597
599
598
593
603
596
591
598
602
601
592
597
594
601
603
599
597
597
597
598
604
606
606
596
597
610
591
599
595
596
600
600
598
595
597
594
594
601
599
606
600
602
609
604
605
603
598
600
602
605
592
606
602
597
600
600
594
597
600
610
596
609
596
602
603
603
595
595
597
602
605
596
597
596
602
600
595
594
603
604
591
601
600
598
595
602
601
598
603
596
600
608
601
609
597
602
593
606
599
593
589
595
604
599
597
599
600
605
601
602
601
597
601
602
589
606
592
592
600
592
598
606
595
608
603
599
600
598
604
606
597
605
606
600
599
597
594
601
592
594
607
597
594
607
597
598
594
596
590
598
599
600
601
592
597
598
601
601
592
596
600
599
597
597
596
590
599
598
610
600
596
603
609
602
599
600
597
603
602
597
598
598
594
598
605
601
601
596
593
598
604
602
606
606
604
609
599
599
605
606
600
604
594
601
602
601
602
604
601
589
600
602
591
593
600
597
600
597
598
597
601
598
601
594
603
597
606
598
596
591
596
599
599
607
597
593
590
598
596
605
594
602
602
604
602
606
608
606
592
609
600
601
600
597
593
596
605
588
603
607
599
602
597
602
600
601
594
595
600
596
598
590
601
598
601
597
602
590
596
605
595
604
593
604
597
597
596
601
602
604
603
596
603
598
606
602
602
598
602
600
598
605
593
602
596
599
594
604
606
599
596
592
597
593
588
605
598
595
602
609
598
595
593
601
600
598
594
605
605
607
602
598
593
599
600
602
595
595
607
594
605
605
608
605
597
592
602
598
594
604
602
599
602
595
603
598
598
593
604
598
601
597
600
600
595
594
604
596
591
597
593
600
601
596
598
592
598
598
594
602
599
600
590
596
597
599
603
604
599
600
596
601
603
606
590
601
604
597
596
596
595
602
595
611
607
602
601
603
608
599
597
595
607
603
604
600
604
607
600
599
603
596
602
593
595
603
600
598
598
601
605
608
598
605
594
605
603
598
601
600
595
607
601
598
599
600
596
596
603
588
610
594
609
596
598
602
602
594
595
596
586
601
594
610
604
600
601
602
596
606
602
599
610
600
596
600
586
598
597
602
604
602
601
595
605
592
609
605
607
599
595
609
603
601
603
601
599
602
596
598
603
599
604
604
589
604
607
603
602
606
603
598
604
598
603
605
598
600
601
595
606
598
603
598
598
602
601
598
600
601
604
599
610
597
598
598
604
602
597
605
605
600
597
597
603
601
600
595
602
605
593
598
605
593
600
600
605
602
606
597
602
597
597
604
607
598
591
604
603
597
600
610
598
598
594
598
603
599
601
601
603
596
611
600
590
599
604
596
604
603
604
594
595
607
597
605
601
597
598
605
592
597
605
602
603
594
601
596
603
591
602
596
599
604
599
596
603
592
599
605
604
608
599
604
597
596
602
600
600
598
597
602
597
592
602
608
608
594
598
599
592
600
596
595
601
592
591
600
601
595
595
600
600
605
599
602
593
600
593
595
606
602
594
603
595
591
597
598
599
598
601
606
594
595
592
598
606
602
605
603
594
599
604
603
599
598
607
596
599
597
598
595
601
599
602
598
605
602
603
602
601
596
602
605
599
596
602
604
598
606
597
601
602
607
595
605
606
606
594
606
598
599
597
593
603
599
597
597
602
603
604
614
599
604
597
600
595
608
600
601
599
587
606
596
602
603
603
597
599
595
600
593
597
599
603
609
596
605
602
594
601
608
593
596
597
605
595
592
607
584
608
604
596
596
601
595
602
602
596
595
599
598
603
593
601
600
603
601
600
598
598
598
597
596
603
600
605
608
605
604
597
593
602
594
603
602
597
600
600
597
599
604
595
599
593
599
609
596
610
593
601
602
605
599
594
601
593
606
600
597
591
