601
603
606
613
598
596
600
610
600
603
612
599
607
601
598
609
603
607
609
611
601
607
604
608
610
598
607
607
604
601
603
594
602
600
604
605
595
601
603
601
608
608
598
607
593
610
611
594
605
601
598
604
597
597
607
609
597
608
608
604
599
603
595
604
603
592
605
600
604
603
604
602
598
592
602
602
593
599
607
601
608
604
596
604
605
605
605
596
616
606
603
604
597
605
602
597
595
591
610
600
601
603
597
602
596
601
603
597
604
603
607
613
603
601
617
601
594
598
603
605
610
599
602
599
599
613
605
598
599
602
595
599
601
602
607
594
602
598
595
604
604
606
608
604
599
599
600
602
609
601
596
605
590
600
599
606
602
596
605
598
600
594
605
604
608
600
606
606
604
599
601
601
601
594
597
599
606
598
604
604
601
600
604
599
605
595
599
601
603
599
600
599
604
604
595
602
603
593
601
599
603
604
612
601
602
604
597
599
603
603
609
598
603
602
601
601
604
596
608
610
601
602
608
598
605
602
602
608
608
601
603
601
608
606
604
593
608
604
604
608
606
599
597
597
599
604
598
599
590
599
595
599
602
601
602
607
604
602
612
600
596
602
600
603
599
606
597
607
595
603
595
603
601
602
605
610
605
608
602
604
601
603
605
594
607
601
601
608
598
604
596
602
604
594
595
603
597
604
598
601
604
604
600
604
604
602
607
606
608
604
611
601
606
606
594
610
608
596
600
607
604
603
613
611
605
591
603
598
605
604
608
603
609
607
607
597
598
605
610
604
613
606
602
607
611
599
598
598
609
614
613
603
602
607
606
600
607
604
601
604
605
608
597
598
610
605
606
607
606
614
600
598
609
619
614
619
611
610
608
608
610
608
609
607
601
609
608
608
616
605
606
612
610
621
608
624
617
617
610
621
602
621
617
608
613
617
610
615
623
621
615
611
614
610
616
627
621
608
622
614
606
642
618
621
627
631
622
626
622
638
616
632
632
642
630
625
622
634
624
628
631
638
641
654
648
641
637
660
654
661
661
663
663
657
672
656
655
683
669
665
675
697
662
708
677
680
702
706
718
694
742
703
717
709
718
726
718
714
722
716
754
749
752
769
760
780
765
748
773
790
726
792
813
828
797
826
795
861
832
842
864
861
889
915
842
862
888
869
865
888
899
922
939
969
987
954
956
982
983
987
976
1045
1014
1012
1080
1069
1086
1056
1086
1087
1097
1140
1127
1086
1137
1118
1117
1226
1239
1183
1196
1233
1267
1298
1249
1278
1359
1324
1262
1351
1329
1359
1339
1372
1418
1354
1401
1373
1408
1498
1450
1483
1458
1458
1511
1531
1515
1579
1555
1578
1596
1583
1602
1623
1586
1535
1597
1630
1661
1623
1676
1758
1687
1665
1843
1710
1754
1853
1725
1847
1836
1792
1796
1794
1771
1807
1810
1861
1829
1815
1806
1841
1772
1803
1857
1817
1814
1848
1872
1882
1886
1904
1923
1933
1893
1897
1894
2011
1906
1893
1873
1914
1935
1989
1839
1968
1933
1912
1945
1850
1993
1898
1986
1981
2055
1884
1914
1914
1939
1923
1987
1931
1908
1899
1939
1985
1874
1933
1859
1912
1887
1882
1853
1968
1862
1929
1878
1938
1925
1912
1934
1902
1985
1859
1915
1913
1889
1848
1852
1874
1818
1907
1939
1858
1817
1809
1895
1862
1846
1804
1858
1832
1885
1792
1821
1912
1805
1801
1843
1901
1835
1770
1877
1821
1756
1758
1714
1766
1789
1646
1674
1754
1740
1697
1712
1673
1706
1711
1705
1719
1646
1663
1704
1666
1651
1656
1683
1601
1565
1591
1584
1557
1599
1645
1595
1593
1589
1594
1551
1579
1553
1564
1526
1537
1531
1547
1563
1483
1512
1479
1455
1414
1410
1428
1480
1481
1436
1365
1441
1409
1326
1395
1378
1431
1375
1304
1342
1382
1329
1286
1342
1340
1360
1312
1292
1274
1269
1296
1292
1247
1262
1237
1197
1254
1215
1214
1260
1285
1193
1253
1182
1213
1202
1151
1138
1179
1126
1089
1160
1125
1128
1112
1062
1071
1085
1110
1102
1073
1046
1062
1036
1050
1020
1070
1053
1022
1054
1069
1017
1021
1031
1004
957
1016
1010
989
967
932
956
967
958
938
901
956
928
911
939
930
873
894
899
899
898
867
873
840
890
898
886
880
877
857
852
845
867
857
862
863
874
815
835
838
816
839
835
818
797
782
831
813
794
843
812
801
826
796
796
840
774
786
803
794
771
776
798
787
766
762
751
760
762
791
733
750
760
747
731
753
740
734
750
741
734
741
715
763
728
708
727
709
712
744
705
713
735
699
693
723
688
720
697
702
693
704
671
704
685
669
696
675
691
668
682
691
699
693
687
691
681
661
674
679
668
659
679
663
693
670
681
683
664
647
660
651
657
659
660
651
659
667
681
643
652
642
646
662
641
650
645
656
643
644
636
647
636
649
655
630
654
660
638
652
628
630
643
647
629
640
633
637
638
630
636
640
634
629
625
629
634
640
636
614
639
638
637
638
618
631
627
620
645
628
626
625
626
620
621
631
620
632
628
623
620
627
624
629
622
636
614
618
629
625
616
622
631
626
627
626
626
620
626
626
616
627
634
611
622
622
628
621
613
634
605
620
620
623
615
608
615
626
609
623
613
618
608
611
615
615
612
620
614
622
616
623
611
612
621
614
613
619
615
612
614
608
609
613
610
618
618
610
609
605
608
612
614
603
615
615
610
603
613
603
627
606
622
603
602
612
610
610
604
606
603
611
615
596
605
605
601
597
604
605
602
610
612
619
609
608
608
609
600
613
603
601
614
599
612
610
610
606
601
618
613
608
607
594
612
605
605
606
613
604
605
613
609
608
611
617
610
617
603
606
596
608
601
599
608
612
600
601
605
612
609
603
606
608
598
602
605
599
606
607
601
603
600
598
617
609
592
604
608
606
601
609
619
596
602
604
605
608
605
601
602
605
598
601
596
602
609
600
604
592
605
605
605
601
595
599
598
602
604
611
611
603
601
602
601
602
596
609
600
603
597
600
605
604
595
603
606
604
603
609
597
603
605
607
610
600
601
602
598
603
599
608
601
611
603
605
603
605
602
607
603
603
609
602
597
599
604
605
605
600
608
599
602
602
604
604
597
598
599
594
608
606
593
609
606
604
604
606
597
606
602
595
603
602
604
605
597
603
601
593
603
602
602
606
608
603
598
604
608
605
604
612
610
606
613
601
601
608
598
598
597
604
608
601
602
602
603
598
602
603
589
600
603
603
605
608
599
602
598
600
611
608
608
598
604
611
606
604
