602
614
614
600
595
604
602
598
605
593
596
604
600
590
602
604
609
612
611
600
604
603
603
598
604
615
599
599
602
607
606
600
599
598
603
604
604
604
605
605
598
597
603
598
594
597
590
600
605
598
600
599
604
594
606
600
593
611
603
606
599
601
616
600
600
602
598
596
595
604
602
604
603
604
594
602
597
605
596
588
595
611
595
595
601
598
603
602
598
597
595
603
606
603
605
600
597
605
596
597
602
601
596
596
592
612
605
609
596
604
598
603
603
601
603
604
612
603
606
601
597
605
607
607
598
601
606
596
596
602
597
600
602
603
597
601
598
605
599
599
595
592
603
601
597
589
603
601
601
599
602
602
603
596
590
603
600
608
595
598
606
586
602
598
588
610
606
601
600
605
596
599
595
607
592
597
606
607
597
595
607
597
599
609
609
609
602
596
603
594
605
601
601
607
603
595
602
606
594
601
600
598
609
606
596
602
601
601
595
597
593
600
596
599
600
602
593
604
599
604
598
596
594
601
611
597
608
601
598
599
605
603
597
607
593
594
603
589
599
599
597
597
602
602
597
598
597
602
592
599
606
601
598
600
599
597
608
598
611
597
600
608
605
607
612
606
606
598
602
595
602
599
605
605
603
607
616
592
602
605
602
613
598
601
600
601
605
604
608
604
612
600
604
603
603
605
600
603
598
596
604
601
597
598
600
599
611
605
598
596
608
599
602
596
597
605
603
605
602
602
596
601
606
608
601
600
605
604
601
603
604
605
605
606
601
602
592
605
601
598
606
602
605
607
605
599
604
604
610
598
597
602
593
598
609
611
609
595
607
598
607
600
595
610
602
605
610
612
612
593
607
611
615
602
617
613
607
611
620
622
610
603
604
624
616
610
601
609
621
595
609
614
605
612
615
610
612
612
606
619
619
614
628
614
615
617
608
621
619
628
630
608
607
611
633
635
624
632
602
628
630
627
627
624
643
637
613
623
630
650
620
627
651
638
627
661
647
650
650
661
621
652
649
653
645
650
670
690
666
665
658
652
674
667
679
681
679
677
688
679
693
686
705
699
713
691
717
712
707
730
732
742
743
727
740
735
751
782
767
768
756
775
751
802
788
788
808
821
761
783
813
841
816
822
861
882
876
881
913
896
892
889
896
913
913
914
931
961
995
975
947
964
1054
1008
1032
1041
1019
1022
1048
1097
1123
1104
1120
1125
1120
1116
1154
1183
1125
1211
1139
1209
1156
1283
1254
1265
1250
1313
1313
1362
1299
1361
1361
1373
1412
1401
1417
1454
1454
1438
1454
1519
1521
1535
1537
1524
1571
1592
1592
1618
1635
1656
1637
1695
1706
1757
1679
1679
1737
1672
1740
1781
1823
1875
1823
1836
1881
1824
1846
1863
1902
1936
1893
1915
2038
1918
1960
1893
1908
1940
1964
2027
2053
2059
2010
2047
2089
2055
1995
2044
2098
2062
2102
2170
2141
2137
2123
2113
2164
2156
2154
2156
2166
2178
2084
2163
2135
2177
2147
2160
2091
2123
2202
2215
2186
2193
2192
2257
2214
2181
2195
2164
2155
2160
2240
2252
2161
2178
2143
2177
2126
2203
2305
2205
2170
2166
2205
2265
2259
2289
2196
2220
2281
2183
2149
2242
2183
2216
2174
2111
2124
2169
2203
2097
2159
2075
2060
2107
2184
2179
2102
2102
2207
2147
2061
2113
2160
2041
2091
2096
2172
2076
2108
2143
2086
2132
2045
2030
2040
2047
2003
1986
2059
1985
1971
2011
2096
2011
1931
1967
1966
1866
1969
1860
1918
1932
1911
1910
1852
1895
1962
1936
1904
1868
1818
1914
1853
1821
1817
1840
1842
1787
1833
1816
1758
1811
1753
1782
1803
1784
1782
1752
1679
1663
1761
1729
1733
1684
1590
1680
1681
1626
1689
1648
1616
1585
1655
1628
1616
1576
1476
1509
1553
1558
1527
1521
1464
1540
1509
1402
1473
1485
1448
1392
1404
1414
1437
1410
1483
1382
1395
1370
1378
1312
1433
1388
1341
1307
1322
1310
1339
1310
1278
1298
1323
1286
1274
1241
1244
1277
1244
1210
1185
1209
1161
1141
1203
1207
1160
1141
1140
1216
1105
1154
1125
1120
1167
1095
1156
1080
1081
1068
1093
1085
1019
1034
1059
1048
1046
1021
1016
1009
991
1002
994
1027
992
1033
940
971
940
972
964
925
916
964
941
930
919
987
951
937
936
898
892
914
916
854
863
874
925
897
881
879
877
880
870
831
857
847
859
844
839
825
811
818
848
819
831
853
819
817
805
803
818
830
812
794
796
787
804
810
812
820
808
783
784
748
785
751
773
759
749
756
792
736
729
753
745
724
734
749
745
721
736
702
708
738
734
701
711
744
699
728
718
720
693
733
732
732
717
709
694
686
715
691
685
671
685
685
694
683
679
688
681
665
703
668
694
682
700
679
667
698
663
655
655
661
658
663
650
650
662
684
643
661
685
657
668
663
667
651
667
661
641
654
665
661
649
654
649
658
637
642
644
658
643
640
641
632
641
653
629
648
644
659
641
642
653
636
648
658
627
631
641
642
639
630
639
638
610
625
642
630
631
622
639
617
637
638
622
629
626
622
628
635
627
634
629
626
627
620
632
623
627
623
619
630
621
620
623
609
627
620
615
626
617
619
636
625
622
615
623
616
615
618
624
609
621
620
609
616
614
612
618
618
606
617
612
605
622
624
605
631
613
624
623
612
621
613
615
610
613
611
615
617
609
615
615
600
621
593
614
612
616
617
604
606
619
613
608
616
614
607
619
613
613
608
613
612
606
615
608
613
608
605
609
597
605
610
613
606
610
621
611
612
595
609
601
613
613
604
601
609
604
607
621
610
617
603
608
606
610
610
600
595
605
597
608
605
612
614
603
598
605
603
601
596
602
596
595
607
604
602
603
597
606
603
605
604
602
603
603
605
607
617
607
607
607
602
606
605
598
605
594
609
606
599
603
607
604
604
605
607
606
605
603
604
607
603
601
605
596
598
602
603
605
607
600
606
600
604
607
606
615
602
603
602
597
600
608
607
600
605
609
600
610
598
598
612
598
607
602
602
606
604
598
604
596
604
603
595
601
595
604
598
610
603
597
603
603
602
595
602
593
597
597
605
595
603
597
595
600
594
600
599
601
588
594
593
598
609
604
596
600
597
601
595
606
605
599
602
597
606
609
604
607
595
608
599
601
602
597
606
598
597
597
599
606
601
601
604
605
600
604
604
602
600
604
599
601
599
597
602
597
610
600
601
603
587
600
598
600
611
589
600
604
604
597
601
609
603
599
604
605
597
604
604
595
600
601
605
606
603
606
601
600
601
597
604
