600
599
599
606
606
593
601
595
600
604
597
594
610
597
599
607
601
601
596
592
597
600
598
604
594
608
604
604
596
603
603
605
610
607
605
609
600
600
599
599
607
607
601
605
600
603
602
600
604
609
608
602
602
598
600
603
597
594
606
595
601
592
600
599
597
608
603
598
610
593
592
610
598
595
600
600
602
597
597
602
598
600
606
600
595
598
592
597
603
597
598
603
596
594
602
602
604
591
607
605
599
596
593
592
600
598
613
596
596
595
600
601
601
596
597
602
602
603
605
591
601
596
598
609
609
594
596
598
605
602
599
603
597
602
607
598
600
598
605
596
596
596
601
600
600
602
601
601
602
600
595
594
602
599
599
604
603
593
596
601
601
600
599
594
602
603
608
603
587
598
597
605
600
602
605
603
609
595
599
599
600
595
601
603
599
602
598
598
594
599
602
602
600
605
593
605
604
597
601
595
602
595
597
595
603
596
608
604
598
597
601
599
600
597
606
607
594
599
597
598
602
599
600
603
600
605
598
604
605
599
595
601
603
596
597
596
594
601
596
598
603
593
594
601
600
607
606
600
601
597
599
599
601
603
605
606
602
601
609
596
592
600
603
610
596
599
598
602
598
601
597
605
600
609
605
594
607
606
607
596
603
597
603
602
594
605
603
594
611
604
600
609
607
606
603
599
597
610
600
602
604
601
598
593
603
603
598
606
605
604
600
605
605
603
606
597
602
603
601
601
606
606
601
604
605
602
603
598
601
603
602
606
600
604
604
602
603
595
608
592
603
604
592
596
604
601
611
601
605
592
606
601
600
608
605
611
609
606
610
613
611
609
611
608
603
608
598
613
616
596
601
602
605
609
618
614
600
608
608
607
606
610
608
614
607
617
609
622
603
600
619
599
624
614
620
608
615
609
618
615
637
617
620
613
621
615
606
607
618
603
631
609
613
625
622
622
623
627
629
608
627
628
634
630
638
627
649
633
649
635
648
628
639
645
626
646
675
645
664
668
661
666
666
673
662
663
671
679
690
689
669
668
673
682
689
698
707
701
719
697
699
720
699
740
742
733
721
734
750
755
748
743
746
728
767
764
770
800
768
776
798
775
817
837
847
801
831
874
852
855
856
885
879
878
893
880
890
888
934
916
945
995
982
955
945
980
965
994
1021
975
1057
1032
1088
1055
1113
1072
1127
1106
1113
1188
1148
1148
1188
1217
1171
1211
1191
1304
1253
1282
1289
1308
1347
1315
1341
1331
1324
1369
1423
1407
1444
1379
1484
1457
1500
1464
1516
1553
1568
1560
1558
1574
1575
1657
1584
1648
1680
1750
1699
1779
1668
1788
1817
1805
1781
1923
1890
1903
1971
1839
1947
1921
2058
1924
2023
2048
2077
1990
2020
2076
2096
2088
2162
2096
2096
2178
2177
2190
2167
2183
2293
2252
2256
2245
2267
2378
2316
2225
2263
2309
2305
2197
2316
2291
2284
2328
2251
2369
2343
2478
2391
2420
2364
2471
2360
2413
2482
2391
2401
2360
2439
2432
2484
2487
2395
2411
2374
2494
2442
2482
2503
2511
2451
2441
2434
2400
2555
2514
2457
2390
2403
2456
2465
2452
2468
2426
2464
2429
2453
2472
2410
2487
2387
2444
2462
2493
2423
2471
2375
2367
2348
2494
2491
2442
2378
2407
2393
2289
2368
2441
2327
2326
2389
2395
2310
2358
2267
2350
2301
2351
2342
2400
2339
2261
2226
2240
2381
2230
2350
2235
2327
2267
2291
2201
2192
2252
2252
2255
2165
2123
2225
2245
2204
2123
2175
2127
2110
2180
2099
2139
2127
2218
2073
2200
2051
2084
2095
2117
2091
2018
2045
2018
1966
1936
1969
1959
2012
1983
2012
1906
1902
1933
1948
1789
1877
1904
1858
1823
1807
1910
1795
1856
1778
1745
1827
1806
1825
1712
1794
1723
1712
1684
1634
1756
1696
1654
1620
1638
1647
1522
1687
1655
1660
1631
1568
1595
1546
1524
1559
1524
1482
1483
1497
1457
1440
1470
1499
1439
1443
1486
1464
1460
1449
1347
1376
1386
1355
1366
1358
1314
1267
1290
1288
1351
1336
1285
1254
1280
1256
1240
1247
1165
1229
1183
1239
1248
1207
1190
1190
1144
1146
1165
1180
1116
1158
1094
1115
1102
1113
1058
1110
1111
1059
1106
1096
1056
1080
1033
1062
1061
1018
1050
1040
1003
1015
1021
1001
1005
1025
962
954
968
965
984
965
957
947
946
921
929
939
896
922
954
927
901
898
863
912
931
899
893
919
891
891
855
904
869
876
893
836
869
824
851
843
828
829
815
854
845
803
820
817
809
806
843
806
830
815
791
778
819
807
771
744
792
767
781
768
752
770
760
752
745
756
758
738
745
744
737
729
751
744
753
740
721
707
755
738
703
727
716
725
724
701
718
694
724
707
697
721
703
692
689
670
675
707
708
679
696
704
692
697
688
715
675
675
678
677
682
659
686
694
694
665
657
681
675
671
667
662
653
677
662
657
679
653
650
658
651
651
658
648
662
655
662
652
655
649
665
644
643
649
630
652
647
645
644
662
643
636
644
642
640
637
639
649
636
654
632
629
634
651
641
632
635
637
629
648
639
634
642
624
648
631
640
629
638
637
627
637
633
628
645
621
626
632
650
624
629
617
626
624
631
618
625
622
630
623
615
608
632
617
620
625
620
619
616
616
615
612
624
620
623
610
614
606
619
609
613
602
622
614
611
613
622
610
612
609
610
614
629
615
617
603
629
605
613
614
615
610
614
610
614
616
617
601
625
610
603
613
617
612
606
610
609
616
615
618
610
610
610
599
607
617
605
611
610
613
615
606
616
608
610
601
610
610
608
606
616
602
605
602
608
608
600
598
607
598
617
613
597
617
610
605
610
604
613
605
611
609
596
604
604
603
607
605
605
606
603
611
594
598
609
605
605
608
607
600
611
608
602
610
607
606
587
607
615
606
603
603
595
595
600
599
603
603
603
611
601
604
606
602
611
606
613
590
601
615
610
593
603
599
603
602
604
606
607
604
602
594
597
599
611
602
598
605
594
605
603
597
605
606
606
604
606
596
598
601
602
595
605
611
606
591
603
598
593
596
597
598
598
607
606
597
605
608
608
603
601
597
610
599
591
598
600
596
605
603
605
598
606
603
602
596
603
597
597
597
602
604
598
603
600
606
597
598
605
605
602
602
605
597
595
603
596
600
602
596
602
603
609
599
594
606
597
607
612
609
598
610
605
593
601
603
610
599
601
600
599
603
610
606
608
596
605
600
597
595
596
602
604
609
595
596
591
605
595
597
599
600
597
598
599
599
600
593
605
600
601
598
594
599
599
602
606
603
598
594
603
