597
602
594
601
606
608
597
601
606
604
607
603
603
600
610
598
604
597
606
598
605
597
607
596
604
595
603
613
603
601
609
595
599
600
609
601
595
594
598
605
604
605
604
597
603
603
585
603
596
603
595
601
604
604
594
603
602
606
601
603
602
600
600
607
603
602
600
600
604
601
602
605
607
597
608
603
599
602
605
601
609
601
601
600
594
603
597
608
602
607
600
600
596
605
596
598
604
606
600
603
609
594
599
593
596
600
594
602
602
600
601
596
596
604
599
597
600
598
603
603
603
605
601
596
602
603
599
603
597
601
602
593
598
610
603
595
603
601
600
607
598
603
594
593
606
600
603
604
609
600
607
595
590
607
600
602
601
602
600
597
604
601
604
602
592
603
592
601
592
603
600
603
592
599
598
601
604
599
595
601
596
606
612
594
599
598
595
589
591
599
595
601
598
604
592
605
599
602
602
595
596
610
601
602
595
596
597
600
602
602
599
601
607
599
607
604
598
598
600
597
599
613
611
612
592
593
603
598
604
598
589
592
595
593
596
599
596
600
601
598
601
600
596
608
615
603
603
595
598
604
599
592
600
604
603
608
600
607
606
604
611
609
600
604
600
601
612
596
603
605
602
605
602
611
601
606
602
609
598
601
594
596
600
602
608
601
612
601
595
600
603
606
607
607
610
603
599
599
597
601
598
606
603
606
603
599
602
603
606
602
597
605
597
607
597
601
600
606
606
609
610
601
602
598
596
603
601
600
604
601
602
602
603
607
606
604
605
593
607
614
604
613
603
607
601
612
606
608
601
590
611
612
611
600
607
604
611
600
597
602
609
597
601
603
607
612
610
603
608
613
605
607
610
610
600
615
613
607
611
617
611
612
613
627
603
606
607
622
623
620
612
607
607
616
601
611
621
616
627
632
622
623
616
620
622
621
626
614
623
622
617
625
618
617
619
637
629
641
626
631
637
652
630
631
625
650
650
646
642
626
657
648
657
652
649
645
652
656
654
659
660
679
653
670
670
694
674
693
675
683
692
704
709
698
709
719
725
707
725
721
733
718
720
727
730
714
754
784
783
739
769
763
749
790
774
784
787
813
831
833
835
841
849
872
826
836
861
869
894
870
868
884
904
899
909
941
942
955
1008
963
1028
974
998
1025
1083
1037
1026
1024
1078
1110
1127
1082
1122
1132
1107
1122
1173
1162
1210
1179
1252
1238
1261
1316
1346
1286
1364
1339
1301
1461
1365
1423
1447
1428
1409
1451
1423
1467
1501
1492
1538
1583
1585
1653
1635
1696
1679
1782
1713
1732
1750
1719
1785
1735
1780
1840
1855
1863
1828
1918
1894
1918
1934
1964
1911
1953
2084
2101
2114
2116
1999
2184
2156
2206
2215
2088
2279
2231
2168
2265
2196
2345
2327
2342
2302
2454
2415
2466
2394
2427
2425
2510
2576
2485
2483
2476
2503
2513
2572
2537
2436
2584
2518
2512
2609
2536
2557
2569
2590
2766
2695
2653
2654
2698
2672
2721
2686
2659
2626
2616
2633
2709
2590
2789
2653
2736
2690
2698
2639
2619
2727
2735
2735
2707
2761
2819
2739
2692
2660
2847
2698
2848
2672
2696
2733
2789
2639
2746
2681
2597
2784
2667
2728
2720
2749
2681
2738
2796
2723
2680
2725
2592
2599
2670
2734
2688
2703
2592
2653
2708
2736
2552
2479
2599
2607
2611
2574
2590
2557
2548
2580
2668
2572
2465
2554
2489
2503
2534
2527
2442
2556
2554
2506
2515
2394
2365
2474
2379
2402
2316
2485
2427
2445
2369
2396
2400
2392
2313
2357
2303
2272
2358
2282
2218
2291
2286
2268
2166
2243
2339
2257
2191
2158
2203
2135
2182
2197
2152
2302
2104
2110
2106
2066
2090
2067
2012
1997
2051
2059
2046
2063
2022
2004
1990
1975
1964
2009
1908
1936
1895
1946
1942
1799
1876
1811
1864
1800
1771
1845
1858
1767
1857
1679
1756
1761
1622
1723
1686
1714
1652
1701
1642
1641
1645
1729
1658
1596
1561
1594
1588
1560
1573
1607
1546
1503
1556
1508
1475
1427
1501
1415
1402
1462
1373
1458
1414
1430
1409
1338
1452
1355
1378
1369
1324
1294
1292
1358
1250
1278
1294
1222
1249
1270
1183
1228
1228
1216
1231
1145
1173
1189
1139
1167
1098
1104
1148
1145
1097
1130
1090
1048
1111
1078
1104
1050
1047
1084
1133
1060
1017
1098
1061
1048
1034
1024
1023
991
953
987
1021
966
965
962
1004
938
974
956
964
952
916
936
907
943
910
899
932
919
891
944
911
943
899
893
889
880
898
854
840
877
857
888
833
860
846
834
861
821
817
836
843
814
789
855
818
813
813
786
774
830
793
799
814
805
794
770
789
783
771
778
751
773
754
759
778
783
750
754
757
754
740
745
746
737
758
740
705
716
727
721
709
712
723
707
713
730
687
737
697
736
711
677
710
701
709
707
680
703
682
681
702
706
705
704
706
682
690
670
672
696
691
668
675
670
676
689
665
666
677
685
690
666
654
666
650
657
674
661
661
672
676
651
653
643
656
642
669
659
640
632
645
646
653
651
635
655
644
642
637
666
647
657
648
632
651
652
645
645
636
644
642
629
631
644
631
629
649
624
631
630
639
634
635
646
638
635
644
639
621
641
634
620
633
622
624
629
620
624
627
627
619
632
621
635
623
626
624
615
611
624
620
630
626
622
622
626
621
607
623
619
628
616
612
619
619
613
614
627
627
632
619
618
617
609
627
615
624
629
621
607
615
628
604
614
615
615
615
611
609
622
613
617
613
612
613
615
606
624
603
613
610
613
625
615
607
611
607
613
612
609
611
615
613
617
614
607
603
607
610
609
610
614
601
609
618
607
601
593
604
615
610
602
609
604
614
614
610
609
616
614
609
610
610
613
603
610
602
614
607
603
611
606
611
617
601
613
609
594
603
605
599
600
605
610
610
605
600
603
604
617
603
607
598
607
603
609
613
598
605
609
605
599
604
601
612
609
602
613
607
611
602
601
601
598
608
611
601
596
605
603
604
607
611
606
604
618
605
607
610
606
605
605
604
600
607
596
599
603
593
596
596
601
599
602
598
604
598
609
603
596
603
602
602
597
603
613
596
607
611
605
604
609
604
598
609
603
606
612
608
604
603
601
607
598
599
598
594
598
599
598
612
597
594
604
596
609
604
605
604
606
600
602
609
604
604
613
606
609
596
605
596
607
598
603
600
594
607
599
603
604
606
599
606
604
599
598
600
606
598
597
599
600
602
597
602
601
605
597
597
601
607
600
597
594
607
602
605
598
601
605
602
600
595
602
604
598
603
599
607
602
597
596
595
604
601
601
596
597
603
606
605
