603
601
600
605
603
595
604
606
602
599
603
600
601
602
606
600
600
602
599
607
594
599
595
601
605
593
591
601
598
598
595
600
606
604
597
609
598
611
602
592
604
604
603
601
609
598
594
600
590
607
598
602
600
594
601
598
591
602
599
604
605
612
603
611
603
610
605
596
611
602
605
600
607
606
607
603
604
601
603
600
603
591
602
603
601
601
607
595
601
601
603
602
600
607
603
607
601
599
596
604
594
605
604
598
599
599
598
596
599
598
600
603
602
598
605
608
603
598
599
605
607
599
591
593
595
593
597
598
592
605
598
598
594
595
609
601
598
601
602
598
603
593
603
604
601
604
598
604
597
604
604
601
596
598
601
608
601
601
595
603
597
596
597
609
603
604
603
596
599
600
603
595
594
602
585
596
600
593
598
601
610
595
598
597
602
605
603
601
596
599
601
602
604
605
596
601
601
602
597
598
592
600
597
603
606
601
597
601
595
603
602
600
603
602
598
603
606
603
609
590
598
597
607
592
606
595
600
604
599
611
600
602
589
604
600
604
604
600
597
594
603
603
598
598
604
604
601
609
603
597
601
607
600
598
602
595
603
605
606
599
600
606
600
605
602
594
601
594
602
603
594
603
606
600
597
603
598
596
604
598
600
605
609
602
600
595
606
589
598
601
602
601
603
597
608
594
593
598
602
604
600
592
598
598
600
593
593
601
605
609
600
605
591
604
599
596
605
602
599
599
597
602
603
597
605
611
604
609
606
604
601
604
601
614
607
606
602
602
604
597
597
604
598
601
602
604
610
598
604
599
603
601
600
607
610
596
600
606
612
600
600
602
606
603
611
592
596
608
594
615
613
602
604
610
606
609
605
607
603
602
605
616
606
607
612
606
617
614
621
618
612
610
617
617
618
625
618
617
622
611
619
618
613
633
620
622
635
628
627
620
628
635
633
625
627
628
635
633
620
656
626
641
631
640
631
644
636
636
631
645
646
644
653
665
640
640
633
671
643
663
647
672
658
656
674
673
675
667
672
671
679
688
686
694
691
675
727
701
724
690
735
728
734
703
742
730
717
735
723
708
740
784
753
736
785
759
787
814
788
800
787
796
794
819
817
851
844
826
852
847
904
820
880
926
891
875
907
949
882
930
967
961
967
985
1006
966
970
973
1032
1033
1015
985
987
1100
1042
1065
1086
1142
1110
1120
1156
1198
1188
1200
1197
1216
1203
1161
1268
1253
1313
1307
1259
1279
1383
1319
1385
1325
1343
1381
1522
1479
1483
1417
1473
1527
1503
1530
1533
1572
1615
1567
1603
1632
1656
1623
1601
1654
1751
1706
1777
1801
1829
1838
1786
1869
1831
1812
1927
1925
1948
1944
2023
1969
2107
1993
2047
1973
2104
2063
2023
2129
2066
2127
2094
2206
2128
2171
2184
2128
2212
2229
2285
2264
2366
2357
2254
2327
2191
2144
2264
2363
2369
2348
2311
2341
2329
2337
2384
2389
2461
2416
2462
2517
2471
2422
2492
2479
2466
2468
2368
2434
2408
2506
2476
2461
2515
2425
2462
2474
2522
2460
2491
2422
2481
2525
2549
2554
2474
2539
2417
2593
2562
2438
2488
2513
2514
2494
2442
2491
2532
2413
2471
2504
2528
2560
2461
2443
2531
2466
2482
2481
2514
2364
2534
2432
2483
2449
2481
2409
2393
2430
2400
2465
2402
2373
2319
2448
2334
2459
2376
2389
2329
2449
2356
2327
2308
2389
2276
2312
2341
2311
2342
2348
2264
2306
2337
2273
2307
2327
2193
2286
2186
2221
2202
2084
2181
2221
2295
2269
2214
2193
2105
2191
2222
2148
2053
2103
2066
2101
2127
2060
2068
2019
2132
1983
1998
1983
2023
2054
1996
1977
2010
2041
1928
1908
1969
1994
1909
1897
1934
1843
1937
1927
1811
1812
1838
1754
1712
1799
1771
1680
1775
1815
1813
1791
1785
1729
1754
1747
1735
1630
1604
1745
1690
1631
1668
1628
1521
1578
1553
1572
1578
1609
1563
1565
1567
1526
1552
1527
1500
1527
1490
1436
1406
1444
1417
1388
1430
1461
1354
1339
1417
1370
1338
1371
1310
1296
1351
1320
1355
1290
1349
1227
1248
1295
1277
1304
1241
1232
1224
1206
1260
1249
1205
1172
1190
1196
1133
1155
1167
1111
1137
1096
1128
1131
1084
1121
1072
1123
1078
1096
1045
1058
1046
1105
1075
1051
1077
1072
1006
1013
1019
993
1036
1013
1026
1037
1017
1009
949
995
996
949
964
925
924
905
953
976
934
917
949
932
910
930
879
923
905
866
904
900
892
893
890
873
856
863
858
849
884
881
840
818
852
841
859
832
819
812
857
812
839
826
829
830
803
781
805
802
805
792
785
796
799
760
761
777
760
785
780
753
747
772
758
757
768
736
769
745
720
747
728
712
742
718
721
713
719
733
735
713
723
694
727
728
712
715
703
717
693
698
702
707
682
701
689
697
704
678
696
706
688
693
677
681
716
667
688
686
688
652
685
649
695
674
685
661
651
665
672
657
658
662
661
665
658
659
650
643
671
653
673
652
662
650
665
652
656
657
648
659
647
662
644
648
650
648
647
629
670
648
639
643
658
656
639
650
640
648
640
637
642
635
637
627
640
640
643
640
628
639
620
643
636
632
641
635
627
643
631
636
624
639
629
624
632
632
626
608
618
633
623
635
627
620
629
623
629
619
610
625
622
623
627
617
617
618
617
626
615
625
607
623
610
614
627
615
632
621
611
624
603
617
618
604
607
621
614
628
620
609
612
603
610
610
615
613
607
619
624
616
611
616
609
618
621
606
610
608
610
628
623
615
608
613
598
610
620
612
615
613
608
613
603
612
606
604
613
603
602
618
607
606
599
612
612
617
609
602
607
601
619
606
613
604
605
613
611
600
621
618
607
610
610
612
608
613
602
598
606
615
606
606
607
603
613
596
613
605
601
600
606
608
595
599
603
598
603
609
604
602
608
602
611
615
605
606
609
601
614
590
601
602
605
610
606
607
599
604
603
610
603
604
605
602
607
599
598
609
603
600
595
601
603
605
606
612
603
596
611
599
605
602
603
605
599
592
598
603
601
596
603
595
596
589
604
601
598
600
595
599
598
605
610
600
601
606
597
609
598
609
598
604
599
604
602
602
601
607
605
596
605
596
604
610
594
605
601
598
608
597
606
609
600
608
607
605
600
603
599
609
610
601
602
601
598
596
599
605
603
600
603
599
602
601
598
599
605
593
596
603
602
604
606
598
598
596
605
594
602
602
603
602
598
603
605
598
602
604
597
603
600
589
601
604
599
608
604
603
607
606
607
607
600
605
598
602
605
602
598
602
601
598
602
603
594
603
595
600
