605
603
600
605
606
604
603
607
610
605
605
608
604
609
602
603
602
605
600
600
602
600
608
597
601
600
599
607
600
607
596
605
606
603
604
605
600
601
600
597
602
608
611
607
590
591
602
603
603
605
594
601
599
602
599
606
606
603
605
601
592
606
590
600
603
600
601
594
600
603
595
595
598
600
592
600
603
597
597
600
606
591
603
591
602
598
599
601
603
598
601
596
613
596
592
598
606
602
596
608
604
600
607
606
605
610
600
602
602
600
603
601
605
602
605
601
601
598
597
592
604
593
601
601
604
602
596
596
601
609
604
602
600
588
600
598
597
604
600
609
609
601
601
602
603
603
598
601
610
609
597
607
601
610
600
600
601
613
604
600
610
606
601
607
602
605
602
592
602
593
600
598
593
609
601
597
604
606
596
603
601
600
609
591
596
597
594
611
602
596
598
601
597
610
599
608
610
595
606
602
597
602
608
605
605
596
600
608
606
604
605
599
598
604
604
607
593
603
600
597
599
602
601
597
603
601
592
595
598
605
605
600
601
601
598
600
609
587
602
609
603
598
603
604
596
596
601
599
595
596
602
610
613
600
595
596
593
600
598
605
600
604
608
604
607
592
609
608
600
603
602
602
602
597
598
601
601
606
598
602
604
599
590
609
598
598
602
606
598
608
607
603
606
606
602
601
612
603
601
596
603
602
599
601
607
604
602
598
603
598
606
610
610
602
606
602
597
611
600
604
604
603
602
594
604
592
602
606
603
600
595
602
601
603
610
603
602
602
601
610
602
612
611
603
604
602
615
609
601
612
602
609
612
603
604
596
605
611
610
612
590
615
604
606
603
605
615
602
604
604
602
616
610
607
613
621
622
615
609
612
615
620
613
607
610
618
609
612
615
615
605
611
604
621
624
616
631
618
624
613
621
620
628
626
629
638
617
624
627
635
624
624
633
636
620
624
642
627
641
629
644
644
635
646
638
650
659
636
657
638
645
652
637
659
671
658
664
675
678
672
680
656
674
681
686
688
685
689
697
706
692
716
702
704
697
720
705
725
701
708
731
758
744
758
727
759
766
784
770
787
763
768
772
790
808
792
804
825
816
876
832
851
854
841
908
883
905
853
880
907
917
929
958
932
950
966
951
1018
971
989
992
1046
1030
1004
1070
1065
1071
1052
1099
1081
1116
1129
1145
1179
1182
1208
1222
1272
1275
1267
1198
1353
1305
1322
1297
1314
1370
1304
1372
1443
1423
1464
1428
1498
1458
1516
1519
1493
1519
1576
1565
1624
1642
1659
1730
1738
1729
1770
1722
1784
1812
1816
1832
1917
1817
1863
1972
1948
1965
1929
1980
2090
2098
2027
2094
2159
2085
2130
2194
2263
2280
2324
2247
2246
2336
2267
2315
2365
2355
2241
2436
2508
2395
2518
2312
2495
2449
2520
2589
2554
2616
2613
2654
2678
2571
2558
2599
2659
2661
2696
2686
2780
2722
2742
2771
2720
2744
2773
2799
2768
2850
2883
2811
2907
2829
2808
2838
2751
2754
2811
2859
2857
2828
2813
2770
2833
2847
2815
2900
2808
2801
2775
2847
2952
2839
2896
2697
2866
2895
2774
2835
2911
2795
2985
2919
2814
2764
2776
2830
2775
2838
2877
2802
2795
2788
2775
2941
2827
2775
2813
2928
2885
2835
2856
2760
2753
2684
2763
2745
2737
2695
2803
2689
2787
2666
2784
2811
2759
2731
2619
2610
2646
2672
2629
2685
2761
2792
2656
2650
2662
2671
2620
2663
2648
2641
2679
2631
2647
2465
2628
2547
2514
2406
2484
2509
2478
2523
2513
2532
2553
2448
2452
2493
2498
2421
2429
2314
2387
2330
2320
2382
2292
2349
2327
2380
2235
2239
2177
2171
2138
2195
2257
2201
2262
2194
2221
2083
2170
2114
2073
2164
2074
2034
2047
2086
2011
2018
2041
1979
1898
1976
1988
1988
2021
1927
1955
1951
1933
1878
1871
1926
1847
1872
1799
1819
1747
1877
1809
1721
1771
1779
1765
1680
1690
1718
1673
1660
1624
1646
1724
1622
1607
1677
1589
1520
1604
1539
1508
1541
1552
1475
1460
1497
1517
1535
1453
1443
1378
1348
1427
1390
1411
1370
1403
1373
1323
1356
1341
1372
1370
1380
1297
1267
1282
1247
1157
1282
1261
1263
1189
1272
1213
1208
1166
1137
1159
1116
1143
1109
1126
1100
1154
1160
1132
1092
1123
1159
1142
1129
1119
1118
1039
1048
1028
1046
957
1077
1012
969
1005
992
1008
1026
1002
1003
963
966
1002
1004
968
950
939
963
943
931
929
961
964
978
899
906
884
904
862
910
908
867
858
877
879
880
834
877
863
851
841
817
882
836
881
855
843
818
847
817
815
799
819
835
787
773
800
819
787
815
773
811
794
801
766
783
773
784
777
788
797
751
765
796
757
787
710
749
753
757
772
714
737
742
721
705
737
734
741
717
743
730
727
724
698
720
706
709
702
697
690
686
713
693
695
715
696
696
675
724
696
702
672
675
678
688
702
684
682
687
659
678
670
670
668
689
675
675
695
672
673
685
648
669
663
652
678
674
664
652
645
657
662
654
660
661
659
649
646
662
655
673
652
667
645
650
656
643
658
639
629
645
638
641
651
647
628
646
635
634
642
652
635
636
641
631
641
634
624
635
639
654
636
627
652
631
632
640
625
639
624
634
627
629
612
629
631
619
644
626
625
637
625
619
617
614
634
624
624
630
611
624
615
621
631
629
611
609
613
617
631
608
614
604
613
616
634
639
614
623
605
621
614
621
605
624
618
616
618
617
610
616
606
617
614
608
609
615
628
612
607
605
619
611
609
613
614
613
614
609
624
628
614
615
603
616
608
608
603
610
603
618
617
615
600
609
609
604
610
611
609
604
596
611
612
610
610
611
604
616
608
615
610
606
615
602
612
612
607
608
605
618
616
606
606
610
616
605
600
612
600
601
612
603
596
600
608
610
600
610
602
606
606
607
605
601
601
610
607
599
609
602
605
604
606
604
616
601
610
608
600
611
606
606
606
601
603
608
598
604
600
603
605
610
604
604
611
607
606
613
607
603
612
598
598
608
594
595
602
612
603
606
601
607
601
598
610
603
605
606
604
597
614
612
596
613
603
610
602
602
607
596
600
601
605
598
602
600
594
602
607
592
604
596
609
609
603
601
598
605
609
594
603
606
601
596
608
592
601
601
599
602
598
605
598
601
597
612
604
601
596
592
598
603
610
593
613
604
604
600
597
603
609
600
604
601
603
609
608
598
600
602
611
613
610
592
608
603
603
599
606
605
607
604
602
601
602
601
603
604
602
600
601
607
604
603
609
601
600
594
604
601
603
602
603
604
606
598
603
603
612
605
596
599
596
