608
602
610
605
606
608
597
601
598
602
603
602
600
603
607
605
598
609
601
610
605
598
598
590
604
600
606
607
604
607
597
594
597
598
608
600
603
609
600
610
606
606
606
601
606
599
611
603
593
599
603
596
600
597
593
611
601
599
608
605
597
599
602
605
602
597
600
590
605
588
599
602
613
599
608
603
600
606
602
599
606
598
597
604
602
600
605
594
598
602
599
594
599
593
596
598
602
604
597
600
601
607
609
596
606
600
605
599
604
601
602
612
611
615
605
602
600
599
596
593
594
596
607
604
602
604
608
595
604
597
595
607
597
600
609
595
601
608
591
596
596
595
602
594
601
607
607
605
608
602
599
606
606
611
602
595
600
595
605
603
605
587
605
601
607
604
594
596
601
592
597
595
599
601
611
597
599
608
601
606
597
599
604
607
612
596
605
599
596
609
604
601
604
607
601
615
602
602
600
603
601
604
602
601
609
605
600
609
603
597
599
601
601
594
597
600
599
606
596
592
603
607
596
602
597
602
598
597
601
606
613
602
597
603
600
607
599
603
610
606
609
606
602
606
603
595
598
608
596
601
604
614
599
606
607
607
602
599
601
594
603
610
599
603
599
605
603
592
603
601
601
602
611
604
607
607
603
594
600
600
606
601
594
600
609
593
611
598
594
605
599
603
606
598
605
601
596
613
607
603
607
603
598
612
607
603
604
604
594
596
606
600
598
606
598
599
608
606
605
616
604
596
610
606
611
597
598
609
617
601
603
605
601
602
612
598
601
607
605
608
605
611
601
610
609
608
596
614
610
597
601
604
604
604
615
604
613
607
599
607
601
607
602
608
604
612
609
612
621
610
601
612
605
610
605
609
611
606
610
620
619
618
614
610
623
608
623
613
612
618
614
624
610
620
612
619
607
610
613
622
631
614
637
625
614
616
633
623
621
615
628
639
633
626
630
632
627
619
639
632
639
624
623
646
628
639
624
646
640
648
642
639
643
641
657
674
663
652
649
646
665
672
667
681
673
677
672
674
680
685
680
694
689
715
687
703
713
723
721
720
722
718
727
703
729
729
760
767
742
749
744
792
744
754
803
800
795
796
815
796
815
806
834
820
846
847
839
857
871
872
882
901
875
916
920
933
953
901
975
923
986
927
971
968
975
1003
1050
1008
1053
1021
1047
1050
1074
1090
1154
1098
1101
1122
1157
1164
1168
1255
1218
1240
1213
1253
1221
1241
1266
1291
1355
1337
1312
1375
1412
1422
1440
1421
1396
1455
1429
1501
1520
1547
1546
1558
1591
1618
1574
1647
1699
1700
1664
1746
1726
1627
1894
1810
1828
1782
1812
1935
1956
1947
1896
2001
2023
2021
2014
2015
2049
2120
2057
2046
2059
2005
2108
2092
2196
2082
2189
2209
2133
2296
2289
2277
2206
2300
2344
2395
2411
2353
2479
2387
2433
2436
2502
2413
2557
2504
2459
2587
2480
2478
2533
2460
2473
2521
2568
2597
2549
2632
2520
2579
2671
2544
2568
2519
2616
2549
2484
2548
2734
2644
2578
2518
2701
2629
2608
2637
2642
2642
2642
2712
2734
2740
2649
2643
2564
2682
2558
2660
2632
2642
2475
2633
2620
2684
2643
2610
2601
2533
2638
2612
2539
2634
2609
2618
2542
2783
2600
2577
2583
2654
2614
2560
2610
2507
2680
2574
2631
2623
2497
2525
2550
2647
2516
2570
2600
2422
2472
2455
2510
2555
2489
2452
2504
2503
2490
2443
2480
2511
2414
2400
2412
2325
2432
2397
2430
2363
2433
2373
2469
2298
2411
2320
2410
2297
2232
2315
2339
2288
2250
2297
2162
2304
2268
2170
2186
2199
2101
2207
2161
2160
2223
2186
2143
2114
2173
2150
2155
2015
2062
2165
2047
2019
2046
2126
2093
2083
2085
1954
2083
1976
1997
1896
1879
2009
1995
1813
1917
1818
1824
1854
1832
1858
1839
1803
1781
1813
1792
1792
1681
1673
1709
1774
1730
1699
1561
1733
1665
1583
1681
1566
1645
1674
1647
1619
1644
1619
1541
1535
1543
1536
1513
1537
1530
1506
1457
1520
1501
1423
1454
1428
1418
1413
1419
1425
1364
1393
1345
1328
1342
1284
1339
1339
1346
1286
1302
1313
1258
1264
1295
1284
1285
1225
1212
1157
1269
1236
1192
1143
1116
1191
1204
1150
1147
1090
1095
1189
1168
1067
1156
1108
1119
1095
1074
1077
1062
1073
1067
1059
1060
1062
1000
1064
1019
1023
1010
1033
994
1035
979
1030
957
977
944
979
968
953
936
949
965
988
987
956
964
925
960
912
891
890
944
918
896
903
914
871
899
849
889
833
897
858
872
908
860
878
836
878
858
836
798
842
818
826
827
810
819
803
815
826
782
819
817
761
801
777
778
768
802
786
778
759
791
754
758
766
760
749
751
798
739
745
749
736
740
741
706
730
730
715
735
730
719
726
719
706
721
730
731
703
694
709
701
685
696
718
674
701
683
704
682
699
696
705
698
684
689
672
698
705
674
684
670
680
689
700
675
671
661
691
675
684
685
673
671
663
675
658
671
680
641
654
665
668
651
652
645
665
652
676
660
657
649
659
657
658
651
675
632
649
647
669
633
650
651
639
632
640
645
651
648
662
629
656
628
646
635
649
642
631
645
628
623
645
625
644
639
625
622
630
639
633
629
628
621
636
641
626
643
622
621
630
633
623
623
643
629
623
633
624
627
619
623
638
623
639
631
625
628
618
609
609
620
619
618
630
617
620
630
613
620
616
620
611
618
614
623
616
610
630
614
604
608
616
606
621
616
618
614
615
611
616
608
616
624
610
614
613
623
614
613
622
613
617
602
616
614
608
610
613
620
615
609
606
610
605
617
606
615
611
611
611
608
608
613
610
609
608
602
616
606
612
610
613
606
606
613
604
610
615
597
602
607
610
598
602
608
605
602
600
622
612
604
608
605
608
599
611
609
604
607
610
606
612
606
612
607
606
613
612
612
600
606
607
595
604
602
599
607
605
613
607
606
599
607
597
619
608
609
603
608
604
620
611
608
609
600
599
607
597
607
613
596
601
596
606
604
606
594
604
601
605
599
609
606
603
600
605
597
598
612
610
601
605
602
600
603
597
604
604
601
598
607
601
607
596
600
606
595
604
606
606
598
599
599
602
603
608
612
603
600
610
599
612
606
602
595
602
596
604
597
603
603
596
605
606
597
601
601
599
604
600
593
600
600
594
599
603
598
602
600
590
604
597
598
602
606
604
612
597
606
602
595
606
604
601
599
610
606
603
596
601
604
601
591
601
602
601
602
598
610
598
598
605
591
601
602
599
604
604
610
596
603
595
597
612
607
600
601
600
604
600
607
602
604
602
613
602
