611
606
614
603
604
604
604
610
608
613
597
598
598
607
607
599
603
595
602
606
603
610
607
610
611
602
602
602
603
607
598
600
601
605
596
597
605
596
604
602
601
601
604
604
598
595
601
595
604
602
599
604
609
604
604
599
599
604
600
609
603
605
602
597
604
604
607
600
602
596
604
605
588
600
605
604
596
598
601
606
603
604
600
591
606
604
603
596
593
597
596
598
595
606
602
604
600
602
598
605
596
604
588
603
595
604
599
608
600
601
600
599
606
605
599
602
607
609
596
605
597
606
608
607
604
597
607
604
603
594
603
609
600
602
597
605
602
597
601
603
595
602
595
604
606
607
599
603
604
607
599
603
606
598
609
600
601
602
603
604
613
601
597
612
602
596
606
601
596
601
598
605
604
605
609
602
602
605
608
603
603
601
602
598
604
599
605
606
598
598
602
601
592
601
603
595
598
602
593
602
602
599
601
602
593
601
603
608
604
588
599
607
603
601
606
599
601
600
596
603
603
593
608
587
602
601
599
602
600
597
598
603
592
599
598
606
599
608
599
608
596
608
604
599
610
611
608
599
605
603
606
593
603
596
604
610
595
607
600
603
601
598
602
599
609
602
600
598
608
605
604
610
600
599
602
600
610
613
603
605
610
602
601
605
603
596
611
593
596
604
607
598
605
601
599
592
603
600
601
604
604
602
604
607
608
602
614
596
601
608
611
602
607
606
598
604
606
608
600
599
603
599
607
608
609
597
604
606
608
607
608
615
612
599
607
598
603
603
606
602
602
607
600
604
606
615
599
598
615
611
598
607
610
608
609
612
605
601
602
604
609
610
608
613
603
611
629
608
604
608
608
615
610
614
622
607
623
617
610
614
618
606
605
621
618
621
615
618
632
614
619
620
624
620
625
621
631
634
624
621
626
633
616
621
627
624
632
645
631
635
645
634
642
645
643
635
645
659
631
655
640
659
632
646
637
635
639
656
676
673
676
660
663
666
673
672
684
676
680
684
702
688
682
665
704
709
706
693
713
720
713
712
711
700
745
746
742
751
750
759
746
770
775
761
764
786
786
808
787
810
812
807
856
810
874
856
860
876
878
873
901
886
930
929
936
915
960
918
942
994
1006
984
992
1005
1032
999
1043
1068
1075
1069
1103
1100
1084
1174
1180
1124
1186
1142
1186
1240
1214
1250
1252
1292
1255
1311
1297
1341
1364
1348
1403
1337
1400
1432
1498
1457
1450
1541
1528
1516
1590
1630
1560
1631
1661
1710
1677
1614
1790
1780
1777
1794
1917
1864
1950
1984
2011
1957
1982
2017
2048
2076
2080
2078
2147
2133
2225
2219
2208
2212
2298
2312
2370
2412
2384
2341
2389
2516
2504
2468
2531
2641
2581
2559
2564
2697
2720
2581
2784
2686
2752
2817
2846
2867
2879
2889
2916
2877
2935
3050
2907
2978
3040
3045
3015
3153
3085
3051
2990
3045
3019
3235
3079
3193
3292
3207
3177
3194
3224
3215
3279
3273
3191
3230
3239
3290
3288
3263
3378
3269
3375
3351
3269
3280
3330
3380
3291
3273
3183
3225
3223
3228
3384
3302
3337
3368
3329
3247
3325
3443
3300
3386
3368
3278
3446
3362
3328
3261
3297
3330
3325
3307
3216
3407
3253
3273
3267
3285
3162
3239
3326
3231
3268
3242
3353
3293
3221
3179
3270
3229
3260
3228
3180
3120
3159
3034
3102
3064
3227
3100
3134
3274
3161
3028
3174
3126
3131
2980
3107
3108
3056
3066
3043
3049
2986
2984
2920
2942
2996
2936
2862
2926
2907
2891
2946
2918
2830
2752
2849
2887
2908
2816
2874
2892
2813
2877
2805
2732
2744
2692
2757
2631
2767
2586
2662
2536
2567
2635
2521
2654
2630
2606
2584
2487
2535
2494
2515
2534
2473
2441
2409
2446
2492
2272
2401
2232
2355
2402
2330
2290
2353
2193
2237
2252
2231
2214
2179
2228
2108
2271
2178
2175
2108
2083
2001
2103
2003
2020
2002
1959
2065
1896
1911
1930
1888
1938
1977
1839
1854
1860
1879
1883
1764
1806
1735
1763
1794
1749
1723
1766
1728
1683
1738
1668
1647
1639
1622
1617
1567
1540
1596
1613
1551
1526
1566
1599
1534
1478
1485
1467
1480
1417
1414
1398
1467
1381
1383
1375
1384
1368
1333
1296
1289
1375
1307
1330
1287
1301
1232
1242
1243
1266
1253
1256
1233
1257
1173
1185
1149
1183
1154
1163
1111
1142
1126
1148
1189
1101
1151
1118
1117
1044
1057
1102
1070
1019
1057
1073
1037
1050
1003
1074
1031
1026
1050
1013
1044
981
1021
1007
986
1012
923
962
973
968
964
948
940
913
940
998
919
953
895
913
937
898
907
917
910
907
888
882
883
908
839
847
892
868
843
832
834
837
855
836
811
852
823
803
794
806
821
798
789
784
812
808
815
789
787
798
804
770
779
787
778
763
743
753
747
751
751
735
776
750
730
753
742
723
730
735
736
693
724
730
715
718
731
709
704
722
724
695
700
723
719
680
691
702
696
679
693
701
702
692
701
718
692
700
698
686
687
692
677
680
688
666
699
680
673
670
684
679
681
671
670
656
661
685
678
681
659
668
663
675
673
654
662
686
674
657
650
645
649
645
649
668
654
654
637
665
667
661
646
645
664
654
638
654
651
653
653
651
646
626
647
659
640
639
641
639
650
639
633
653
637
636
632
638
624
637
649
641
647
637
643
645
626
620
635
630
626
640
633
627
627
621
629
621
619
636
620
627
640
621
627
634
632
618
620
618
625
625
635
625
623
629
625
611
629
613
624
611
625
613
624
620
618
614
614
606
636
623
615
633
618
630
610
616
616
615
612
623
608
622
616
615
605
614
620
616
614
603
604
611
617
612
616
613
633
614
619
616
620
612
608
616
610
603
616
602
618
622
611
605
604
614
603
621
610
604
606
612
613
608
610
616
606
605
607
612
604
611
607
609
608
599
604
606
604
613
604
608
600
604
610
606
607
604
610
606
615
607
601
605
606
612
608
604
610
603
598
604
609
602
611
602
608
608
597
605
606
612
597
603
606
616
605
613
606
609
602
611
608
605
610
608
609
603
607
615
601
605
608
600
601
604
608
598
603
604
602
610
596
609
604
604
604
596
613
598
603
600
600
605
603
607
604
613
607
601
606
612
614
612
607
605
600
600
608
605
605
610
606
603
606
609
595
598
600
612
608
595
606
598
606
593
604
601
608
605
602
607
598
602
608
604
599
601
597
606
601
599
602
595
605
594
598
613
603
592
607
601
608
603
603
601
606
602
602
599
601
613
604
602
608
602
607
608
598
591
602
593
602
592
601
612
602
601
603
606
597
608
605
600
602
603
594
603
602
602
598
597
603
606
597
605
602
602
