602
606
604
596
607
605
600
603
600
600
601
597
612
600
605
611
603
601
603
604
603
597
602
599
596
605
600
605
605
602
608
605
598
606
609
597
599
599
597
612
602
600
591
605
603
599
598
596
600
598
599
605
599
598
604
600
602
600
611
609
604
597
607
597
599
605
600
601
594
597
602
598
602
607
610
607
598
607
605
604
604
603
600
596
595
600
601
595
593
606
596
602
602
602
595
600
600
602
600
606
589
604
603
604
607
612
607
612
610
606
597
598
605
603
604
605
599
604
598
597
595
602
598
601
600
596
600
597
604
601
597
601
598
600
607
599
606
604
597
596
601
599
602
600
603
603
594
601
602
592
603
600
601
605
596
598
600
601
607
600
597
603
594
607
594
595
605
599
591
604
596
603
601
597
595
593
600
596
588
601
602
601
611
611
603
601
607
604
605
602
595
596
604
598
602
604
605
604
604
609
601
597
607
599
596
601
600
600
605
603
597
598
603
594
597
597
599
601
602
593
596
601
593
597
599
607
600
596
613
606
600
601
599
605
610
596
603
603
599
605
597
600
599
601
601
605
608
598
600
608
600
605
600
601
595
593
600
595
601
605
595
601
607
600
601
608
600
600
603
598
601
609
603
605
606
606
606
600
597
601
598
607
604
604
601
598
600
604
606
604
601
613
600
608
607
601
604
601
608
615
597
606
604
605
606
597
599
606
597
603
603
608
606
613
600
602
609
603
606
597
604
610
605
594
610
610
607
607
609
602
607
599
606
610
609
600
607
600
609
603
607
606
605
609
613
607
611
606
604
607
603
599
602
601
597
598
608
604
618
614
613
607
618
603
605
605
626
606
595
626
604
621
606
605
632
604
614
618
614
608
622
612
610
614
611
604
631
608
612
621
612
624
611
611
625
611
636
617
624
640
631
623
618
623
632
636
644
631
626
637
629
639
650
627
644
633
640
639
641
649
635
641
643
654
645
646
656
649
653
644
655
672
667
664
678
645
684
662
676
682
676
680
696
686
693
709
704
698
703
717
702
701
731
734
734
759
739
769
725
770
749
770
790
747
778
795
776
810
754
789
807
818
799
844
837
836
831
845
878
873
873
902
906
924
908
914
931
931
966
974
951
946
992
1012
1030
1010
1017
1086
1057
1106
1068
1055
1106
1113
1112
1140
1102
1195
1205
1234
1189
1262
1193
1224
1264
1329
1319
1337
1293
1306
1358
1470
1372
1405
1453
1458
1526
1440
1530
1499
1543
1584
1589
1586
1604
1647
1738
1667
1662
1739
1761
1794
1824
1898
1933
1877
1930
1892
1912
1986
1932
1994
2059
2027
2159
2132
2151
2131
2182
2207
2262
2278
2365
2305
2378
2222
2463
2563
2468
2423
2564
2597
2480
2470
2549
2615
2628
2540
2536
2596
2712
2715
2729
2705
2697
2844
2764
2821
2798
3015
2956
2946
2908
2999
3155
2918
2898
3028
2938
3043
3077
3079
3127
3093
3113
3146
3205
3098
3153
3068
3206
3072
3240
3218
3206
3328
3251
3212
3208
3381
3300
3272
3223
3322
3268
3323
3230
3290
3298
3394
3265
3202
3299
3335
3347
3361
3336
3227
3237
3211
3184
3405
3444
3301
3337
3357
3242
3139
3352
3259
3147
3338
3341
3240
3227
3350
3315
3241
3324
3237
3304
3338
3160
3134
3288
3221
3293
3156
3229
3234
3101
3109
3209
3043
3246
3195
3231
3096
3120
3188
3227
3120
3053
3169
3174
3042
3119
3110
3035
3055
2987
3119
3069
3076
2897
3016
2890
2962
2965
3007
2953
2941
2979
3001
2872
2871
2895
2892
2841
2918
2839
2928
2827
2810
2802
2723
2756
2892
2769
2766
2649
2653
2665
2641
2622
2708
2682
2612
2652
2625
2581
2618
2569
2515
2696
2492
2508
2545
2534
2493
2481
2462
2344
2371
2339
2321
2443
2261
2417
2299
2274
2273
2268
2230
2170
2244
2216
2167
2205
2170
2218
2132
2194
2146
2127
2107
2092
2096
2010
2031
1970
1953
1925
2032
1959
1862
1905
1928
1882
1900
1892
1835
1859
1870
1871
1814
1856
1826
1815
1811
1725
1742
1776
1700
1690
1681
1629
1663
1651
1618
1595
1614
1539
1631
1603
1613
1553
1498
1478
1508
1491
1513
1520
1490
1399
1458
1382
1475
1392
1378
1378
1310
1372
1294
1356
1363
1297
1326
1329
1291
1295
1313
1289
1217
1238
1260
1204
1261
1271
1223
1197
1107
1172
1168
1132
1189
1119
1179
1141
1158
1110
1114
1114
1127
1068
1076
1078
1091
1100
1076
1086
1073
1051
1027
1093
1028
1055
1034
1037
993
1029
1009
1010
984
1022
990
985
998
979
954
968
967
978
961
951
963
893
936
919
929
917
938
894
889
920
916
894
879
899
880
846
815
852
860
828
844
856
818
818
852
857
827
851
798
835
824
832
813
827
786
798
814
797
759
759
764
793
753
780
772
768
767
741
764
758
741
719
753
745
747
748
752
747
733
719
733
733
736
727
727
734
734
743
735
725
731
705
726
699
717
715
700
714
712
713
690
699
715
692
714
707
700
692
677
702
710
689
677
675
676
709
682
675
668
690
668
689
685
677
669
680
657
671
664
661
687
675
660
672
655
658
678
672
673
655
659
647
651
654
652
670
672
641
662
670
673
648
649
660
642
668
649
662
662
639
640
643
653
644
629
651
644
648
642
622
633
667
630
641
638
646
661
634
637
642
627
630
645
630
639
635
626
624
634
640
628
626
643
624
613
635
619
624
630
627
621
625
627
643
628
627
615
635
619
612
622
610
623
617
622
617
632
616
626
620
618
618
630
635
619
614
615
621
610
618
613
611
611
618
618
614
626
618
618
614
610
624
613
623
619
610
613
621
609
601
611
612
611
614
615
611
607
608
617
616
616
606
624
613
611
615
614
620
616
616
599
615
609
617
606
608
615
609
611
612
610
610
612
611
601
602
610
603
608
609
603
610
604
605
615
611
599
615
615
613
609
607
602
610
603
601
611
607
605
606
609
609
590
604
609
606
608
608
600
604
611
598
610
592
603
615
597
598
600
604
598
606
603
611
602
606
607
596
600
596
605
600
606
608
608
607
600
606
597
611
610
608
606
598
606
604
591
603
607
609
608
602
598
601
614
607
600
604
608
595
613
595
608
610
603
605
602
592
601
610
597
598
592
601
603
602
604
606
598
604
603
594
612
607
595
601
599
603
611
600
595
609
597
597
602
605
607
610
604
600
603
605
600
599
610
599
598
599
604
601
603
604
600
600
603
602
601
601
599
607
600
594
604
607
605
602
597
611
601
603
609
595
594
611
598
600
601
600
605
596
603
606
596
595
604
598
590
605
597
606
605
596
606
605
596
605
607
601
600
603
600
603
600
607
595
