601
604
605
599
595
603
600
606
610
599
604
595
594
604
605
601
604
601
603
605
615
598
596
591
604
598
597
602
598
598
594
603
603
603
598
602
602
599
601
603
606
594
590
601
597
592
588
599
592
598
604
602
601
609
601
602
603
596
600
590
607
595
605
600
603
592
613
604
592
608
599
603
601
603
602
599
602
586
601
594
598
597
592
599
603
603
603
603
597
606
599
596
606
597
594
597
612
597
606
593
597
597
592
595
604
597
605
598
606
603
597
603
603
594
602
595
600
602
597
604
600
601
590
600
596
608
605
599
600
602
597
603
593
604
598
597
607
596
604
597
606
600
602
604
600
597
589
604
595
597
597
601
607
605
592
598
598
600
600
595
603
603
606
601
600
598
596
593
602
598
600
595
604
599
602
604
610
606
602
596
600
605
609
594
595
600
606
603
607
600
597
600
601
600
606
601
603
610
606
601
595
598
611
600
598
610
598
593
601
598
606
602
603
601
602
601
600
595
611
597
614
603
598
602
597
602
600
609
605
604
604
599
604
605
590
603
604
602
608
611
602
606
602
604
599
605
609
598
604
604
603
596
600
604
602
602
595
605
604
599
599
604
600
600
598
596
599
603
595
595
599
600
598
592
597
603
600
604
596
607
602
598
605
608
606
604
605
611
606
601
598
612
602
616
604
602
598
604
598
599
608
596
600
607
600
602
603
593
595
612
602
610
614
601
606
607
593
601
607
608
599
603
608
605
608
603
603
600
615
600
603
610
606
599
604
604
610
612
601
614
604
607
605
618
598
612
605
602
615
614
607
614
608
615
617
607
613
598
607
605
622
606
613
605
613
611
610
617
614
618
614
607
615
611
630
609
609
624
612
598
620
620
616
611
609
610
631
610
610
597
624
620
622
622
617
601
621
609
621
620
619
624
630
637
639
633
626
633
640
644
643
643
646
646
624
645
644
636
641
650
651
635
663
658
652
652
666
657
662
664
680
656
662
688
660
686
691
666
703
689
683
704
684
717
707
721
730
714
697
699
711
692
694
743
739
751
768
756
739
767
758
766
786
800
760
783
797
784
781
771
801
821
842
858
841
837
854
861
906
890
861
916
878
902
909
958
971
934
960
963
993
963
1006
1019
1026
1042
1037
1085
1026
1107
1108
1110
1103
1181
1112
1165
1227
1194
1243
1254
1252
1288
1303
1295
1358
1273
1336
1357
1317
1437
1398
1395
1482
1398
1548
1441
1528
1555
1542
1517
1628
1665
1614
1666
1728
1740
1725
1743
1724
1824
1868
1867
1869
1933
1988
1945
1938
2032
2035
2069
2099
2139
2138
2120
2205
2210
2220
2259
2294
2284
2370
2431
2413
2451
2466
2542
2584
2549
2600
2549
2580
2589
2706
2658
2596
2732
2772
2658
2763
2787
2811
2840
2866
2932
2931
2908
2935
3008
3008
2998
3015
3121
3133
3156
3092
3076
3174
3089
3171
3167
3220
3225
3221
3142
3330
3261
3277
3341
3323
3302
3335
3334
3428
3353
3456
3453
3503
3423
3526
3268
3401
3345
3399
3425
3468
3427
3401
3462
3487
3382
3407
3475
3502
3484
3492
3522
3489
3618
3516
3519
3424
3482
3427
3359
3505
3442
3499
3475
3370
3440
3585
3495
3477
3470
3468
3463
3478
3479
3584
3410
3410
3407
3419
3446
3417
3389
3432
3410
3351
3334
3423
3396
3351
3256
3431
3225
3431
3307
3318
3278
3369
3312
3225
3396
3332
3307
3296
3220
3275
3181
3181
3316
3234
3088
3212
3185
3115
3181
3126
3157
3063
3107
3125
3052
3162
2995
3049
3078
3028
2953
3105
3013
2961
2910
2977
2949
3005
2881
2796
2883
2716
2874
2799
2838
2869
2766
2685
2812
2763
2773
2787
2898
2657
2724
2690
2592
2617
2725
2622
2545
2520
2514
2419
2426
2492
2498
2487
2458
2315
2388
2482
2445
2419
2341
2415
2403
2262
2365
2373
2273
2238
2160
2207
2219
2207
2097
2122
2088
2167
2209
2061
2102
2139
2064
2100
2071
2007
1958
2050
1978
1932
1961
1894
1945
2000
1905
1865
1740
1814
1832
1782
1813
1716
1686
1780
1767
1764
1694
1743
1706
1586
1655
1668
1604
1624
1631
1574
1577
1629
1634
1628
1558
1519
1538
1482
1527
1499
1462
1371
1462
1469
1365
1371
1424
1373
1374
1360
1385
1324
1409
1311
1342
1305
1290
1298
1290
1245
1250
1276
1268
1183
1253
1278
1193
1223
1130
1130
1203
1153
1125
1170
1179
1101
1158
1165
1137
1109
1087
1156
1167
1059
1052
1057
1055
1068
1070
1056
1059
1053
1039
1023
1001
976
995
968
965
990
1015
986
943
1010
946
967
926
931
951
978
944
933
902
931
922
910
913
866
887
898
908
863
883
905
867
858
863
857
851
839
862
882
825
848
843
875
807
857
835
847
838
825
824
793
791
811
783
794
804
769
774
780
775
749
770
779
784
756
743
770
758
764
765
747
766
744
759
756
724
758
727
733
746
763
713
771
709
729
733
715
703
702
703
725
729
740
715
717
721
714
699
708
716
695
686
710
681
694
690
681
688
692
671
705
700
693
698
694
708
662
681
668
695
676
664
664
677
671
653
675
665
671
668
651
667
654
654
666
650
662
658
665
669
653
647
652
660
660
647
647
639
647
665
648
643
669
644
641
641
637
644
640
654
627
643
639
654
635
650
649
627
651
646
640
639
641
639
640
637
632
647
645
645
630
636
622
627
634
623
637
624
627
633
628
641
626
632
615
627
637
641
634
615
639
623
615
630
610
615
629
626
611
639
622
616
626
627
624
626
622
619
619
623
618
627
618
621
614
619
617
628
609
623
621
625
623
612
622
617
616
620
627
609
616
614
609
628
614
614
626
613
620
620
623
616
602
610
615
608
610
609
607
614
610
614
612
611
607
619
619
615
606
607
603
609
603
599
615
610
612
614
604
615
615
596
599
606
615
605
611
614
611
605
609
607
618
618
608
613
612
617
606
620
605
611
608
615
613
612
608
613
602
600
603
592
612
609
598
607
606
625
610
604
600
614
602
597
602
601
599
615
614
600
612
603
604
596
596
601
603
597
605
609
598
606
608
612
611
599
609
602
612
608
602
603
606
604
595
600
603
606
601
606
598
597
599
611
603
605
603
596
605
605
601
607
613
600
607
601
601
597
603
602
598
607
602
601
600
602
595
603
607
600
596
600
600
594
601
602
595
607
597
600
606
604
602
596
602
603
604
594
604
598
606
605
602
602
598
601
605
611
606
596
603
604
607
605
605
611
602
600
601
599
597
594
602
598
603
601
596
604
597
606
605
595
601
601
591
596
603
601
601
594
600
601
596
597
598
606
611
602
600
597
596
597
609
608
603
595
599
596
600
606
