601
605
605
605
611
601
601
597
603
604
598
602
603
600
602
597
601
606
595
608
602
606
608
609
609
605
610
600
611
606
608
603
598
603
605
599
597
603
599
590
606
590
597
598
598
594
602
602
595
601
604
596
603
599
597
598
600
602
598
599
598
587
610
594
596
609
596
604
607
594
603
604
593
609
599
598
610
598
599
603
602
600
601
606
595
602
605
605
601
596
593
602
589
602
606
603
603
602
601
607
594
606
608
597
598
602
602
600
601
597
600
601
605
613
603
601
603
602
601
598
594
602
606
612
603
600
601
601
594
605
603
606
606
601
595
612
596
600
602
596
599
601
602
601
601
602
591
596
604
600
597
594
602
607
601
599
603
600
599
601
606
601
601
596
601
609
603
604
598
604
594
595
605
604
596
602
605
595
601
601
601
605
601
596
596
602
599
599
606
600
598
601
600
607
599
598
598
603
606
608
597
601
603
590
610
594
611
606
595
599
597
607
605
610
599
592
601
603
603
605
595
600
594
600
599
606
608
599
586
604
600
593
593
594
607
602
594
609
595
606
602
596
609
601
607
598
600
604
609
599
602
608
602
596
598
592
599
605
609
601
602
607
603
602
596
602
606
608
606
614
597
606
600
610
603
606
602
606
602
600
606
602
604
598
603
609
603
601
606
600
604
603
610
595
608
602
599
603
603
598
608
613
612
609
604
612
605
602
612
610
601
609
602
606
606
616
603
611
602
600
604
610
596
613
607
604
605
609
598
609
610
604
603
605
626
603
611
609
610
608
602
614
609
598
610
611
614
617
614
608
613
614
618
620
609
608
612
621
615
627
616
607
624
613
618
609
604
630
610
621
612
614
606
623
605
610
618
615
620
601
633
633
609
624
633
621
626
645
629
623
644
618
637
635
639
633
631
620
646
631
628
629
636
654
651
651
638
640
659
640
653
644
645
654
641
655
658
670
671
669
671
675
688
652
680
683
697
683
707
684
708
698
704
670
670
717
713
733
728
703
728
748
721
745
747
783
755
734
771
768
753
803
749
779
809
822
801
783
792
834
803
827
818
874
862
863
854
887
902
835
887
923
919
913
963
994
986
952
1008
992
985
989
1026
1039
1096
1050
1069
1092
1115
1165
1152
1183
1183
1211
1203
1183
1323
1239
1269
1258
1323
1339
1374
1381
1323
1360
1390
1414
1402
1472
1465
1520
1514
1605
1597
1615
1582
1649
1700
1740
1746
1727
1778
1739
1833
1881
1825
1915
1901
1914
1941
1917
1976
2104
2007
2222
2195
2219
2172
2354
2335
2344
2311
2416
2385
2546
2543
2470
2498
2620
2620
2730
2646
2740
2760
2791
2800
2894
2937
3003
2928
3017
3143
2953
3102
3158
3159
3350
3297
3330
3450
3440
3380
3461
3566
3578
3593
3568
3586
3649
3641
3793
3737
3878
3884
3915
3780
3861
3895
3924
3903
4027
3980
4044
3975
4073
3891
4274
4080
4119
4125
4187
4069
4170
4304
4452
4392
4241
4226
4271
4464
4294
4430
4400
4399
4530
4656
4450
4427
4532
4482
4444
4621
4530
4504
4518
4574
4588
4540
4438
4626
4555
4626
4527
4666
4635
4632
4624
4507
4516
4474
4573
4443
4703
4558
4550
4681
4544
4508
4584
4549
4513
4646
4635
4595
4466
4475
4428
4508
4660
4644
4575
4574
4643
4529
4503
4443
4459
4445
4422
4323
4460
4401
4363
4243
4267
4451
4385
4147
4268
4143
4322
4320
4418
4200
4251
4213
4274
4113
4306
4196
4235
4146
4193
4129
3991
4027
4138
4116
3983
4030
4110
4027
3879
4010
3858
3993
3878
4027
3785
3977
3860
3874
3825
3772
3892
3741
3784
3590
3545
3804
3575
3676
3710
3620
3647
3625
3557
3581
3510
3541
3533
3444
3528
3532
3419
3419
3364
3290
3474
3338
3352
3362
3304
3176
3264
3077
3167
3162
3053
3024
3093
3027
2978
2953
3051
2926
2915
3030
2991
2825
2906
2934
2745
2816
2724
2744
2723
2720
2727
2682
2614
2541
2661
2628
2569
2692
2610
2569
2455
2458
2404
2496
2464
2431
2453
2324
2291
2313
2274
2257
2255
2152
2125
2169
2130
2094
2177
2083
2102
2009
2054
2050
1970
2050
2000
1941
1984
1916
1942
1852
1843
1917
1798
1804
1793
1849
1813
1719
1681
1707
1740
1687
1612
1625
1662
1633
1599
1604
1507
1489
1591
1596
1592
1531
1553
1521
1548
1581
1495
1521
1483
1437
1428
1391
1395
1360
1395
1375
1348
1329
1295
1300
1325
1309
1296
1290
1265
1273
1246
1179
1256
1274
1212
1244
1241
1205
1231
1194
1160
1128
1227
1199
1172
1141
1130
1078
1140
1131
1109
1115
1075
1068
1038
1050
1109
1048
1111
1040
1027
1047
1012
1038
979
1021
1010
1067
982
967
989
957
987
940
956
955
925
949
943
909
927
930
915
915
941
919
899
920
880
901
842
860
894
855
868
868
834
871
853
847
841
833
879
829
798
841
777
800
803
802
812
814
785
790
795
809
798
771
775
780
766
764
763
792
769
768
774
764
742
753
786
733
749
755
779
753
743
776
732
740
734
742
721
773
737
725
739
741
721
723
722
732
726
709
720
720
721
698
697
710
702
696
703
704
690
704
708
690
697
696
713
681
698
689
681
674
682
684
710
676
664
659
677
690
687
667
687
677
668
696
667
691
654
680
669
675
670
672
680
670
650
664
664
675
643
671
658
665
655
646
654
657
645
680
645
641
657
642
641
641
630
631
646
645
653
646
643
635
640
658
637
645
650
632
621
645
632
627
645
641
652
640
638
631
638
638
626
643
641
644
633
621
640
626
636
623
628
624
627
624
627
626
621
631
629
619
632
631
621
643
630
631
618
614
615
628
618
612
624
628
627
610
611
618
623
616
624
631
612
614
620
620
620
629
613
615
624
605
622
614
623
617
615
619
615
624
607
617
622
619
617
616
620
604
613
613
606
606
614
614
609
613
621
620
622
605
612
616
620
615
600
607
621
600
622
616
604
615
616
609
610
609
604
611
607
607
616
599
605
615
607
611
610
608
611
625
611
613
604
617
617
605
609
598
595
611
614
613
610
604
606
611
611
610
597
605
610
604
603
606
606
607
596
601
605
607
610
612
606
595
612
604
599
604
615
608
610
607
604
608
596
603
602
604
609
595
612
603
604
611
609
604
603
608
598
609
604
600
598
600
606
606
603
610
602
603
600
609
600
604
606
600
600
606
603
603
609
604
610
605
603
596
600
609
610
600
602
606
603
598
605
600
600
607
593
605
608
604
601
604
596
597
600
603
600
598
608
607
597
605
606
606
603
612
598
608
602
600
601
605
600
599
594
609
600
593
600
602
598
611
607
601
604
600
605
595
610
601
599
593
614
598
608
597
594
592
601
608
601
602
600
