599
599
601
600
594
604
601
607
604
597
606
596
605
599
608
605
606
617
600
608
610
610
597
603
598
601
609
592
608
601
602
610
609
603
605
598
602
600
605
599
603
601
603
602
600
599
599
596
606
598
604
602
598
603
599
595
603
596
598
600
603
609
608
612
607
604
601
602
602
604
607
595
599
596
599
607
597
597
601
595
605
604
603
600
602
611
607
604
594
600
598
604
601
598
601
603
598
605
609
602
596
599
603
600
605
602
605
603
596
611
606
597
613
601
600
597
604
597
608
603
605
602
597
602
606
594
605
596
604
612
601
604
598
599
607
598
595
611
606
600
605
593
602
597
601
598
608
592
598
600
606
599
599
604
601
600
600
600
597
594
598
598
606
598
611
598
601
597
604
600
599
605
596
597
600
598
601
597
596
599
596
592
594
598
597
596
593
600
601
602
598
595
600
599
599
596
593
596
599
597
600
599
605
605
599
597
595
602
598
596
601
600
598
604
600
592
601
601
600
598
596
602
602
605
594
598
608
592
598
610
606
595
601
604
613
601
602
600
606
603
602
599
601
609
594
606
599
605
603
605
597
604
596
606
606
603
608
612
610
605
604
600
600
596
601
598
600
604
597
592
597
604
604
608
609
607
602
599
596
597
612
605
600
602
600
597
596
601
612
594
600
597
601
600
602
595
596
597
603
608
614
608
618
609
607
607
608
608
599
605
602
600
604
602
608
605
607
597
611
600
598
594
605
603
606
609
613
599
608
602
601
606
603
611
607
603
612
610
609
610
600
611
595
597
606
608
608
617
591
611
615
617
615
603
609
606
607
608
610
615
604
613
615
609
608
601
622
611
621
620
611
617
620
604
627
618
626
627
628
631
612
625
618
635
621
638
618
628
625
624
632
634
635
628
634
627
630
629
641
652
617
629
645
651
639
635
653
636
661
639
640
649
652
653
651
637
669
655
658
653
662
682
663
662
682
674
673
663
690
692
677
676
707
669
702
719
693
728
720
724
730
696
743
715
744
717
733
756
759
778
732
753
753
783
784
788
824
790
798
792
825
849
825
818
868
887
874
901
892
893
911
950
934
979
959
992
921
994
976
1032
1006
1009
1011
1027
1064
1111
1039
1038
1126
1113
1133
1131
1131
1177
1188
1186
1244
1215
1211
1249
1264
1272
1340
1270
1357
1401
1440
1331
1442
1424
1533
1500
1539
1522
1623
1627
1617
1646
1621
1695
1762
1735
1745
1787
1871
1824
1854
1827
1873
1928
1979
2061
2080
2101
2027
2047
2190
2161
2126
2189
2248
2334
2323
2436
2389
2477
2559
2512
2529
2610
2568
2734
2626
2741
2777
2901
2777
2881
2873
2892
2900
2972
3027
3223
3017
3099
3186
3198
3285
3367
3378
3323
3497
3472
3272
3549
3500
3568
3584
3534
3563
3718
3695
3763
3787
3851
3774
3978
3909
3963
3834
3968
4011
4061
4009
4074
4022
4099
4028
4158
4096
4214
4178
4206
4219
4153
4184
4291
4384
4336
4354
4441
4429
4316
4434
4504
4491
4502
4431
4440
4367
4349
4366
4353
4577
4413
4426
4491
4435
4420
4496
4416
4519
4392
4537
4543
4547
4565
4547
4532
4496
4605
4536
4482
4595
4412
4455
4427
4529
4615
4467
4535
4604
4486
4320
4411
4523
4442
4542
4538
4479
4609
4571
4561
4490
4537
4266
4374
4543
4301
4401
4312
4294
4442
4410
4242
4331
4417
4378
4248
4426
4270
4244
4348
4315
4108
4241
4108
4185
4128
4138
4088
4090
4085
4198
4151
4191
4026
4021
3974
4095
3966
4024
3972
4055
3975
3943
3899
3868
3949
3938
3919
3862
3714
3702
3778
3718
3789
3789
3617
3755
3684
3595
3628
3577
3651
3450
3666
3495
3505
3537
3494
3420
3487
3408
3518
3368
3281
3380
3314
3357
3300
3245
3182
3087
3224
3121
3050
3152
3210
3009
3145
3047
3037
3016
2892
2955
3006
2931
2966
2876
2880
2877
2861
2827
2797
2635
2765
2739
2742
2626
2618
2578
2675
2608
2537
2483
2595
2563
2492
2468
2341
2379
2441
2445
2339
2417
2316
2314
2223
2288
2285
2246
2108
2090
2150
2127
2178
2122
2093
2097
2006
2015
2043
1965
2024
2006
1912
1967
1938
1852
1937
1948
1843
1803
1737
1801
1801
1801
1776
1843
1717
1678
1664
1704
1725
1720
1597
1647
1637
1606
1582
1611
1537
1570
1522
1551
1507
1453
1459
1441
1511
1456
1456
1444
1378
1398
1351
1399
1361
1345
1371
1312
1315
1338
1336
1287
1226
1285
1277
1262
1247
1229
1232
1239
1232
1195
1260
1234
1184
1225
1181
1144
1213
1135
1149
1089
1147
1139
1124
1119
1141
1131
1078
1077
1104
1076
1102
1034
1075
1026
1079
1054
1005
980
1062
1044
993
990
989
938
1011
965
967
954
1002
954
952
920
958
949
923
913
876
883
913
887
875
892
896
904
864
887
881
849
869
867
889
868
834
803
835
819
820
839
836
800
824
796
820
800
821
818
785
781
756
804
810
804
807
773
780
740
771
758
774
787
771
773
772
748
769
759
767
754
760
767
734
737
739
754
739
738
741
719
712
713
727
733
718
719
685
713
710
706
714
714
705
707
708
716
721
679
704
739
677
692
696
695
700
712
716
697
695
695
686
675
701
698
683
666
685
676
679
704
679
658
692
674
677
676
658
652
656
677
695
670
663
683
647
661
671
674
648
661
673
666
673
666
662
658
662
641
640
653
653
638
646
647
650
639
634
655
642
647
644
638
634
644
663
629
638
638
645
629
643
639
655
632
644
640
649
643
629
650
624
627
630
616
638
625
639
622
636
627
628
629
645
625
624
639
612
627
627
622
619
628
625
609
636
629
617
610
620
610
636
622
619
636
610
617
621
619
623
626
616
620
621
620
605
617
623
620
624
620
611
604
617
616
621
603
607
620
611
609
615
622
619
613
615
607
605
619
609
600
626
613
619
611
604
607
608
611
614
609
609
606
608
608
610
620
610
607
604
612
615
606
606
619
613
620
609
601
609
612
614
607
613
609
617
614
609
606
607
609
609
609
614
619
614
605
613
606
615
621
600
610
608
605
603
614
604
611
614
611
608
604
603
612
611
609
596
610
603
612
604
614
598
607
603
606
597
613
605
598
602
610
603
606
611
626
603
613
606
602
606
614
611
607
609
590
612
610
597
603
603
607
608
604
610
603
605
601
605
602
613
604
607
596
608
596
606
597
605
608
605
592
597
601
603
606
606
608
595
602
596
602
596
594
593
602
601
598
606
598
605
597
616
603
607
595
601
597
604
603
605
605
598
604
601
603
599
599
606
607
596
600
600
597
601
593
612
606
609
614
602
594
598
604
597
599
605
594
611
595
607
607
594
602
598
603
603
604
594
596
597
600
608
600
601
