609
617
600
612
602
610
609
606
611
612
606
599
602
600
605
601
594
606
599
607
603
593
614
603
612
597
614
598
602
599
609
601
604
604
602
608
607
603
610
601
598
597
593
600
604
605
600
606
602
604
597
603
599
603
602
603
598
598
604
601
604
604
607
607
601
610
599
597
604
592
606
601
603
594
600
598
601
598
614
604
600
603
605
606
600
596
596
603
606
601
614
603
606
605
606
603
603
602
604
596
605
602
599
595
599
602
592
603
601
597
605
604
604
601
600
601
607
600
599
605
597
602
603
598
608
602
592
600
601
595
602
597
596
601
599
610
605
596
612
597
605
605
602
605
602
608
606
604
604
595
601
599
607
597
607
606
606
606
608
604
605
605
607
605
601
607
608
607
604
604
602
601
603
604
597
600
601
610
598
592
604
598
604
607
603
607
605
591
606
597
590
601
606
601
597
611
604
603
600
612
606
600
603
607
598
613
602
603
597
597
597
603
604
607
606
598
605
608
605
606
612
603
600
601
597
601
603
596
613
608
594
603
602
597
597
603
605
601
596
602
611
600
600
605
599
603
601
599
603
603
601
604
597
607
596
601
610
602
605
606
610
600
602
606
606
608
608
603
601
603
598
601
606
602
599
603
607
602
601
614
612
607
606
601
610
601
610
596
606
602
601
598
602
607
601
600
600
607
613
600
603
607
610
605
605
596
601
609
609
603
606
604
606
606
602
603
614
605
609
603
599
608
608
612
612
614
604
614
605
616
610
607
612
608
608
607
605
608
611
616
603
611
607
613
598
624
614
609
621
617
607
617
611
608
621
613
612
619
612
622
614
606
630
623
615
612
615
616
622
618
621
624
617
628
625
619
604
638
625
629
636
625
631
633
636
632
624
627
630
622
627
631
635
622
635
632
632
643
643
629
647
653
641
633
634
651
653
648
653
660
655
653
648
654
651
659
668
676
664
675
664
679
677
676
697
694
673
699
696
682
706
697
689
700
703
702
686
711
739
725
745
716
728
737
742
768
779
744
761
765
790
797
787
805
813
832
791
823
857
811
844
863
850
857
848
877
859
880
887
901
871
922
954
953
937
951
978
987
1000
1038
1042
1018
1018
1012
1088
1068
1131
1053
1124
1192
1161
1185
1213
1122
1263
1192
1262
1221
1292
1291
1370
1287
1443
1416
1391
1408
1434
1457
1483
1582
1542
1554
1520
1580
1663
1646
1670
1668
1691
1696
1799
1826
1845
1851
1886
1974
1907
1838
2074
2102
2067
2160
2137
2139
2265
2258
2229
2375
2358
2306
2458
2436
2417
2504
2570
2721
2605
2690
2722
2612
2721
2840
2806
2691
2745
2998
3030
3013
3066
3124
3036
3027
3166
3212
3272
3414
3471
3331
3483
3448
3480
3559
3579
3566
3545
3665
3606
3840
3758
3719
3762
3813
3854
3940
3839
3967
4132
4113
4157
4082
4190
4180
4337
4333
4294
4269
4375
4176
4445
4273
4328
4295
4376
4380
4338
4379
4410
4595
4561
4600
4631
4608
4711
4527
4648
4768
4724
4591
4607
4623
4541
4705
4631
4672
4559
4743
4636
4771
4624
4736
4774
4728
4746
4785
4819
4778
4854
4597
4828
4856
4866
4839
4752
4761
4726
4721
4672
4621
4773
4840
4734
4676
4709
4774
4743
4696
4673
4740
4725
4665
4755
4780
4817
4791
4615
4603
4644
4545
4565
4671
4517
4472
4658
4587
4560
4550
4507
4561
4410
4623
4493
4653
4468
4563
4501
4554
4405
4333
4307
4515
4389
4299
4343
4248
4359
4316
4247
4266
4362
4288
4232
4134
4244
4257
4294
4198
4231
4168
4091
4104
4197
4007
4018
4020
4024
3942
4001
3935
3866
3834
3768
3852
3826
3752
3691
3864
3775
3719
3618
3759
3588
3641
3659
3648
3565
3597
3697
3520
3497
3497
3489
3443
3428
3353
3383
3249
3263
3259
3267
3248
3289
3158
3133
3222
3153
3109
3116
2992
3102
2955
3089
2842
2976
2909
2911
2914
2881
2888
2765
2922
2681
2765
2883
2718
2689
2642
2694
2587
2587
2675
2617
2445
2564
2536
2399
2423
2377
2419
2341
2429
2313
2337
2328
2315
2304
2205
2217
2212
2163
2148
2126
2086
2144
2185
2011
2100
2078
2013
1999
2029
2034
1961
1998
1834
1929
1818
1912
1826
1886
1745
1767
1827
1695
1738
1661
1670
1676
1718
1652
1714
1686
1654
1675
1622
1593
1607
1631
1538
1547
1543
1513
1522
1490
1507
1477
1492
1436
1442
1399
1422
1400
1376
1359
1389
1325
1320
1338
1313
1288
1328
1282
1337
1286
1258
1272
1230
1251
1292
1207
1250
1224
1248
1220
1148
1234
1165
1120
1118
1137
1145
1130
1115
1111
1131
1114
1112
1104
1043
1102
1094
1062
1020
1087
1089
1067
1040
1042
1041
1047
1048
985
970
973
1003
951
917
983
1010
936
955
935
962
992
958
922
916
914
873
928
918
946
864
866
920
880
896
859
859
853
861
855
831
843
847
844
842
863
846
825
818
821
846
823
821
809
799
833
802
770
806
767
763
773
828
804
773
773
763
744
774
766
775
779
745
746
763
749
746
772
759
755
733
731
727
737
752
730
747
712
744
744
699
705
712
733
740
734
749
708
736
713
700
690
703
697
697
702
690
676
673
703
703
709
693
688
707
688
687
686
694
687
694
688
688
667
686
674
689
703
685
665
669
680
691
661
683
672
660
675
660
666
682
662
665
681
655
661
662
655
652
664
677
668
680
646
657
645
658
653
657
665
636
675
642
643
646
641
648
641
647
650
639
655
640
648
659
637
643
652
652
627
641
634
637
631
639
636
632
637
637
634
643
629
637
640
628
631
637
617
633
627
638
633
644
637
628
627
639
632
634
645
632
641
625
635
622
642
624
625
623
628
632
630
624
621
615
642
619
621
617
627
615
630
622
623
623
621
631
611
608
634
623
619
618
606
631
610
611
611
622
615
612
603
609
617
625
609
618
599
620
617
612
616
614
615
615
616
605
609
621
613
610
614
621
615
596
627
611
607
610
603
602
601
617
610
613
602
612
632
604
618
616
599
611
613
608
610
607
621
628
614
609
607
603
610
612
604
604
605
617
608
610
610
612
615
626
608
611
609
609
614
615
607
602
601
605
603
615
606
612
612
607
614
614
603
610
599
606
610
610
603
599
610
603
603
602
606
603
606
612
594
606
602
598
606
611
599
607
600
599
614
599
613
596
610
609
606
601
607
608
601
610
608
603
603
601
603
608
610
615
615
601
604
613
606
610
605
605
608
598
610
603
603
605
610
597
605
604
610
611
610
599
608
608
606
598
605
604
604
615
606
612
611
599
599
602
605
602
597
600
605
604
603
605
604
602
608
609
613
605
600
603
603
605
602
593
612
600
596
599
603
595
594
595
610
603
602
596
607
598
