603
599
609
605
604
597
611
605
607
602
600
604
601
599
600
604
598
608
599
607
601
606
610
604
601
602
603
597
602
605
598
605
603
603
598
607
590
607
597
600
600
607
600
610
598
600
602
609
604
594
608
596
603
606
600
596
601
597
600
593
603
603
603
592
607
599
599
609
596
601
605
602
592
593
597
599
597
596
603
599
598
595
602
597
595
607
602
597
606
594
602
594
608
600
604
609
603
597
607
598
595
605
603
598
599
598
597
603
600
600
601
595
604
598
605
602
602
600
604
604
607
612
592
596
605
608
598
609
603
600
603
602
596
603
596
597
594
603
596
600
603
598
598
609
606
598
601
602
609
610
596
596
602
602
606
605
605
603
603
595
599
601
601
599
604
596
596
597
597
597
597
611
599
598
601
606
599
600
602
603
604
605
601
593
604
605
595
602
603
597
609
604
601
598
590
603
606
604
597
605
601
603
598
594
598
609
593
598
601
597
603
603
601
603
601
606
601
602
591
604
610
598
595
598
602
594
600
599
598
601
601
590
595
598
596
595
601
597
600
597
597
602
598
599
598
602
598
603
599
599
603
601
602
602
597
604
602
599
607
604
603
605
603
607
602
603
599
597
597
605
603
595
605
596
595
598
599
592
603
601
605
600
590
595
604
595
606
604
594
593
600
597
605
596
590
598
602
598
603
599
598
599
596
603
604
601
602
597
604
604
604
597
603
602
598
596
607
597
600
598
602
602
598
608
597
596
606
593
595
600
599
602
609
591
602
600
601
603
604
607
609
597
608
604
606
605
603
599
605
603
605
605
601
605
602
608
610
607
599
601
609
584
599
605
598
594
610
600
601
604
602
605
595
603
597
601
611
610
602
602
600
602
603
606
610
604
608
609
613
599
606
611
607
598
605
599
597
607
612
605
616
607
609
602
609
606
611
622
611
598
610
611
618
622
607
611
610
602
610
610
601
602
599
607
606
615
619
611
608
602
618
612
615
620
623
619
629
612
624
623
618
613
621
629
633
624
627
624
620
624
629
633
647
632
616
632
641
625
648
648
634
634
642
652
640
640
629
658
644
662
648
655
638
663
666
652
650
667
671
664
656
661
679
665
666
670
677
694
687
698
701
690
707
693
705
692
704
715
704
719
720
703
732
713
736
726
719
736
738
726
761
757
752
759
750
728
782
796
774
764
767
791
809
793
818
820
791
802
837
819
803
855
809
810
861
886
864
901
870
891
876
873
905
878
898
940
875
962
891
942
930
941
1018
939
943
964
953
983
1015
995
944
977
992
1009
1011
1016
1081
1029
1070
1068
1035
1031
1033
1050
1062
1061
1134
1157
1126
1118
1103
1101
1086
1162
1095
1122
1207
1157
1184
1189
1143
1157
1241
1145
1172
1199
1200
1200
1193
1150
1169
1155
1223
1217
1198
1186
1260
1208
1246
1219
1237
1227
1255
1223
1241
1234
1288
1237
1246
1284
1266
1245
1247
1268
1199
1247
1269
1221
1177
1229
1199
1234
1291
1262
1235
1217
1307
1282
1250
1248
1245
1223
1227
1301
1267
1224
1279
1246
1264
1234
1234
1203
1257
1217
1238
1282
1204
1285
1244
1245
1252
1288
1244
1244
1216
1211
1224
1247
1254
1240
1243
1242
1228
1242
1241
1216
1219
1227
1258
1200
1227
1253
1181
1215
1191
1210
1167
1152
1152
1246
1171
1168
1146
1192
1162
1158
1221
1176
1217
1132
1149
1195
1176
1124
1180
1118
1098
1144
1171
1129
1084
1145
1123
1096
1099
1100
1110
1173
1097
1127
1073
1119
1109
1071
1093
1096
1123
1104
1123
1096
1103
1035
1104
1080
1084
1028
1100
1057
1058
1026
1002
1027
1015
1047
1111
1077
1012
1018
1024
997
994
993
959
984
968
1041
1008
993
1001
938
971
933
911
960
950
1014
961
936
908
919
895
925
914
944
943
949
922
871
903
894
901
865
899
872
900
919
884
859
851
854
874
831
910
847
842
880
831
874
822
865
849
812
820
828
833
822
846
813
832
817
824
843
782
825
784
796
791
823
766
818
786
781
789
770
761
755
762
781
770
741
768
761
747
782
763
736
742
762
762
756
719
734
735
722
766
729
740
743
740
711
733
727
740
723
729
737
721
744
714
739
714
698
725
722
718
694
696
711
712
711
713
687
693
710
729
709
693
714
698
714
715
685
690
673
696
699
685
675
705
687
677
685
694
672
670
682
674
669
680
670
675
687
683
658
668
663
668
657
672
651
647
641
662
657
666
647
671
662
660
645
670
660
653
641
644
645
667
637
650
638
639
637
649
636
636
638
646
624
625
641
626
633
646
638
621
637
634
616
627
621
624
630
645
615
639
640
630
626
617
623
621
636
628
619
613
624
634
631
630
624
636
616
620
641
633
622
618
617
627
627
619
626
628
620
609
623
616
617
618
613
616
621
611
619
617
609
627
613
615
613
604
619
618
619
614
620
615
620
615
607
609
615
601
616
616
614
620
611
614
604
618
608
616
607
593
613
627
607
610
600
622
612
616
619
610
604
614
615
615
621
607
605
602
605
607
606
611
601
607
608
607
612
610
614
619
619
616
611
613
620
617
607
606
607
604
609
614
597
609
612
605
605
610
605
600
620
606
600
601
604
592
600
607
606
612
608
607
611
600
604
610
610
611
600
600
597
607
607
604
611
598
598
604
606
606
602
603
599
604
599
598
614
606
606
615
602
599
602
599
607
598
606
609
609
607
597
604
604
612
603
608
606
598
604
604
608
601
602
601
597
602
613
598
610
596
607
602
601
599
600
607
610
603
601
606
592
606
604
609
602
599
595
604
597
604
603
603
607
606
601
609
600
601
602
600
598
603
601
606
597
600
600
590
604
609
606
603
592
603
598
599
595
603
602
598
605
605
605
597
596
601
598
593
598
602
598
603
600
593
607
609
594
603
598
607
602
607
601
594
602
605
597
604
598
597
604
601
600
601
597
602
606
596
596
597
600
600
595
605
596
602
601
615
597
594
601
600
592
601
607
596
597
600
600
597
602
591
600
605
597
606
603
603
606
589
600
605
598
600
602
597
607
608
594
596
597
607
610
597
595
598
598
603
595
606
601
600
596
603
604
595
597
606
605
602
604
599
603
595
601
603
597
595
598
600
592
598
594
611
599
596
609
609
600
606
600
602
599
600
604
596
601
595
605
604
589
606
601
596
595
602
606
601
604
602
601
593
604
603
600
