622.5231037691267
622.7874026522558
623.0516978849344
623.3159894671627
623.5802773989407
623.8445616802683
624.1088423111455
624.3731192915724
624.6373926215489
624.9016623010751
625.1659283301509
625.4301907087763
625.6944494369515
625.9587045146761
626.2229559419505
626.4872037187745
626.7514478451482
627.0156883210715
627.2799251465444
627.544158321567
627.8083878461391
628.072613720261
628.3368359439326
628.6010545171537
628.8652694399244
629.1294807122448
629.3936883341149
629.6578923055346
629.922092626504
630.1862892970229
630.4504823170915
630.7146716867097
630.9788574058776
631.2430394745952
631.5072178928624
631.7713926606792
632.0355637780457
632.2997312449618
632.5638950614275
632.8280552274429
633.092211743008
633.3563646081226
633.620513822787
633.8846593870009
634.1488013007645
634.4129395640776
634.6770741769406
634.9412051393531
635.2053324513153
635.469456112827
635.7335761238884
635.9976924844995
636.2618051946603
636.5259142543706
636.7900196636306
637.0541214224402
637.3182195307995
637.5823139887084
637.846404796167
638.1104919531751
638.374575459733
638.6386553158405
638.9027315214976
639.1668040767044
639.4308729814608
639.6949382357668
639.9589998396225
640.2230577930278
640.4871120959828
640.7511627484874
641.0152097505417
641.2792531021455
641.5432928032991
641.8073288540022
642.0713612542551
642.3353900040574
642.5994151034096
642.8634365523113
643.1274543507627
643.3914684987637
643.6554789963144
643.9194858434147
644.1834890400646
644.4474885862642
644.7114844820134
644.9754767273123
645.2394653221608
645.5034502665588
645.7674315605067
646.0314092040041
646.2953831970511
646.5593535396479
646.8233202317942
647.0872832734902
647.3512426647359
647.6151984055311
647.879150495876
648.1430989357706
648.4070437252147
648.6709848642085
648.934922352752
649.1988561908452
649.4627863784879
649.7267129156803
649.9906358024223
650.254555038714
650.5184706245553
650.7823825599463
651.0462908448868
651.3101954793771
651.5740964634169
651.8379937970064
652.1018874801457
652.3657775128345
652.6296638950729
652.8935466268609
653.1574257081987
653.421301139086
653.6851729195231
653.9490410495097
654.212905529046
654.476766358132
654.7406235367675
655.0044770649527
655.2683269426875
655.532173169972
655.7960157468061
656.0598546731899
656.3236899491234
656.5875215746064
656.851349549639
657.1151738742215
657.3789945483534
657.642811572035
657.9066249452662
658.1704346680472
658.4342407403777
658.6980431622578
658.9618419336877
659.2256370546671
659.4894285251962
659.753216345275
660.0170005149034
660.2807810340814
660.5445579028091
660.8083311210863
661.0721006889133
661.3358666062899
661.5996288732161
661.863387489692
662.1271424557175
662.3908937712927
662.6546414364175
662.9183854510918
663.1821258153159
663.4458625290896
663.7095955924129
663.973325005286
664.2370507677086
664.5007728796809
664.7644913412028
665.0282061522744
665.2919173128955
665.5556248230664
665.8193286827868
666.083028892057
666.3467254508768
666.6104183592462
666.8741076171652
667.1377932246339
667.4014751816522
667.6651534882202
667.9288281443378
668.192499150005
668.4561665052219
668.7198302099885
668.9834902643046
669.2471466681704
669.5107994215858
669.774448524551
670.0380939770656
670.30173577913
670.565373930744
670.8290084319077
671.092639282621
671.3562664828839
671.6198900326965
671.8835099320587
672.1471261809705
672.4107387794321
672.6743477274432
672.9379530250039
673.2015546721144
673.4651526687744
673.7287470149842
673.9923377107435
674.2559247560525
674.5195081509111
674.7830878953193
675.0466639892772
675.3102364327848
675.573805225842
675.8373703684488
676.1009318606053
676.3644897023114
676.6280438935671
676.8915944343726
677.1551413247275
677.4186845646323
677.6822241540865
677.9457600930905
678.2092923816441
678.4728210197474
678.7363460074002
678.9998673446028
679.2633850313549
679.5268990676567
679.7904094535081
680.0539161889092
680.3174192738599
680.5809187083603
680.8444144924102
681.1079066260099
681.3713951091592
681.6348799418581
681.8983611241067
682.1618386559048
682.4253125372527
682.6887827681502
682.9522493485973
683.2157122785941
683.4791715581405
683.7426271872365
684.0060791658823
684.2695274940776
684.5329721718225
684.7964131991172
685.0598505759614
685.3232843023553
685.5867143782989
685.850140803792
686.1135635788348
686.3769827034273
686.6403981775694
686.9038100012611
687.1672181745025
687.4306226972935
687.6940235696342
687.9574207915244
688.2208143629643
688.484204283954
688.7475905544932
689.0109731745821
689.2743521442205
689.5377274634087
689.8010991321465
690.064467150434
690.3278315182711
690.5911922356577
690.854549302594
691.1179027190801
691.3812524851157
691.644598600701
691.9079410658359
692.1712798805204
692.4346150447547
692.6979465585384
692.961274421872
693.224598634755
693.4879191971878
693.7512361091702
694.0145493707022
694.2778589817839
694.5411649424152
694.8044672525962
695.0677659123268
695.331060921607
695.5943522804369
695.8576399888165
696.1209240467456
696.3842044542243
696.6474812112529
696.9107543178309
697.1740237739587
697.4372895796361
697.700551734863
697.9638102396397
698.227065093966
698.4903162978419
698.7535638512675
699.0168077542427
699.2800480067675
699.543284608842
699.8065175604662
700.0697468616399
700.3329725123633
700.5961945126364
700.8594128624591
701.1226275618315
701.3858386107535
701.649046009225
701.9122497572463
702.1754498548172
702.4386463019378
702.7018390986079
702.9650282448277
703.2282137405972
703.4913955859163
703.7545737807851
704.0177483252035
704.2809192191714
704.5440864626892
704.8072500557564
705.0704099983734
705.3335662905399
705.5967189322562
705.8598679235221
706.1230132643376
706.3861549547028
706.6492929946176
706.912427384082
707.175558123096
707.4386852116597
707.7018086497732
707.9649284374361
708.2280445746487
708.4911570614111
708.7542658977229
709.0173710835845
709.2804726189958
709.5435705039565
709.806664738467
710.0697553225272
710.3328422561369
710.5959255392963
710.8590051720054
711.122081154264
711.3851534860723
711.6482221674304
711.911287198338
712.1743485787952
712.4374063088021
712.7004603883586
712.9635108174648
713.2265575961206
713.489600724326
713.7526402020811
714.0156760293859
714.2787082062403
714.5417367326443
714.8047616085979
715.0677828341012
715.3308004091541
715.5938143337568
715.856824607909
716.1198312316109
716.3828342048623
716.6458335276635
716.9088292000142
717.1718212219147
717.4348095933648
717.6977943143645
717.9607753849139
718.2237528050127
718.4867265746614
718.7496966938597
719.0126631626076
719.2756259809051
719.5385851487523
719.8015406661491
720.0644925330956
720.3274407495917
720.5903853156375
720.8533262312329
721.1162634963779
721.3791971110726
721.6421270753169
721.9050533891109
722.1679760524545
722.4308950653477
722.6938104277906
722.9567221397831
723.2196302013252
723.4825346124171
723.7454353730585
724.0083324832495
724.2712259429903
724.5341157522806
724.7970019111207
725.0598844195104
725.3227632774496
725.5856384849385
725.8485100419771
726.1113779485653
726.3742422047031
726.6371028103906
726.8999597656277
727.1628130704146
727.425662724751
727.688508728637
727.9513510820727
728.214189785058
728.477024837593
728.7398562396777
729.0026839913119
729.2655080924958
729.5283285432293
729.7911453435125
730.0539584933454
730.3167679927278
730.5795738416599
730.8423760401416
731.105174588173
731.367969485754
731.6307607328847
731.893548329565
732.156332275795
732.4191125715745
732.6818892169038
732.9446622117827
733.2074315562111
733.4701972501892
733.732959293717
733.9957176867945
734.2584724294215
734.5212235215982
734.7839709633247
735.0467147546007
735.3094548954263
735.5721913858015
735.8349242257265
736.097653415201
736.3603789542252
736.623100842799
736.8858190809225
737.1485336685956
737.4112446058184
737.6739518925908
737.9366555289129
738.1993555147845
738.4620518502059
738.7247445351768
738.9874335696974
739.2501189537677
739.5128006873875
739.7754787705571
740.0381532032762
740.3008239855451
740.5634911173635
740.8261545987316
741.0888144296493
741.3514706101167
741.6141231401338
741.8767720197004
742.1394172488167
742.4020588274826
742.6646967556982
742.9273310334634
743.1899616607782
743.4525886376427
743.7152119640568
743.9778316400207
744.240447665534
744.5030600405971
744.7656687652099
745.0282738393722
745.2908752630842
745.5534730363457
745.816067159157
746.0786576315179
746.3412444534285
746.6038276248887
746.8664071458985
747.1289830164579
747.3915552365671
747.6541238062258
747.9166887254343
748.1792499941922
748.4418076124999
748.7043615803573
748.9669118977642
749.2294585647207
749.492001581227
749.7545409472829
750.0170766628884
750.2796087280435
750.5421371427484
750.8046619070028
751.0671830208069
751.3297004841606
751.592214297064
751.854724459517
752.1172309715196
752.3797338330719
752.6422330441738
752.9047286048253
753.1672205150265
753.4297087747774
753.6921933840779
753.954674342928
754.2171516513279
754.4796253092773
754.7420953167763
755.0045616738249
755.2670243804233
755.5294834365712
755.7919388422688
756.0543905975161
756.316838702313
756.5792831566596
756.8417239605558
757.1041611140015
757.366594616997
757.6290244695422
757.8914506716368
758.1538732232812
758.4162921244753
758.6787073752189
758.9411189755122
759.2035269253552
759.4659312247477
759.72833187369
759.9907288721818
760.2531222202233
760.5155119178145
760.7778979649553
761.0402803616457
761.3026591078858
761.5650342036754
761.8274056490147
762.0897734439038
762.3521375883424
762.6144980823307
762.8768549258687
763.1392081189562
763.4015576615934
763.6639035537802
763.9262457955167
764.1885843868027
764.4509193276385
764.713250618024
764.975578257959
765.2379022474436
765.500222586478
765.762539275062
766.0248523131955
766.2871617008788
766.5494674381116
766.8117695248942
767.0740679612263
767.3363627471082
767.5986538825396
767.8609413675207
768.1232252020513
768.3855053861319
768.6477819197618
768.9100548029414
769.1723240356707
769.4345896179497
769.6968515497782
769.9591098311564
770.2213644620842
770.4836154425618
770.7458627725889
771.0081064521657
771.2703464812921
771.5325828599682
771.7948155881938
772.0570446659692
772.3192700932942
772.5814918701687
772.8437099965931
773.105924472567
773.3681352980905
773.6303424731636
773.8925459977866
774.154745871959
774.4169420956811
774.6791346689529
774.9413235917742
775.2035088641453
775.4656904860659
775.7278684575363
775.9900427785561
776.2522134491257
776.514380469245
776.7765438389139
777.0387035581324
777.3008596269005
777.5630120452183
777.8251608130857
778.0873059305028
778.3494473974696
778.6115852139859
778.8737193800519
779.1358498956675
779.3979767608328
779.6600999755477
779.9222195398123
780.1843354536265
780.4464477169904
780.7085563299038
780.9706612923669
781.2327626043798
781.4948602659422
781.7569542770542
782.0190446377159
782.2811313479272
782.5432144076882
782.8052938169988
783.067369575859
783.3294416842689
783.5915101422285
783.8535749497375
784.1156361067964
784.3776936134049
784.639747469563
784.9017976752707
785.1638442305281
785.4258871353351
785.6879263896917
785.9499619935981
786.211993947054
786.4740222500595
786.7360469026148
786.9980679047196
787.2600852563742
787.5220989575782
787.784109008332
788.0461154086355
788.3081181584886
788.5701172578913
788.8321127068436
789.0941045053456
789.3560926533972
789.6180771509985
789.8800579981494
790.14203519485
790.4040087411001
790.6659786369
790.9279448822494
791.1899074771486
791.4518664215973
791.7138217155957
791.9757733591438
792.2377213522414
792.4996656948888
792.7616063870857
793.0235434288322
793.2854768201286
793.5474065609744
793.8093326513699
794.0712550913152
794.3331738808099
794.5950890198544
794.8570005084484
795.1189083465922
795.3808125342855
795.6427130715285
795.9046099583212
796.1665031946634
796.4283927805554
796.690278715997
796.9521610009881
797.214039635529
797.4759146196195
797.7377859532596
797.9996536364495
798.2615176691888
798.5233780514778
798.7852347833166
799.0470878647048
799.3089372956429
799.5707830761305
799.8326252061677
800.0944636857546
800.3562985148911
800.6181296935774
800.8799572218131
801.1417810995986
801.4036013269338
801.6654179038185
801.9272308302529
802.1890401062369
802.4508457317705
802.7126477068539
802.9744460314868
803.2362407056694
803.4980317294016
803.7598191026834
804.021602825515
804.2833828978961
804.545159319827
804.8069320913073
805.0687012123374
805.3304666829172
805.5922285030465
805.8539866727256
806.1157411919542
806.3774920607324
806.6392392790603
806.900982846938
807.1627227643651
807.4244590313419
807.6861916478684
807.9479206139445
808.2096459295703
808.4713675947457
808.7330856094708
808.9947999737454
809.2565106875697
809.5182177509437
809.7799211638674
810.0416209263406
810.3033170383635
810.565009499936
810.8266983110582
811.0883834717299
811.3500649819514
811.6117428417225
811.8734170510432
812.1350876099136
812.3967545183336
812.6584177763033
812.9200773838226
813.1817333408915
813.44338564751
813.7050343036783
813.9666793093961
814.2283206646637
814.4899583694807
814.7515924238476
815.0132228277639
815.27484958123
815.5364726842457
815.7980921368111
816.0597079389261
816.3213200905907
816.582928591805
816.8445334425688
817.1061346428824
817.3677321927456
817.6293260921584
817.8909163411208
818.152502939633
818.4140858876947
818.6756651853061
818.9372408324672
819.1988128291779
819.4603811754382
819.7219458712481
819.9835069166077
820.2450643115169
820.5066180559759
820.7681681499844
821.0297145935425
821.2912573866503
821.5527965293078
821.8143320215148
822.0758638632715
822.3373920545779
822.5989165954339
822.8604374858396
823.1219547257948
823.3834683152998
823.6449782543543
823.9064845429585
824.1679871811124
824.4294861688159
824.690981506069
824.9524731928718
825.2139612292242
825.4754456151262
825.736926350578
825.9984034355792
826.2598768701303
826.5213466542308
826.7828127878811
827.044275271081
827.3057341038304
827.5671892861296
827.8286408179785
828.090088699377
828.3515329303251
828.6129735108228
828.8744104408702
829.1358437204672
829.3972733496139
829.6586993283101
829.9201216565561
830.1815403343517
830.4429553616969
830.7043667385917
830.9657744650362
831.2271785410304
831.4885789665742
831.7499757416676
832.0113688663107
832.2727583405034
832.5341441642457
832.7955263375377
833.0569048603794
833.3182797327706
833.5796509547116
833.8410185262021
834.1023824472423
834.3637427178321
834.6250993379716
834.8864523076608
835.1478016268995
835.409147295688
835.670489314026
835.9318276819137
836.193162399351
836.4544934663379
836.7158208828745
836.9771446489608
837.2384647645966
837.4997812297822
837.7610940445173
838.0224032088022
838.2837087226366
838.5450105860207
838.8063087989544
839.0676033614378
839.3288942734707
839.5901815350535
839.8514651461858
840.1127451068677
840.3740214170992
840.6352940768804
840.8965630862112
841.1578284450918
841.4190901535219
841.6803482115017
841.9416026190311
842.2028533761102
842.4641004827389
842.7253439389171
842.9865837446453
843.2478198999229
843.50905240475
843.7702812591269
844.0315064630536
844.2927280165297
844.5539459195555
844.815160172131
845.0763707742561
845.3375777259308
845.5987810271553
845.8599806779293
846.1211766782529
846.3823690281263
846.6435577275493
846.9047427765217
847.165924175044
847.4271019231159
847.6882760207375
847.9494464679086
848.2106132646294
848.4717764108998
848.7329359067198
848.9940917520896
849.2552439470089
849.516392491478
849.7775373854965
850.0386786290649
850.2998162221828
850.5609501648503
850.8220804570675
851.0832070988344
851.3443300901508
851.605449431017
851.8665651214328
852.1276771613982
852.3887855509132
852.649890289978
852.9109913785923
853.1720888167562
853.4331826044698
853.6942727417331
853.955359228546
854.2164420649085
854.4775212508207
854.7385967862824
854.9996686712939
855.2607369058551
855.5218014899658
855.7828624236262
856.0439197068362
856.3049733395958
856.566023321905
856.827069653764
857.0881123351726
857.3491513661309
857.6101867466386
857.8712184766962
858.1322465563034
858.3932709854602
858.6542917641666
858.9153088924227
859.1763223702284
859.4373321975836
859.6983383744887
859.9593409009433
860.2203397769475
860.4813350025015
860.742326577605
861.0033145022583
861.264298776461
861.5252794002135
861.7862563735157
862.0472296963674
862.3081993687688
862.5691653907198
862.8301277622205
863.0910864832708
863.3520415538708
863.6129929740204
863.8739407437197
864.1348848629684
864.395825331767
864.6567621501151
864.917695318013
865.1786248354604
865.4395507024575
865.7004729190043
865.9613914851006
866.2223064007466
866.4832176659422
866.7441252806875
867.0050292449824
867.2659295588271
867.5268262222212
867.7877192351651
868.0486085976586
868.3094943097017
868.5703763712945
868.8312547824369
869.092129543129
869.3530006533706
869.613868113162
869.874731922503
870.1355920813936
870.3964485898339
870.6573014478238
870.9181506553633
871.1789962124525
871.4398381190913
871.7006763752797
871.9615109810179
872.2223419363056
872.483169241143
872.74399289553
873.0048128994666
873.265629252953
873.526441955989
873.7872510085745
874.0480564107097
874.3088581623946
874.5696562636291
874.8304507144132
875.091241514747
875.3520286646306
875.6128121640636
875.8735920130463
876.1343682115787
876.3951407596606
876.6559096572923
876.9166749044736
877.1774365012044
877.4381944474851
877.6989487433152
877.9596993886951
878.2204463836246
878.4811897281037
878.7419294221324
879.0026654657108
879.2633978588389
879.5241266015166
879.7848516937439
880.0455731355208
880.3062909268474
880.5670050677237
880.8277155581495
881.0884223981251
881.3491255876503
881.6098251267251
881.8705210153496
882.1312132535236
882.3919018412473
882.6525867785208
882.9132680653438
883.1739457017164
883.4346196876387
883.6952900231106
883.9559567081321
884.2166197427034
884.4772791268242
884.7379348604948
884.9985869437149
885.2592353764846
885.5198801588042
885.7805212906733
886.0411587720919
886.3017926030602
886.5624227835782
886.8230493136459
887.083672193263
887.3442914224299
887.6049070011466
887.8655189294127
888.1261272072286
888.386731834594
888.6473328115092
888.9079301379738
889.1685238139883
889.4291138395524
889.689700214666
889.9502829393293
890.2108620135423
890.4714374373049
890.7320092106171
890.992577333479
891.2531418058904
891.5137026278517
891.7742597993624
892.0348133204229
892.295363191033
892.5559094111927
892.8164519809021
893.076990900161
893.3375261689697
893.598057787328
893.8585857552359
894.1191100726935
894.3796307397007
894.6401477562575
894.900661122364
895.1611708380202
895.421676903226
895.6821793179813
895.9426780822864
896.203173196141
896.4636646595454
896.7241524724993
896.984636635003
897.2451171470562
897.5055940086592
897.7660672198117
898.0265367805139
898.2870026907657
898.5474649505672
898.8079235599182
899.0683785188189
899.3288298272694
899.5892774852693
899.8497214928191
900.1101618499183
900.3705985565673
900.6310316127658
900.8914610185141
901.1518867738121
901.4123088786595
901.6727273330566
901.9331421370034
902.1935532905
902.453960793546
902.7143646461416
902.974764848287
903.235161399982
903.4955543012265
903.7559435520209
904.0163291523647
904.2767111022583
904.5370894017016
904.7974640506943
905.0578350492369
905.3182023973291
905.5785660949707
905.8389261421621
906.0992825389031
906.3596352851939
906.6199843810341
906.8803298264241
907.1406716213637
907.401009765853
907.6613442598918
907.9216751034804
908.1820022966185
908.4423258393064
908.7026457315437
908.962961973331
909.2232745646677
909.483583505554
909.74388879599
910.0041904359757
910.264488425511
910.5247827645959
910.7850734532306
911.0453604914146
911.3056438791486
911.565923616432
911.8261997032652
912.0864721396479
912.3467409255804
912.6070060610624
912.8672675460941
913.1275253806755
913.3877795648065
913.6480300984871
913.9082769817173
914.1685202144972
914.4287597968269
914.688995728706
914.9492280101348
915.2094566411133
915.4696816216413
915.7299029517192
915.9901206313465
916.2503346605235
916.5105450392502
916.7707517675265
917.0309548453524
917.2911542727281
917.5513500496534
917.8115421761281
918.0717306521526
918.3319154777269
918.5920966528506
918.8522741775241
919.1124480517472
919.3726182755199
919.6327848488422
919.8929477717143
920.1531070441358
920.4132626661071
920.6734146376281
920.9335629586986
921.1937076293189
921.4538486494887
921.7139860192082
921.9741197384773
922.234249807296
922.4943762256645
922.7544989935825
923.0146181110501
923.2747335780675
923.5348453946344
923.7949535607511
924.0550580764174
924.3151589416332
924.5752561563988
924.8353497207139
925.0954396345787
925.3555258979932
925.6156085109574
925.8756874734711
926.1357627855344
926.3958344471474
926.6559024583102
926.9159668190224
927.1760275292843
927.4360845890959
927.6961379984572
927.9561877573681
928.2162338658285
928.4762763238386
928.7363151313984
928.9963502885079
929.256381795167
929.5164096513756
929.776433857134
930.036454412442
930.2964713172996
930.5564845717068
930.8164941756638
931.0765001291704
931.3365024322266
931.5965010848324
931.8564960869878
932.116487438693
932.3764751399476
932.6364591907521
932.8964395911062
933.1564163410098
933.4163894404631
933.6763588894661
933.9363246880187
934.1962868361209
934.4562453337728
934.7162001809743
934.9761513777255
935.2360989240264
935.4960428198767
935.7559830652768
936.0159196602266
936.275852604726
936.535781898775
936.7957075423735
937.0556295355219
937.3155478782198
937.5754625704674
937.8353736122647
938.0952810036115
938.3551847445079
938.6150848349541
938.8749812749498
939.1348740644953
939.3947632035904
939.654648692235
939.9145305304294
940.1744087181733
940.4342832554669
940.6941541423103
940.9540213787031
941.2138849646457
941.4737449001378
941.7336011851796
941.993453819771
942.2533028039122
942.5131481376029
942.7729898208433
943.0328278536333
943.292662235973
943.5524929678622
943.8123200493013
944.0721434802899
944.3319632608282
944.5917793909159
944.8515918705534
945.1114006997407
945.3712058784774
945.6310074067638
945.8908052846
946.1505995119855
946.4103900889211
946.670177015406
946.9299602914407
947.189739917025
947.4495158921588
947.7092882168424
947.9690568910756
948.2288219148584
948.488583288191
948.7483410110731
949.0080950835048
949.2678455054862
949.5275922770172
949.7873353980979
950.0470748687283
950.3068106889082
950.5665428586378
950.826271377917
951.0859962467459
951.3457174651246
951.6054350330527
951.8651489505305
952.124859217558
952.3845658341351
952.6442688002617
952.9039681159381
953.1636637811641
953.4233557959399
953.6830441602651
953.9427288741401
954.2024099375647
954.4620873505388
954.7217611130627
954.9814312251362
955.2410976867593
955.5007604979321
955.7604196586545
956.0200751689266
956.2797270287483
956.5393752381196
956.7990197970406
957.0586607055113
957.3182979635316
957.5779315711014
957.8375615282209
958.0971878348902
958.356810491109
958.6164294968775
958.8760448521955
959.1356565570634
959.3952646114808
959.6548690154477
959.9144697689644
960.1740668720308
960.4336603246467
960.6932501268122
960.9528362785276
961.2124187797924
961.4719976306069
961.7315728309711
961.9911443808849
962.2507122803484
962.5102765293614
962.7698371279241
963.0293940760365
963.2889473736985
963.5484970209102
963.8080430176715
964.0675853639824
964.327124059843
964.5866591052531
964.846190500213
965.1057182447225
965.3652423387816
965.6247627823903
965.8842795755488
966.1437927182569
966.4033022105145
966.6628080523219
966.9223102436788
967.1818087845854
967.4413036750418
967.7007949150476
967.9602825046031
968.2197664437083
968.4792467323632
968.7387233705676
968.9981963583217
969.2576656956255
969.5171313824789
969.7765934188818
970.0360518048345
970.2955065403369
970.5549576253887
970.8144050599903
971.0738488441416
971.3332889778424
971.5927254610929
971.8521582938931
972.1115874762429
972.3710130081423
972.6304348895915
972.88985312059
973.1492677011385
