607
613
610
610
601
612
589
609
602
596
596
609
605
604
605
601
601
613
601
604
606
604
601
605
594
609
603
597
606
600
597
606
607
606
602
604
606
605
597
604
599
606
609
606
604
606
598
593
615
589
602
611
609
594
600
604
617
601
612
600
599
607
609
605
606
608
607
598
605
602
603
598
602
603
606
609
605
595
607
602
602
598
601
591
600
601
605
598
599
613
602
600
599
601
611
595
607
600
598
609
599
599
605
600
601
608
604
602
604
604
604
606
596
614
603
598
604
601
596
608
608
596
599
596
607
604
607
606
599
606
601
597
607
596
600
603
612
604
606
602
601
609
609
603
592
606
597
610
608
608
600
599
606
600
603
612
600
592
603
603
604
601
600
604
611
598
601
600
597
602
592
598
604
599
594
604
600
598
600
602
598
604
595
607
605
600
596
602
612
601
605
601
600
607
601
606
598
606
603
603
598
602
602
603
601
599
599
609
599
596
605
595
593
594
610
605
602
596
596
600
610
598
605
602
603
603
604
596
602
597
601
598
606
598
606
595
614
610
598
603
602
599
610
598
597
604
602
607
605
601
597
601
602
598
607
601
602
602
598
609
604
604
603
606
607
607
599
611
597
599
604
603
603
612
597
597
605
599
606
596
597
601
594
609
608
603
605
595
615
603
596
608
601
600
612
597
609
596
606
617
611
601
605
602
600
607
610
614
603
607
610
614
606
616
612
604
604
595
606
602
612
600
613
602
611
606
604
613
619
616
621
608
622
619
629
620
625
631
623
613
624
607
624
622
629
628
630
631
620
628
633
620
632
628
635
647
633
649
648
642
653
651
671
648
669
633
657
687
673
664
668
665
664
679
660
701
679
721
692
698
677
723
722
742
728
723
740
741
717
766
785
778
752
807
806
796
803
822
829
869
830
876
877
875
912
916
912
996
989
959
1014
997
1041
1061
1058
1084
1120
1167
1175
1194
1229
1249
1301
1282
1271
1306
1408
1364
1418
1480
1462
1519
1569
1696
1713
1746
1764
1842
1876
1899
2027
1982
2072
2093
2241
2206
2318
2295
2286
2459
2428
2599
2635
2663
2738
2743
2883
2839
2887
2947
3044
3013
3055
3087
3144
3212
3194
3242
3275
3260
3305
3381
3396
3469
3500
3371
3383
3407
3537
3523
3463
3438
3579
3349
3468
3348
3433
3346
3355
3172
3361
3248
3209
3210
3225
3181
3286
3145
3116
3150
2960
3036
3035
2875
2852
2957
2794
2844
2748
2698
2661
2571
2556
2490
2459
2476
2319
2411
2327
2378
2296
2354
2315
2243
2209
2109
2062
2028
2032
2035
1987
1948
1893
1883
1891
1906
1926
1805
1807
1755
1817
1691
1744
1737
1652
1617
1610
1589
1534
1628
1564
1579
1544
1525
1481
1489
1470
1476
1473
1428
1380
1425
1379
1410
1368
1328
1329
1290
1259
1298
1324
1238
1203
1291
1226
1228
1270
1169
1207
1234
1198
1163
1192
1172
1149
1125
1185
1153
1172
1158
1085
1070
1075
1112
1040
1044
1101
1057
1050
1041
1061
1023
1010
1006
972
1035
989
1025
990
1002
974
978
974
926
975
964
965
922
949
944
977
912
899
910
931
907
910
884
857
899
885
906
906
864
874
860
875
884
867
840
867
834
917
849
849
829
803
786
809
811
829
812
827
831
822
801
838
802
809
827
809
800
803
796
809
761
782
799
797
752
783
762
780
792
782
751
766
766
783
779
780
754
777
744
749
770
748
760
739
741
744
767
714
750
735
732
757
721
752
731
757
706
731
721
727
706
707
714
722
730
746
720
718
696
701
693
739
684
704
708
730
705
682
696
694
686
673
711
695
679
694
680
690
680
683
691
671
690
691
688
689
688
679
664
671
687
657
677
663
652
670
665
677
650
676
656
679
664
667
671
657
668
649
648
661
675
661
651
656
653
649
662
659
657
653
658
663
648
652
656
648
643
640
647
648
646
643
642
644
657
642
654
658
665
646
646
655
655
640
645
656
653
636
650
646
637
648
645
633
646
635
638
639
635
632
622
649
630
651
635
634
636
613
632
633
626
632
624
620
629
631
618
622
623
626
636
634
634
635
623
633
654
619
614
627
623
639
623
629
630
615
626
635
615
628
612
628
617
633
620
620
619
612
628
624
621
621
630
631
621
624
607
622
632
612
623
602
621
641
621
624
622
614
605
603
614
624
618
613
614
614
618
625
627
608
628
607
601
619
606
612
618
612
613
636
617
615
617
622
613
614
615
619
606
608
610
605
624
617
619
613
611
609
614
629
612
612
605
606
613
608
610
597
616
615
610
610
609
614
609
607
621
603
601
613
621
605
612
607
616
626
608
616
619
609
610
612
616
616
609
615
598
612
600
616
605
606
605
602
606
606
613
616
620
608
614
607
601
603
618
604
610
607
608
611
601
598
607
602
613
609
608
613
614
614
611
613
598
603
604
613
612
606
594
605
608
612
616
607
604
596
615
607
604
604
608
607
614
610
607
596
610
605
610
611
595
600
609
603
618
601
607
613
604
602
603
614
610
620
607
598
604
609
598
601
604
617
598
599
612
608
605
604
599
609
598
594
599
601
595
593
602
604
603
609
611
608
613
614
600
605
600
605
611
602
604
608
599
603
601
596
597
601
604
603
602
604
616
598
599
603
603
614
605
606
608
602
602
613
610
608
594
596
606
606
602
603
596
598
600
611
599
605
609
609
596
605
600
608
613
600
604
600
599
614
601
606
599
603
597
597
597
602
596
597
606
595
605
602
593
605
611
605
603
608
603
603
599
600
605
608
592
606
595
594
600
601
600
601
599
597
605
601
597
609
597
600
600
599
602
604
596
598
612
606
604
606
609
600
601
594
601
602
602
609
616
597
603
615
604
610
603
602
605
590
603
607
601
595
601
602
600
605
600
596
594
601
598
602
598
610
604
605
592
602
597
602
600
602
597
596
609
598
603
603
600
609
593
599
598
603
602
601
595
611
597
592
595
608
601
604
603
601
599
599
602
601
602
599
605
594
597
593
601
603
607
592
593
599
597
598
597
598
614
601
605
593
608
600
605
601
601
603
598
594
602
599
603
601
604
604
606
594
610
588
597
598
604
606
607
603
611
599
600
606
599
602
598
597
595
602
597
597
606
604
606
601
603
592
595
601
602
599
596
598
603
600
604
600
593
606
604
600
592
605
592
598
604
601
599
597
604
604
597
601
601
595
601
600
596
