600
605
606
602
599
608
605
596
608
599
598
608
592
607
596
595
607
606
604
605
595
598
605
594
600
603
605
603
598
599
607
601
601
600
596
601
605
594
592
598
599
607
598
600
598
597
595
606
608
598
598
607
603
597
601
604
598
606
601
593
591
600
596
600
594
588
603
599
601
602
593
601
605
602
601
606
598
603
601
606
604
601
597
598
603
603
601
596
603
597
597
596
601
601
604
606
598
610
595
600
594
597
607
594
590
593
597
600
594
603
597
596
607
601
600
607
597
603
604
599
602
600
598
595
603
602
602
596
597
600
604
604
607
605
601
602
598
597
602
603
610
602
603
597
603
605
596
605
603
595
596
597
593
603
611
604
599
607
604
603
602
597
592
601
597
597
601
603
608
600
596
614
605
605
598
602
598
601
603
607
596
601
611
605
604
604
601
602
607
600
603
616
597
602
604
593
601
589
604
601
600
591
594
597
601
603
602
596
591
601
600
606
598
608
605
611
602
603
597
592
606
602
597
598
589
598
602
600
597
601
607
610
606
589
589
598
601
592
608
595
598
600
597
601
604
603
608
604
602
606
603
605
593
604
600
595
597
597
594
604
605
603
602
599
603
602
606
602
604
606
598
599
599
604
597
599
598
605
604
598
606
599
600
597
606
591
600
608
595
605
605
600
600
603
602
607
600
601
592
597
607
594
610
611
593
600
603
605
608
611
599
601
594
599
607
615
594
609
608
605
611
605
603
595
591
611
600
606
604
612
609
610
613
605
612
615
609
608
603
603
614
606
610
610
617
613
610
625
612
602
605
613
615
630
621
608
618
619
618
625
615
605
601
626
636
628
638
638
629
635
627
624
621
643
647
632
649
641
646
632
649
633
655
660
663
650
665
663
661
688
675
664
663
671
675
682
676
680
720
749
733
715
755
755
751
761
769
735
775
791
765
774
803
812
823
860
805
850
851
858
853
903
925
889
933
941
967
980
976
991
984
1030
1111
1037
1059
1131
1131
1113
1203
1185
1204
1263
1276
1329
1343
1293
1364
1445
1434
1443
1453
1468
1474
1555
1571
1532
1643
1680
1665
1679
1712
1737
1773
1744
1799
1762
1829
1881
1805
1816
1857
1897
1895
1880
1809
1874
1849
1895
1985
1897
1961
2003
2004
1994
1920
1829
1913
1857
1892
1885
1774
1814
1876
1759
1822
1745
1811
1706
1805
1744
1846
1672
1753
1695
1570
1620
1624
1600
1590
1557
1616
1559
1502
1474
1451
1465
1448
1498
1476
1407
1412
1366
1443
1387
1392
1269
1321
1304
1312
1215
1292
1249
1211
1193
1233
1212
1186
1209
1156
1160
1158
1148
1183
1155
1106
1140
1122
1079
1093
1086
1090
1069
1076
1039
1087
1038
1018
999
999
1008
1030
974
1054
1000
944
993
1024
958
953
927
952
969
980
890
941
938
916
943
897
887
918
907
874
888
896
885
853
907
868
912
878
864
868
862
862
849
835
807
851
830
827
855
816
831
844
842
830
799
823
807
802
788
809
807
771
791
771
787
768
795
788
757
776
770
791
756
757
745
791
758
762
772
745
776
757
747
742
732
726
754
750
732
741
727
731
719
722
696
729
712
738
724
724
718
731
698
712
706
698
706
741
698
680
684
700
714
707
692
686
690
687
680
677
687
676
698
687
671
686
682
685
679
669
697
656
692
691
661
685
654
677
675
666
671
677
653
667
681
673
668
677
668
670
660
650
671
658
672
666
668
676
672
673
644
673
656
655
658
668
640
657
637
646
642
641
646
656
643
638
644
657
635
647
638
645
632
656
649
661
649
645
641
637
647
647
642
630
648
637
643
645
635
637
638
629
647
631
625
637
653
637
641
615
632
623
636
628
628
645
644
646
630
631
643
627
614
629
630
632
633
629
635
619
618
611
620
619
626
611
631
617
619
621
618
625
620
625
620
618
636
633
624
622
628
619
624
628
632
631
617
614
623
614
628
623
611
619
622
616
622
625
617
619
608
615
611
613
631
611
616
607
628
621
622
615
612
610
627
620
612
614
612
623
614
616
626
615
613
606
617
608
609
612
606
608
628
622
609
613
611
611
612
609
614
597
611
613
620
610
602
610
611
611
607
613
608
613
605
596
611
618
606
612
618
608
607
611
603
606
606
608
608
619
619
607
609
612
609
609
616
622
616
610
616
607
611
617
604
600
611
607
599
613
605
603
616
611
597
618
599
613
606
605
609
607
613
610
602
612
605
614
596
609
601
616
605
610
604
597
600
610
606
611
617
603
597
610
593
603
607
603
611
594
603
603
599
603
612
601
603
594
603
605
601
608
606
602
610
602
609
614
608
605
599
608
599
604
610
597
612
610
604
603
599
601
601
600
609
602
599
605
596
601
595
603
600
603
601
602
595
601
602
607
599
606
615
606
604
600
600
611
602
598
597
596
606
609
610
609
601
603
593
597
604
610
603
599
599
605
596
598
597
598
604
601
603
598
596
604
598
609
601
605
601
603
605
614
602
602
604
600
602
610
605
598
593
598
606
597
595
595
607
596
607
601
605
600
608
607
591
606
597
595
604
605
601
599
609
609
605
601
599
598
602
604
599
601
600
600
608
600
604
601
604
605
602
603
600
609
602
603
612
605
600
592
603
600
611
592
602
597
602
605
607
597
602
601
594
601
600
600
601
608
602
602
605
612
589
612
605
598
607
596
600
603
599
598
602
594
594
605
588
603
592
602
613
599
603
602
595
603
601
599
599
596
603
605
604
603
612
602
602
602
603
598
601
589
598
603
602
605
597
601
607
598
598
600
601
600
607
602
608
602
603
603
608
603
604
599
598
598
591
605
601
604
601
604
598
603
599
605
604
602
600
604
599
596
600
599
607
606
606
603
598
604
602
602
604
603
597
601
596
606
597
592
596
598
603
602
598
598
595
601
597
602
597
594
599
594
600
592
595
594
588
593
603
599
592
600
611
601
597
598
605
603
596
609
594
603
594
593
595
594
591
598
593
602
601
603
596
590
603
601
592
602
603
604
604
595
596
607
598
600
598
594
603
604
605
603
605
603
602
593
597
596
606
596
602
600
598
599
594
599
595
597
592
589
596
600
603
603
600
609
609
601
602
598
606
607
602
597
605
596
593
598
606
597
605
608
606
606
607
601
595
604
605
611
596
598
602
