605
601
600
606
602
596
610
607
613
615
612
608
605
596
607
601
589
608
600
598
598
601
595
602
600
597
597
603
597
599
603
602
588
605
602
597
604
595
596
605
606
604
601
603
595
607
598
592
598
598
597
596
604
601
598
606
607
605
610
603
602
598
602
598
607
595
603
603
599
598
600
605
597
591
607
597
600
600
594
596
595
598
595
610
600
607
600
600
607
603
597
597
607
602
593
599
612
613
593
603
598
606
605
605
599
596
602
595
603
598
604
598
603
597
596
599
607
594
605
606
612
604
602
599
605
602
601
597
601
606
602
595
600
599
597
599
599
597
600
604
607
604
604
602
605
605
604
600
601
597
601
595
609
605
599
596
601
598
593
602
600
607
607
600
611
610
608
602
605
598
602
600
597
606
607
599
604
599
602
601
599
608
607
605
605
598
601
595
601
602
601
603
603
607
597
600
597
602
596
601
601
605
596
595
597
604
607
610
606
598
600
601
601
597
603
603
601
602
595
606
600
610
607
598
595
609
606
598
602
600
602
607
600
598
601
605
613
602
610
602
596
602
606
603
605
606
606
598
592
600
610
603
605
595
605
604
600
598
598
610
608
593
612
610
604
610
596
604
599
601
606
602
602
606
599
608
609
601
616
603
603
612
601
610
609
602
605
614
601
603
604
605
607
602
604
598
597
615
600
606
606
607
604
607
610
601
607
596
616
615
612
604
607
602
603
609
611
605
620
610
610
612
609
609
621
618
613
605
608
607
618
607
610
619
616
608
611
620
626
609
630
625
627
628
608
626
627
619
616
628
630
626
631
627
631
644
637
636
645
641
641
635
645
645
644
652
646
651
652
675
667
656
671
679
673
680
700
687
686
685
689
717
706
716
717
701
749
709
766
757
732
730
756
741
746
762
798
809
817
795
829
822
854
835
881
903
860
925
894
948
907
905
938
948
1011
1050
1064
1095
1121
1116
1141
1184
1136
1208
1181
1237
1232
1298
1285
1417
1388
1412
1508
1496
1495
1540
1596
1708
1684
1714
1799
1761
1935
1914
1966
2040
2065
2056
2205
2207
2311
2231
2279
2481
2407
2513
2586
2598
2731
2716
2748
2772
2783
2857
2890
2868
2931
3004
2917
2987
3120
3104
2992
3065
3058
3067
3273
3280
3176
3101
3091
3158
3028
3095
3198
3106
3110
2982
3034
3130
2942
2930
3067
2822
2989
2849
2811
2824
2920
2828
2801
2721
2733
2672
2649
2711
2558
2526
2613
2433
2443
2398
2346
2270
2281
2284
2291
2214
2168
2144
2106
2049
2124
2039
2082
2002
1950
1926
1924
1894
1824
1845
1859
1823
1712
1841
1694
1620
1718
1652
1714
1671
1651
1613
1664
1683
1644
1590
1519
1500
1503
1564
1501
1433
1499
1478
1458
1392
1435
1450
1384
1367
1366
1314
1328
1363
1322
1362
1350
1288
1254
1269
1249
1229
1260
1186
1257
1262
1233
1192
1251
1194
1131
1190
1212
1192
1147
1136
1095
1086
1120
1106
1132
1183
1069
1108
1080
1093
1072
1066
1024
1056
1025
996
1115
1015
996
1028
1024
985
1009
962
1041
1057
949
969
967
968
967
960
942
950
884
930
905
892
880
897
918
910
882
888
903
887
891
883
897
877
880
898
869
885
855
874
864
833
879
860
821
847
837
830
856
835
819
814
849
849
804
805
840
828
800
800
838
815
814
787
808
764
789
786
785
768
752
768
768
792
764
751
749
760
778
743
754
773
774
752
771
734
765
715
749
747
741
733
732
734
727
757
734
757
732
718
721
726
724
731
722
730
725
694
711
715
732
723
688
719
720
713
680
711
713
690
706
702
694
720
689
698
686
679
694
701
686
704
699
678
692
684
662
690
693
695
672
707
672
685
678
674
682
694
680
687
670
652
673
668
663
664
681
660
663
672
663
676
662
660
650
659
666
659
664
670
670
664
657
646
655
655
659
658
649
660
661
659
644
651
661
641
641
658
656
645
637
644
638
653
636
648
648
642
646
635
631
642
634
639
634
633
635
628
639
639
646
664
638
636
625
636
638
638
619
626
632
646
636
635
637
633
658
621
633
626
623
630
628
628
638
634
630
629
629
641
627
630
629
627
633
633
640
619
632
627
627
624
626
627
624
627
610
622
626
612
628
619
629
609
632
613
642
617
611
625
628
622
616
623
611
618
626
619
613
619
628
622
612
618
607
626
629
610
634
615
628
616
609
624
605
613
620
621
604
621
625
606
619
625
608
619
610
620
616
616
629
623
596
608
612
613
609
607
608
610
613
618
614
618
622
616
612
616
628
613
606
607
598
622
613
612
604
601
606
610
607
611
612
612
608
611
616
610
616
617
612
608
606
613
604
608
616
607
614
604
608
606
614
606
617
622
605
609
612
606
608
605
605
597
605
616
611
610
610
613
607
603
605
607
613
618
597
614
607
610
606
603
600
608
598
613
610
605
600
607
601
605
604
606
606
608
611
606
614
614
609
603
611
605
603
610
621
605
611
605
607
597
608
616
615
609
607
601
594
604
603
604
610
609
619
612
607
608
603
597
606
606
605
608
603
615
603
601
610
610
604
598
610
605
595
615
600
604
604
613
605
608
609
598
601
604
601
604
602
606
606
591
600
603
604
605
604
598
601
596
608
597
612
607
602
592
609
592
603
608
603
603
610
603
608
601
602
600
615
599
602
606
591
597
602
604
615
605
605
607
601
607
608
592
598
595
599
606
599
600
602
604
605
606
599
612
607
601
607
607
603
608
600
604
606
602
609
600
607
605
595
605
602
595
608
608
604
611
606
613
602
604
609
604
610
598
595
598
609
599
604
602
603
604
602
609
614
604
603
601
596
609
605
607
599
599
606
602
601
605
600
600
603
602
594
604
598
602
596
599
601
603
609
601
612
598
605
596
606
607
602
601
602
602
603
602
601
612
604
599
599
604
593
596
603
604
600
601
592
601
593
597
595
604
601
598
597
585
603
597
602
599
596
607
595
601
596
601
600
606
596
593
600
606
600
603
605
600
594
608
595
604
597
593
600
598
606
599
601
607
604
595
605
604
597
603
592
600
604
601
600
599
592
602
598
602
599
598
598
599
600
605
602
601
604
605
599
601
592
595
603
597
601
599
606
601
597
600
599
602
603
594
596
593
596
593
602
602
602
600
602
604
601
606
596
607
602
597
605
596
602
596
598
595
594
606
601
602
604
600
604
605
599
603
599
604
