608
591
602
594
603
605
609
608
605
615
601
603
605
598
600
606
600
605
604
601
596
599
600
604
593
598
608
607
613
615
600
603
612
606
605
610
604
606
613
595
598
601
601
608
599
607
605
599
609
609
611
601
605
603
607
605
610
607
599
597
603
609
605
596
598
594
603
599
600
601
601
606
604
597
602
598
601
588
610
601
605
602
603
611
601
596
604
604
604
602
603
604
602
603
598
603
606
599
603
608
606
604
600
601
602
614
607
600
594
606
596
597
606
601
601
595
601
610
599
605
609
609
596
605
612
606
599
609
608
600
599
594
602
603
599
603
597
603
606
599
607
603
599
607
600
600
603
600
600
604
596
594
600
603
599
600
607
600
604
597
598
602
603
611
600
609
611
600
607
598
594
592
616
595
604
602
603
597
608
604
608
602
596
598
609
597
601
604
608
603
603
605
598
610
599
595
600
593
603
598
595
597
601
603
597
600
594
599
602
607
596
605
599
608
600
592
609
609
609
608
612
602
602
602
603
601
607
607
608
610
604
613
608
599
597
609
603
601
595
609
604
604
605
601
610
607
599
601
600
593
597
603
603
600
609
612
604
601
603
603
603
608
601
607
598
604
605
607
605
609
610
610
615
602
610
613
615
600
602
611
604
600
613
604
610
618
613
605
599
609
601
615
596
618
606
618
605
611
603
606
602
605
615
608
612
607
609
603
616
613
619
612
616
603
628
630
624
613
621
624
606
614
634
612
622
632
632
624
631
627
622
633
630
636
624
649
629
639
632
628
648
637
645
646
654
631
646
648
649
629
650
646
670
675
679
684
694
689
670
683
676
693
692
700
703
692
733
744
748
739
732
743
755
743
739
765
795
796
789
778
815
827
831
838
837
858
821
852
855
861
919
940
964
991
983
1013
1009
1020
1030
1058
1108
1142
1163
1092
1167
1136
1241
1186
1243
1305
1324
1354
1408
1435
1533
1482
1546
1559
1660
1773
1750
1834
1900
1956
1872
1988
1978
2109
2204
2221
2362
2342
2436
2579
2630
2747
2824
2927
2954
3039
3239
3210
3371
3502
3607
3628
3734
3802
3964
4081
4081
4206
4310
4419
4685
4665
4839
4796
4952
5023
5036
5174
5210
5382
5493
5400
5423
5644
5557
5528
5713
5842
5759
5643
5766
5892
6156
5943
5908
6072
5854
5962
6009
5905
5811
5774
5882
5785
5771
5789
5673
5496
5539
5414
5449
5393
5345
5370
5179
5402
5183
5227
5096
4987
4964
4912
4825
4722
4618
4481
4530
4431
4306
4254
4101
4216
4098
4089
4058
3879
3976
3844
3632
3579
3596
3503
3451
3343
3343
3318
3211
3206
3254
3101
3096
3014
2946
2953
2914
2813
2741
2761
2749
2686
2672
2635
2638
2520
2516
2436
2499
2401
2390
2448
2336
2153
2180
2266
2182
2142
2161
2165
2056
2022
2083
2081
2039
2031
2027
1983
1975
1931
1860
1827
1840
1795
1877
1731
1682
1705
1754
1720
1686
1642
1677
1668
1643
1644
1589
1591
1606
1542
1572
1525
1493
1495
1477
1563
1455
1484
1463
1428
1355
1380
1362
1375
1396
1347
1391
1368
1338
1339
1245
1311
1285
1293
1255
1284
1263
1265
1231
1221
1213
1230
1230
1218
1214
1211
1211
1253
1189
1143
1174
1150
1144
1132
1109
1113
1202
1066
1096
1061
1060
1074
1036
1099
1072
1081
1028
1055
1063
1064
1039
1063
1000
1007
1030
983
1025
976
1002
949
995
987
955
971
940
938
1018
965
902
928
932
929
919
911
903
914
883
903
909
890
874
907
870
885
885
889
856
870
897
869
868
848
847
844
867
837
860
816
882
839
832
831
818
825
816
811
827
814
827
807
825
805
777
822
768
797
778
773
778
797
797
782
788
803
762
784
741
768
756
760
755
739
759
756
745
760
742
744
744
743
756
754
741
756
723
730
736
768
708
731
722
767
734
727
744
725
720
730
710
718
725
726
714
731
709
733
732
720
725
714
700
725
709
704
701
713
691
691
678
700
710
707
719
666
697
689
679
692
682
717
687
691
685
681
695
681
677
683
692
677
695
674
674
687
676
692
670
683
675
670
672
669
708
681
667
659
667
666
670
666
663
656
663
669
686
659
667
664
662
645
672
655
675
653
656
663
641
654
669
664
641
649
652
656
663
657
642
645
657
641
633
656
656
647
628
654
644
638
648
639
652
639
649
662
641
630
641
640
640
635
642
640
639
645
639
643
645
637
644
626
628
641
646
641
645
628
621
625
639
638
638
633
631
635
633
624
633
637
636
629
645
641
616
632
633
621
629
620
630
627
621
627
618
629
629
622
628
637
634
625
640
629
633
623
617
630
620
609
628
625
640
626
621
627
625
626
617
624
621
626
616
621
622
627
620
628
630
631
627
615
622
628
633
630
618
620
621
621
611
606
611
631
609
618
625
626
618
611
616
627
606
614
626
613
614
617
626
603
617
609
608
607
617
624
618
612
618
615
611
605
623
614
611
613
615
610
600
612
616
607
614
619
622
612
601
605
613
608
622
613
615
609
605
615
601
609
612
610
614
608
618
612
619
620
609
621
614
609
610
625
610
612
615
607
617
616
607
611
615
602
609
607
619
616
606
620
618
608
606
609
600
606
609
599
611
613
607
609
606
604
604
606
610
616
607
608
618
611
595
612
618
613
608
605
613
598
608
594
606
603
607
602
609
602
609
611
605
619
606
603
603
606
614
604
611
611
606
609
610
602
609
605
607
616
608
614
607
615
604
611
604
601
603
604
602
611
604
608
601
603
606
610
599
608
598
607
612
598
609
603
598
600
608
601
606
609
593
600
595
600
601
602
606
600
598
614
598
600
603
604
602
605
606
596
601
604
601
604
612
603
606
607
606
606
602
601
604
612
606
605
608
611
608
600
604
606
599
597
603
604
604
600
605
608
592
604
605
602
605
608
597
602
602
592
600
603
597
604
600
600
601
602
601
601
607
610
611
605
601
606
611
601
609
596
608
597
595
594
606
602
601
601
602
610
606
606
596
599
604
596
598
610
604
597
611
599
600
604
602
602
601
601
605
594
596
607
596
592
608
606
595
604
597
596
604
599
600
600
602
603
600
598
597
609
601
597
606
600
603
598
601
597
602
603
606
604
600
598
609
605
608
599
600
600
600
606
599
595
609
602
602
600
594
606
607
600
597
605
598
603
600
597
591
599
592
600
600
596
596
600
600
599
605
600
598
600
606
597
596
592
603
595
602
605
601
601
597
601
607
600
605
602
597
603
601
596
598
606
