600
606
612
602
596
606
600
602
598
610
596
605
608
603
602
601
603
606
602
612
606
601
601
601
607
607
606
599
603
602
603
605
602
619
602
606
608
602
606
598
595
606
601
598
603
597
609
611
605
598
614
609
608
602
601
595
610
600
603
605
604
608
604
608
615
600
600
608
608
605
602
603
612
603
595
606
607
605
602
601
605
603
608
609
603
600
601
609
600
607
610
598
600
598
601
614
605
600
604
604
597
606
606
611
602
607
602
603
596
598
603
603
603
601
609
598
601
603
608
606
597
605
599
606
602
602
612
599
609
599
601
607
603
599
603
601
604
593
602
603
595
601
602
606
594
596
602
602
601
600
599
602
593
598
605
603
601
602
597
604
605
608
595
597
594
592
589
601
602
598
606
610
602
604
597
594
605
607
601
593
604
600
603
605
595
601
599
607
595
609
598
605
598
611
602
607
604
611
602
612
608
603
605
604
605
613
603
599
597
603
604
606
600
602
600
597
592
612
609
607
611
611
613
610
609
601
599
609
605
600
604
595
616
604
608
608
606
607
610
603
597
611
605
603
613
601
612
606
601
604
605
606
599
607
602
604
608
606
602
605
599
604
607
611
612
606
605
610
601
604
609
603
607
614
610
614
608
606
608
605
607
601
624
605
610
606
621
617
605
620
608
602
612
612
609
623
622
608
617
626
606
620
611
628
634
618
611
620
631
619
604
617
624
627
624
633
620
621
636
637
632
624
614
640
633
645
630
625
640
643
637
639
637
662
639
660
652
641
659
653
637
665
664
652
654
668
656
669
687
699
675
680
684
692
699
695
696
697
725
701
738
734
746
733
758
757
780
762
759
800
790
794
805
794
793
837
858
891
883
866
909
919
931
983
965
926
991
1028
1000
1033
1033
1114
1139
1112
1098
1148
1181
1256
1244
1273
1295
1378
1365
1387
1423
1466
1489
1544
1565
1629
1707
1738
1724
1860
1919
1916
2029
2087
2181
2170
2339
2346
2409
2539
2677
2593
2653
2869
2943
2901
3059
3179
3312
3452
3521
3686
3723
3900
3955
4136
4279
4437
4619
4683
4737
4857
5189
5414
5559
5633
5725
5873
6084
6089
6319
6600
6538
6736
6756
7077
7193
7091
7247
7316
7672
7560
7689
7913
7701
7809
7850
8047
8095
8252
8343
8213
8125
8348
8317
8471
8366
8544
8236
8175
8304
8284
8188
8209
8067
7886
8058
7758
7804
7725
7747
7599
7532
7355
7447
7290
7164
7281
7028
7048
6912
6807
6694
6626
6431
6382
6362
6043
6263
5997
5872
5835
5766
5684
5513
5507
5479
5239
5114
5037
5006
4927
4928
4708
4694
4346
4519
4499
4172
4199
4128
4038
3991
4139
3976
3906
3817
3856
3715
3746
3530
3589
3569
3397
3397
3362
3343
3161
3135
3164
3196
3061
3079
3022
2830
2924
2892
2776
2804
2761
2786
2686
2679
2632
2612
2562
2561
2515
2459
2431
2477
2337
2251
2340
2280
2278
2309
2227
2275
2211
2139
2121
2114
2119
2129
2048
1978
1995
2004
1955
2019
1974
1849
1893
1835
1919
1858
1888
1850
1782
1733
1765
1762
1677
1746
1730
1712
1597
1617
1663
1625
1712
1604
1538
1606
1618
1580
1556
1515
1588
1528
1506
1482
1438
1413
1479
1452
1404
1372
1352
1410
1327
1413
1360
1340
1325
1337
1356
1310
1320
1323
1301
1306
1270
1235
1256
1240
1217
1209
1228
1265
1213
1219
1183
1199
1178
1194
1210
1145
1222
1183
1125
1132
1135
1151
1126
1091
1127
1150
1110
1035
1090
1112
1129
1055
1072
1059
1086
1098
1035
1058
1024
1056
1003
1061
1016
959
1033
981
983
973
919
978
984
932
982
960
944
947
941
937
901
933
953
953
904
906
923
931
925
914
955
902
919
890
907
889
890
911
876
884
869
852
838
861
870
838
843
871
838
878
868
814
861
840
803
786
856
859
824
831
791
814
836
793
814
805
821
853
800
785
821
798
788
809
785
807
793
795
771
762
773
746
769
793
767
738
779
762
771
767
733
766
748
713
767
751
743
743
758
737
737
738
742
730
731
736
727
734
767
747
723
726
732
740
732
718
726
710
715
729
727
677
700
733
752
669
729
729
692
674
697
707
720
706
703
700
729
691
699
715
679
698
694
703
703
708
716
701
685
671
676
699
673
664
686
669
686
669
690
677
656
669
667
675
653
667
695
677
690
669
682
658
688
675
657
653
680
664
667
658
666
661
654
665
667
649
655
655
656
674
657
646
643
653
638
649
663
656
641
657
664
657
658
660
653
660
653
657
627
651
652
642
667
648
651
640
642
653
662
639
623
640
644
633
641
632
646
641
630
640
643
661
622
629
638
634
632
653
627
638
631
636
647
640
629
629
642
635
648
613
625
629
635
633
629
625
634
626
625
645
617
629
645
647
630
629
643
637
632
631
637
621
637
623
623
626
619
624
615
638
628
626
621
615
622
649
619
636
623
630
628
627
632
616
629
615
620
625
625
620
627
620
614
629
628
621
619
621
613
617
604
621
626
608
615
609
619
627
630
614
598
620
627
617
619
623
620
622
618
609
625
616
610
615
620
625
608
619
615
606
611
611
611
611
614
619
620
626
629
619
611
605
618
619
614
615
613
612
615
609
604
601
608
621
618
604
618
624
609
610
615
606
608
615
605
611
615
617
617
615
613
614
604
621
617
609
596
611
609
620
608
614
616
606
614
608
615
630
622
598
609
612
605
621
604
612
613
603
604
600
607
616
607
614
625
608
599
610
611
608
630
608
621
613
601
605
614
610
596
604
599
617
602
610
612
608
614
613
597
604
610
607
602
607
603
601
603
603
605
610
603
610
609
609
606
597
610
605
606
604
601
605
606
604
604
604
601
591
604
602
605
612
599
602
595
602
608
611
608
601
608
598
609
602
602
615
603
595
602
602
608
606
597
606
600
598
605
603
606
604
608
595
610
601
614
604
605
599
600
598
603
599
603
601
597
608
603
596
598
598
605
584
600
601
604
598
608
603
610
599
605
601
595
596
599
594
603
604
589
600
605
601
601
611
597
600
611
605
605
601
600
604
605
597
603
598
600
613
597
604
601
607
599
600
602
595
604
605
603
601
603
598
604
610
599
600
610
599
600
605
601
597
599
602
594
593
597
605
601
608
600
599
599
607
596
595
595
599
605
600
599
603
603
591
607
600
602
601
603
605
601
595
606
595
605
604
600
608
606
596
602
613
599
602
611
602
598
597
593
596
602
600
602
591
595
593
601
604
601
594
587
603
600
604
607
594
596
596
599
604
611
601
597
594
606
