603
602
601
593
602
600
592
598
595
600
595
599
604
599
592
601
607
596
593
601
607
601
598
596
591
599
605
601
603
596
595
602
600
604
605
601
602
597
598
601
605
600
593
598
607
604
602
604
600
609
603
611
607
610
604
597
601
601
598
600
607
601
604
605
596
608
600
604
596
603
605
592
598
600
608
595
607
604
602
602
602
598
600
597
609
606
611
599
603
601
598
602
599
598
601
606
597
604
609
600
601
607
600
597
607
601
588
596
595
601
602
607
602
598
596
601
595
601
597
606
598
606
601
595
608
593
601
597
598
601
608
596
601
600
608
602
600
610
602
598
601
601
608
603
607
599
596
598
599
601
597
604
601
606
598
605
596
604
603
600
594
603
596
596
598
598
601
599
601
612
603
598
606
595
600
602
606
601
606
601
592
602
604
600
602
602
602
603
603
599
609
595
597
601
601
602
594
597
597
596
603
605
606
602
607
604
601
607
597
608
598
595
601
607
605
599
604
604
595
600
609
610
605
605
608
606
597
606
613
598
606
600
602
597
603
612
607
606
610
604
607
596
599
600
605
597
605
607
605
598
600
611
604
598
606
608
607
604
601
601
605
603
605
600
609
605
601
604
604
596
594
598
603
605
611
600
601
604
603
597
600
595
601
605
609
610
607
605
605
608
612
609
606
611
610
604
602
616
608
617
610
606
613
607
607
603
611
608
603
602
615
612
618
611
610
614
607
605
604
617
608
613
614
613
615
628
621
620
620
616
627
616
615
620
622
628
625
635
633
627
624
629
634
640
641
628
619
648
657
637
647
647
647
652
650
660
666
659
664
673
661
664
642
677
675
692
681
688
681
693
685
707
695
725
714
679
767
723
733
746
732
737
775
751
763
774
784
790
797
801
807
841
838
873
873
864
871
901
955
900
933
954
983
986
973
1002
1006
1051
1093
1067
1103
1218
1206
1191
1212
1258
1271
1325
1335
1373
1374
1468
1370
1525
1571
1689
1647
1629
1718
1676
1838
1836
1955
1988
1981
2010
2170
2260
2326
2417
2402
2508
2541
2637
2746
2763
2814
2922
2966
3079
3113
3142
3196
3382
3429
3575
3565
3718
3726
3866
3958
3829
3934
3903
4077
4128
4184
4293
4206
4213
4252
4377
4196
4386
4337
4406
4415
4611
4561
4602
4479
4598
4508
4541
4430
4469
4535
4356
4389
4253
4246
4227
4120
4272
4247
4236
4050
4016
3859
4021
3903
4005
3803
3832
3645
3628
3712
3541
3541
3499
3496
3349
3318
3292
3270
3126
3085
3120
3083
3077
3030
2964
2862
2833
2841
2730
2755
2647
2601
2623
2565
2503
2493
2452
2540
2441
2401
2367
2288
2335
2301
2185
2211
2288
2158
2141
2123
2141
2029
2021
2025
2047
1973
2017
1984
1905
1823
1910
1882
1837
1841
1770
1759
1821
1788
1720
1741
1716
1686
1675
1647
1613
1595
1628
1557
1553
1567
1528
1491
1466
1502
1518
1551
1452
1491
1499
1442
1462
1465
1455
1463
1361
1378
1367
1362
1365
1346
1336
1308
1305
1297
1262
1252
1287
1260
1241
1262
1292
1256
1199
1203
1224
1211
1172
1215
1177
1179
1148
1126
1169
1142
1104
1160
1107
1119
1065
1142
1081
1054
1083
1053
1050
1035
1091
1059
1060
1037
1051
992
1043
1051
1011
1001
993
1021
1005
991
963
972
911
932
964
1007
943
926
951
939
961
977
907
935
925
934
917
957
946
925
909
897
906
902
873
897
890
849
840
858
869
859
866
834
853
847
853
857
856
825
861
843
837
835
801
827
798
857
818
823
819
802
826
798
794
836
825
795
774
781
808
788
794
806
764
770
781
782
775
758
789
768
762
762
775
754
752
771
778
786
756
746
776
756
746
750
754
756
758
745
724
734
759
739
723
778
730
716
710
748
731
697
706
712
706
721
733
701
710
723
715
715
715
714
708
690
701
684
692
727
708
696
683
673
696
705
678
699
678
666
700
687
674
685
679
671
677
679
690
680
701
680
671
703
701
684
682
666
680
684
683
678
670
671
677
663
666
659
679
673
650
652
678
673
673
675
683
662
662
653
668
653
661
657
659
659
669
657
654
652
660
649
651
661
661
654
650
660
644
637
638
636
636
648
640
659
640
653
645
652
647
629
649
660
637
644
647
641
651
632
625
640
633
628
642
622
628
639
638
627
634
638
636
622
639
642
637
648
622
640
639
626
631
631
628
644
617
628
636
638
614
637
631
620
647
631
622
631
636
613
621
621
614
620
617
623
624
629
618
614
614
618
622
612
623
625
622
611
629
626
619
630
618
614
624
625
621
633
624
619
609
617
615
627
622
624
631
611
633
620
612
620
620
608
611
614
626
629
603
620
615
627
613
623
614
606
630
622
632
612
624
615
616
626
617
608
608
614
605
611
612
624
626
614
615
600
611
616
612
619
608
611
609
610
610
614
610
614
611
615
614
607
605
624
608
615
607
612
606
610
607
615
615
615
599
612
618
611
611
603
617
607
606
605
613
613
616
593
608
604
609
616
600
611
602
616
605
620
611
613
615
617
605
608
610
606
617
612
611
609
607
612
613
602
619
611
612
606
602
605
614
603
605
598
613
605
610
596
616
600
597
606
604
602
598
602
599
603
605
600
606
603
612
609
597
605
601
598
611
611
603
614
603
604
611
603
605
610
600
601
597
612
608
605
611
606
592
612
607
599
608
606
603
615
606
604
598
604
608
608
603
589
597
601
599
599
607
604
607
606
604
599
602
602
603
604
611
596
604
611
605
600
592
591
596
602
606
602
602
603
608
600
600
604
607
598
606
609
596
603
608
597
610
595
606
608
602
599
600
600
596
599
590
612
600
599
605
602
606
603
596
598
606
591
612
598
598
599
594
592
598
605
600
607
598
602
602
606
600
590
592
601
618
591
599
598
591
596
600
601
597
590
599
596
594
596
595
604
599
604
602
609
600
597
609
594
597
600
602
603
604
600
605
607
600
602
610
602
604
610
600
597
602
601
603
599
605
598
598
596
594
592
596
594
595
601
598
591
605
602
604
598
603
597
601
598
593
597
588
597
603
602
598
604
599
598
603
597
603
598
610
604
602
602
596
607
605
603
600
596
610
603
602
604
604
595
607
601
608
604
598
602
601
598
594
601
598
601
597
599
604
593
602
594
601
602
595
607
598
597
604
602
594
608
605
596
603
595
607
600
606
596
607
596
602
605
598
601
602
596
596
598
610
600
607
607
596
607
596
601
602
611
605
