602
604
600
598
604
602
609
602
604
598
600
605
603
601
607
603
605
602
603
603
608
608
606
595
605
604
609
600
606
601
600
599
605
606
599
605
602
596
607
592
596
599
598
590
596
589
599
602
603
590
598
591
600
600
593
594
598
598
607
594
598
613
602
609
596
602
603
599
597
591
604
597
603
600
597
599
596
606
607
606
598
590
602
597
604
599
606
603
603
598
603
594
602
602
605
602
591
595
593
600
605
601
597
611
597
605
602
601
599
596
593
597
595
598
606
600
604
606
599
591
601
603
601
596
598
595
600
603
593
612
596
602
605
602
602
605
604
599
604
606
604
596
603
603
600
592
607
595
608
597
603
604
615
600
600
591
592
597
596
597
605
599
610
602
599
601
602
596
599
602
606
611
604
600
604
599
605
602
596
603
603
609
601
604
596
601
596
598
600
601
595
604
600
600
604
600
603
596
602
607
600
596
600
606
602
601
605
602
601
606
590
605
600
597
598
601
599
602
611
599
608
595
602
610
592
604
600
609
616
597
605
603
599
602
608
602
601
609
592
604
597
597
608
597
601
604
606
603
609
592
606
604
611
599
613
599
601
603
602
606
611
605
615
601
610
599
608
597
609
599
606
598
612
601
609
609
609
601
609
598
617
609
615
605
604
609
605
605
609
601
595
599
617
611
607
605
599
606
612
615
622
626
610
611
607
634
615
612
603
603
625
608
605
613
613
600
611
617
612
613
606
613
618
606
618
628
618
625
623
618
634
623
623
618
647
633
638
630
625
647
633
634
639
630
653
633
635
647
631
651
656
657
664
667
672
681
647
667
676
691
663
700
682
693
704
708
730
709
706
716
717
743
733
749
739
763
769
772
757
765
772
782
795
809
824
835
867
868
843
839
874
921
921
938
923
944
962
1007
965
1052
1025
1017
1103
1109
1137
1107
1185
1196
1213
1209
1268
1318
1283
1384
1430
1394
1442
1501
1536
1565
1616
1687
1747
1716
1717
1864
1960
1951
2047
2084
2129
2137
2346
2453
2451
2463
2533
2764
2685
2812
2829
3030
3113
3160
3189
3223
3475
3537
3465
3743
3801
3885
4062
4035
4181
4311
4400
4462
4598
4653
4646
4860
4874
4893
4972
5066
5175
5072
5161
5270
5262
5319
5272
5334
5532
5347
5582
5609
5522
5554
5327
5670
5580
5595
5616
5434
5247
5353
5388
5229
5359
5060
5247
5234
5119
5006
5171
4874
5025
4795
4867
4868
4622
4515
4470
4458
4466
4455
4389
4422
4206
4047
4041
3967
3801
3806
3894
3757
3861
3564
3380
3601
3532
3462
3458
3194
3246
3212
3176
3210
3137
3071
2921
2956
2907
2933
2826
2782
2784
2805
2778
2686
2718
2678
2632
2650
2560
2476
2598
2442
2378
2386
2369
2340
2198
2272
2326
2169
2342
2206
2165
2132
2117
2047
2040
2153
2024
2079
2030
2003
1971
1936
1931
1899
1847
1844
1850
1840
1899
1833
1768
1705
1665
1708
1740
1780
1683
1667
1682
1719
1630
1655
1634
1663
1636
1547
1581
1516
1458
1542
1498
1479
1500
1464
1467
1436
1413
1403
1437
1405
1383
1418
1349
1400
1343
1363
1328
1303
1305
1293
1248
1284
1320
1256
1252
1248
1209
1251
1246
1182
1155
1206
1204
1191
1154
1190
1158
1099
1131
1182
1148
1143
1113
1102
1084
1054
1081
1068
1061
1136
1044
1083
1058
1126
1100
1089
1056
1064
1054
1053
1037
1012
1035
983
1001
1035
959
960
950
964
993
967
972
964
973
967
938
965
909
934
951
942
902
885
926
883
900
899
893
892
883
946
866
906
910
875
872
878
856
898
896
852
861
856
867
826
840
857
855
828
862
840
815
867
834
843
813
815
789
805
803
829
790
784
787
818
802
810
808
780
797
781
796
789
790
795
791
790
833
766
783
761
762
776
767
782
769
765
738
787
739
769
765
761
735
731
740
746
735
735
733
739
741
739
738
726
707
712
703
730
724
709
732
724
718
708
735
740
708
710
744
737
726
739
710
708
707
703
698
684
695
720
698
678
697
703
698
703
701
675
690
689
666
696
695
671
678
687
679
673
670
675
672
685
689
686
670
668
662
678
671
665
671
664
666
657
657
660
672
676
672
663
675
650
668
648
664
661
646
667
665
639
651
636
656
661
646
633
645
657
654
654
651
665
656
645
661
651
637
661
652
658
645
644
638
650
654
628
638
632
645
639
651
652
640
637
636
634
640
632
638
646
637
636
637
637
628
647
648
647
649
640
629
626
632
629
640
644
620
641
626
630
633
640
632
635
622
627
644
635
649
638
627
630
644
620
625
632
631
632
632
626
632
621
633
627
606
617
622
629
632
613
638
626
620
623
623
609
626
620
639
616
603
631
616
624
626
625
630
619
627
618
617
630
621
626
621
605
623
618
620
625
606
614
631
618
615
621
621
622
613
617
619
621
616
621
623
613
612
625
621
614
624
619
612
618
613
631
624
618
617
619
613
614
623
605
612
623
614
605
611
625
610
613
609
613
616
621
602
613
608
615
615
615
609
605
596
610
613
611
617
606
608
612
606
615
611
609
602
609
602
605
618
604
608
607
602
609
618
618
610
617
601
621
613
601
603
606
608
613
600
614
604
606
617
617
607
610
615
600
602
602
602
612
609
609
606
610
609
608
600
603
607
602
604
611
609
608
602
604
601
609
601
603
600
606
615
597
585
614
606
600
603
610
600
601
620
609
600
606
615
608
603
611
606
602
611
599
611
605
597
604
607
609
602
602
609
607
602
612
600
605
600
602
595
602
608
601
601
599
601
603
612
594
600
609
602
608
602
604
608
602
594
598
600
615
598
602
601
602
590
608
596
601
606
609
596
606
602
600
599
590
599
608
610
606
595
605
605
609
597
600
603
594
601
609
608
595
600
600
603
600
608
605
606
601
603
601
609
591
610
603
604
603
600
595
598
594
601
603
606
602
602
597
594
598
596
606
595
603
598
604
594
601
598
601
606
602
601
611
599
604
602
595
600
605
594
603
603
606
598
596
604
597
601
593
606
604
595
601
597
597
610
606
601
604
603
602
606
601
601
605
603
600
608
602
604
598
589
599
606
599
604
603
597
603
591
597
609
605
605
602
605
596
600
604
601
603
603
597
600
604
594
603
605
605
616
607
599
595
592
601
599
594
610
605
603
594
597
603
600
597
598
590
597
604
602
601
600
604
595
597
605
597
598
605
597
594
597
599
599
601
594
597
596
602
602
600
599
601
599
600
596
601
596
605
589
599
603
602
