608
612
604
606
613
612
603
603
599
606
609
602
608
613
607
600
606
602
602
601
604
599
599
604
609
602
609
605
609
602
605
605
604
600
617
606
606
598
604
614
593
609
611
612
600
612
602
598
603
597
597
610
596
604
599
598
606
600
609
598
592
595
605
601
603
601
609
603
603
597
605
604
606
596
603
606
602
606
609
607
603
603
596
603
611
604
599
600
605
600
599
605
599
606
609
606
606
599
608
602
607
597
598
609
597
611
592
608
598
605
610
603
599
602
611
607
608
593
602
594
606
607
600
601
592
604
609
607
603
601
601
611
603
603
593
601
609
596
599
602
596
606
605
605
595
608
604
606
606
604
606
600
595
610
597
601
607
605
599
607
596
603
601
600
598
617
606
598
604
607
597
601
607
600
601
598
598
606
604
605
606
599
599
595
599
602
604
596
588
602
606
601
598
604
602
612
610
608
602
606
603
612
609
597
605
594
613
600
603
614
611
610
605
605
605
612
598
604
615
615
601
607
611
606
605
598
617
593
605
608
606
603
614
602
610
614
602
607
613
605
597
609
605
612
609
609
606
607
604
610
612
616
616
615
611
609
596
612
608
612
612
611
613
612
610
609
616
612
610
621
611
615
603
607
614
616
607
620
607
607
621
612
610
624
620
610
618
601
601
611
612
610
626
613
619
626
631
620
631
621
618
631
626
627
622
621
617
621
628
644
639
625
638
631
643
635
635
640
630
630
636
640
650
630
639
661
635
650
656
657
659
668
676
680
677
687
668
697
675
671
680
677
668
688
688
701
708
720
719
736
724
729
748
747
748
764
738
787
757
774
780
780
844
791
792
851
812
865
858
862
908
901
909
934
926
956
978
982
975
988
1034
1032
1054
1074
1091
1102
1146
1133
1167
1207
1240
1276
1249
1315
1329
1335
1423
1439
1555
1548
1562
1591
1666
1736
1705
1796
1880
1942
2023
1964
2102
2121
2292
2289
2439
2435
2554
2626
2770
2756
2977
3091
3105
3298
3287
3489
3583
3674
3749
3959
4074
4151
4356
4547
4792
4998
4979
5244
5562
5515
5768
5939
6129
6214
6527
6520
6899
7164
7261
7643
7924
8058
8133
8419
8573
8677
9071
9162
9310
9509
9697
9878
10099
10140
10385
10375
10428
10681
11018
10697
11003
11089
11204
11064
11337
11465
11302
11479
11630
11685
11594
11322
11428
11520
11686
11394
11319
10953
11098
10913
11240
10734
10966
10899
10607
10461
10222
10297
10345
10173
10024
9945
9829
9528
9304
9480
9025
8943
8779
8783
8580
8524
8437
8328
8129
8167
7804
7794
7562
7585
7441
7192
7142
7024
6874
6409
6415
6599
6462
6237
6037
6000
5803
5630
5698
5686
5453
5423
5264
5124
5107
5156
5098
4948
4858
4853
4746
4718
4591
4473
4450
4425
4413
4220
4250
4148
4274
3940
3837
3848
3881
3751
3630
3789
3780
3531
3493
3402
3535
3493
3424
3336
3317
3220
3234
3154
3151
2991
3128
3069
2906
2883
2835
2947
2794
2801
2823
2659
2707
2649
2709
2690
2676
2659
2536
2503
2419
2500
2475
2459
2343
2281
2459
2333
2243
2284
2217
2248
2243
2115
2162
2080
2080
2118
2050
2023
2106
2050
2021
2026
1958
1973
1851
1964
1909
1887
1902
1773
1879
1820
1812
1762
1724
1743
1869
1743
1669
1646
1670
1717
1651
1644
1621
1629
1666
1522
1616
1620
1518
1590
1516
1511
1619
1492
1560
1486
1432
1465
1471
1462
1393
1317
1418
1404
1344
1403
1339
1367
1334
1407
1321
1393
1335
1353
1304
1297
1286
1240
1264
1296
1306
1268
1292
1333
1255
1225
1238
1269
1224
1194
1189
1219
1157
1177
1140
1153
1178
1131
1117
1146
1179
1092
1157
1090
1111
1102
1123
1077
1060
1107
1056
1098
1070
1094
1047
1086
1009
1074
1039
998
1026
1022
989
1017
998
1005
996
986
982
980
1001
996
944
968
931
979
975
956
985
928
925
984
940
930
929
936
907
900
895
907
924
860
889
870
899
860
916
906
849
861
909
871
869
874
904
859
872
831
870
854
852
845
842
811
856
831
820
819
876
840
816
792
852
851
845
854
821
805
796
795
791
827
808
804
802
801
784
786
813
758
760
749
784
796
749
796
752
752
783
793
782
772
772
761
752
742
733
757
758
754
747
740
761
760
742
742
746
747
771
730
738
721
745
718
744
750
726
693
735
682
721
697
733
734
726
716
740
718
726
701
709
731
684
710
682
728
708
703
704
704
699
686
736
699
700
689
697
681
692
694
686
682
683
702
665
673
711
691
696
693
674
689
679
672
683
669
677
691
688
663
656
664
669
685
668
677
674
666
659
668
661
666
652
654
659
667
653
660
655
653
649
654
680
671
653
659
652
666
664
659
670
648
683
661
653
656
652
627
654
634
633
645
644
665
639
647
640
653
639
666
644
653
646
637
650
654
646
639
638
647
637
649
638
643
636
620
631
627
630
659
640
643
628
643
637
633
649
641
653
635
624
641
630
648
640
636
629
639
622
629
636
628
656
625
631
644
636
648
647
631
640
632
630
625
631
624
631
626
646
618
622
636
618
625
633
628
620
622
637
619
609
617
627
631
626
630
621
617
622
624
616
626
634
611
626
611
622
626
629
631
625
624
615
622
606
618
633
620
608
613
624
617
628
616
619
620
629
627
611
619
623
620
622
610
614
605
613
615
605
619
619
630
623
605
623
615
613
616
622
604
615
607
613
613
612
604
624
608
621
613
611
611
602
623
615
619
609
618
602
612
620
612
614
609
611
613
621
609
602
603
611
610
612
605
612
624
615
629
615
610
612
611
611
610
612
614
612
609
613
602
609
614
615
609
612
599
604
603
618
617
613
603
614
610
604
612
605
616
598
603
609
599
602
598
613
604
604
611
605
603
619
608
607
601
612
596
606
602
607
606
599
604
619
617
600
604
603
605
606
606
609
603
600
604
606
605
608
613
604
602
602
604
602
607
595
600
611
602
602
608
597
606
603
607
606
603
612
605
604
610
606
597
602
596
596
599
604
603
601
606
597
599
603
602
607
597
596
605
608
611
607
601
601
592
594
609
604
604
607
613
606
600
607
607
596
602
605
611
607
602
610
605
610
606
604
595
603
606
609
607
604
597
610
605
603
598
607
609
607
602
601
601
596
601
607
605
612
600
600
599
603
598
602
600
604
595
597
610
608
604
603
613
603
598
604
600
606
602
601
601
600
604
594
601
600
604
600
604
597
595
595
603
596
596
592
603
602
596
598
592
602
603
610
597
598
594
599
597
611
598
594
610
600
607
602
593
595
597
603
601
595
596
601
600
600
604
592
599
604
603
