609
614
606
604
611
594
602
611
607
607
601
592
599
602
601
618
597
599
600
604
612
608
603
607
606
597
611
604
609
607
609
607
608
611
604
604
603
607
607
604
604
607
603
603
613
602
608
595
605
605
611
611
608
610
600
596
603
610
603
597
601
596
600
605
606
612
598
608
605
605
610
604
611
612
605
611
606
610
603
613
611
608
611
603
602
607
605
614
600
602
604
598
607
599
607
606
601
601
607
603
604
594
601
608
598
609
606
594
603
608
598
605
606
601
602
606
604
604
605
594
601
602
602
603
608
600
606
608
611
601
600
605
604
600
614
606
608
604
606
593
598
602
597
601
601
604
607
611
609
609
605
602
604
611
611
611
617
608
606
601
609
612
599
596
612
599
601
605
601
599
602
597
601
610
612
597
611
603
609
607
600
600
612
604
595
605
602
614
608
601
616
604
602
602
604
601
608
604
599
612
607
605
606
607
603
605
602
606
603
595
599
604
605
599
603
603
617
611
611
609
608
600
613
614
607
613
601
613
613
602
606
616
595
605
597
603
607
604
615
612
605
607
608
600
607
612
607
611
605
613
616
609
627
618
605
614
615
612
606
609
617
605
607
612
618
613
618
612
612
616
614
613
620
612
610
613
625
613
616
621
622
625
622
616
615
613
618
624
618
613
621
617
621
624
625
626
616
623
606
626
632
632
619
624
624
635
635
642
626
636
634
622
650
626
664
626
662
630
638
640
657
655
655
652
647
641
648
652
663
672
650
662
667
687
680
707
691
689
694
682
707
699
697
703
720
717
703
724
705
741
735
717
759
774
777
778
795
812
810
809
802
784
838
820
861
824
870
875
843
883
908
921
954
967
1010
987
983
1005
1055
1040
1063
1039
1185
1151
1157
1176
1258
1203
1275
1321
1287
1362
1410
1462
1488
1494
1545
1566
1635
1590
1662
1782
1811
1861
1887
2016
2039
2086
2126
2236
2306
2393
2414
2540
2547
2776
2833
2930
2996
3151
3240
3335
3481
3578
3672
3791
3941
4058
4311
4365
4652
4800
4921
5134
5308
5502
5712
5860
6132
6548
6546
6798
6736
7051
7308
7581
7914
7957
8438
8496
8729
8948
9166
9478
9491
10010
10106
10391
10451
11022
11165
11535
11454
11599
11869
11663
11926
12036
12331
12589
12453
12838
12746
12555
12785
13101
13020
12876
13012
13174
13019
13201
13011
13000
12778
13078
12878
12646
12744
12164
12343
12279
11972
12227
12100
12249
11688
11739
11546
11610
11389
11436
11068
11124
10699
10614
10591
10238
10020
10041
9695
9632
9425
9404
9186
8956
8951
8730
8555
8343
8329
8133
7807
7876
7917
7594
7461
7253
7170
7104
6872
6738
6699
6692
6606
6272
6284
6221
6115
5992
5926
5833
5846
5631
5444
5517
5244
5534
5186
5056
5047
4939
4901
4860
4632
4600
4444
4461
4529
4445
4336
4411
4186
4102
4116
4037
3997
4109
3980
3903
3809
3719
3777
3601
3636
3571
3525
3502
3515
3381
3298
3465
3284
3170
3225
3199
3187
3095
3157
2930
2964
2993
3024
2942
2899
2799
2938
2779
2747
2642
2700
2628
2659
2583
2607
2571
2640
2488
2512
2419
2391
2449
2289
2452
2322
2390
2290
2316
2265
2248
2139
2206
2137
2129
2145
2070
2021
2031
1956
2008
1945
1950
1946
1957
1911
1958
1883
1976
1893
1851
1890
1812
1794
1801
1752
1782
1764
1749
1733
1699
1655
1729
1699
1643
1699
1573
1611
1614
1566
1609
1565
1536
1531
1526
1546
1600
1436
1523
1478
1452
1535
1438
1422
1477
1363
1466
1453
1420
1434
1375
1360
1394
1376
1303
1351
1335
1315
1351
1325
1293
1339
1242
1278
1291
1295
1253
1253
1237
1227
1204
1232
1243
1210
1217
1162
1216
1191
1173
1198
1156
1206
1188
1126
1094
1133
1130
1141
1163
1118
1082
1095
1098
1087
1073
1106
1057
1071
1083
1081
1059
1062
1025
1048
999
997
1055
1025
1036
1003
1025
988
994
972
982
971
984
939
952
996
997
998
956
945
961
968
925
936
962
922
920
905
912
913
915
904
869
905
921
910
901
851
900
901
882
888
896
893
847
892
850
919
876
847
872
838
865
821
849
838
814
855
885
825
859
826
842
815
823
798
821
827
833
779
794
814
761
801
813
819
771
795
786
754
779
786
766
778
797
776
772
758
781
784
782
770
760
766
740
781
770
731
742
739
752
741
746
745
752
745
775
744
739
727
728
727
697
755
717
729
716
740
729
716
715
723
699
707
717
721
729
724
690
723
723
705
720
709
694
687
685
701
710
714
723
715
675
695
701
694
698
696
700
682
706
687
700
683
679
696
693
685
706
683
705
700
689
686
686
672
698
665
681
678
674
678
661
679
668
681
662
686
668
649
669
644
686
671
662
666
684
666
666
663
661
674
669
672
641
668
653
676
641
659
655
645
653
658
660
663
658
649
641
652
652
654
666
673
652
657
654
646
639
643
660
650
642
658
629
654
647
653
645
649
653
650
636
643
630
637
642
645
633
651
653
638
628
633
640
635
647
628
637
640
629
625
627
645
632
638
637
628
636
638
631
640
628
637
652
631
642
645
638
626
638
647
634
631
638
637
637
629
632
642
632
625
626
617
622
636
623
624
606
635
641
622
620
631
624
622
632
632
629
633
629
619
618
629
619
622
630
618
618
635
622
635
621
626
621
619
612
621
618
615
622
620
622
621
622
615
619
620
616
618
633
621
625
611
624
618
606
607
610
618
619
619
609
619
620
614
623
615
610
611
619
610
613
629
616
612
606
619
612
616
613
614
612
627
613
615
607
617
609
620
622
622
607
618
615
617
614
617
622
612
616
614
622
607
616
613
612
625
621
599
607
614
605
612
610
605
610
617
604
607
606
614
611
609
608
613
615
602
607
606
614
605
613
614
610
602
613
613
620
609
609
611
602
609
606
615
595
612
598
608
618
604
607
610
602
617
598
603
611
606
610
604
614
617
607
613
615
601
606
600
601
610
607
607
615
607
608
597
608
606
598
607
603
614
615
591
610
608
603
597
611
607
608
605
606
604
605
612
597
606
608
609
594
606
599
607
605
606
610
609
598
609
601
608
598
601
603
610
603
610
599
603
603
615
606
604
609
604
610
607
609
614
601
605
603
590
605
607
605
607
598
600
612
599
605
597
600
601
600
597
599
599
599
603
605
599
592
595
607
602
613
610
604
596
600
604
594
616
601
596
593
596
597
601
610
590
597
605
604
612
597
610
604
598
603
602
609
607
603
607
615
601
604
604
611
599
600
600
612
602
599
603
592
599
597
602
600
604
601
607
606
605
602
598
603
602
605
596
601
607
597
604
605
602
596
597
600
