597
611
608
601
601
601
597
596
610
601
603
599
602
599
605
608
606
612
608
598
607
605
605
601
612
603
608
604
607
601
599
604
600
609
608
599
606
602
601
610
601
600
603
595
599
594
615
600
608
603
600
604
608
610
602
604
602
609
603
600
603
604
593
607
589
603
603
602
600
597
605
597
590
605
597
608
604
599
606
604
615
613
614
597
612
596
601
601
609
604
598
606
606
607
602
603
604
602
601
596
604
606
600
603
602
607
602
599
598
609
603
603
606
611
596
606
599
602
600
599
602
612
601
596
599
607
604
603
605
602
603
604
597
603
594
606
608
604
603
590
608
606
601
602
599
597
616
607
603
600
612
602
614
594
605
607
602
605
603
602
598
601
609
606
601
607
614
609
607
606
609
602
605
600
611
613
604
608
606
608
605
607
607
613
606
611
604
604
603
603
614
599
603
604
599
608
606
602
603
608
609
606
595
608
610
605
595
613
612
613
608
606
612
600
601
606
609
606
600
605
607
619
606
605
614
602
606
600
605
608
611
606
604
609
604
598
614
610
605
608
601
610
605
608
618
618
618
618
613
601
612
612
614
615
613
612
614
608
616
608
618
623
611
611
628
604
606
614
614
612
608
608
620
618
609
614
618
616
626
618
618
619
624
624
621
621
623
627
614
615
616
629
631
631
613
641
628
620
637
615
628
642
633
627
640
625
633
621
632
639
633
643
640
634
655
638
658
648
654
628
658
654
648
663
642
633
663
662
675
652
651
666
693
673
683
665
687
677
686
675
683
718
728
705
738
716
721
728
721
723
769
755
766
792
803
775
770
808
810
844
860
865
849
856
874
881
856
879
896
905
912
939
964
987
1000
989
988
1080
1111
1068
1106
1094
1152
1123
1210
1216
1329
1211
1281
1323
1335
1343
1377
1459
1488
1527
1614
1654
1665
1729
1860
1947
1888
1981
2002
2014
2210
2291
2342
2348
2351
2391
2590
2692
2748
2773
2947
3046
3238
3351
3324
3443
3541
3780
3775
3957
4161
4357
4421
4643
4809
5007
5136
5373
5379
5832
5845
6138
6416
6587
6927
7137
7340
7553
7803
7985
8380
8411
8649
8955
9242
9188
9845
10045
10309
10573
10900
10882
11150
11370
11686
11789
11963
11927
12271
12565
12591
12887
13015
13101
13034
13251
13464
13366
13737
13630
13857
13691
13898
14008
13871
13931
13719
13510
13596
13688
13693
13632
13468
13360
13222
13228
12955
12664
12683
12678
12691
12523
12328
12437
12121
12060
12027
11491
11798
11377
11201
10954
10942
10555
10581
10242
10142
9673
9629
9543
9663
9259
9275
8973
8858
9082
8371
8385
8342
8275
7993
7565
7579
7456
7358
7472
6984
7090
6949
6842
6572
6464
6480
6298
6245
6209
6284
6082
5985
6008
5741
5690
5361
5479
5507
5270
5194
5208
4894
5004
4815
4792
4777
4585
4710
4662
4601
4372
4306
4528
4386
4274
4237
3995
3974
4145
3890
4012
3893
3728
3851
3662
3627
3530
3646
3567
3524
3407
3443
3384
3278
3437
3295
3200
3296
3087
3086
3103
3041
3062
3026
2989
2750
3000
2858
2837
2691
2815
2694
2708
2693
2573
2658
2593
2622
2533
2508
2438
2468
2512
2413
2464
2374
2345
2361
2333
2265
2270
2207
2168
2129
2170
2165
2189
2110
2150
2050
2067
2020
2082
2037
2026
1963
1959
1963
1962
1932
1919
1935
1822
1825
1878
1835
1840
1851
1782
1767
1805
1719
1871
1762
1704
1701
1617
1704
1668
1642
1551
1618
1613
1612
1610
1549
1587
1518
1484
1545
1558
1547
1553
1479
1498
1474
1478
1386
1415
1398
1458
1475
1469
1388
1332
1379
1403
1366
1357
1328
1303
1325
1316
1307
1293
1236
1254
1259
1254
1288
1244
1272
1239
1235
1221
1225
1206
1248
1200
1173
1185
1161
1142
1137
1127
1162
1167
1115
1121
1140
1114
1168
1166
1072
1098
1152
1109
1084
1106
1032
1072
1081
1065
1043
1033
1061
1063
1061
995
1037
1025
1013
1032
979
994
1000
928
933
994
987
968
1009
965
980
966
972
956
1014
996
926
899
972
944
917
931
908
920
921
895
931
890
899
910
893
919
857
922
906
886
885
886
891
873
835
900
874
856
889
858
841
855
867
847
838
854
848
864
810
808
798
834
828
816
806
771
845
802
823
812
830
801
808
810
767
776
791
808
772
797
773
810
763
793
776
759
771
765
758
760
753
753
764
766
762
748
783
775
749
748
769
739
748
753
747
755
738
755
768
738
737
718
713
727
739
727
721
742
737
728
702
725
724
711
707
733
719
721
717
720
716
724
705
698
704
694
718
721
704
692
712
697
702
713
691
693
685
691
701
684
674
709
684
674
675
704
675
669
680
708
697
700
673
674
693
682
672
658
647
680
659
681
666
674
685
668
669
675
666
670
663
689
650
679
656
677
654
664
659
665
666
653
674
660
662
677
651
652
659
671
645
639
645
652
661
655
654
647
656
671
654
655
668
644
642
647
660
668
642
642
650
664
664
646
653
645
629
631
654
641
638
646
631
643
636
639
651
641
664
636
663
650
631
651
640
647
628
631
648
629
631
654
627
640
649
620
622
638
633
634
632
636
623
649
653
630
628
631
622
631
634
629
630
631
642
629
625
633
624
622
624
630
614
629
632
634
636
627
641
631
641
613
637
630
629
630
620
617
623
619
634
618
630
619
636
609
629
636
628
617
620
620
631
622
621
620
625
619
636
610
614
619
620
633
620
620
624
605
617
620
616
620
611
625
622
606
614
619
619
623
621
619
607
627
614
611
613
615
610
606
608
620
610
623
623
618
622
615
616
606
620
611
619
606
616
615
614
594
616
622
608
612
616
616
617
608
607
603
613
609
612
610
619
615
609
630
613
612
617
614
618
611
607
606
613
618
610
614
611
612
603
610
606
618
608
614
614
607
607
601
618
611
615
601
622
613
622
610
614
610
612
604
599
608
607
610
607
601
617
616
610
614
606
607
604
612
603
609
613
611
604
603
613
607
613
611
611
617
605
606
615
601
610
607
603
611
611
607
601
604
609
618
608
608
603
609
611
591
600
616
620
599
615
608
606
606
596
608
597
599
613
611
602
605
607
599
614
617
604
603
606
614
602
603
606
595
603
604
604
605
607
606
610
602
608
604
602
593
607
618
607
609
608
607
613
602
610
611
603
599
608
601
602
607
593
613
612
610
603
600
607
601
609
611
607
603
603
595
604
604
612
602
606
602
602
607
607
607
605
610
596
602
599
599
607
595
605
598
608
604
610
611
603
603
608
608
607
603
605
604
603
599
602
606
605
599
601
603
602
606
594
613
613
604
596
604
610
604
601
605
602
606
601
598
605
603
601
600
