598
597
605
606
598
612
603
603
611
597
599
606
596
603
603
611
608
603
597
610
596
595
603
608
609
599
605
605
603
605
608
608
599
611
606
606
606
602
600
603
602
602
604
606
605
597
602
605
602
598
605
604
600
604
594
605
603
603
599
603
608
594
605
604
601
604
594
596
605
601
605
602
602
603
602
608
599
599
606
606
605
606
598
601
605
605
601
607
616
605
608
597
600
607
601
602
601
604
597
606
606
603
601
602
596
597
605
598
600
601
600
605
606
601
611
600
605
598
606
604
613
603
606
601
601
601
602
600
604
599
601
596
605
601
597
611
592
608
605
595
606
603
601
605
596
608
601
608
601
605
603
606
608
610
601
611
603
601
605
599
601
604
605
608
605
598
599
599
605
604
606
608
605
606
604
609
606
602
607
605
598
605
601
600
595
603
607
599
606
606
596
601
606
605
603
608
605
607
605
597
608
608
603
601
608
602
599
609
603
604
610
600
604
602
607
596
605
616
601
612
613
611
616
615
600
612
609
606
605
612
612
607
619
601
613
612
609
605
611
611
598
614
610
612
607
615
606
612
615
612
613
611
624
607
609
608
610
620
614
610
613
607
621
622
612
604
605
610
616
614
614
613
624
622
612
623
628
619
604
616
620
614
627
612
628
614
617
622
618
618
622
626
630
630
615
627
622
628
630
625
629
629
624
631
633
643
642
642
622
639
638
643
638
647
626
639
646
636
653
654
664
652
655
669
653
659
660
667
667
671
662
676
689
685
692
675
706
683
685
714
730
699
707
746
737
738
713
725
740
748
801
740
775
789
800
779
797
827
812
840
838
861
918
918
883
886
898
880
940
938
974
967
953
1007
1020
990
1065
1077
1091
1153
1173
1160
1182
1212
1230
1275
1264
1245
1335
1377
1361
1428
1484
1521
1545
1609
1659
1767
1737
1772
1823
1936
1973
1953
2091
2144
2236
2270
2378
2334
2559
2614
2774
2926
2897
2902
3128
3241
3347
3460
3684
3763
3807
3822
4075
4238
4347
4426
4792
4861
5045
5385
5392
5721
5877
6085
6241
6693
6739
6907
7391
7677
7835
7900
8414
8325
8834
9051
9573
9595
9822
9904
10270
10780
10865
11191
11521
11551
11996
12012
12249
12437
12742
12797
13176
13171
13544
13686
13639
13712
13805
14083
14377
14223
14608
14487
14768
14796
14700
14528
14541
14931
14649
14729
14430
14530
14491
14292
14046
13990
13921
13694
13599
13496
13323
13165
13365
13188
12851
12923
12754
12590
12317
12416
12457
11817
11632
11274
11318
11100
10824
10738
10876
10494
10242
10000
9768
9816
9683
9421
9389
9280
8973
8869
8530
8382
8240
8014
8184
7660
7783
7462
7502
7435
7137
7175
7015
6942
6814
6689
6812
6530
6518
6367
6243
6067
6055
6152
5912
5727
5640
5611
5350
5457
5249
5295
5269
4983
4989
4835
5050
4830
4822
4785
4690
4620
4568
4546
4590
4396
4223
4331
4146
4160
4144
3923
4072
3904
3779
3857
3779
3757
3702
3642
3583
3592
3631
3432
3383
3373
3385
3376
3252
3306
3216
3240
3133
3214
3078
3131
2929
2930
2921
2815
2870
2813
2739
2827
2865
2805
2647
2741
2676
2612
2644
2690
2465
2635
2565
2467
2455
2364
2348
2349
2359
2291
2351
2236
2312
2257
2195
2178
2193
2206
2122
2160
2148
2063
2088
2080
2063
1944
2048
1922
1949
2037
1969
1885
1977
1901
1914
1873
1896
1820
1787
1821
1811
1843
1784
1735
1763
1710
1723
1663
1723
1660
1661
1671
1603
1621
1571
1567
1574
1578
1560
1576
1529
1541
1610
1451
1483
1509
1477
1453
1461
1447
1493
1460
1422
1442
1383
1445
1405
1392
1408
1338
1348
1351
1349
1373
1344
1299
1306
1298
1276
1273
1223
1322
1292
1300
1252
1264
1264
1293
1208
1208
1196
1197
1233
1196
1141
1144
1157
1170
1107
1115
1118
1160
1154
1113
1106
1175
1138
1091
1132
1098
1103
1095
1095
1081
1061
1063
1054
1055
1065
1035
1048
997
1044
1040
953
1030
1019
1037
1007
959
998
1032
987
976
1028
1038
973
925
970
998
940
946
972
934
959
940
948
906
993
906
931
906
895
913
916
912
878
917
888
923
888
872
912
897
886
872
873
854
878
890
878
910
836
849
845
818
821
838
833
831
814
864
800
829
845
823
824
828
832
818
798
826
794
782
840
790
758
773
816
739
786
755
782
786
763
784
806
774
763
754
742
771
762
779
763
755
775
773
740
767
760
752
731
712
773
777
715
736
744
726
723
762
736
721
748
737
740
731
728
723
727
740
734
712
736
730
699
710
738
702
709
728
715
718
700
698
720
703
704
712
719
701
719
680
719
711
702
704
698
703
685
710
695
714
681
681
698
674
682
684
679
684
697
695
676
667
683
693
697
698
697
665
688
675
686
674
664
666
667
661
688
685
658
641
674
668
675
665
653
672
679
658
669
676
674
661
663
655
672
664
659
672
656
668
661
653
671
648
646
646
674
661
642
641
648
649
637
661
647
655
642
647
654
632
647
655
646
639
662
646
639
648
657
643
646
655
640
640
642
644
648
645
632
649
647
644
642
630
651
654
631
645
635
648
638
642
631
645
641
650
633
641
643
627
634
637
632
642
638
647
626
631
645
624
635
616
625
635
639
626
627
626
633
635
632
630
633
630
639
627
626
626
621
627
640
623
626
619
617
627
631
629
637
624
639
623
628
613
625
625
621
626
641
621
623
613
612
619
634
623
623
613
621
624
637
624
613
617
637
614
614
617
621
614
615
633
624
613
622
617
612
610
612
623
626
618
621
620
615
631
615
614
606
615
612
623
608
615
616
605
608
615
613
620
614
623
613
614
606
608
619
620
616
612
617
616
614
617
623
622
613
622
616
609
614
613
616
616
605
616
611
610
624
606
607
601
602
615
605
606
604
619
614
603
616
608
599
596
606
615
612
626
608
598
601
606
599
618
615
610
609
602
603
602
602
609
602
614
607
611
609
612
611
604
609
616
605
609
605
610
608
608
602
611
607
597
610
599
611
601
601
608
594
596
604
611
608
604
600
605
609
598
607
602
602
590
607
600
611
605
602
607
608
610
601
598
610
606
605
608
599
601
609
607
599
607
608
606
610
604
613
598
613
608
610
603
609
605
599
609
603
601
605
600
599
608
604
602
606
602
605
602
595
611
606
608
604
600
603
609
607
605
606
600
608
600
603
606
601
597
608
602
598
604
601
602
594
603
605
604
609
596
602
606
603
607
599
603
615
594
603
596
601
610
596
593
606
605
606
609
609
602
607
606
605
599
607
597
593
598
613
597
593
605
601
600
596
609
598
600
605
599
604
601
599
591
599
601
599
605
596
602
609
599
