598
601
607
601
596
601
607
602
603
607
602
602
605
598
600
597
598
610
599
599
600
608
603
598
596
603
608
612
605
596
603
600
605
604
598
604
599
608
607
602
597
603
605
599
604
607
601
612
600
601
605
605
606
594
610
597
607
603
600
595
609
622
601
608
606
599
603
601
604
600
601
601
607
599
607
596
597
608
596
607
600
595
601
610
591
606
607
599
606
603
604
611
599
601
606
613
604
606
598
602
609
595
597
608
608
614
606
619
600
597
607
606
601
605
610
598
607
605
608
608
605
608
613
611
604
606
602
603
612
601
616
597
598
612
603
603
604
602
606
614
605
599
601
603
602
606
607
605
595
601
611
602
602
601
599
607
602
602
604
606
605
594
605
604
602
604
608
604
609
600
604
610
607
606
608
603
604
601
610
606
597
602
610
610
608
597
606
605
593
599
602
604
603
598
594
606
612
609
597
608
601
611
612
617
602
613
610
609
610
608
590
612
613
602
609
601
595
598
608
599
613
605
607
605
598
606
605
605
617
608
604
613
611
599
607
610
605
607
613
599
612
607
603
608
606
619
606
607
612
622
614
608
620
610
623
618
607
611
618
614
619
608
610
619
615
615
615
613
614
613
612
615
603
601
612
610
619
616
622
626
603
613
618
615
611
617
619
632
613
621
628
632
611
614
623
625
623
623
621
630
630
638
616
646
621
636
615
625
643
630
625
623
641
633
637
641
652
649
646
635
644
655
638
650
685
657
637
662
664
669
666
666
656
657
683
686
661
692
682
687
700
697
716
722
707
704
690
709
707
713
708
742
788
748
792
753
803
780
770
802
795
813
810
813
852
824
859
862
825
889
867
920
926
939
934
977
966
991
1016
1022
1007
1048
1076
1072
1105
1156
1158
1190
1159
1284
1261
1283
1362
1336
1378
1446
1421
1482
1567
1534
1609
1667
1736
1735
1785
1839
1866
1999
2092
2039
2007
2101
2264
2264
2509
2557
2637
2735
2799
2942
2954
3060
3024
3309
3367
3530
3559
3733
3916
3943
4164
4407
4353
4670
4879
4940
5205
5412
5362
5928
6020
6029
6497
6425
6771
6810
7023
7402
7555
7534
7952
8002
8424
8533
8812
9038
9350
9490
9803
9987
10092
10469
10345
10718
10697
11019
11062
11049
11019
11250
11257
11532
11494
11818
11795
11962
12047
11974
11868
11878
11997
11798
11896
11898
11804
11885
11873
11532
11484
11328
11360
11010
11466
11054
10820
10941
10706
10705
10685
10370
10235
10450
10116
9809
9863
9706
9548
9326
9426
9178
9075
8622
8774
8285
8368
8312
8161
8087
7989
7842
7816
7434
7462
7277
7101
7117
7068
6701
6789
6551
6576
6349
6365
6085
6174
6055
5939
5830
5865
5727
5516
5539
5520
5427
5396
5276
5115
5285
4941
4963
4863
4958
4761
4720
4747
4696
4512
4338
4561
4325
4375
4143
4330
4036
4047
4030
4172
3944
4003
3914
3889
3955
3781
3662
3629
3404
3590
3478
3490
3427
3558
3423
3342
3339
3295
3331
3265
3116
3132
3175
3204
3011
3034
2993
3034
2912
2967
2854
2905
2783
2732
2774
2714
2693
2637
2555
2625
2710
2698
2545
2601
2484
2418
2482
2384
2434
2429
2352
2305
2344
2270
2217
2240
2235
2279
2202
2143
2244
2183
2135
2134
2144
2060
2034
2008
1909
2062
2064
2053
2003
2005
1937
1943
1856
1857
1837
1842
1809
1762
1811
1791
1717
1800
1790
1614
1722
1680
1657
1744
1711
1640
1642
1554
1630
1598
1574
1627
1544
1628
1517
1548
1519
1554
1509
1515
1531
1468
1540
1442
1544
1500
1430
1468
1362
1362
1402
1390
1364
1353
1349
1323
1333
1339
1292
1342
1341
1341
1325
1276
1273
1280
1257
1267
1205
1251
1265
1217
1209
1222
1231
1211
1252
1153
1206
1266
1126
1188
1172
1172
1213
1206
1139
1126
1114
1097
1077
1124
1064
1128
1096
1079
1119
1082
1117
1100
1103
1029
1089
1025
1056
1013
1060
1084
1043
1031
1039
1051
1017
1047
1024
1027
1000
964
1011
1017
964
966
962
1001
966
944
957
984
918
909
922
927
907
921
942
907
919
890
879
907
934
914
894
905
900
917
918
887
870
876
885
887
847
905
901
899
841
823
829
836
839
847
815
833
802
803
849
822
836
841
807
831
839
821
803
829
814
809
830
811
818
814
790
801
745
765
768
774
794
793
777
766
780
755
743
762
753
769
770
784
736
741
728
745
742
769
742
729
751
767
750
715
744
727
724
769
715
735
740
766
729
739
736
730
749
764
735
722
725
734
693
708
723
704
702
710
705
706
707
720
683
696
707
712
679
696
717
683
690
720
719
694
686
703
701
696
712
687
680
686
673
695
688
674
694
675
695
660
703
675
658
660
692
688
668
657
674
670
685
665
651
656
665
651
682
654
668
672
662
663
660
661
669
659
659
669
674
664
664
647
654
665
644
658
640
632
667
662
656
650
659
675
646
640
646
649
651
656
650
662
636
665
661
662
643
634
633
624
645
643
652
651
650
663
646
635
648
637
640
636
646
653
650
632
645
644
654
645
645
653
638
640
629
640
637
639
650
634
639
639
636
639
642
643
639
629
657
632
626
633
632
639
641
632
634
636
647
638
630
629
637
618
637
626
630
644
637
631
634
651
621
640
628
628
625
627
633
630
634
624
628
621
623
638
620
629
628
622
626
616
629
617
628
632
618
626
636
625
627
610
620
622
627
623
630
626
606
633
626
618
619
627
622
624
631
623
616
612
618
610
628
622
621
620
621
612
621
614
609
615
625
625
621
626
613
607
614
599
613
614
625
617
614
618
620
610
614
604
621
620
609
626
619
614
612
625
609
615
601
604
621
604
614
601
614
617
609
612
607
611
611
622
622
611
617
611
619
613
609
605
620
604
599
612
602
600
615
613
606
603
602
610
615
620
612
604
611
621
611
609
603
608
606
611
615
613
612
606
616
600
609
615
601
605
610
610
608
608
608
606
613
606
614
606
613
603
616
606
605
605
604
607
607
603
611
609
604
610
609
609
606
609
608
613
611
618
596
605
607
605
608
602
608
610
602
605
600
607
606
615
616
612
613
615
608
609
612
605
604
606
604
605
598
593
608
610
601
611
605
608
595
605
602
605
605
597
607
609
609
598
603
605
605
610
614
608
609
611
599
605
607
594
606
605
599
601
601
605
597
602
603
598
604
600
604
601
603
601
596
597
601
599
601
606
601
603
601
611
602
602
603
599
610
601
608
604
598
599
606
604
603
601
611
602
598
604
599
601
604
607
602
611
605
605
592
599
606
603
604
613
605
597
602
605
610
605
606
604
602
598
604
599
603
607
598
595
612
601
607
604
596
605
601
605
605
