597
608
608
602
606
601
604
611
609
607
609
597
612
607
608
601
608
604
603
603
601
611
598
606
605
593
606
603
613
612
607
596
611
612
610
600
608
609
606
604
599
609
603
598
604
603
606
601
603
604
605
606
608
598
605
603
602
595
604
605
593
605
607
593
593
617
604
612
598
606
604
604
613
603
596
602
600
606
600
604
602
608
603
596
604
607
610
600
602
607
600
603
605
610
602
606
601
600
605
605
609
598
598
595
601
604
598
605
601
605
603
604
601
610
612
600
606
603
611
602
606
601
601
600
615
606
595
597
600
589
601
606
599
604
603
607
606
603
606
615
609
607
600
603
605
597
604
602
609
594
618
603
602
610
602
612
608
597
616
610
602
605
605
610
605
605
605
608
609
590
605
596
604
607
597
604
616
605
602
603
600
614
598
601
608
605
600
611
608
604
605
604
611
617
595
601
609
609
607
604
612
604
605
603
609
610
597
606
606
602
612
608
616
610
613
610
624
615
609
601
607
614
603
613
613
616
603
610
606
613
607
622
610
613
625
605
602
620
609
606
611
609
609
615
619
607
609
617
613
609
606
622
611
604
609
620
613
620
610
621
624
611
612
617
629
627
630
621
617
618
626
622
625
626
621
626
619
625
620
628
635
616
625
628
616
642
632
615
631
624
629
619
622
637
622
630
624
630
639
634
635
631
665
637
630
646
629
641
662
640
656
633
634
637
664
659
660
670
653
657
669
670
688
668
659
676
692
687
696
687
694
688
689
725
699
708
698
723
689
723
708
742
726
754
759
748
756
792
775
778
790
805
819
834
828
835
885
881
880
895
884
872
927
957
904
968
938
973
1007
991
1014
1013
1045
1070
1085
1121
1144
1210
1174
1187
1291
1275
1265
1335
1355
1415
1409
1452
1513
1546
1618
1583
1667
1769
1703
1824
1928
1840
1979
1994
2186
2235
2133
2264
2340
2508
2510
2699
2695
2811
2875
3019
3133
3207
3312
3526
3606
3740
3818
3992
4121
4326
4580
4668
4850
4900
5183
5345
5482
5791
6049
6150
6418
6722
6904
7076
7333
7709
7896
8243
8736
8797
9066
9344
9774
10117
10172
10630
11099
11189
11592
11791
12478
12722
12987
13234
13568
13699
14003
14595
14880
15148
15235
15480
15842
15795
16144
16089
16074
16410
16729
16935
16948
17309
17317
17196
17377
17522
17383
17862
17436
17741
17611
17505
17675
17288
17673
17158
17046
16737
17117
16858
16649
16279
16284
15945
16021
15821
15793
15443
15290
15133
14828
14933
14488
14200
14039
13785
13555
13364
13052
13079
12513
12567
12127
12149
11851
11871
11427
11490
11242
10884
10743
10537
10330
10085
9993
9791
9469
9621
9324
9271
9009
8815
8651
8540
8280
8524
8174
8111
8004
7752
7679
7677
7478
7349
7313
7431
7001
6877
6755
6813
6639
6574
6383
6277
6321
6028
5895
6055
5853
5898
5986
5722
5485
5480
5623
5507
5498
5184
5149
5142
5162
4941
4754
4810
4775
4468
4813
4704
4624
4530
4568
4313
4204
4378
4345
4268
4275
4239
3967
4077
4066
3974
3914
3871
3838
3869
3782
3759
3675
3532
3472
3600
3416
3360
3325
3417
3303
3352
3125
3181
3212
3212
3160
3163
3041
2984
2982
3000
2986
2920
2917
2837
2827
2851
2765
2726
2698
2625
2697
2680
2668
2600
2487
2550
2551
2538
2528
2471
2460
2422
2448
2337
2298
2382
2279
2248
2285
2187
2321
2161
2197
2151
2183
2074
2078
2077
2149
2056
2096
2044
2027
1951
2029
2045
1919
1971
1909
1933
1891
1877
1891
1893
1808
1782
1808
1801
1769
1834
1790
1754
1707
1762
1779
1694
1696
1691
1629
1591
1630
1616
1669
1587
1614
1615
1568
1603
1566
1473
1554
1501
1491
1502
1462
1429
1483
1469
1501
1431
1449
1410
1450
1402
1381
1411
1467
1370
1358
1383
1355
1389
1361
1284
1321
1331
1276
1335
1253
1241
1245
1290
1258
1249
1244
1290
1250
1244
1222
1207
1178
1232
1198
1197
1177
1185
1160
1165
1161
1177
1164
1144
1097
1128
1159
1111
1129
1064
1126
1082
1130
1124
1105
1088
1095
1105
1010
1075
1054
1017
1063
1092
1026
1021
1040
1042
1004
1032
973
1028
979
959
1040
1002
985
989
973
947
982
1004
954
958
1002
962
954
954
890
951
935
925
915
941
927
921
885
938
889
902
934
845
908
892
883
902
848
863
873
843
869
885
844
888
815
857
816
837
869
833
857
814
845
823
847
834
828
840
834
818
799
832
790
792
787
809
785
785
823
805
785
783
770
818
782
770
791
763
783
768
771
751
763
791
751
743
761
754
745
773
735
756
764
763
747
736
754
757
734
757
727
729
749
735
741
726
736
732
747
732
738
716
738
743
739
711
732
726
722
721
715
730
728
702
677
696
718
703
703
723
709
709
707
715
695
696
701
721
700
704
688
699
706
692
679
675
688
673
680
675
680
696
714
690
674
667
696
689
670
681
693
691
661
672
682
681
692
685
686
677
693
653
675
689
677
660
667
669
669
674
661
668
666
687
647
662
665
659
661
649
667
667
659
660
672
663
667
664
655
649
661
649
652
649
653
649
668
658
667
640
657
651
634
654
657
651
640
657
646
648
644
654
636
642
660
654
641
639
653
629
637
631
637
650
633
648
646
654
635
639
646
633
662
648
644
641
648
631
644
633
623
639
645
631
644
626
647
643
636
625
647
641
625
640
638
631
627
631
629
620
636
625
632
639
623
649
625
622
627
617
618
633
640
621
639
621
615
631
623
614
640
621
617
629
629
626
625
632
617
633
610
625
621
612
616
617
621
627
614
629
646
624
629
627
617
616
628
617
629
614
621
615
618
621
622
614
612
617
618
613
625
619
617
614
619
618
614
614
618
615
615
637
612
615
613
617
613
617
611
617
614
605
617
622
621
616
613
621
614
607
612
604
607
628
609
612
620
620
609
615
607
621
613
612
614
617
606
614
611
610
607
615
613
611
613
612
600
610
617
612
618
605
621
607
610
617
609
619
605
617
611
596
603
611
602
608
600
609
612
609
607
606
608
613
615
611
602
604
603
609
611
620
607
607
610
622
600
615
610
604
615
601
607
603
605
599
614
603
610
605
597
610
604
601
598
609
603
598
609
604
606
612
605
600
601
606
614
594
605
608
599
604
597
602
603
614
613
600
612
607
611
610
609
601
608
604
611
596
602
608
602
598
609
597
603
594
604
600
612
606
613
598
617
603
607
607
601
590
607
600
605
608
606
605
601
598
611
603
601
604
607
602
595
602
598
594
608
601
600
600
602
605
597
599
602
607
601
601
605
605
611
604
606
603
605
597
600
605
604
607
601
599
602
603
604
602
602
603
609
600
603
601
597
607
615
603
609
604
609
600
600
603
