610
608
611
607
603
613
599
606
605
614
605
602
614
606
613
606
597
604
607
595
609
599
604
606
595
606
600
606
599
603
604
604
597
605
598
604
598
599
599
606
606
610
606
599
595
601
604
606
608
601
605
602
600
609
603
594
605
601
614
599
607
604
604
603
605
600
606
604
610
594
606
598
607
597
601
608
610
596
598
606
598
603
607
614
608
604
604
605
596
597
605
602
604
606
604
609
603
599
604
605
608
602
601
605
605
608
606
599
601
600
602
605
603
599
602
602
605
600
604
606
600
607
602
608
602
604
605
604
608
602
610
603
607
604
611
599
599
607
603
603
600
606
596
614
601
605
607
602
604
601
613
612
605
608
604
606
603
603
602
609
611
611
612
605
605
604
610
609
603
618
615
621
601
605
606
605
605
597
604
608
610
614
603
597
616
601
609
609
608
595
607
609
606
616
617
610
615
613
597
608
607
607
612
610
606
607
608
597
606
602
614
612
613
615
614
610
606
613
611
604
618
616
614
621
628
611
613
618
618
605
611
621
611
612
622
617
607
620
616
626
621
613
633
617
621
605
618
613
616
627
616
616
617
614
614
606
623
615
628
629
609
614
619
627
616
624
622
628
620
620
617
622
626
620
619
628
635
617
631
629
627
621
624
616
624
629
617
628
623
625
638
647
637
633
623
633
638
636
655
644
647
638
658
637
632
649
654
655
662
646
647
642
638
669
669
647
656
681
668
677
670
673
660
679
672
686
697
700
693
684
692
718
716
713
712
732
725
729
707
737
750
742
728
774
757
780
785
749
802
785
781
818
833
840
866
848
837
861
944
876
892
950
917
954
978
910
931
1032
997
1048
1006
1059
1089
1108
1159
1168
1186
1162
1209
1252
1278
1290
1364
1369
1407
1453
1495
1495
1539
1586
1589
1639
1811
1722
1849
1860
1862
2019
2048
2105
2138
2158
2288
2456
2476
2556
2595
2615
2683
2833
2992
3121
3278
3266
3437
3601
3696
3813
4129
4183
4291
4467
4789
4759
5054
5082
5089
5615
5759
6075
6242
6398
6688
6859
7398
7354
7818
8058
8363
8647
8788
9420
9525
9990
10126
10350
10950
11170
11581
11678
12142
12350
12448
13107
13567
13746
14283
14793
15183
15455
15260
15743
16039
16158
16285
16561
16960
17099
17194
17301
17786
17716
18191
18022
18145
18446
18424
18505
18394
18658
18608
18592
18480
18480
18513
18201
18278
17972
17683
17633
17552
17421
17445
17478
16794
16676
16805
16622
16343
16258
15917
16030
15673
15516
15356
15103
14769
14410
14249
14037
13870
13633
13378
13320
12966
12665
12529
12428
12071
12058
11879
11622
11093
11348
10902
10670
10629
10341
10229
9903
9717
9644
9431
9260
9331
9065
9139
8912
8774
8676
8604
8426
8216
8147
8060
7864
7791
7801
7468
7490
7364
7196
7194
6934
6844
6834
6622
6302
6352
6285
6205
6303
5941
6162
6178
5808
5836
5752
5715
5690
5564
5459
5359
5365
5274
5186
5211
5069
4989
4928
4884
4695
4748
4761
4648
4584
4539
4405
4468
4554
4544
4146
4347
4254
4085
4211
4122
4012
3970
3908
3880
3848
3762
3848
3676
3599
3584
3590
3672
3567
3486
3485
3574
3380
3464
3387
3330
3268
3275
3195
3070
3145
3014
3071
3003
3073
3000
2862
2817
2829
2829
2801
2784
2684
2749
2670
2818
2654
2687
2568
2537
2625
2544
2470
2504
2418
2459
2530
2431
2365
2336
2392
2370
2350
2181
2183
2273
2289
2246
2146
2246
2263
2146
2105
2092
2136
2088
2028
2105
2012
2013
2031
1937
1913
1899
1952
1926
1922
2010
1901
1890
1943
1829
1781
1811
1811
1795
1811
1754
1752
1709
1693
1717
1634
1668
1693
1614
1697
1708
1648
1636
1622
1595
1501
1640
1576
1532
1609
1537
1526
1503
1504
1465
1440
1532
1427
1435
1486
1477
1479
1408
1357
1421
1426
1423
1395
1407
1369
1350
1389
1320
1337
1364
1300
1312
1303
1297
1288
1277
1292
1317
1226
1231
1295
1289
1249
1249
1245
1193
1212
1207
1175
1254
1185
1237
1173
1171
1159
1113
1189
1125
1160
1169
1106
1115
1100
1121
1081
1095
1104
1109
1091
1071
1060
1065
1042
1079
1113
1063
1048
1043
1082
1064
1004
1009
1047
976
1025
1017
987
1065
995
965
973
978
1006
940
970
954
977
941
955
937
966
915
907
931
964
907
923
911
925
923
914
900
893
910
923
911
878
881
915
884
883
857
866
849
873
861
856
848
882
833
876
841
829
812
812
809
803
830
813
809
815
821
819
858
794
804
819
792
808
847
805
787
798
792
787
781
781
793
782
798
778
779
804
792
762
744
734
742
749
758
746
765
770
746
744
756
753
768
733
743
733
760
756
756
753
735
751
733
732
758
735
748
725
721
737
731
758
725
732
726
718
730
726
730
731
715
722
716
706
684
723
716
712
716
693
713
703
699
680
682
691
732
716
696
668
698
702
702
705
695
690
691
666
704
693
702
657
679
664
681
677
675
681
682
715
690
654
698
672
671
675
685
662
682
672
659
677
661
676
677
685
670
664
660
676
673
655
660
668
660
664
658
681
655
657
660
658
668
657
655
647
650
657
642
662
649
665
636
641
641
654
659
663
652
641
659
650
650
654
653
645
656
659
663
655
667
644
657
636
649
625
648
643
634
631
653
634
643
636
655
645
648
644
640
626
649
641
641
652
636
640
644
646
632
654
645
624
634
639
642
634
630
646
634
648
635
641
652
628
640
639
634
631
637
623
645
622
618
630
628
629
637
640
641
628
626
631
641
624
634
649
617
622
627
610
620
624
621
641
614
635
622
625
632
625
636
634
623
628
619
628
624
640
612
634
627
627
618
622
632
618
616
630
621
623
616
607
617
615
619
626
622
629
620
623
616
623
623
619
610
617
610
611
615
622
629
609
602
623
616
616
617
619
621
614
626
610
612
618
606
616
622
613
624
614
608
607
598
610
607
609
614
612
607
614
614
609
619
606
613
610
603
611
608
604
603
614
603
615
605
609
613
605
620
608
606
610
604
613
608
616
600
612
618
616
603
611
606
610
611
606
610
612
615
617
608
615
610
616
600
618
620
603
599
607
608
611
614
609
600
613
613
600
607
607
616
610
610
608
614
616
608
607
609
605
608
605
603
600
612
594
611
599
602
611
604
606
618
613
606
604
598
616
606
608
620
611
606
603
606
603
612
604
589
613
606
605
609
600
617
612
603
603
604
603
605
606
609
611
605
603
611
602
609
608
601
612
606
613
611
622
602
607
604
610
612
608
601
601
612
602
595
606
599
599
605
603
610
606
603
605
609
602
597
606
614
602
606
601
599
608
596
606
600
599
609
608
602
604
600
602
612
602
604
601
598
597
603
602
602
597
596
609
601
601
604
600
