599
606
600
613
613
599
606
606
598
600
611
598
603
605
601
603
605
609
603
615
598
610
609
604
602
607
601
613
600
607
609
598
605
600
600
607
605
600
605
611
609
598
609
607
616
603
603
611
609
604
608
607
607
606
602
600
606
590
600
597
603
602
598
609
602
595
604
603
604
612
604
598
600
600
603
604
605
601
608
604
592
602
605
605
605
601
605
604
602
610
602
603
598
609
604
603
604
598
604
616
594
606
594
599
608
607
603
602
601
609
604
605
599
601
603
606
600
604
604
591
601
601
609
600
610
605
607
608
607
611
596
600
611
590
605
606
604
609
602
604
608
610
610
602
605
607
608
608
603
601
597
611
612
598
611
603
608
598
606
608
606
603
600
607
600
605
596
601
612
598
604
603
606
601
605
603
611
598
608
609
599
605
613
619
625
607
606
612
611
610
596
607
615
603
615
606
607
612
607
605
605
598
603
608
619
615
623
624
612
611
605
623
607
610
615
600
605
612
616
602
606
604
612
606
607
611
607
616
618
621
619
607
604
606
596
602
613
606
607
623
610
614
610
613
611
625
611
623
616
615
610
605
607
615
615
602
618
607
617
616
624
619
613
630
630
621
623
621
616
622
627
640
619
615
622
629
613
620
606
620
629
628
617
622
612
634
636
628
639
628
637
625
639
636
621
633
627
625
649
638
624
639
640
652
645
640
653
653
633
641
643
639
652
678
666
674
672
657
639
666
678
679
657
679
689
668
701
665
674
678
694
674
680
677
668
717
697
721
735
743
696
715
735
741
735
740
752
765
755
770
777
812
810
814
816
839
826
832
848
843
850
900
888
908
889
933
938
972
961
1018
1015
992
1015
1114
1040
1053
1135
1128
1156
1160
1162
1197
1269
1246
1296
1357
1376
1385
1374
1509
1466
1529
1604
1633
1751
1715
1714
1921
1878
1857
1944
2063
2156
2221
2153
2285
2340
2455
2575
2606
2739
2797
2970
2917
3176
3300
3442
3391
3604
3726
3844
3989
4019
4374
4448
4528
4762
4795
5184
5190
5373
5700
6030
6128
6426
6694
6837
7234
7430
7828
7872
8065
8272
8671
8863
9020
9454
9619
10287
10389
10477
10823
11105
11751
11714
12232
12287
12833
12981
13286
13768
13881
13949
14298
14329
14358
14565
15056
15149
14963
15171
15482
15438
15864
15633
16155
16109
16295
16457
16221
16257
15963
16376
16107
16264
15938
15893
15530
15493
15245
15373
15017
14943
14856
14858
14542
14667
14520
14166
13752
14065
13799
13796
13539
13450
13376
12958
12818
12358
12314
12280
11908
11811
11555
11430
11185
11121
10945
10690
10405
10379
10321
10154
9898
9800
9351
9410
9157
9222
8543
8805
8551
8454
8366
8130
8110
8042
7830
7774
7593
7568
7501
7493
7143
7170
7013
6932
6926
6869
6750
6515
6578
6386
6257
6145
6244
5947
5985
5950
5803
5653
5644
5533
5674
5438
5352
5386
5517
5369
5313
5245
5073
5035
4988
4948
4810
4698
4549
4765
4470
4534
4288
4300
4501
4364
4334
4267
4321
4021
4044
4069
4060
4118
3923
3892
3861
3873
3682
3631
3644
3679
3649
3584
3534
3476
3401
3399
3270
3352
3190
3302
3164
3365
3259
3172
3142
3057
3092
3020
3111
3011
2990
2934
2861
2807
2828
2806
2756
2785
2725
2613
2703
2576
2603
2531
2576
2610
2498
2567
2479
2444
2363
2468
2410
2283
2378
2302
2263
2363
2187
2268
2314
2273
2238
2177
2139
2161
2176
2204
2167
2023
2003
2069
2016
2058
2042
1907
2023
1976
1973
1885
1843
1871
1853
1913
1820
1810
1892
1839
1894
1840
1811
1763
1724
1766
1671
1736
1684
1642
1751
1684
1593
1662
1676
1601
1561
1584
1574
1592
1630
1563
1538
1546
1509
1474
1494
1582
1534
1470
1432
1484
1436
1435
1430
1415
1387
1441
1376
1389
1401
1347
1379
1323
1338
1275
1371
1305
1352
1282
1296
1271
1291
1314
1314
1245
1194
1280
1257
1287
1274
1270
1214
1186
1236
1220
1170
1116
1193
1223
1185
1158
1214
1141
1186
1144
1185
1156
1136
1118
1145
1102
1087
1066
1062
1045
1141
1092
1094
1064
1060
1059
1078
1039
1064
1072
1015
1060
1014
1085
991
1065
993
991
976
1012
974
967
963
958
977
968
983
969
976
1021
926
959
960
930
966
953
925
882
932
924
894
917
920
948
917
904
920
913
879
886
921
879
895
924
876
885
894
876
856
834
842
836
809
856
890
811
856
840
857
822
813
805
820
809
811
802
809
834
783
834
811
815
796
800
800
797
790
769
789
789
765
778
807
769
810
761
760
793
769
756
782
780
737
725
764
754
756
757
762
746
772
765
733
712
754
738
727
707
727
709
720
719
730
727
718
725
741
710
720
714
708
716
725
712
722
689
726
724
694
695
698
698
719
738
713
705
691
696
688
687
701
707
699
705
691
681
705
684
686
696
681
699
672
681
681
676
682
676
688
690
683
689
677
678
673
667
664
663
653
649
683
648
698
655
667
657
663
673
681
680
662
661
687
663
658
655
663
668
665
668
671
669
673
663
675
661
655
661
661
664
662
660
657
655
657
656
643
664
671
643
662
638
664
663
660
669
648
657
640
652
663
631
649
666
644
636
640
634
637
630
645
651
665
633
644
638
639
652
630
630
628
633
636
641
635
634
638
635
625
632
624
626
644
632
634
643
654
621
630
650
625
628
646
632
629
640
634
633
632
630
629
638
619
629
637
640
626
622
626
626
626
634
629
626
637
620
632
622
632
623
624
638
626
618
624
628
623
627
631
628
624
627
624
622
620
619
617
616
627
628
626
619
612
616
621
622
605
624
624
622
624
623
622
628
618
631
626
619
613
620
610
628
612
623
608
616
614
617
620
613
629
608
610
610
618
619
621
602
616
609
623
614
603
622
616
611
618
603
610
614
612
618
608
621
620
613
612
618
614
618
619
618
617
618
610
619
615
612
621
609
610
616
604
622
605
614
603
612
612
609
610
604
609
617
609
607
609
600
605
610
596
622
609
605
617
604
615
608
608
605
605
601
617
608
610
605
606
612
607
606
615
611
613
594
610
609
598
609
609
599
601
614
605
607
602
601
617
614
599
611
609
611
606
612
610
596
601
614
613
601
610
605
609
609
608
603
600
608
608
615
599
603
601
605
619
603
606
605
602
613
612
598
616
600
597
607
609
603
607
603
603
602
614
601
595
603
607
607
599
613
601
603
596
604
597
608
597
598
599
601
598
607
596
604
605
602
595
607
607
600
611
599
606
596
606
603
613
608
607
605
600
602
598
602
604
604
607
600
601
613
599
602
593
601
594
602
607
598
603
597
603
607
602
609
595
597
605
599
604
604
598
598
592
596
609
601
598
603
602
599
590
603
605
609
601
