608
610
603
604
611
597
601
599
609
608
603
604
605
602
603
600
599
599
594
599
600
603
600
598
608
608
608
612
608
601
613
591
612
605
617
616
600
597
611
599
608
607
607
610
606
594
608
602
606
601
596
602
602
599
607
605
599
600
607
596
603
602
594
598
602
599
608
602
607
609
601
601
608
596
609
594
605
601
609
600
608
610
614
605
604
613
604
602
610
601
610
605
595
607
596
603
603
592
601
602
606
599
603
604
600
608
598
605
603
603
601
612
599
603
603
599
603
590
612
609
605
605
600
602
611
608
609
592
601
593
602
602
602
605
597
597
606
604
607
606
590
605
606
602
598
606
601
596
597
605
612
608
610
609
610
610
605
606
612
602
601
611
602
604
606
607
600
603
603
594
611
607
610
609
605
603
601
608
603
618
610
604
604
617
622
604
614
604
606
615
605
607
612
604
609
607
595
606
612
602
601
609
610
615
615
615
612
602
606
607
611
611
602
604
612
611
607
612
613
606
613
607
605
611
614
614
613
624
602
615
615
614
607
618
612
624
608
613
619
610
620
626
623
629
614
611
619
615
615
617
620
632
613
630
618
619
622
614
619
619
622
615
629
619
620
628
619
623
624
627
623
619
628
620
645
613
632
623
621
636
630
620
624
631
630
634
624
627
650
627
641
644
627
643
641
626
652
636
652
649
650
630
653
646
644
644
648
665
658
659
649
649
658
664
650
659
683
675
672
672
660
693
660
684
709
681
717
695
710
707
697
716
736
686
722
702
737
740
769
723
764
779
753
753
758
768
783
778
817
814
805
823
870
855
877
852
905
896
904
867
931
961
915
946
1012
1008
998
1041
1000
1109
1108
1100
1137
1099
1149
1193
1221
1249
1242
1301
1264
1375
1354
1412
1420
1460
1498
1587
1579
1629
1649
1721
1795
1788
1901
1952
1970
2095
2067
2143
2298
2361
2494
2584
2604
2695
2742
2874
2883
3088
3210
3265
3414
3484
3703
3789
3974
4136
4218
4443
4553
4661
4956
5045
5337
5518
5655
6057
6173
6415
6539
7015
7318
7355
7665
7999
8079
8621
8877
9160
9322
9895
10236
10652
10841
11055
11338
11453
12036
12475
12500
13454
13489
14079
14252
14515
15134
15423
16000
15863
16410
16676
16854
16958
17505
17454
17662
17840
18386
18743
18864
18790
18802
19191
19203
19476
19691
19414
19713
19922
19552
19586
19703
19631
19755
19335
19026
19189
18817
18847
18612
18127
18127
18354
17802
17856
17725
17577
17420
17180
17276
16732
16733
16379
16299
15735
15434
15417
14971
14833
14868
14706
14042
13796
13891
13464
13238
12888
13097
12858
12427
12211
11984
11773
11760
11446
10974
11100
10754
10635
10407
10205
10019
10087
9794
9448
9547
9306
9012
9068
9196
9041
8823
8623
8385
8563
8285
8125
8000
7764
7909
7509
7460
7360
7118
7009
6923
6951
6977
6689
6709
6694
6655
6459
6353
6192
6176
6180
6058
5984
6126
5893
5903
5671
5666
5480
5429
5301
5382
5185
5225
4989
5061
5121
5033
4950
5039
4842
4745
4762
4785
4637
4590
4440
4528
4382
4397
4214
4241
4164
4188
4075
4032
4039
3914
3946
3871
3818
3630
3688
3670
3718
3658
3614
3595
3509
3583
3539
3417
3287
3411
3356
3200
3302
3194
3230
3150
3083
2969
3090
2928
3029
2978
3031
3018
2906
2858
2954
2961
2771
2792
2810
2813
2698
2717
2708
2627
2570
2572
2509
2570
2483
2560
2370
2530
2381
2337
2371
2391
2273
2226
2370
2408
2222
2256
2187
2230
2240
2172
2177
2225
2084
2105
2117
2072
2065
2058
2001
1958
2122
2018
1981
1911
1921
1898
1852
1887
1859
1897
1855
1805
1819
1802
1801
1857
1754
1718
1668
1747
1604
1707
1662
1673
1690
1679
1640
1645
1675
1636
1561
1599
1637
1577
1622
1548
1518
1550
1514
1594
1495
1514
1451
1492
1474
1431
1473
1479
1476
1399
1410
1413
1419
1479
1429
1431
1431
1370
1413
1365
1351
1338
1382
1326
1382
1311
1312
1305
1329
1305
1201
1235
1241
1206
1251
1245
1185
1229
1242
1253
1220
1235
1166
1220
1159
1184
1206
1142
1130
1084
1138
1168
1159
1099
1139
1138
1143
1115
1087
1089
1091
1071
1114
1135
1052
1063
1071
1032
1059
1011
1055
1013
1015
1005
1043
995
1012
1023
974
1027
970
961
994
971
1018
949
944
982
941
944
966
914
951
914
930
928
926
886
905
955
871
937
889
889
928
909
869
875
921
869
881
892
846
843
856
877
831
825
874
880
865
848
857
874
813
858
845
836
830
832
823
794
834
798
845
823
787
810
827
809
806
797
802
802
783
808
796
772
794
814
776
779
763
757
775
778
775
768
766
761
752
759
796
764
733
745
768
754
742
722
745
771
757
740
734
745
772
750
722
756
734
717
715
734
723
737
702
755
712
748
706
738
712
706
752
710
714
711
703
714
732
703
710
702
706
708
705
708
721
687
681
698
699
681
680
683
675
680
681
695
702
670
700
691
693
678
695
672
687
699
682
670
696
666
668
684
693
676
690
658
684
662
656
676
691
662
667
665
658
671
672
674
656
674
691
669
662
669
653
660
667
644
652
649
645
658
662
652
663
665
657
679
655
661
688
647
654
666
652
650
662
649
660
657
660
652
657
631
660
645
661
647
650
649
638
640
652
649
649
658
632
637
639
641
648
637
636
645
645
639
649
633
651
639
634
630
631
651
635
641
643
635
641
640
637
630
634
633
625
629
644
654
637
660
613
628
630
632
653
613
629
634
648
625
618
619
641
627
629
636
622
631
624
631
634
630
623
633
643
622
636
637
618
618
626
629
641
624
626
633
640
619
625
623
615
634
615
634
630
627
617
619
613
629
602
609
619
613
622
628
610
602
629
627
621
621
624
611
622
605
630
613
608
612
614
638
614
610
621
621
605
613
613
613
626
624
620
625
612
608
612
607
618
614
610
615
618
606
615
618
614
623
610
609
629
615
626
617
620
622
614
614
609
614
615
626
600
610
615
606
614
609
612
610
609
618
608
607
613
609
612
614
615
613
612
615
606
606
606
611
608
613
614
609
613
610
614
598
615
612
612
616
605
610
615
611
611
608
614
615
614
608
597
614
610
613
616
602
618
609
600
605
617
606
613
604
603
612
597
609
608
602
610
598
605
613
616
603
601
601
599
604
598
610
600
611
605
597
602
610
614
614
618
606
603
599
604
606
617
604
614
604
596
593
608
612
606
600
603
604
601
611
603
607
602
603
595
606
594
605
605
603
597
605
605
597
605
598
607
606
603
607
606
589
604
602
607
603
597
600
606
599
603
599
609
602
606
601
603
606
600
603
601
604
604
605
601
608
601
608
606
595
607
601
604
601
592
595
609
598
602
597
608
596
595
599
603
608
601
594
603
