607
615
616
616
605
602
612
604
605
602
610
610
606
598
609
607
604
606
606
602
605
602
611
607
605
603
613
607
602
604
605
609
603
599
608
604
603
604
605
608
607
603
605
597
598
598
603
606
595
607
603
605
593
599
611
596
601
602
608
603
603
608
602
605
604
604
596
604
607
600
600
601
603
599
605
607
605
598
601
603
600
608
597
597
604
617
595
601
605
603
605
606
597
601
593
598
611
611
601
618
614
611
604
607
608
603
609
605
599
608
598
603
605
610
600
607
610
612
615
605
600
608
600
608
603
604
599
608
607
599
607
607
598
609
606
610
601
605
609
601
612
607
601
607
606
603
601
608
603
604
609
597
606
611
603
611
604
605
614
607
605
612
601
607
611
598
603
614
611
598
605
607
604
612
609
616
598
601
605
600
605
607
611
618
614
601
605
612
611
615
607
620
606
609
618
615
602
612
614
606
611
612
606
617
608
599
622
609
604
611
614
606
612
605
608
615
607
618
611
607
614
607
611
629
624
619
619
607
616
614
617
629
610
628
610
623
622
622
626
623
615
633
606
624
618
619
617
628
615
627
616
626
619
614
621
628
609
616
605
631
618
626
624
621
630
614
633
614
635
630
621
626
625
606
623
632
634
622
634
632
616
626
629
658
617
645
631
624
623
633
625
635
625
645
631
639
628
635
633
640
655
634
653
633
635
654
657
639
666
661
663
651
650
676
674
669
673
674
662
692
700
679
667
667
681
696
675
706
699
701
710
699
753
714
762
700
708
751
724
741
765
771
771
805
793
762
784
764
803
804
820
793
836
834
833
871
867
833
931
943
913
915
929
945
979
998
993
1008
1044
1080
1074
1071
1120
1130
1100
1205
1196
1235
1235
1313
1336
1337
1381
1445
1447
1475
1589
1486
1561
1639
1683
1745
1752
1777
1874
1876
2045
2085
2055
2168
2199
2341
2438
2435
2520
2607
2670
2725
2896
3001
3166
3225
3462
3494
3507
3782
3917
4040
4184
4304
4574
4618
4696
4964
5097
5303
5540
5788
5844
6151
6437
6682
6779
7299
7672
7859
8053
8426
8656
8924
9171
9586
9864
10081
10429
10747
11094
11673
11839
12168
12571
12883
13321
13525
13810
14117
14934
15025
15289
15742
16088
16334
16613
16886
17427
17266
17199
17770
17910
18090
17959
18593
18580
18797
18778
19304
19221
19376
19780
19350
19369
19266
19043
19254
19060
19207
18945
18534
18638
18443
18126
18262
18287
17977
17664
17368
17389
17434
17382
17134
16797
16665
16230
15945
16201
15702
15621
15192
14770
14585
14484
14233
13953
13603
13526
13255
13285
12861
12711
12472
12299
12415
11868
11949
11626
11143
11161
10950
10830
10737
10396
10030
10080
9993
9708
9543
9489
9328
9138
9002
9060
8955
8799
8757
8572
8544
8384
8296
8053
7875
7788
7558
7586
7380
7212
7142
7151
6930
7018
6911
6769
6731
6522
6535
6527
6567
6215
6168
6228
6082
6044
5986
6007
5847
5484
5382
5617
5531
5461
5385
5318
5175
5115
5171
5221
5094
5082
4917
4853
4871
4844
4671
4630
4655
4622
4460
4458
4400
4350
4402
4390
4252
4095
4010
4022
3967
3928
4002
3946
3894
3856
3728
3767
3774
3721
3588
3614
3539
3522
3457
3439
3475
3334
3373
3313
3209
3261
3207
3289
3178
3045
3067
3065
2958
2944
2978
2907
2979
2942
2882
2815
2827
2855
2772
2707
2686
2760
2665
2642
2543
2603
2547
2514
2631
2528
2505
2435
2394
2491
2512
2473
2439
2363
2345
2318
2257
2309
2265
2224
2181
2154
2034
2122
2085
2021
2154
2071
2091
2026
2077
2033
1971
1990
1982
1950
1980
1942
1918
1956
1836
1926
1909
1835
1815
1795
1832
1804
1766
1779
1745
1651
1734
1769
1724
1648
1722
1665
1705
1662
1601
1696
1640
1656
1573
1579
1532
1612
1554
1540
1601
1538
1576
1512
1500
1565
1436
1475
1460
1479
1486
1501
1409
1475
1469
1470
1426
1403
1468
1422
1393
1393
1321
1328
1352
1364
1294
1326
1301
1302
1360
1284
1297
1303
1320
1246
1243
1241
1193
1256
1208
1242
1235
1218
1215
1183
1185
1203
1209
1210
1201
1210
1162
1143
1167
1166
1125
1082
1156
1111
1072
1109
1109
1091
1101
1052
1089
1086
1061
1042
1077
1035
1017
1082
1053
1012
1023
1010
988
1016
1042
987
967
996
1003
974
965
997
978
971
969
970
952
938
967
970
952
940
935
914
906
916
946
929
892
913
912
929
914
905
862
912
905
867
871
883
870
834
854
848
845
848
875
847
865
845
870
846
845
829
806
828
804
830
825
830
795
840
829
811
819
792
803
824
811
791
792
798
811
761
821
798
782
765
805
804
766
758
784
783
807
769
767
754
749
776
787
764
766
745
784
755
770
759
719
757
754
731
745
750
749
758
726
720
723
708
745
723
694
717
732
738
741
720
714
744
713
702
702
698
713
719
692
696
700
718
715
713
709
695
723
693
719
683
704
682
689
686
694
695
711
728
691
697
692
706
666
687
705
713
690
693
662
668
673
675
694
699
675
672
671
669
703
678
679
693
677
674
670
662
693
671
677
665
679
667
662
675
654
669
651
660
681
661
663
672
657
662
670
665
661
659
662
675
642
672
647
658
659
655
658
652
642
647
679
673
655
636
641
650
650
661
651
664
660
630
651
662
650
655
663
648
656
638
645
651
648
647
633
635
644
628
654
641
639
638
641
632
634
649
635
647
638
638
646
657
666
625
644
636
627
638
632
653
638
639
634
654
630
624
622
634
633
633
637
644
625
629
630
631
633
629
641
632
630
639
639
640
637
630
623
626
630
647
621
630
626
628
633
622
633
635
618
624
611
629
626
624
633
605
619
633
629
614
612
613
621
619
627
614
630
636
605
622
627
620
628
621
599
636
629
624
622
623
611
633
627
629
620
613
616
608
622
623
621
617
613
625
618
620
618
612
611
613
613
618
618
613
608
619
611
607
618
630
616
606
618
615
609
605
616
604
613
621
620
626
597
614
621
616
610
610
610
617
605
602
605
618
623
614
609
609
610
611
618
617
615
617
621
605
607
599
607
606
603
613
611
607
606
605
610
610
615
612
610
611
608
603
608
605
603
611
607
604
605
607
607
610
616
608
608
601
608
613
615
605
616
607
614
606
602
617
603
606
608
611
608
608
605
608
606
605
605
610
601
611
608
596
608
610
598
606
606
603
606
605
598
607
612
608
606
613
603
602
600
597
599
601
607
603
607
604
610
613
607
603
611
599
610
609
602
602
598
602
607
609
607
598
602
599
608
605
596
601
606
598
607
597
607
609
608
595
610
603
596
599
612
595
594
604
602
606
607
599
604
616
608
614
599
601
609
601
606
611
606
600
605
609
606
603
599
610
603
609
605
612
613
601
603
607
601
