607
607
604
602
612
597
602
613
606
599
594
606
605
597
604
603
615
600
604
603
603
612
604
605
616
600
600
607
604
604
607
609
615
603
605
608
602
603
604
602
596
616
612
598
599
609
609
603
602
606
605
610
601
602
599
607
608
603
604
604
601
604
603
609
597
603
601
599
609
602
610
603
609
598
605
607
616
603
610
604
609
602
607
608
605
612
615
609
610
604
611
605
604
614
603
595
609
609
599
602
613
614
608
602
596
611
605
610
610
604
601
599
606
599
612
605
608
606
611
602
593
610
607
608
614
601
609
604
597
604
591
603
612
599
605
608
605
598
605
603
608
606
602
605
602
599
602
601
602
615
605
602
609
601
607
608
606
605
600
602
601
592
607
607
595
618
608
615
620
622
614
615
596
617
607
609
596
610
606
607
606
609
605
607
600
612
607
603
609
618
605
612
611
611
614
604
616
614
614
605
608
608
622
615
619
619
606
618
613
609
603
614
607
626
624
622
604
615
602
620
610
615
613
624
626
613
618
616
630
619
607
615
608
615
614
621
613
613
609
605
611
620
617
621
637
609
622
622
619
618
632
626
630
631
626
626
624
617
618
629
619
626
621
616
614
624
630
616
631
622
616
620
629
633
625
633
626
619
630
622
621
635
642
623
646
625
646
631
633
640
642
643
646
643
625
636
642
633
641
641
655
648
641
648
637
656
646
651
655
653
659
677
646
689
674
683
656
670
691
683
681
682
682
688
681
695
690
700
713
696
710
725
717
715
719
726
740
753
746
738
743
752
776
768
756
808
801
807
804
831
825
841
840
848
878
885
900
883
917
912
916
909
976
1009
983
1080
1028
1066
1104
1055
1087
1163
1150
1171
1205
1233
1219
1331
1334
1353
1318
1427
1411
1476
1402
1523
1503
1611
1649
1712
1708
1759
1825
1796
1919
1976
2061
2149
2126
2323
2301
2423
2559
2608
2641
2716
2809
2883
2939
3149
3293
3389
3534
3686
3707
3754
4098
4300
4243
4524
4681
4899
5063
5356
5369
5466
5785
6039
6173
6650
6748
7010
7447
7566
7777
8155
8730
8728
9000
9329
9725
10052
10460
10857
11216
11317
11901
12040
12656
12899
13334
13304
14105
14290
14669
15078
15619
15832
16438
16553
17032
17010
17448
17748
17937
18209
18285
18690
18740
18818
19252
19410
19424
19451
19763
19983
20103
20469
19932
20375
20352
20100
20132
20288
19757
19853
19954
19750
19622
19436
19135
19056
18932
18782
18351
18368
18480
18111
17874
18020
17438
17138
17103
16763
16614
16619
15998
15818
15589
15410
15208
14831
14917
14307
13857
13977
13551
13362
13645
13138
13136
12938
12587
12276
12146
11868
11506
11356
11168
11074
11071
10690
10586
10550
10078
10120
9911
9957
9591
9490
9373
9215
9019
9116
8852
8850
8724
8712
8319
8415
8203
8125
7885
7905
7595
7557
7384
7399
7028
7296
7312
7078
6951
6828
6861
6873
6693
6508
6488
6323
6377
6232
6075
6016
6026
5859
5900
5657
5587
5664
5322
5505
5439
5337
5304
5200
5173
5154
4970
5031
4953
4859
4836
4940
4760
4799
4776
4588
4454
4445
4571
4354
4294
4185
4258
4221
4074
3955
3972
4105
4090
4036
3896
3804
3869
3977
3830
3793
3626
3664
3546
3603
3593
3518
3523
3347
3293
3339
3223
3311
3250
3212
3135
3121
3091
3076
2965
3014
3020
2983
2946
2891
3015
2838
2848
2845
2836
2732
2595
2721
2607
2681
2711
2643
2658
2537
2547
2494
2440
2441
2518
2466
2415
2385
2460
2417
2350
2333
2298
2265
2244
2177
2289
2168
2304
2209
2217
2177
2194
2161
2125
2103
2012
2004
2050
1985
2058
2007
1958
1960
1920
1863
1860
1915
1918
1959
1791
1835
1897
1811
1777
1826
1850
1776
1734
1787
1651
1736
1734
1757
1765
1677
1660
1765
1666
1613
1604
1631
1599
1557
1574
1487
1573
1546
1549
1521
1491
1480
1545
1505
1500
1472
1487
1461
1470
1478
1504
1470
1436
1451
1472
1399
1326
1380
1445
1376
1385
1302
1328
1349
1307
1329
1323
1190
1335
1264
1332
1287
1268
1285
1267
1260
1217
1233
1200
1217
1212
1206
1171
1202
1174
1213
1175
1126
1228
1198
1163
1170
1117
1151
1183
1108
1105
1156
1072
1174
1046
1077
1095
1083
1070
1121
1012
1040
1055
1088
1016
1024
1008
1052
1028
1035
1009
978
989
986
977
1010
945
985
939
960
948
969
961
941
975
938
1005
935
948
943
951
960
909
931
936
934
920
918
887
916
873
910
909
885
899
862
854
904
873
871
878
845
862
883
864
886
821
861
835
863
837
829
834
828
798
851
812
787
824
823
808
847
788
799
819
778
812
787
809
802
788
805
777
800
795
802
792
808
744
754
799
781
749
784
770
760
767
779
784
775
763
802
779
759
747
783
771
766
735
738
732
770
738
740
732
749
739
745
719
741
716
762
716
738
729
723
745
726
728
707
722
716
728
713
707
729
708
729
715
717
702
700
700
726
711
725
718
691
677
702
697
706
678
702
703
697
711
692
692
689
689
710
668
693
697
677
720
685
686
683
682
679
679
690
679
662
687
665
683
668
686
675
683
691
680
653
664
665
666
658
664
664
680
680
647
685
662
662
664
657
665
671
672
682
662
661
675
673
645
651
671
660
665
650
672
663
657
664
648
667
653
650
635
658
651
651
646
642
652
650
669
626
666
648
647
638
655
652
649
663
648
649
638
643
636
626
638
628
644
647
654
646
640
645
638
629
655
632
633
644
631
624
623
630
643
637
643
632
637
627
636
615
615
624
635
643
631
654
630
629
634
638
630
630
635
622
651
625
639
635
635
632
639
625
632
630
627
621
628
624
641
624
627
629
620
630
622
630
618
606
624
614
621
628
611
636
625
617
618
626
632
614
620
606
619
630
608
615
617
614
611
618
621
613
619
620
610
613
619
626
621
629
614
627
620
615
628
606
608
610
609
618
622
615
615
607
604
620
612
629
612
602
616
608
611
614
612
605
621
608
619
613
628
612
603
613
608
613
616
614
609
615
606
613
611
614
615
608
612
614
602
610
622
618
620
605
613
614
612
617
618
610
613
615
606
615
613
610
614
614
604
612
599
605
604
612
607
611
608
606
613
616
608
619
607
621
601
619
609
596
607
621
598
604
606
607
615
605
612
608
612
609
608
603
606
611
602
602
608
600
610
606
605
606
604
604
599
617
609
603
612
607
609
604
593
603
606
598
603
615
607
603
605
613
608
603
600
613
604
600
598
610
605
608
607
615
607
605
601
603
619
595
596
603
609
608
602
604
605
610
600
606
600
606
604
599
606
613
602
611
607
614
599
606
607
610
609
594
597
608
609
604
595
610
603
598
609
608
599
606
595
604
592
604
607
604
609
596
606
599
599
598
601
609
606
614
602
602
