602
602
610
603
599
598
598
605
602
603
606
610
603
608
610
602
598
598
601
605
610
598
602
596
605
600
605
606
603
609
608
601
600
615
602
596
610
599
596
609
614
607
606
606
605
600
610
607
603
603
605
600
608
599
606
598
612
606
606
608
611
613
605
605
602
597
602
612
602
599
606
593
607
610
599
605
598
606
602
603
601
607
599
608
601
603
608
605
613
605
606
605
594
610
601
603
606
603
603
608
610
598
601
605
599
611
615
591
607
600
609
607
605
598
608
602
599
596
598
604
608
598
606
605
596
601
599
601
602
597
600
603
601
596
604
607
617
595
603
601
603
607
610
609
604
601
607
598
601
603
599
601
601
599
608
604
609
595
604
611
603
600
610
608
602
598
604
606
616
599
592
607
606
611
608
608
607
601
604
607
599
610
605
603
612
603
609
608
601
608
604
596
607
614
598
604
613
599
604
593
597
610
609
598
615
607
615
596
610
610
610
603
608
612
608
603
596
605
608
603
609
602
606
597
597
600
605
607
609
607
615
606
615
613
605
604
609
606
605
595
613
601
600
611
603
611
612
612
601
610
615
602
603
610
604
607
601
613
605
598
604
613
608
612
613
602
604
608
610
616
613
612
609
610
612
614
602
613
610
618
612
613
613
606
604
618
628
614
626
614
607
608
605
609
612
616
615
619
620
606
611
629
622
613
613
618
623
611
619
632
631
614
619
616
639
629
625
621
625
629
626
631
646
632
633
624
621
638
644
630
640
634
625
630
634
632
648
641
629
636
626
645
654
649
649
657
650
639
650
649
657
648
639
661
661
659
668
668
671
665
649
670
654
679
655
667
660
676
664
680
682
688
695
679
714
676
717
697
687
729
690
697
709
693
716
722
749
745
738
723
756
742
744
761
764
782
777
777
785
813
786
821
834
800
816
824
801
870
833
876
841
867
873
929
895
939
919
984
966
1013
987
957
1040
1024
1033
1103
1070
1057
1116
1063
1137
1174
1141
1183
1210
1209
1265
1290
1347
1382
1400
1406
1405
1475
1455
1557
1471
1620
1636
1617
1700
1751
1711
1761
1825
1926
1903
1958
1997
2056
2055
2271
2148
2199
2314
2401
2354
2457
2419
2544
2598
2602
2683
2684
2811
2855
2861
2877
3054
3031
3173
3352
3296
3337
3401
3331
3453
3514
3686
3709
3738
3920
3981
3947
4138
4141
4223
4295
4407
4579
4656
4709
4760
4899
5036
5130
5157
5242
5320
5305
5700
5626
5844
5809
5995
5841
6126
6381
6343
6396
6387
6620
6666
6980
7100
6916
7045
7103
7353
7233
7546
7728
7797
7746
7840
7853
7977
8205
8112
8133
8551
8519
8580
8782
8895
8762
9044
9080
9281
9190
9301
9234
9182
9403
9254
9596
9834
9689
9661
9875
9897
9863
10152
10313
10425
10431
10483
10414
10340
10438
10702
10383
10676
10584
10680
10676
10854
10456
10856
10835
10889
11148
10943
10885
11212
11099
11073
11024
11277
11357
11414
11284
11348
11361
11600
11242
11305
11277
11369
11499
11357
11518
11362
11675
11370
11564
11417
11857
11486
11570
11345
11409
11365
11660
11793
11580
11823
11537
11636
11607
11849
11566
11631
11815
11695
11924
11703
11809
11929
12096
12244
11849
12135
12132
12251
12349
12227
12472
12088
12435
12183
12532
12268
12166
12220
11898
12486
12046
12143
12421
12285
12262
12414
12734
12501
12790
12551
12553
12586
12593
12603
12680
12700
12434
12699
12543
12602
12984
12721
12461
12455
12407
12517
12727
12704
12761
12501
12600
12601
12670
12644
12689
12549
12795
12724
12369
12558
12553
12627
12493
12463
12188
12247
12166
12129
12266
12218
12195
12176
12194
12153
12043
11939
12332
11910
12121
11912
11937
11806
12198
11742
11822
11916
11819
11650
11647
11425
11438
11745
11488
11200
11429
11400
11098
11343
11128
11244
10935
11025
11241
11025
11002
10938
10582
11064
10637
10802
10557
10526
10476
10359
10364
10308
10100
10093
10116
9724
9733
9771
9708
9929
9704
9575
9613
9510
9297
9278
9332
9115
8994
8988
8998
8715
8417
8683
8562
8311
8437
8396
8247
8286
8053
8021
8006
7919
7686
7583
7703
7518
7557
7359
7506
7245
7227
7285
6881
7085
7007
6745
6621
6709
6769
6376
6467
6429
6342
6330
6052
6106
6169
5984
5964
5873
5725
5780
5563
5611
5485
5406
5496
5339
5278
5174
5204
5185
5118
4688
4907
4771
4709
4569
4528
4485
4413
4547
4291
4372
4168
4246
4152
4207
4083
3994
3890
3845
3837
3949
3839
3696
3656
3562
3481
3565
3436
3456
3361
3283
3275
3269
3199
3126
3086
3026
2974
3018
2896
2836
2839
2817
2876
2837
2742
2738
2740
2662
2595
2659
2578
2527
2481
2534
2468
2405
2408
2290
2354
2253
2276
2209
2221
2126
2106
2212
2158
2037
2076
2136
2076
2000
1923
1975
1929
1919
1828
1950
1800
1842
1844
1807
1754
1708
1829
1815
1756
1781
1685
1703
1667
1588
1639
1635
1594
1548
1596
1611
1517
1538
1503
1455
1539
1475
1441
1412
1426
1371
1471
1366
1410
1324
1412
1405
1315
1335
1364
1279
1320
1313
1283
1278
1302
1267
1208
1224
1189
1189
1180
1145
1217
1160
1165
1162
1235
1171
1123
1125
1116
1148
1134
1110
1104
1138
1089
1150
1108
1042
1074
1011
1055
1064
1043
1060
1055
1036
1026
1011
1056
964
1011
1017
999
1004
955
960
971
938
945
962
1003
945
975
936
962
961
939
938
937
947
890
885
859
854
879
900
872
853
881
874
890
887
887
866
851
835
875
863
850
841
861
833
824
836
847
829
806
834
845
815
836
797
809
827
796
824
780
812
804
792
811
768
795
752
775
776
763
793
802
786
791
758
754
787
769
767
758
771
738
736
734
733
750
772
750
723
745
748
765
736
731
784
746
717
730
718
717
697
730
719
727
721
722
712
727
711
713
708
724
696
734
723
702
691
727
683
690
720
692
683
703
688
666
693
712
660
716
693
697
708
674
694
684
671
685
679
677
669
685
713
717
659
686
691
656
658
663
665
658
667
681
678
661
676
658
668
680
660
665
660
685
667
667
675
642
648
654
666
651
657
654
648
646
657
640
653
662
663
627
659
643
647
648
651
642
645
633
644
646
653
641
640
635
653
636
636
644
654
645
636
644
629
641
621
652
631
642
636
633
629
631
647
639
637
651
632
645
619
637
630
632
632
616
632
624
618
631
626
618
625
629
631
626
642
635
622
613
621
626
622
627
621
644
620
636
624
618
632
623
627
626
616
632
610
623
642
629
631
619
634
630
620
627
621
610
615
614
632
611
630
621
618
620
618
621
621
627
618
630
611
620
621
615
627
621
616
614
621
611
604
622
618
610
618
618
602
620
618
612
613
624
623
625
612
613
614
624
619
618
619
611
618
609
615
629
602
601
615
616
605
619
611
615
612
612
607
617
603
617
610
612
609
600
616
623
607
615
606
603
614
615
608
609
612
613
612
620
607
614
611
613
610
610
608
611
609
603
614
610
611
617
605
614
