596
615
604
605
603
606
596
611
605
606
607
609
618
606
607
605
600
604
614
601
597
597
596
600
598
612
604
603
595
603
606
598
602
603
602
607
606
613
608
605
606
606
607
608
616
605
603
594
599
611
597
606
610
606
611
599
602
608
598
606
606
607
601
608
597
603
593
608
604
602
607
602
607
606
596
601
608
611
601
605
599
607
600
611
606
604
599
604
600
604
603
597
610
605
605
605
602
607
599
605
599
598
595
599
601
601
603
603
605
604
599
611
604
599
599
604
605
603
599
612
608
597
612
594
611
606
602
600
600
612
604
614
605
600
603
598
602
598
594
607
598
599
599
607
594
599
599
598
607
601
595
598
603
602
596
596
605
600
611
606
603
599
602
605
605
603
595
603
603
605
605
613
605
600
604
610
608
607
607
610
608
597
604
607
605
599
593
604
608
593
605
600
598
598
601
600
600
599
606
606
602
599
600
598
612
607
608
606
605
599
607
596
605
604
599
600
605
610
603
602
613
595
610
602
610
603
598
606
610
602
609
605
606
605
609
607
605
604
605
607
598
603
598
601
608
605
607
610
602
604
610
597
599
592
615
603
602
606
607
603
605
601
606
603
607
602
615
608
612
602
608
609
603
614
598
599
606
614
604
601
603
604
603
602
611
614
608
606
608
610
622
614
606
605
606
605
604
606
604
599
604
615
612
614
606
604
607
605
602
615
606
619
605
616
615
626
615
616
612
619
617
611
612
618
612
616
613
633
618
617
620
611
617
621
620
618
628
623
617
615
636
606
624
636
636
624
640
625
627
624
636
627
626
628
630
630
622
642
642
648
643
629
630
622
631
639
648
641
657
645
657
653
645
653
652
668
646
680
658
651
634
675
645
665
659
671
665
675
676
671
685
699
670
681
682
717
682
710
711
711
697
721
739
732
745
740
739
755
764
751
744
767
777
782
801
798
798
815
821
800
814
817
842
834
846
875
872
879
933
919
934
917
958
970
986
972
992
1028
1086
1046
1055
1050
1094
1127
1142
1126
1213
1181
1203
1261
1236
1285
1269
1294
1339
1382
1433
1379
1437
1449
1508
1482
1500
1574
1582
1611
1604
1605
1624
1722
1740
1753
1758
1791
1848
1866
1890
1976
1824
1941
1999
1948
2049
2046
2103
2082
2148
2115
2180
2143
2158
2244
2293
2288
2493
2412
2409
2522
2431
2563
2584
2634
2729
2725
2699
2779
2708
2731
2919
2864
2951
3043
2976
3107
3124
3134
3154
3147
3185
3250
3397
3339
3411
3425
3503
3490
3515
3685
3559
3618
3707
3791
3751
3700
3823
3844
3837
3960
3938
4090
3998
3931
4181
4136
4180
4148
4314
4275
4223
4327
4413
4310
4448
4297
4311
4391
4288
4286
4431
4482
4450
4501
4597
4649
4639
4613
4726
4927
4740
4728
4753
4790
4830
4767
4915
4567
4698
4752
4843
4863
4855
4921
4711
4796
4883
4999
4979
4881
5038
4954
4960
5070
4958
5115
4985
4988
4933
5059
5039
4901
5246
4949
5034
4995
5105
5211
5269
5214
5201
5156
5104
5212
5243
5189
5166
5298
5155
5402
5270
5192
5307
5441
5432
5332
5339
5435
5407
5120
5380
5260
5236
5324
5337
5502
5435
5437
5541
5606
5450
5528
5565
5688
5592
5627
5497
5406
5528
5532
5541
5735
5892
5664
5603
5689
5593
5645
5705
5734
5850
5564
5771
5694
5642
5720
5790
5667
5690
5682
5787
5739
5777
5858
5777
5704
5697
5741
5656
5643
5756
5984
5862
5718
5763
5689
5767
5667
5635
5763
5853
5765
5772
5729
5694
5508
5658
5791
5620
5597
5605
5721
5623
5566
5617
5431
5513
5724
5557
5630
5566
5523
5538
5547
5421
5446
5338
5288
5521
5279
5473
5336
5329
5542
5288
5441
5105
5361
5297
5229
5247
5123
5173
5096
5205
5090
4937
5099
4982
5047
4892
4945
4890
4938
4732
4818
4790
4801
4665
4615
4646
4665
4759
4509
4497
4470
4456
4464
4359
4372
4281
4367
4312
4142
4296
4268
4163
4120
4228
4027
4064
4001
4060
3864
3893
3892
3733
3853
3869
3723
3653
3671
3690
3611
3550
3583
3524
3501
3403
3385
3430
3292
3219
3345
3310
3295
3270
3100
3107
2968
3094
3180
2987
2941
2913
2866
2978
2857
2781
2902
2795
2864
2710
2678
2735
2616
2571
2512
2521
2470
2559
2477
2465
2412
2437
2443
2358
2241
2296
2185
2276
2237
2245
2107
2175
2139
2165
2111
2155
1981
2010
1995
2065
1993
1970
1868
1883
1820
1824
1822
1807
1777
1761
1710
1718
1692
1675
1662
1616
1653
1616
1601
1638
1565
1507
1582
1488
1550
1517
1452
1469
1455
1382
1446
1405
1463
1402
1407
1401
1355
1333
1378
1334
1338
1250
1255
1326
1248
1269
1213
1291
1252
1209
1238
1175
1206
1138
1170
1192
1192
1215
1125
1123
1178
1122
1101
1065
1056
1079
1044
1109
1050
1107
1059
1031
1064
1042
981
984
1001
975
936
989
1046
1007
984
1028
950
961
935
922
967
949
940
934
905
922
866
897
901
912
907
897
869
859
873
876
865
864
890
875
888
848
876
840
886
841
851
827
814
839
824
824
838
827
817
801
799
825
812
814
808
763
790
797
779
756
794
758
765
762
746
780
800
766
772
724
733
762
772
749
747
764
731
726
737
710
758
734
738
755
749
713
722
712
699
720
725
702
723
719
698
731
718
737
705
691
718
693
725
715
702
717
689
699
699
697
675
670
688
683
695
665
689
696
699
682
679
683
680
690
664
682
702
674
687
662
689
682
675
681
674
662
672
670
662
676
671
674
662
657
675
665
667
646
662
664
673
663
659
670
656
656
670
672
662
656
657
656
651
649
640
667
663
656
650
640
651
653
645
650
660
631
648
658
647
657
646
637
642
655
629
630
644
640
641
626
638
632
645
639
631
630
648
644
638
636
643
621
634
638
627
641
635
626
637
633
638
642
639
625
632
631
642
621
629
629
629
636
625
621
633
621
626
641
636
621
630
621
629
622
631
630
623
623
628
610
628
619
614
634
621
628
621
625
621
619
611
616
615
607
614
614
611
619
633
629
625
619
620
603
621
619
618
617
613
620
613
611
628
615
607
626
618
612
616
610
616
618
615
612
616
611
607
621
615
617
622
614
616
612
608
614
606
624
627
627
613
616
606
613
613
613
609
607
612
611
617
609
606
618
606
616
617
622
607
610
605
620
615
598
611
603
601
615
601
612
603
607
598
607
607
613
627
618
603
607
610
613
615
606
607
616
609
613
607
607
614
611
600
599
612
606
616
603
607
614
603
605
614
615
608
604
608
612
610
605
609
606
602
606
602
614
612
611
605
608
611
601
602
605
600
614
608
605
601
602
604
599
610
603
608
612
603
602
607
598
603
602
603
604
611
611
611
608
613
604
611
614
598
609
607
601
607
600
602
612
610
601
612
611
605
