599
606
604
601
599
602
608
613
602
615
604
603
611
598
602
602
605
609
608
599
605
610
611
601
603
618
607
605
614
614
604
607
607
607
606
607
607
607
609
603
619
609
612
609
608
606
611
605
607
607
604
604
609
606
606
604
601
605
596
593
600
612
600
604
610
602
606
603
602
611
605
608
612
609
608
610
608
614
600
598
601
600
595
603
606
611
597
607
599
601
608
613
599
611
617
606
612
618
594
604
605
606
610
605
606
597
604
609
606
610
610
605
603
610
604
601
601
604
608
610
605
605
603
606
621
609
609
604
603
608
605
600
605
601
611
601
597
600
620
607
608
607
607
597
602
609
594
611
604
604
603
611
600
602
613
604
610
606
611
594
604
602
605
607
596
612
600
602
605
597
603
608
609
609
622
605
607
607
610
612
605
605
604
602
601
604
609
607
606
604
616
613
597
618
601
603
611
603
603
615
601
619
604
605
601
603
611
612
608
606
609
605
614
610
607
604
607
615
611
613
611
607
599
614
605
606
613
609
602
601
604
609
608
616
607
616
618
619
615
603
610
607
610
610
615
605
610
606
601
615
601
616
613
610
606
604
622
616
616
610
614
620
612
603
626
617
607
605
612
615
619
627
630
621
623
615
610
622
614
619
618
620
619
628
622
611
616
615
612
636
624
633
626
629
623
617
631
617
631
620
637
617
633
620
622
629
626
627
634
638
630
622
640
636
628
631
632
627
645
632
631
652
641
624
636
657
652
632
636
648
672
672
645
643
663
665
661
655
651
672
664
654
660
674
659
661
695
671
681
674
657
693
666
675
672
667
677
683
690
711
673
701
737
699
717
706
706
711
730
733
712
737
743
756
728
749
732
762
743
776
753
763
768
752
786
822
786
830
799
821
824
847
853
850
896
871
883
869
868
913
929
913
930
977
983
972
971
1015
966
1032
1004
1050
1046
1095
1106
1162
1129
1180
1130
1136
1190
1232
1244
1274
1327
1313
1324
1362
1399
1431
1467
1515
1512
1581
1601
1556
1680
1720
1687
1787
1806
1853
1813
1884
1980
2078
2037
2145
2204
2228
2130
2358
2419
2471
2495
2555
2589
2679
2796
2767
2823
2886
3029
2992
2972
3238
3139
3156
3301
3264
3315
3330
3547
3523
3686
3565
3841
3851
3923
3984
3968
4069
4183
4166
4339
4220
4491
4483
4533
4635
4659
4758
4825
4942
4916
5048
5035
5457
5252
5420
5603
5616
5575
5775
5893
5947
5983
5970
6214
6249
6285
6285
6543
6700
6867
6680
6970
6913
7133
7374
7347
7450
7502
7494
7728
7959
7713
8013
8151
8102
8369
8393
8391
8353
8698
8719
9010
9127
9321
9232
9162
9506
9600
9717
9847
9765
9841
10035
10413
9962
10061
10362
10367
10335
10538
10462
10733
10860
10916
11158
10830
11136
11190
11162
11216
11331
11503
11509
11901
11734
11818
11689
12033
11832
12088
11923
12253
11933
11969
12062
12245
12399
12219
12410
12243
12632
12545
12678
12732
12565
12557
12850
12939
12501
13096
12766
12891
12761
12850
12748
12999
12874
12945
13084
13023
12940
13147
13138
13187
13389
13408
13489
13468
13157
13226
13448
13410
13354
13629
13628
13667
13565
13329
13514
13651
13576
13707
13956
13582
13772
13842
13869
13955
13998
14027
13792
14206
14056
13905
14307
14039
14480
14027
14314
14304
14383
13998
14381
14136
14539
14344
14439
14295
14180
14428
14322
14765
14449
14636
14503
14630
14865
14538
14381
14595
14757
14619
14696
14552
14868
14760
14608
14471
14637
14510
14930
14830
15125
14868
15043
14797
14898
14972
15082
15110
14979
14893
14981
14785
14883
14523
14604
14656
14721
14575
14762
14323
14348
14510
14758
14630
14716
14456
14430
14544
14581
14676
14629
14746
14302
14358
14551
14118
14564
14260
14204
14285
13958
14027
14008
13790
13896
14004
13831
13738
13735
13704
13847
13675
13766
13578
13627
13866
13384
13275
13473
13427
13390
13178
13035
12994
12922
12834
13034
12699
12566
12526
12291
12317
12334
12168
12111
12166
12167
12147
12017
11643
12022
11864
11548
11640
11553
11595
11170
11482
11036
11028
10794
10788
10792
10908
10748
10548
10562
10898
10282
10205
10490
10283
9954
10036
9905
9749
9862
9742
9778
9510
9344
9339
9312
9019
9152
8940
8911
8639
8791
8648
8461
8546
8449
8043
8158
8069
8230
7875
7775
7886
7778
7337
7668
7707
7410
7339
7254
7447
6976
6798
6829
6795
6629
6615
6491
6514
6273
6414
6157
6212
6202
6000
6005
5946
5938
5976
5753
5718
5389
5640
5437
5382
5193
5178
5177
5060
5006
5015
4948
4873
4590
4681
4663
4540
4632
4536
4418
4485
4331
4190
4280
4149
4181
4040
4021
3952
4028
3924
3880
3830
3792
3775
3647
3491
3488
3455
3598
3378
3318
3419
3303
3186
3259
3195
3161
3069
3124
2997
2981
3032
2943
2865
2857
2916
2675
2792
2690
2698
2744
2733
2609
2585
2489
2543
2334
2487
2511
2397
2400
2277
2299
2277
2326
2208
2309
2167
2119
2205
2093
2154
2095
2084
2064
2010
2048
2035
2003
1949
1929
1919
1896
1856
1831
1864
1829
1789
1761
1737
1664
1779
1731
1749
1683
1626
1627
1621
1606
1603
1584
1631
1590
1500
1514
1575
1538
1480
1467
1507
1486
1419
1525
1407
1431
1444
1410
1392
1368
1387
1413
1409
1393
1358
1322
1324
1300
1347
1275
1304
1268
1325
1203
1289
1210
1229
1237
1222
1240
1230
1221
1196
1149
1154
1155
1124
1163
1141
1173
1131
1132
1136
1145
1105
1154
1146
1130
1101
1031
1059
1053
1044
1072
1030
1056
1016
1033
995
1016
1009
1003
1030
996
989
986
1028
955
1016
974
1013
954
940
945
963
936
960
909
945
897
941
886
891
963
893
899
915
902
899
842
874
906
870
848
859
881
853
854
837
891
834
856
867
856
840
853
821
866
860
846
836
851
832
819
799
785
778
789
801
787
782
808
836
818
769
812
769
765
790
799
800
788
769
761
756
775
743
766
753
780
790
753
764
741
783
770
763
745
754
764
727
745
717
758
755
747
724
718
737
744
720
726
735
717
738
734
721
725
745
710
707
718
736
719
706
703
745
715
707
701
726
704
692
700
698
681
685
682
685
715
687
697
690
678
713
666
668
673
688
678
676
682
667
684
693
691
666
670
683
685
676
681
687
671
663
675
685
680
666
683
687
691
667
644
655
665
653
675
678
664
637
653
650
657
638
661
673
654
654
646
655
653
656
664
666
645
646
658
636
664
652
643
656
646
648
644
644
639
653
635
636
627
636
649
647
640
641
636
646
645
638
651
632
639
625
636
639
631
633
645
641
642
640
630
645
639
628
633
635
632
630
628
636
623
638
633
624
628
621
637
642
644
629
635
629
626
629
630
623
623
651
616
635
612
623
630
619
611
618
615
630
628
629
631
630
629
619
619
627
615
625
617
627
622
636
616
624
615
608
619
617
620
606
630
619
619
636
627
612
615
614
613
623
610
617
617
612
626
634
631
629
606
619
605
610
627
604
616
614
611
607
612
609
619
615
616
612
626
612
611
622
611
615
616
609
617
