605
608
608
607
603
613
604
608
613
611
609
607
611
602
610
614
628
616
600
608
602
607
610
610
615
602
605
595
606
602
618
600
615
610
613
607
607
610
613
610
603
606
604
610
607
609
616
613
610
608
611
603
605
610
601
616
601
603
604
604
610
608
603
613
608
596
604
613
605
616
607
611
602
608
616
608
604
613
604
608
607
605
611
609
606
614
599
600
611
594
609
606
599
609
600
610
598
609
609
615
610
606
620
615
602
608
605
598
612
602
604
609
610
615
613
606
612
613
610
602
618
603
608
602
613
606
615
604
619
599
607
608
615
605
611
606
606
611
607
605
604
596
611
611
611
604
601
611
605
599
612
605
600
607
603
600
598
609
604
618
603
609
615
607
601
606
615
604
614
617
614
605
605
610
609
609
606
606
618
618
603
615
607
607
608
604
608
603
604
609
611
601
605
602
608
616
614
613
606
615
611
613
600
599
610
609
607
618
619
613
606
619
607
604
612
618
604
610
607
606
602
611
604
619
607
606
609
589
625
618
602
616
617
619
603
610
607
606
610
608
615
627
615
619
610
605
609
603
613
614
620
611
608
616
623
624
615
623
621
627
624
628
624
607
617
626
624
634
624
634
639
622
640
619
613
634
628
614
639
625
627
639
633
616
625
639
624
633
635
624
633
632
650
631
631
628
628
639
650
627
663
648
638
633
642
634
636
649
646
652
641
646
655
667
639
663
646
653
653
671
643
671
653
664
644
663
662
660
664
678
671
663
691
662
677
662
670
686
692
672
704
675
692
680
680
709
693
672
720
732
698
698
708
726
715
719
723
692
724
730
714
724
748
732
742
765
730
759
771
759
763
754
761
762
809
771
822
804
778
827
846
821
806
819
838
857
838
849
854
892
872
927
921
923
889
909
955
934
952
1011
982
971
1055
1038
1042
1061
1023
1065
1061
1104
1137
1190
1170
1119
1235
1218
1218
1284
1312
1303
1351
1351
1388
1348
1425
1375
1506
1522
1512
1618
1628
1553
1794
1724
1840
1822
1833
1896
1933
1944
2071
2108
2148
2095
2193
2298
2356
2369
2385
2512
2625
2628
2662
2753
2881
2908
2975
3083
3177
3100
3166
3391
3468
3480
3500
3535
3616
3667
3706
3771
3898
4067
4104
4091
4156
4473
4529
4427
4683
4722
4775
4737
4940
5020
5071
5114
5308
5276
5309
5302
5531
5620
5771
5760
5888
6100
6229
6213
6376
6514
7000
6853
6952
6947
7236
7151
7326
7465
7670
7700
7773
8055
8053
8033
8466
8330
8664
8783
8817
9003
9138
9286
9388
9704
9784
9571
9949
9888
10011
10268
10604
10440
10599
10894
10968
11161
11066
11306
11581
11772
11911
12173
12172
12439
12368
12744
12655
13137
13023
13202
13110
13639
13514
13631
13704
14102
14036
13999
14019
14387
14434
14464
14759
14897
15146
15032
15176
15472
15545
15594
15596
15661
15950
15926
16239
15859
15992
16200
16310
16201
16614
16714
16624
16571
16681
16919
17238
16912
17296
17284
17365
17322
17524
17407
17553
17559
17761
17363
17385
17818
17559
17783
17831
17787
17930
17951
18003
18278
18536
18176
18231
18244
18603
18641
18955
18629
18343
18281
18670
18730
18370
18557
18366
18762
18876
18805
18974
18934
18664
19277
18661
18695
18908
19055
19035
19378
19108
19372
19395
19365
19476
19479
19462
19519
19421
19537
19412
19392
19579
19584
19608
19517
19666
19679
19826
19920
19799
19782
19954
20235
20203
19808
20429
20146
20125
20109
20256
20336
20204
20023
20084
20010
20362
20134
20227
20192
20129
20461
20421
20028
20011
20495
20562
20227
20442
20522
20444
20177
20259
20012
20141
19930
20107
19889
19851
19884
20070
19783
19845
20001
19763
20442
19867
19986
20252
19680
20209
19891
19900
19887
19493
19762
19374
19510
19415
19392
19567
19238
19289
19285
19129
18975
18764
18809
18933
18664
18664
18697
18719
18784
18985
18482
18339
18385
18577
18205
18097
18306
17536
18090
17827
17710
17547
17692
17384
17361
17192
17085
17224
16875
16734
17058
16529
16815
16585
16509
16609
16406
16282
16016
16060
16075
15886
15321
15620
15427
15457
15326
15074
14803
14981
14781
14567
14450
14619
14388
14087
14222
14139
13916
13905
13815
13717
13542
13288
13482
13196
13184
12872
13130
12661
12782
12597
12154
12322
12297
12092
11809
11765
11865
11540
11370
11385
11299
10937
11131
10893
10871
10622
10958
10573
10324
10387
10089
10110
9934
9909
9781
9646
9340
9332
9245
8979
8888
9003
8714
8716
8779
8632
8396
8216
8231
8222
8014
7978
8045
7789
7920
7676
7432
7290
7509
7198
7194
7172
6898
6863
6633
6596
6629
6309
6560
6299
6377
6337
6168
6174
6070
5878
5921
5801
5672
5653
5619
5627
5500
5480
5355
5402
5283
5270
4987
5062
4938
4795
4890
4896
4692
4605
4592
4558
4670
4283
4345
4132
4222
4169
4219
4161
4093
4102
3980
3871
3835
3786
3916
3774
3708
3716
3502
3611
3529
3363
3579
3340
3407
3317
3322
3212
3212
3183
3103
3150
3060
2962
3002
3040
2936
2896
2874
2771
2775
2844
2837
2725
2708
2622
2571
2625
2595
2524
2509
2519
2463
2473
2392
2384
2368
2372
2354
2377
2344
2175
2169
2179
2199
2212
2207
2129
2166
2151
2078
2143
2025
2054
2050
1939
1949
1993
1907
1927
1844
1977
1932
1788
1855
1685
1768
1803
1841
1726
1783
1681
1661
1694
1646
1658
1643
1626
1682
1655
1625
1549
1611
1556
1501
1440
1536
1495
1508
1492
1426
1422
1471
1478
1450
1420
1399
1389
1432
1419
1411
1337
1347
1435
1361
1312
1326
1307
1318
1311
1301
1267
1286
1211
1295
1267
1226
1274
1209
1201
1140
1213
1167
1206
1191
1146
1126
1196
1168
1138
1134
1175
1091
1130
1059
1112
1108
1111
1065
1047
1084
1118
1062
1057
1048
1043
1049
998
1073
1052
988
973
1012
1010
1016
976
1004
1016
1018
1006
978
971
944
985
985
978
963
963
951
963
929
919
915
886
972
894
913
907
926
890
884
881
879
894
920
850
905
875
883
908
843
878
896
832
861
846
846
863
840
826
856
858
876
880
831
811
814
834
823
826
796
789
800
826
810
837
800
808
789
765
786
788
796
786
742
795
776
787
788
780
768
777
783
770
763
754
788
764
762
756
785
739
749
745
716
756
736
739
756
725
734
742
733
705
711
720
759
734
722
724
711
727
730
717
714
732
707
724
703
713
718
720
713
721
686
690
706
703
706
701
676
714
694
709
684
709
696
699
690
662
698
690
690
701
694
700
680
695
686
671
658
661
673
663
686
672
649
668
680
683
674
688
668
675
677
671
682
657
654
650
658
652
665
655
673
673
659
669
650
665
640
667
653
678
654
671
661
649
634
657
645
661
657
652
649
650
644
649
633
653
640
665
660
641
640
640
646
649
649
662
638
641
659
629
632
650
638
642
621
641
635
642
647
617
645
637
655
636
634
638
641
631
630
641
637
627
636
632
630
644
641
642
635
629
626
637
639
637
627
626
632
631
628
620
632
638
628
625
613
636
625
633
633
621
624
626
639
607
638
643
636
629
613
624
628
611
629
610
630
624
618
621
628
622
612
618
623
613
618
