614
612
619
612
616
608
610
610
614
610
606
612
612
604
604
607
611
612
608
605
605
605
610
607
609
605
616
612
616
605
595
614
599
618
621
612
615
604
612
621
601
612
611
606
610
596
601
609
610
610
605
609
610
616
609
608
619
608
611
605
602
608
609
609
618
603
610
610
607
610
609
604
609
608
603
608
620
614
603
606
612
613
600
617
607
609
604
607
605
605
616
611
607
604
607
601
603
611
607
605
610
604
606
599
614
604
620
610
608
621
605
605
607
609
612
617
605
610
603
601
611
616
604
605
604
607
606
611
602
603
614
607
610
606
598
604
602
603
607
596
615
597
605
605
612
604
607
617
615
604
608
609
610
608
613
594
615
601
605
610
615
604
620
603
617
608
613
608
618
616
601
610
608
606
600
606
610
607
605
610
605
607
607
609
603
607
610
604
622
606
611
607
609
617
607
607
602
609
610
614
618
604
626
613
611
603
610
609
619
607
620
622
607
611
607
602
601
612
613
610
612
610
625
612
612
606
599
625
609
601
625
622
608
613
612
604
614
602
601
616
617
618
611
618
614
602
618
618
605
604
611
625
621
618
621
622
618
607
616
618
613
611
626
619
615
621
626
621
625
614
619
631
623
615
629
619
621
631
612
616
622
631
632
635
626
628
618
635
638
624
631
629
628
640
620
621
618
632
635
631
651
624
653
622
636
651
619
638
658
637
651
630
638
648
645
632
639
636
647
661
650
656
658
654
644
654
641
659
649
643
662
671
647
656
675
681
677
664
669
700
675
683
681
681
689
693
675
697
701
678
693
693
706
720
706
708
708
712
748
731
723
735
707
753
722
767
739
719
718
766
749
774
765
769
751
796
791
799
787
787
786
791
820
817
829
838
840
858
824
843
861
890
861
889
909
926
921
979
955
958
993
1003
1068
1027
1048
1008
1039
1067
1059
1142
1093
1084
1136
1123
1146
1195
1199
1239
1340
1351
1331
1311
1353
1371
1409
1401
1462
1491
1575
1567
1581
1598
1614
1697
1763
1766
1850
1827
1873
2044
1970
2027
2181
2142
2302
2270
2350
2344
2485
2462
2534
2574
2624
2779
2807
2877
2980
2949
3055
3079
3203
3177
3270
3403
3382
3454
3542
3630
3656
3686
3858
3890
3927
4105
4163
4198
4243
4344
4397
4497
4615
4696
4675
4801
4764
4820
5042
4939
5087
5209
5185
5270
5345
5436
5620
5685
5646
5885
5818
6185
6337
6259
6493
6546
6615
6632
6662
6768
6961
7084
7166
7245
7329
7416
7527
7845
7888
7819
7906
8160
8287
8362
8527
8669
8739
8906
9024
9056
8889
9370
9468
9539
9603
9686
9903
9792
10225
10279
10450
10434
10664
10703
11057
11030
11105
11417
11305
11628
11567
11570
11659
11718
11766
12070
11901
12007
12114
12180
12190
12521
12520
12882
12895
13043
13121
13106
13216
13334
13372
13731
13580
13551
13825
13803
13708
13891
13984
13933
14201
14053
14158
14243
13913
14397
14220
14536
14433
14848
14896
14766
14788
14752
14780
14889
15002
15065
15175
15114
14892
15280
14992
15307
15168
15318
15179
15297
15404
15575
15418
15247
15761
15653
15774
15817
15571
15957
15995
15737
15823
16168
15827
15659
15595
15891
16070
15890
16001
16156
16143
15765
15867
16154
16205
16448
16534
16593
16409
16688
16397
16622
16532
16562
16525
16637
16791
16424
16854
16649
16430
16537
16675
16286
16587
16819
16955
17058
16826
17206
17046
17108
17013
17084
17190
17010
17122
17211
17211
17302
17165
17287
17091
17148
17255
17317
17480
17362
17328
17494
17053
17189
17491
17198
17210
17395
17447
17506
17417
17456
17253
17333
17070
17400
17266
17272
16948
17055
17293
17034
17273
16968
17462
17272
17478
17485
17293
16865
17117
17149
17089
16976
16831
16827
17030
16586
16688
16589
16523
16753
16505
16704
16424
16155
16262
16207
16410
16221
16113
16119
16234
16104
15951
16147
15756
15863
15669
15522
15476
15485
15375
15489
15033
15005
14865
15096
14951
14729
14812
14786
14560
14816
14705
14496
14469
14413
14363
14113
14167
14194
13965
13935
13794
13539
13698
13475
13346
13293
13197
12907
12855
13042
12866
12679
12766
12683
12571
12057
12265
12369
12092
12272
12139
11959
11703
11777
11607
11619
11048
11110
11113
11064
11027
11004
10629
10542
10703
10265
10074
10110
10306
10038
10112
9692
9898
9776
9715
9424
9383
9250
9301
9158
8907
8907
8789
8817
8588
8629
8436
8274
8235
8217
8093
7667
7718
7803
7743
7593
7568
7247
7395
7341
7027
6999
7034
6844
6838
6642
6684
6739
6469
6518
6361
6369
6156
6259
6010
6076
5794
6014
5993
5543
5520
5509
5284
5430
5316
5294
5164
5168
5148
4994
4899
4959
4944
4947
4677
4765
4477
4553
4683
4416
4380
4345
4280
4134
4199
4142
4134
3834
3962
3858
3917
3791
3765
3756
3697
3612
3636
3639
3486
3469
3313
3510
3220
3310
3150
3179
3152
3071
3151
3082
3021
3048
2908
3018
2874
2848
2934
2877
2842
2713
2719
2667
2694
2581
2591
2599
2565
2562
2460
2534
2409
2500
2425
2303
2372
2244
2320
2286
2238
2198
2218
2172
2114
2045
2081
2131
2002
2011
2007
2049
2011
1973
1960
1967
1930
1926
1944
1882
1853
1800
1786
1766
1785
1822
1738
1769
1683
1758
1664
1748
1666
1749
1629
1583
1558
1598
1586
1657
1512
1505
1562
1522
1509
1553
1530
1405
1514
1427
1423
1519
1402
1463
1396
1441
1401
1432
1390
1355
1288
1340
1328
1318
1229
1265
1244
1312
1276
1208
1277
1264
1260
1217
1248
1200
1194
1202
1216
1163
1186
1161
1177
1178
1151
1144
1117
1135
1114
1119
1134
1089
1120
1012
1080
1099
1053
1055
1063
1038
1021
1066
1022
988
1030
1026
1033
1019
1055
983
973
981
967
962
970
947
973
977
932
945
945
948
958
928
888
938
912
941
909
927
913
929
890
861
881
895
862
881
872
870
860
882
897
905
891
885
865
865
842
857
868
863
843
828
839
824
816
851
803
808
843
816
814
810
781
802
847
797
797
818
835
798
834
810
802
801
779
809
798
764
791
776
768
786
753
744
781
772
763
755
735
755
732
736
750
746
733
745
749
742
730
754
749
744
724
731
739
721
747
741
735
737
729
719
749
722
707
748
692
741
683
716
713
697
703
717
679
684
693
712
708
700
720
692
685
709
706
707
680
674
690
671
682
691
693
701
682
668
700
695
675
679
674
685
656
679
663
672
678
691
696
668
663
652
687
672
686
673
673
667
656
657
669
662
666
663
662
651
659
662
660
656
655
652
662
656
655
657
636
645
656
655
629
636
679
641
664
651
650
664
646
654
658
656
629
669
630
653
656
632
633
648
645
632
646
657
646
632
636
644
630
634
640
650
641
663
625
644
630
648
637
649
642
628
632
626
646
629
641
634
632
641
636
631
641
627
628
625
627
639
638
637
637
638
613
631
638
622
625
633
625
630
624
625
620
628
613
630
616
620
628
623
630
624
634
641
624
620
625
630
624
625
620
618
628
614
620
628
621
625
624
627
625
614
622
609
623
617
626
621
620
625
620
629
620
615
620
627
613
629
628
610
