601
599
607
607
619
601
603
614
603
609
608
605
614
613
604
608
602
604
600
607
600
609
615
594
602
621
603
612
614
617
605
604
609
598
615
610
610
610
614
600
614
608
612
606
607
608
602
607
610
607
604
605
597
613
621
613
615
602
616
610
604
606
599
610
611
600
614
610
607
612
600
612
604
605
604
603
616
606
621
611
610
599
615
614
608
609
606
613
617
600
609
608
608
608
609
599
602
610
602
616
603
608
603
602
610
605
609
611
608
610
608
609
605
624
607
612
608
607
614
609
606
608
608
612
606
609
609
609
598
600
609
603
605
605
610
601
606
600
605
605
613
601
616
605
598
604
610
612
604
605
599
608
612
611
617
603
608
610
605
608
613
618
603
608
617
619
611
606
604
608
609
609
608
611
618
609
608
605
609
610
611
619
605
599
613
611
616
615
609
605
609
614
610
605
617
605
608
616
622
615
614
610
609
614
612
604
612
617
609
614
601
615
628
611
613
619
603
609
627
612
622
612
606
611
604
596
627
615
613
606
611
619
612
607
630
617
617
612
622
634
607
611
625
619
632
625
619
622
617
619
618
623
624
605
612
620
626
624
621
611
630
631
616
634
628
622
629
621
621
613
640
624
643
622
634
615
635
633
629
626
626
629
644
619
616
626
644
632
634
636
633
624
638
632
661
632
638
640
649
645
649
660
649
651
641
653
649
636
664
655
661
633
652
651
653
654
652
659
657
665
674
656
666
659
659
660
658
677
665
675
679
675
666
681
672
704
689
701
689
708
689
705
702
688
703
726
725
720
711
745
727
725
734
714
727
744
738
762
724
778
742
731
732
750
761
734
764
784
780
786
780
828
802
821
816
797
795
846
810
829
873
871
837
890
867
898
887
908
884
933
875
956
940
991
976
985
988
988
967
1060
1067
1047
1090
1092
1082
1137
1177
1187
1114
1171
1202
1212
1203
1308
1288
1313
1388
1442
1422
1501
1410
1420
1526
1524
1588
1607
1619
1596
1670
1728
1834
1881
1842
1901
1931
2068
2113
2162
2141
2141
2287
2342
2398
2343
2468
2512
2682
2566
2639
2769
2970
2940
3088
3143
3004
3266
3344
3408
3552
3510
3792
3800
3820
3867
3859
4138
4081
4181
4212
4256
4384
4594
4610
4526
4815
4697
5031
5112
5023
5279
5247
5395
5251
5592
5463
5677
5734
5744
5919
5964
6265
6205
6286
6247
6467
6581
6721
6733
7162
7101
7196
7109
7425
7563
7717
7896
7854
8064
8169
8354
8315
8492
8440
8620
8945
8998
9160
9418
9334
9560
9560
9843
9928
9966
9994
10109
10428
10307
10624
10973
10967
11339
11068
11372
11184
11458
11756
11819
11911
12264
12512
12335
12708
13028
12826
13333
13534
13200
13646
13721
14124
13822
13938
14223
14159
14397
14361
14790
14716
14824
14899
15187
15193
15843
15639
15798
15948
16154
16367
16357
16283
16460
16649
16375
16775
16759
16949
16839
16858
16914
17319
17192
17188
17654
17421
17560
17953
17938
18115
17873
18150
18304
18522
18353
18492
18296
18412
18898
18545
18701
18727
18639
18907
18772
19020
18877
19158
19034
19489
19142
19454
19479
19386
19572
19374
19842
19624
19880
19693
19863
19378
19636
19298
19855
19660
19883
20220
20132
19632
19944
20287
20420
20193
20389
20631
20887
20515
20498
20455
21015
20434
20794
20653
20654
20988
21011
20900
20731
20994
20690
20886
21352
20860
20882
20933
21265
21327
21112
21303
21434
21256
21316
21323
21705
21676
21514
21770
21771
21653
21394
21510
21353
21635
21439
21691
21541
21730
21735
21673
21765
21679
21842
21878
22109
22031
21892
21777
21641
22134
21520
21636
21671
21623
21577
21293
21716
21131
21555
21240
21656
21492
21456
21684
21456
21281
21334
21504
21486
21476
21410
21335
21251
21330
21156
21031
20982
21095
20647
20808
20652
20729
20420
20572
20207
20590
20364
20599
20428
20408
20384
20195
19993
19955
20144
20038
19880
19978
20012
19585
19516
19171
19492
19416
19511
19244
19062
18751
18589
18803
18678
18619
18476
18354
18382
18336
18225
17980
17548
17816
18061
17475
17364
17655
17267
17352
16748
17063
16760
16527
16668
16505
16200
16257
16059
16126
16081
15783
15818
15835
15354
15254
15686
15076
15217
15011
14968
14674
14676
14398
14320
14152
13859
13761
13493
13593
13599
13420
13423
13120
13183
13032
12691
12513
12669
12667
12596
12397
12372
12015
12344
11877
11687
11816
11471
11387
11220
11198
11018
10689
10985
10411
10580
10496
10166
10159
10075
9840
9835
9693
9741
9395
9443
9287
9184
9211
9048
8968
8898
8907
8810
8534
8477
8273
8267
8087
7995
7931
7892
7785
7496
7529
7411
7307
7271
7103
7150
7152
6960
6881
7030
6806
6845
6688
6547
6460
6530
6375
6245
6219
6007
6083
6017
6011
5691
5775
5688
5584
5609
5399
5215
5381
5208
5103
4997
4992
4965
5023
4994
4961
4763
4784
4442
4472
4559
4487
4435
4493
4492
4239
4214
4310
4135
4145
4024
4026
3932
3847
3924
3835
3632
3736
3741
3614
3659
3553
3538
3532
3455
3359
3364
3569
3335
3267
3277
3199
3134
3061
3098
3048
2996
2905
2908
2904
2743
2791
2707
2681
2754
2670
2823
2632
2547
2616
2560
2542
2547
2456
2532
2503
2418
2519
2348
2385
2375
2332
2278
2283
2271
2140
2196
2207
2133
2104
2062
2184
2055
2073
2097
2018
2103
2022
1990
1966
1990
1961
1906
1980
1927
1846
1781
1896
1778
1840
1839
1833
1668
1750
1710
1692
1701
1730
1635
1651
1652
1683
1583
1606
1625
1615
1586
1605
1517
1573
1496
1537
1493
1528
1475
1491
1444
1397
1491
1420
1445
1424
1395
1402
1386
1373
1364
1296
1346
1349
1355
1276
1357
1247
1338
1264
1296
1302
1270
1234
1261
1244
1270
1230
1260
1221
1206
1209
1177
1242
1128
1173
1201
1144
1090
1124
1127
1122
1138
1125
1131
1085
1106
1066
1036
1121
1042
1057
1066
1072
1029
1076
1029
1010
1034
1010
1034
1027
1017
994
975
967
1001
977
983
1021
968
989
954
993
956
955
977
935
936
961
935
956
925
903
964
907
899
897
877
924
928
895
885
910
933
857
876
901
855
846
862
845
881
835
859
848
806
820
861
843
801
872
821
875
814
802
841
831
847
794
847
800
787
808
795
825
791
796
806
785
805
792
781
800
785
793
790
771
803
794
759
769
767
751
767
739
752
749
767
753
754
767
776
770
755
740
776
740
766
749
743
732
768
741
716
734
746
769
758
732
701
696
711
706
710
705
711
708
693
704
723
692
722
719
690
699
707
687
690
716
711
724
679
692
714
692
712
684
689
690
684
686
692
698
691
693
692
695
671
693
673
691
676
668
666
676
655
668
661
672
671
669
673
667
680
649
665
671
659
677
653
668
656
663
667
659
654
656
667
669
662
649
671
641
646
653
650
667
663
670
654
673
653
662
656
641
654
634
639
646
647
651
655
655
633
645
654
631
659
654
646
636
623
656
655
628
634
653
639
643
644
627
644
630
640
630
639
642
628
621
636
630
626
620
626
638
623
632
631
624
626
615
634
612
624
633
621
623
623
623
624
630
633
622
615
625
632
638
628
638
618
619
636
622
623
630
628
631
626
630
632
