608
613
614
609
604
601
602
606
601
607
619
612
607
614
606
609
611
607
607
605
604
606
610
604
609
602
600
611
611
616
604
614
616
609
610
606
607
591
618
616
604
607
611
596
611
609
606
603
615
601
614
605
604
611
606
605
604
610
609
603
605
607
598
602
606
608
607
608
605
601
615
612
615
604
614
601
618
603
609
607
600
606
611
615
607
608
612
608
610
598
603
607
613
617
616
618
606
607
611
610
601
599
613
612
602
611
608
614
606
611
611
611
609
612
607
613
610
611
602
606
603
604
610
598
609
618
604
617
607
604
604
602
610
619
605
609
604
615
613
612
606
614
612
605
612
613
614
622
605
610
611
606
604
607
604
612
613
613
618
619
602
613
600
607
602
609
610
618
610
612
608
608
602
605
603
609
621
612
614
607
611
612
603
618
611
615
616
610
608
616
626
599
601
606
610
614
615
612
613
623
615
624
619
612
623
606
615
614
618
606
613
613
613
609
620
615
614
620
618
598
616
618
606
618
613
609
610
607
610
616
619
619
611
623
611
619
620
617
612
611
628
621
617
618
612
607
617
615
618
614
607
616
630
619
637
609
619
629
604
613
626
624
608
623
624
629
613
633
638
621
624
625
635
634
631
622
640
629
621
625
627
634
607
636
641
649
616
635
645
635
631
652
637
656
649
645
658
651
642
649
618
665
649
630
642
649
656
652
645
660
665
672
640
652
672
656
691
668
657
686
655
673
662
674
673
700
677
670
681
671
681
671
681
697
688
692
680
702
708
704
716
697
705
685
710
721
714
697
732
717
717
726
749
736
714
718
766
756
759
752
760
769
767
750
760
796
769
791
782
811
782
809
790
838
844
829
807
842
848
844
865
865
878
905
893
898
912
881
907
933
930
975
967
1026
1003
1043
1004
1010
1008
1089
1071
1120
1102
1163
1120
1195
1087
1130
1210
1174
1202
1252
1302
1339
1307
1364
1373
1414
1439
1513
1445
1595
1477
1503
1589
1607
1686
1730
1728
1802
1802
1878
1937
1980
2020
1969
2072
2260
2285
2300
2376
2459
2533
2525
2535
2665
2659
2704
2811
2893
2978
3086
3240
3111
3344
3479
3397
3640
3723
3698
3695
3827
3986
4093
4232
4083
4082
4449
4258
4450
4533
4641
4724
4985
4894
5005
5028
5116
5317
5363
5314
5414
5400
5644
5759
5731
5980
5965
6129
6220
6128
6039
6327
6444
6660
6766
6718
7139
6965
7028
7183
7507
7444
7505
7817
7755
7927
8083
8219
8273
8315
8495
8702
8746
9029
9064
9050
9236
9475
9593
9545
9978
9911
10091
9935
10151
10432
10670
10835
10782
10998
11182
10980
11280
11489
11642
11777
11910
12074
12203
12395
12808
12820
12854
12756
13177
13047
13428
13358
13578
13833
13807
13675
14030
14326
14323
14525
14703
14644
14891
14836
15117
15343
15348
15469
15588
15695
15729
15786
16017
16297
16221
16263
16082
16542
16274
16940
16458
16799
16677
16827
17149
17033
17329
16967
17195
17538
18077
17916
18021
18199
17980
17869
17931
18107
18403
18169
18357
18236
18760
18450
18605
18509
18613
18573
18927
18864
19099
18950
19146
18858
19248
19446
19697
19320
19691
19728
19396
19277
19329
19255
19456
19417
19573
19724
19612
19917
19757
19907
19802
20077
19762
20249
20117
20177
20244
20025
20525
20369
20786
20452
20686
20394
20741
20212
20418
20421
20359
20456
20587
20743
20607
20917
20766
21022
21342
20997
21070
20938
21433
21226
21111
21154
21242
21258
21355
21069
21225
21418
21268
21314
21275
21177
21111
21139
21508
21318
21820
21213
21493
21864
21638
21425
21678
21748
21685
21443
21476
21618
21416
21364
21466
21417
21282
21108
21211
21367
21399
21038
21215
21176
21385
21161
21432
21198
21378
21336
20777
21131
21061
20879
21515
21000
20642
20997
20391
20765
20627
20317
20467
20367
20522
20492
20460
20418
20344
20118
20485
20151
20295
20054
19825
19923
20060
19993
19975
19910
19649
19597
19842
19529
19424
19184
18695
19093
19108
18794
18457
18651
18840
18427
18255
18228
18669
18379
17750
18176
18065
17881
17722
17496
17311
17549
17181
17170
17290
16807
16597
16968
16354
16396
16473
16010
16040
15909
15843
16076
15768
15811
16100
15658
15429
15336
15127
14799
14764
14737
14555
14502
14108
14251
14145
13805
13858
13767
13492
13328
13260
13341
13244
12806
12657
12825
12745
12595
12378
12514
12398
12401
12182
12145
12214
11491
11721
11472
11258
11522
11287
10836
10766
10888
10476
10412
10413
10013
9991
10005
9697
9937
9782
9614
9545
9557
9212
9294
9203
9026
8947
8991
8787
8692
8512
8346
8250
8120
7877
8102
7896
7653
7706
7662
7525
7397
7177
7145
7325
7188
7045
6979
6951
6870
6903
6579
6631
6566
6493
6387
6224
6311
6127
6302
6051
5907
5811
5782
5647
5790
5604
5337
5521
5281
5182
5388
5106
5145
4915
4836
4983
4926
4834
4843
4820
4665
4562
4535
4512
4370
4357
4322
4173
4164
4104
4112
3991
3979
4029
3976
3973
3838
3763
3749
3757
3620
3645
3587
3504
3467
3415
3502
3397
3397
3334
3225
3186
3140
3130
3180
3108
3099
2887
2978
2911
2969
2898
2756
2773
2759
2714
2768
2690
2731
2662
2605
2550
2691
2529
2543
2481
2417
2507
2386
2471
2363
2398
2346
2301
2401
2306
2204
2238
2117
2150
2112
2148
2052
2073
2128
2129
2095
1995
2099
2058
2068
1964
1948
1909
1933
1975
1893
1852
1879
1908
1872
1802
1762
1783
1764
1808
1774
1673
1613
1613
1673
1545
1655
1747
1689
1536
1578
1633
1583
1609
1546
1563
1555
1505
1526
1532
1440
1503
1431
1482
1443
1478
1442
1369
1370
1439
1387
1364
1353
1376
1366
1361
1327
1289
1281
1340
1266
1256
1235
1271
1320
1252
1287
1281
1315
1209
1210
1228
1183
1159
1196
1204
1208
1175
1175
1123
1097
1173
1136
1079
1077
1110
1168
1080
1082
1085
1091
1103
1041
1050
1039
1070
1079
1036
1024
1067
1058
1009
985
1022
977
1028
989
989
994
1006
1016
977
959
957
988
961
961
975
956
922
911
962
977
967
871
906
886
898
913
934
892
946
893
917
878
871
904
909
884
892
873
889
900
858
835
876
878
866
876
830
854
814
860
856
835
837
826
832
813
803
819
803
825
831
798
821
801
798
798
823
786
765
754
775
789
849
776
762
784
800
774
760
764
786
758
790
769
780
734
775
795
792
748
764
793
741
768
767
752
735
747
765
739
752
735
746
724
727
752
736
765
718
723
727
714
719
731
711
725
721
704
702
730
727
704
704
705
702
715
704
689
701
696
710
702
697
683
694
706
692
704
697
683
676
710
678
671
706
716
691
697
674
672
682
691
662
673
683
665
663
675
674
662
673
667
667
698
665
669
669
653
660
669
657
682
675
648
661
660
681
653
659
655
664
670
650
674
659
656
648
648
652
646
667
659
662
642
662
659
654
652
647
635
639
637
645
649
650
653
651
656
643
645
647
629
641
622
635
644
646
639
641
635
663
631
632
650
639
639
623
641
622
626
620
622
652
630
637
636
630
627
631
640
619
628
629
629
631
632
629
617
643
626
638
629
622
635
633
618
612
641
627
631
628
612
633
614
639
639
625
615
634
