608
601
598
602
596
604
599
600
605
608
597
600
611
603
597
599
608
601
606
610
612
601
599
597
608
602
605
599
604
606
603
610
598
599
604
602
598
610
604
609
603
607
604
604
605
603
610
600
604
613
597
601
604
597
603
600
603
605
603
596
594
599
600
605
594
598
603
604
595
600
599
599
596
606
611
604
607
593
607
597
602
599
599
599
602
605
608
611
598
593
595
605
603
603
596
603
603
599
597
594
602
600
602
597
599
592
602
605
601
606
599
603
605
600
593
602
607
598
601
598
600
604
603
607
607
601
609
607
608
600
602
605
601
601
607
595
595
611
605
603
601
610
601
613
607
601
597
608
607
605
607
608
607
596
605
603
607
609
603
605
598
599
606
601
600
598
610
605
602
596
602
606
598
595
601
606
596
602
597
594
602
602
592
595
602
594
602
594
605
602
601
603
605
596
604
601
598
607
598
606
602
602
593
604
601
599
599
599
597
591
601
599
604
597
606
602
594
604
607
602
603
599
604
607
598
605
604
595
597
596
588
593
594
598
609
609
609
604
602
603
595
598
599
604
609
603
600
590
599
602
599
602
607
596
601
601
601
596
604
599
607
594
601
601
595
601
600
607
603
608
604
600
599
593
602
605
608
591
605
605
597
600
602
604
601
607
605
601
605
610
607
608
595
601
608
604
608
605
606
599
606
600
607
602
604
607
606
598
610
604
613
610
608
599
608
597
614
598
605
614
606
605
606
615
599
592
612
601
603
601
620
609
599
610
588
601
605
596
612
610
602
601
601
603
600
610
611
603
602
605
602
605
605
606
610
606
597
602
611
610
603
611
615
621
614
609
613
602
610
607
611
611
605
612
601
605
616
616
613
608
616
615
605
614
623
617
611
605
622
607
627
614
629
616
608
620
631
610
637
620
623
630
638
628
628
631
627
626
624
637
645
647
628
618
644
653
643
647
649
639
639
662
663
668
647
675
657
671
667
667
676
678
673
672
684
674
711
679
670
703
713
710
676
695
693
685
717
705
750
730
753
745
751
750
753
738
781
742
774
792
782
784
784
785
793
816
798
824
809
844
836
817
866
869
876
885
866
865
906
882
904
923
899
922
927
892
913
918
930
957
967
909
960
974
959
1008
973
988
1043
962
1039
1046
1039
1015
1020
1033
1060
1064
1055
1064
1069
1116
1107
1080
1079
1150
1139
1102
1054
1172
1165
1182
1145
1211
1233
1181
1220
1151
1244
1157
1205
1182
1235
1247
1280
1227
1255
1229
1273
1292
1318
1210
1311
1250
1272
1323
1366
1329
1355
1304
1314
1362
1314
1364
1298
1364
1307
1387
1362
1302
1362
1362
1327
1368
1345
1350
1369
1438
1420
1383
1403
1472
1446
1409
1423
1449
1295
1410
1420
1483
1429
1446
1428
1439
1422
1403
1437
1418
1488
1428
1442
1458
1425
1396
1452
1459
1466
1538
1456
1448
1361
1445
1372
1414
1396
1427
1474
1477
1518
1386
1440
1489
1407
1436
1521
1470
1502
1471
1450
1494
1412
1569
1489
1488
1516
1488
1537
1517
1486
1494
1547
1491
1539
1506
1541
1522
1520
1466
1512
1569
1560
1620
1534
1539
1589
1524
1615
1521
1607
1554
1589
1513
1633
1564
1581
1499
1661
1624
1650
1544
1536
1539
1647
1587
1596
1626
1557
1653
1548
1521
1600
1670
1600
1596
1541
1632
1603
1617
1585
1575
1644
1626
1635
1568
1601
1601
1633
1641
1617
1616
1545
1582
1558
1589
1496
1455
1567
1579
1616
1573
1569
1585
1511
1546
1609
1572
1566
1568
1532
1560
1570
1584
1558
1483
1558
1535
1602
1487
1482
1516
1505
1457
1466
1501
1471
1502
1507
1420
1463
1506
1443
1402
1451
1483
1478
1494
1487
1417
1388
1427
1425
1400
1373
1312
1347
1324
1372
1381
1380
1346
1351
1328
1389
1308
1298
1343
1360
1333
1372
1250
1306
1297
1222
1219
1251
1268
1265
1257
1240
1207
1235
1227
1341
1184
1226
1232
1157
1215
1214
1162
1178
1186
1144
1126
1152
1133
1138
1119
1129
1120
1111
1070
1094
1088
1067
1094
1051
1037
1072
1073
1016
1040
1052
1056
1038
1047
995
1046
993
976
953
1003
950
1016
971
951
952
963
949
902
930
928
918
922
909
936
914
923
884
869
910
883
860
866
872
877
831
843
848
862
836
846
796
817
828
792
809
861
822
812
815
795
788
788
808
775
795
773
805
758
802
781
760
772
775
744
759
753
775
778
749
769
743
751
753
737
746
729
724
720
723
737
718
728
726
716
721
699
711
706
708
694
720
676
711
694
708
684
675
705
669
672
683
708
683
681
684
681
673
667
678
697
672
686
690
671
676
655
668
663
665
660
675
664
674
658
646
656
659
671
653
650
653
666
651
644
633
653
656
660
648
637
642
657
647
645
644
642
634
639
636
649
640
657
661
652
650
641
636
628
638
644
647
625
646
630
634
645
630
638
626
628
633
620
629
630
623
623
622
645
634
633
628
628
632
628
623
632
613
626
637
638
610
625
618
615
622
632
619
616
634
624
616
616
630
624
629
628
615
619
626
626
625
616
617
624
618
622
624
613
615
615
603
614
621
616
622
622
611
620
615
611
617
619
617
621
612
620
612
610
615
621
614
614
619
616
614
628
610
619
602
610
617
612
605
612
609
615
614
617
610
614
614
614
615
609
599
611
617
606
609
617
612
604
605
611
608
606
604
603
611
612
611
610
608
608
606
597
621
604
601
604
609
601
600
603
602
605
599
608
602
608
607
616
605
600
600
616
614
602
607
603
609
611
607
605
611
609
605
610
606
608
623
608
606
599
607
607
613
609
599
605
611
596
606
615
617
600
598
603
603
605
608
605
617
599
596
606
602
610
605
596
608
607
595
593
600
603
606
601
606
602
611
611
602
606
601
598
601
595
610
604
617
603
607
599
602
608
606
608
599
609
599
607
604
598
604
604
604
604
589
597
607
600
609
599
603
606
601
604
602
596
603
606
604
607
605
603
598
607
605
602
599
601
598
606
602
601
605
600
598
603
601
602
599
609
599
598
598
607
606
608
599
598
603
590
596
605
593
601
603
598
595
596
596
605
606
601
598
601
597
604
601
596
606
599
598
595
598
604
601
604
605
595
602
599
599
607
602
591
593
606
600
594
596
595
607
607
602
605
603
603
604
605
594
610
595
601
604
602
606
603
603
602
603
603
606
603
602
602
606
604
600
602
602
605
598
602
614
604
599
611
604
613
602
597
601
601
595
607
604
594
596
598
596
601
605
601
602
597
602
605
598
602
597
608
604
598
599
603
