600
608
601
603
598
602
611
600
597
598
605
602
610
601
603
600
600
611
608
606
608
604
612
606
621
612
610
626
620
622
617
633
619
617
613
607
599
603
610
606
609
604
611
624
604
611
619
622
618
608
608
610
600
597
605
601
597
602
603
596
611
598
607
607
597
595
605
607
599
602
585
600
595
595
598
591
595
599
596
598
602
602
598
603
596
601
598
601
602
611
600
603
611
609
607
613
608
615
606
605
609
596
598
598
604
592
601
602
602
603
602
600
606
603
602
599
601
602
611
595
602
607
605
606
596
598
600
602
607
604
606
609
601
599
601
602
606
597
604
601
584
598
613
602
598
600
605
594
603
601
591
602
594
603
602
597
593
602
592
600
594
612
600
604
601
598
613
602
603
597
584
603
605
599
600
603
604
602
604
601
598
608
606
598
601
605
605
595
597
606
599
595
598
596
596
593
604
604
605
606
600
597
603
608
603
602
605
605
601
604
606
607
608
606
604
597
599
605
593
589
604
599
599
587
603
603
595
601
601
599
602
603
604
600
598
612
602
603
601
606
606
600
612
613
598
602
601
601
608
593
598
603
605
598
606
607
604
600
598
597
604
608
603
608
608
607
604
606
613
593
611
605
596
594
601
614
600
601
605
606
592
597
608
603
613
612
609
609
601
602
608
621
600
606
603
612
601
606
604
601
603
613
610
600
615
600
619
603
609
615
611
629
628
613
622
607
622
615
611
629
628
618
632
634
624
622
620
614
626
631
622
626
630
630
629
634
639
647
642
650
638
648
644
640
660
653
667
657
662
657
650
662
654
661
670
657
696
689
696
689
708
692
686
699
725
745
691
727
732
722
728
756
774
740
790
758
805
782
794
799
836
839
795
844
854
853
854
891
904
955
936
912
984
978
973
986
1002
1046
1080
1138
1124
1150
1198
1189
1228
1251
1247
1375
1305
1392
1371
1491
1474
1513
1400
1581
1617
1668
1708
1818
1825
1828
1994
1885
1987
2073
2101
2133
2302
2415
2509
2492
2654
2522
2890
2850
2973
2964
3035
3216
3302
3337
3454
3531
3682
3705
3730
3868
3989
4089
4202
4213
4593
4544
4640
4591
4776
4892
4857
4895
4974
5158
5150
4998
5246
5166
5202
5246
5147
5331
5177
5296
5319
5279
5285
5326
5168
5208
5336
5233
5293
4989
5230
5205
5141
4893
4960
4762
4815
4732
4681
4742
4663
4570
4596
4550
4548
4369
4472
4330
4309
4208
4247
4163
4175
4062
3945
3967
3968
3897
3792
3683
3680
3644
3614
3622
3475
3567
3445
3412
3314
3282
3242
3284
3302
3176
3149
2995
3121
2941
2902
2896
2919
2864
2764
2797
2677
2705
2591
2630
2605
2616
2430
2434
2411
2431
2395
2232
2168
2196
2271
2144
2171
2095
2118
1987
2061
1969
2018
2005
1996
1885
1919
1883
1845
1923
1846
1837
1840
1775
1769
1789
1764
1639
1683
1701
1651
1530
1621
1614
1618
1598
1532
1545
1522
1481
1556
1443
1482
1486
1501
1413
1493
1468
1435
1394
1343
1298
1333
1403
1344
1328
1306
1364
1309
1300
1291
1307
1259
1254
1253
1269
1224
1219
1215
1207
1205
1227
1185
1130
1150
1200
1140
1112
1132
1170
1105
1102
1033
1118
1093
1079
1030
1061
1084
1053
1097
1056
1063
1111
1051
1042
1042
1006
1034
1023
1010
997
993
994
963
919
958
930
961
951
917
969
918
959
922
952
928
905
918
924
919
917
932
913
887
867
899
904
885
890
854
862
886
852
837
854
863
875
863
806
824
826
811
847
840
800
823
797
806
815
803
821
814
801
802
788
808
759
790
805
808
774
802
777
785
742
769
791
776
754
711
778
767
778
759
750
742
779
755
743
745
738
739
728
739
729
736
752
731
712
730
727
743
731
704
719
730
739
703
721
724
719
726
725
698
703
716
705
720
709
701
713
716
705
713
705
703
694
725
706
700
674
667
683
688
685
707
664
665
671
695
682
687
686
689
693
666
680
686
672
681
668
670
671
665
671
676
674
667
670
653
666
688
667
641
682
657
649
675
660
668
674
664
663
657
671
654
651
666
653
678
664
649
647
665
655
643
640
656
655
650
647
664
643
638
643
671
645
639
639
665
649
639
648
643
649
639
635
650
633
631
632
637
658
643
644
652
645
645
631
630
647
630
644
652
631
637
643
617
645
641
629
636
628
629
638
647
644
629
649
632
629
642
641
634
638
638
621
629
635
634
627
616
630
630
633
629
629
618
622
618
624
627
627
641
624
626
616
619
617
619
626
632
623
624
623
618
623
625
622
623
616
623
627
624
613
610
628
615
625
612
620
622
619
615
627
614
624
614
628
613
630
611
609
608
618
621
609
628
630
606
608
619
630
620
608
613
606
616
611
613
620
615
608
615
618
618
604
606
614
606
605
625
615
617
614
621
632
611
611
616
611
611
612
620
616
605
610
621
603
615
602
617
611
605
622
609
614
615
610
613
609
607
617
611
606
601
610
610
612
609
610
630
613
615
608
620
607
614
608
603
607
609
600
600
608
603
614
605
614
610
595
617
606
622
619
603
603
599
607
611
611
602
603
611
614
608
608
593
607
609
615
599
614
607
611
614
609
613
612
605
616
619
615
609
611
608
604
610
601
624
607
600
611
611
616
604
603
621
601
610
600
598
599
612
608
596
597
609
601
610
613
600
597
609
614
613
598
611
607
609
605
603
604
611
611
598
615
599
608
616
593
604
608
601
604
613
599
608
600
600
606
603
601
604
600
600
606
605
598
602
611
600
604
609
606
618
607
601
610
607
608
610
601
604
603
601
606
607
597
599
592
607
607
596
615
606
600
602
604
609
600
616
599
606
598
597
616
603
596
600
595
596
598
598
608
601
600
606
605
599
603
601
601
607
603
602
593
598
605
592
601
603
606
594
600
605
600
603
596
602
604
596
599
610
601
598
606
602
602
600
610
598
610
595
603
604
605
612
598
598
603
606
601
603
606
605
601
603
593
605
597
606
601
603
597
606
593
601
602
605
591
604
597
607
610
617
603
595
600
603
599
609
602
600
602
606
594
600
609
598
605
596
590
601
599
597
595
601
604
605
597
604
609
599
600
600
598
607
604
596
612
594
603
608
591
600
601
597
607
594
596
598
600
600
602
599
600
595
603
603
604
597
600
594
598
608
599
598
600
595
602
601
597
596
600
595
599
602
597
598
604
598
601
600
601
607
600
595
601
593
600
594
606
600
604
591
594
604
596
594
597
598
600
