608
602
609
603
603
601
605
600
600
611
601
600
605
599
602
604
608
606
603
601
607
612
609
612
602
605
606
607
605
596
614
606
605
609
606
608
602
603
608
596
597
598
601
604
611
593
612
609
615
603
602
601
602
602
603
594
609
608
616
606
608
597
604
608
600
611
602
600
607
597
597
598
600
596
594
597
600
603
585
608
606
600
599
603
605
611
608
603
604
610
606
609
607
606
603
603
605
605
598
608
595
596
594
603
598
595
597
603
609
596
598
596
609
606
603
606
606
607
604
599
597
604
606
598
610
605
594
597
602
601
603
591
598
603
614
599
604
594
604
595
605
608
604
602
606
610
597
600
604
593
606
602
604
599
601
606
596
601
606
600
594
610
598
594
594
610
602
614
599
602
602
603
603
606
605
608
604
597
608
600
601
600
604
606
611
617
602
599
603
602
602
601
601
596
605
604
594
602
607
596
602
601
602
605
596
595
602
599
610
603
602
610
606
604
603
596
603
603
598
602
602
601
605
600
600
608
600
597
601
606
602
606
602
602
612
596
607
604
609
599
602
607
595
600
604
593
611
603
605
602
604
601
612
596
611
604
610
595
612
614
609
602
602
609
603
607
607
600
606
598
605
600
603
602
608
601
610
607
606
614
604
607
605
598
603
610
602
609
608
606
608
596
611
610
611
599
613
606
608
602
609
606
609
603
610
613
607
615
620
610
611
608
627
614
611
609
614
623
619
613
613
619
620
622
615
621
617
632
615
623
637
618
632
623
623
628
636
632
643
626
641
632
622
631
632
623
632
631
650
652
638
650
647
664
673
660
664
668
680
682
665
671
664
708
684
689
699
701
703
719
699
721
721
756
768
723
770
753
736
734
764
777
790
806
797
838
810
829
840
869
853
864
869
898
907
969
967
1000
966
1021
1006
1013
1037
1009
1103
1097
1128
1144
1136
1236
1215
1293
1270
1325
1347
1380
1418
1435
1473
1581
1567
1634
1745
1754
1736
1804
1941
1925
1981
2048
2096
2098
2143
2298
2349
2435
2443
2485
2614
2617
2751
2762
2927
2947
2958
3077
3208
3136
3254
3358
3530
3604
3593
3753
3709
3711
3977
3836
4064
4104
4020
4171
3958
4240
4051
4159
4112
4170
4193
4053
4201
4265
4349
4173
4266
4216
4218
4047
4081
4176
3949
4110
3992
4015
4027
3886
3787
3780
3797
3792
3604
3620
3621
3584
3538
3498
3476
3548
3403
3385
3324
3347
3260
3343
3135
3125
3055
3018
3037
2998
2972
2896
2972
2795
2734
2784
2816
2674
2663
2767
2622
2642
2560
2548
2481
2455
2383
2418
2335
2244
2342
2294
2249
2193
2126
2131
2122
2110
2093
2098
2074
1951
1987
1957
1949
1940
1898
1864
1939
1900
1849
1851
1763
1801
1738
1669
1688
1686
1667
1651
1674
1625
1622
1576
1547
1605
1568
1525
1547
1524
1522
1545
1475
1537
1441
1435
1456
1374
1402
1395
1395
1366
1307
1363
1382
1317
1376
1374
1294
1374
1347
1249
1253
1272
1256
1232
1205
1259
1174
1216
1171
1211
1199
1133
1159
1163
1147
1158
1149
1087
1160
1107
1095
1094
1071
1061
1079
1097
1069
1074
1053
1054
1017
1010
1043
1007
1016
984
980
1021
1025
960
956
968
1001
950
983
959
947
924
960
956
965
950
912
924
916
922
923
906
921
855
897
907
896
923
880
869
882
881
879
864
917
816
821
829
799
857
878
825
859
854
805
842
834
829
826
811
809
830
788
818
815
772
782
787
804
762
789
766
787
776
779
761
766
750
757
747
757
748
773
783
787
760
745
729
752
752
759
732
753
766
714
733
739
703
728
704
723
723
728
721
713
698
715
717
732
723
727
712
706
715
701
718
687
714
715
701
700
718
699
693
689
666
706
705
701
685
695
692
694
689
694
684
671
670
690
691
682
681
689
667
685
677
680
682
669
671
676
665
642
668
672
681
674
653
660
660
670
665
696
678
675
665
654
674
646
645
649
654
665
669
646
663
658
647
648
647
652
646
659
631
646
649
654
651
649
658
645
661
653
652
648
647
639
645
638
658
649
640
644
648
626
653
628
646
656
634
634
641
640
646
638
617
628
646
626
651
638
628
630
630
640
654
625
640
630
620
633
628
611
622
642
631
636
635
628
644
619
623
630
620
630
632
639
629
635
626
627
624
628
627
627
637
633
624
632
629
608
630
623
638
636
624
615
614
617
635
626
617
617
616
629
623
613
618
630
633
631
622
630
629
610
614
613
621
614
626
628
626
630
609
628
616
622
620
621
625
626
607
621
626
612
611
606
614
618
605
617
624
601
610
622
614
616
608
621
608
617
612
610
611
612
615
612
612
606
606
617
610
617
615
619
610
612
621
604
604
608
604
617
606
608
612
616
625
617
608
606
611
596
614
607
606
608
621
612
624
626
606
611
617
619
607
615
621
612
606
612
624
614
616
611
604
623
611
618
616
610
619
610
608
613
610
609
615
595
617
614
599
598
609
616
608
612
601
609
608
612
613
616
603
610
609
610
612
616
601
614
609
612
610
609
617
606
606
626
599
606
614
598
602
608
599
604
609
614
613
603
610
608
609
602
606
603
611
612
595
607
605
628
607
613
605
602
607
601
598
598
609
604
599
613
596
610
606
609
600
602
606
617
604
609
607
612
606
592
612
597
606
604
608
603
602
606
612
603
599
596
602
602
610
603
602
606
610
598
606
601
604
595
606
605
598
606
605
598
610
601
611
604
601
596
604
600
602
603
602
606
606
610
615
597
602
604
606
600
600
598
602
597
605
596
611
611
604
606
608
605
598
599
602
606
600
596
595
598
600
594
600
605
604
602
601
606
606
599
600
594
599
593
602
599
596
608
592
608
599
598
599
606
605
618
604
599
606
603
602
599
600
600
595
603
601
604
597
608
594
608
608
598
597
600
599
598
596
603
598
596
590
594
597
600
601
591
596
609
596
597
600
600
607
595
601
602
596
599
608
602
601
592
600
603
599
603
603
604
596
597
597
601
594
594
600
599
596
608
601
600
610
598
596
603
601
607
593
599
598
599
601
597
594
593
598
588
601
603
601
602
591
595
596
600
600
603
603
592
599
598
604
604
592
601
608
603
599
598
601
593
604
597
601
606
604
605
601
598
601
597
600
592
600
593
597
599
596
605
592
595
598
599
598
597
593
604
601
595
600
599
594
593
595
600
603
593
602
597
603
604
602
600
599
590
604
600
597
595
600
602
600
