605
610
604
595
603
608
602
605
610
611
598
603
600
603
608
609
603
605
600
611
606
602
620
605
615
612
620
624
625
634
614
636
606
622
617
609
607
610
593
614
608
607
604
613
616
620
609
610
615
608
606
606
596
602
597
603
605
597
599
597
606
598
603
596
599
609
598
612
606
605
604
605
608
595
604
606
600
606
603
608
604
589
604
601
598
608
606
604
606
601
603
606
606
606
608
600
603
602
600
598
604
597
600
598
598
600
603
604
588
606
598
604
604
601
607
603
598
597
600
602
597
597
603
605
606
595
602
611
600
593
604
596
599
600
597
598
600
593
594
594
597
597
597
601
605
597
597
603
601
601
592
608
604
600
593
617
602
612
601
601
605
605
596
593
596
598
593
598
606
595
602
602
600
605
596
606
603
597
600
598
602
602
600
601
603
601
601
604
597
605
603
603
596
608
602
605
601
604
599
605
615
605
602
606
604
602
598
598
594
605
599
598
601
594
596
603
603
601
608
595
613
606
599
607
603
599
596
590
602
598
608
600
605
602
608
611
596
603
603
608
604
597
602
608
599
607
610
593
609
602
602
602
612
605
606
603
601
611
599
608
605
596
606
601
621
610
599
594
603
600
603
605
606
605
606
606
605
602
605
605
603
598
610
604
610
598
608
610
611
606
604
609
599
614
613
623
602
615
611
613
617
609
617
602
614
619
625
609
621
622
622
626
624
614
628
625
621
629
612
626
625
632
619
623
621
620
629
623
650
618
638
650
638
636
644
641
647
643
663
648
673
659
651
664
679
666
674
670
663
669
680
687
698
705
704
707
725
711
708
735
723
712
765
754
768
736
741
776
781
794
773
799
826
788
837
810
837
857
880
869
872
922
902
911
902
951
965
984
1068
1040
1045
1038
1096
1114
1142
1174
1187
1258
1227
1231
1296
1269
1396
1397
1372
1496
1452
1461
1494
1644
1661
1674
1780
1779
1877
1903
1932
2061
2115
2168
2143
2306
2269
2458
2495
2576
2600
2708
2836
2899
3094
3171
3193
3214
3443
3521
3700
3828
3848
4080
4040
4143
4329
4490
4590
4807
4720
4930
5083
5109
5409
5578
5421
5746
5742
5896
6039
6112
6385
6402
6520
6350
6321
6411
6737
6595
6737
6556
6675
6759
6496
6629
6770
6630
6937
6530
6783
6548
6621
6659
6462
6351
6416
6479
6328
6291
6268
6219
6131
6030
5918
5815
5891
5753
5625
5717
5682
5595
5539
5549
5458
5210
5185
5176
5057
4948
4862
5046
4769
4894
4756
4725
4555
4616
4522
4481
4502
4397
4211
4284
4184
4033
4043
3975
3983
3962
3832
3793
3805
3656
3608
3572
3453
3443
3504
3361
3362
3337
3143
3090
3160
2990
3125
2878
3035
2932
2877
2882
2828
2819
2716
2708
2599
2628
2424
2523
2538
2496
2438
2381
2453
2305
2285
2369
2203
2188
2271
2216
2168
2211
2174
2102
2083
2019
2006
1922
1972
1916
1948
1949
1889
1860
1830
1832
1830
1812
1810
1789
1761
1788
1781
1707
1691
1683
1614
1630
1654
1665
1581
1602
1587
1576
1555
1565
1542
1450
1546
1524
1494
1508
1480
1397
1437
1422
1427
1409
1360
1381
1397
1318
1314
1343
1285
1304
1258
1254
1261
1266
1220
1263
1267
1249
1236
1255
1215
1228
1199
1180
1164
1185
1181
1145
1159
1167
1101
1093
1079
1086
1090
1090
1101
1116
1065
1083
1076
1079
1036
1000
1073
1045
1032
1058
1038
1052
999
1010
1001
1000
1009
970
998
1006
991
973
952
985
970
1024
935
956
921
925
900
915
905
861
887
921
932
898
909
947
888
869
907
902
889
853
879
875
885
882
855
895
870
855
829
824
845
805
821
831
832
812
828
790
802
818
802
839
807
817
834
792
771
781
776
761
760
761
808
792
783
766
779
752
768
809
785
763
758
759
781
775
751
769
736
735
766
722
763
717
717
761
748
753
731
733
740
719
712
763
740
734
743
709
736
752
719
710
705
712
719
704
727
715
710
713
689
700
692
704
696
702
689
714
699
693
672
690
681
693
712
673
678
703
693
692
691
690
696
682
703
669
679
682
679
673
692
677
662
684
701
666
679
692
680
681
665
683
674
663
663
682
660
679
671
678
648
645
649
667
662
694
675
652
656
646
664
641
650
667
649
666
652
644
667
654
643
645
659
666
650
654
649
640
684
637
636
650
669
654
645
636
657
642
637
644
644
647
651
630
637
651
660
653
644
641
650
631
637
634
655
638
631
637
631
647
629
646
644
639
619
646
631
631
632
630
639
633
643
621
638
627
628
634
644
634
634
638
634
626
624
633
627
647
627
632
638
631
638
630
625
626
646
622
621
619
627
629
622
631
624
630
618
623
612
618
624
620
626
627
639
622
621
620
617
612
620
618
617
624
617
619
611
628
621
625
610
614
627
625
631
614
622
624
615
619
611
628
617
621
631
632
611
610
618
619
614
618
628
614
623
605
622
613
607
615
621
608
613
610
613
614
623
607
611
614
604
599
614
614
622
613
610
623
612
604
619
614
620
621
619
615
608
615
620
626
601
621
615
622
619
613
618
611
613
612
616
610
611
622
606
619
605
609
610
608
608
611
619
608
610
605
622
615
604
613
612
613
613
599
605
609
597
608
604
602
609
605
615
611
608
602
607
601
623
615
611
600
614
604
609
608
606
609
614
611
594
612
598
613
607
603
607
606
606
597
609
614
598
608
599
608
599
607
597
603
605
605
605
613
599
602
619
602
606
600
604
599
606
611
608
606
611
610
617
616
612
617
608
611
611
608
604
602
617
599
600
602
608
610
601
606
605
601
592
602
605
602
602
600
603
600
605
596
602
609
603
611
604
601
606
606
602
609
605
607
610
605
600
596
606
608
607
597
608
605
593
605
604
613
603
600
605
611
597
603
603
608
597
604
602
604
597
601
597
601
600
598
603
600
608
601
604
609
601
599
595
602
599
606
605
598
604
602
598
607
598
593
605
594
600
595
595
610
602
608
598
596
604
599
598
597
594
593
602
604
607
604
598
606
601
602
602
600
605
592
601
604
602
592
602
600
595
599
598
599
603
597
603
606
605
595
604
600
604
598
596
598
596
604
592
605
593
602
603
603
598
597
603
601
602
608
600
605
604
606
600
600
598
596
597
593
599
596
600
605
595
598
597
600
605
595
606
597
604
597
603
597
598
599
599
597
603
597
597
590
605
595
598
598
594
601
601
603
596
597
600
603
602
603
596
610
609
601
598
599
603
595
604
604
594
593
605
596
593
603
596
605
