602
605
598
608
598
605
595
600
615
608
604
610
607
603
603
613
600
608
601
600
608
606
608
615
607
619
624
612
628
635
625
621
616
617
619
610
603
607
606
598
604
602
621
605
615
609
628
625
614
602
606
610
603
608
605
601
610
596
602
605
605
611
608
608
611
608
597
597
596
602
606
609
607
605
606
597
605
605
602
593
601
597
597
591
604
603
596
605
604
602
608
606
609
613
600
598
614
600
601
599
596
600
608
603
605
604
601
598
605
600
604
611
599
599
601
605
596
603
606
601
598
603
601
599
601
599
604
607
608
607
612
600
601
598
605
604
603
606
603
603
601
602
603
604
602
605
602
603
600
606
608
600
606
592
594
601
607
597
604
606
606
602
601
601
599
598
604
604
601
609
601
610
607
606
606
603
603
609
600
600
607
607
602
607
609
613
603
600
602
603
603
604
599
600
603
598
608
602
606
608
599
600
598
604
607
611
614
602
602
615
605
611
616
604
610
614
593
608
614
610
615
613
603
608
610
608
611
601
613
602
605
608
612
610
606
610
603
607
604
606
602
604
612
602
606
604
605
603
608
619
615
607
610
607
618
614
608
609
606
606
611
614
601
606
604
609
626
609
603
608
603
597
613
597
611
607
612
612
612
609
604
606
611
614
621
617
626
606
617
609
604
627
623
607
612
623
625
607
631
610
616
628
615
617
639
632
628
618
619
626
630
634
627
634
632
619
648
645
631
662
661
638
643
636
654
656
658
659
629
643
656
659
664
665
681
669
678
670
672
687
690
696
710
675
734
684
696
686
726
731
739
746
749
738
760
759
770
761
781
766
798
804
794
830
832
839
839
788
889
886
857
887
887
941
945
945
947
1008
1009
1012
993
1044
1024
1063
1056
1083
1201
1197
1224
1214
1299
1337
1262
1406
1370
1348
1536
1498
1527
1541
1618
1659
1699
1783
1806
1874
1977
1923
1990
2052
2238
2177
2220
2338
2464
2541
2676
2799
2797
2927
3015
3152
3294
3189
3477
3612
3657
3765
3930
4056
4219
4409
4596
4680
4900
5065
5203
5423
5485
5683
5942
6141
6289
6400
6658
6630
6952
7188
7441
7460
7723
7784
7950
8152
8306
8625
8770
8900
8971
9219
9311
9494
9280
9407
9577
9560
9577
9671
9423
9649
9656
9796
9698
9828
9625
9679
9749
9679
9713
9568
9559
9651
9381
9317
9097
9083
9136
8991
8876
8694
8756
8491
8454
8163
8150
8173
8171
8028
8081
7877
7903
8065
7562
7479
7425
7274
7155
7219
6961
6946
6877
6764
6685
6670
6681
6365
6314
6180
6212
6253
6267
5995
5814
5726
5748
5800
5584
5471
5352
5352
5340
5099
4950
4967
4857
4784
4748
4654
4614
4554
4478
4441
4499
4195
4076
4075
4207
4124
3946
3934
3781
3838
3765
3587
3574
3484
3512
3509
3492
3357
3341
3363
3274
3240
3142
3178
3141
3052
3033
2903
2899
2878
2823
2892
2842
2729
2760
2704
2647
2599
2566
2614
2611
2498
2453
2406
2409
2490
2454
2377
2470
2384
2341
2250
2314
2272
2263
2112
2115
2179
2066
2092
2029
2043
1980
2006
1927
1961
1868
1914
1849
1853
1899
1833
1809
1770
1816
1805
1766
1816
1805
1692
1771
1711
1660
1631
1671
1609
1517
1623
1596
1574
1574
1506
1587
1599
1571
1517
1518
1412
1457
1445
1410
1437
1420
1414
1449
1409
1385
1418
1377
1326
1314
1336
1373
1331
1306
1322
1374
1281
1270
1266
1195
1236
1221
1245
1218
1237
1183
1158
1200
1173
1162
1170
1097
1162
1134
1142
1126
1171
1095
1086
1096
1115
1081
1131
1137
1104
1076
1067
1049
1063
1057
1052
1036
1034
1048
1029
1002
999
986
998
1001
999
982
973
1021
952
965
986
988
992
1012
941
927
931
918
880
942
964
910
915
913
884
864
892
894
903
919
870
899
866
846
869
822
859
874
863
865
845
859
872
818
842
866
854
847
832
835
828
818
820
801
807
817
778
816
825
803
834
794
801
811
789
830
779
779
754
779
761
796
765
786
767
765
746
761
769
786
759
762
750
780
765
783
775
751
746
751
746
715
731
754
747
720
735
757
753
731
715
723
732
724
740
724
728
740
741
732
705
727
708
729
721
705
730
693
705
710
722
713
697
687
694
712
699
714
703
677
700
697
706
695
693
709
703
694
695
694
711
711
685
693
685
690
683
687
708
700
673
679
666
690
667
694
695
683
668
686
672
684
692
686
676
678
676
668
694
688
677
648
657
670
663
664
640
652
651
657
644
676
666
663
665
639
663
661
666
665
674
645
638
664
667
658
669
666
650
668
646
648
665
650
654
639
659
652
657
645
662
648
662
666
646
640
661
640
652
648
643
637
648
655
640
632
635
649
649
647
628
646
646
652
651
639
626
647
647
653
639
646
632
647
641
632
637
631
634
621
628
651
636
634
620
630
641
644
641
633
622
647
629
621
629
631
634
624
629
625
624
627
630
633
623
643
613
619
631
633
627
633
627
626
630
630
625
636
627
621
636
618
625
629
626
624
627
622
635
627
623
638
623
636
615
636
629
623
628
630
620
634
634
621
629
621
628
615
625
627
621
623
635
628
621
611
618
616
613
623
625
624
619
620
617
617
622
620
620
619
626
614
633
606
625
609
624
619
611
628
611
612
621
607
614
615
629
617
623
632
623
619
608
621
619
628
618
614
621
620
627
611
625
612
616
613
608
619
615
615
611
605
611
615
610
617
622
610
613
615
608
622
617
610
622
618
608
615
606
604
611
608
609
616
607
603
613
613
610
623
601
613
623
612
609
607
612
612
612
610
612
614
602
619
599
614
603
606
617
607
609
604
603
605
608
606
612
604
604
611
601
616
596
611
598
612
612
609
614
610
604
608
608
612
605
602
613
608
606
603
609
613
609
595
601
610
611
610
616
608
613
610
597
602
607
606
613
609
604
605
608
605
602
607
601
610
601
605
603
600
604
608
606
597
598
602
596
605
612
607
609
606
607
603
595
616
601
603
602
602
595
602
602
601
603
594
611
602
612
597
609
599
596
588
601
604
604
612
602
597
611
596
595
598
604
603
614
605
606
599
595
603
606
597
599
605
601
603
603
604
601
603
611
604
605
605
602
607
600
610
614
607
598
604
604
610
603
596
602
594
609
602
607
612
599
605
601
606
601
601
603
599
598
601
603
602
598
615
609
615
599
599
602
604
596
596
602
606
600
599
609
611
601
610
604
608
603
612
598
602
603
599
601
596
601
614
598
605
596
597
613
600
609
613
603
605
599
606
599
601
600
610
596
608
602
604
596
610
599
600
599
