612
602
601
604
603
606
608
604
599
605
606
603
610
596
611
617
606
608
606
598
605
609
604
611
603
613
615
603
604
613
610
607
607
602
613
606
606
605
604
606
602
602
592
595
604
597
611
606
611
607
602
604
607
599
598
605
606
607
600
614
606
607
614
604
599
598
602
602
597
599
613
602
612
607
615
608
604
614
616
606
613
604
610
608
600
599
597
597
611
606
610
610
608
599
598
596
604
603
606
604
599
594
604
605
605
604
602
607
604
609
610
607
606
612
611
603
597
596
602
606
589
606
605
601
602
611
598
609
607
600
600
597
607
604
606
606
608
599
597
609
611
601
610
604
614
604
601
599
610
603
596
602
616
605
613
610
601
604
605
604
600
597
606
588
598
608
615
604
606
604
611
606
607
611
606
608
605
612
608
606
605
605
601
597
609
603
609
596
604
605
607
601
605
612
604
606
605
604
608
613
601
611
614
599
606
603
604
599
607
600
615
613
622
603
614
605
609
610
593
606
604
605
610
613
606
611
607
603
609
616
611
613
615
609
603
608
613
610
615
614
622
616
608
602
607
615
609
595
604
622
605
611
616
618
606
610
605
623
616
617
613
617
615
610
614
605
608
610
615
609
615
613
620
618
627
616
619
633
613
609
619
624
615
614
625
618
618
608
623
621
625
618
629
629
628
632
623
619
627
636
628
623
634
628
636
628
643
631
629
640
646
640
637
634
645
639
640
647
650
636
663
664
654
643
657
664
669
663
657
673
680
688
684
668
668
671
674
690
697
720
715
689
691
700
715
727
728
738
745
742
727
764
738
768
775
758
787
796
766
835
837
848
924
843
848
904
885
893
890
913
921
952
939
924
953
1033
993
1053
1108
1075
1099
1171
1149
1183
1145
1174
1228
1217
1280
1351
1320
1289
1455
1512
1476
1483
1651
1605
1660
1675
1701
1835
1837
1933
1917
2015
2118
2256
2279
2298
2412
2413
2504
2695
2688
2884
2914
3060
3100
3288
3406
3437
3532
3820
3767
3999
4071
4225
4458
4626
4824
4926
5084
5157
5429
5605
5715
6070
6219
6431
6610
6836
7034
7077
7491
7456
7742
7957
8121
8302
8772
8879
8978
9253
9374
9572
9688
9825
10034
10250
10207
10552
10462
10651
10582
10792
10608
10699
10837
10891
10593
10813
10947
10870
10951
11016
10879
10772
10635
10751
10308
10610
10610
10351
10183
9969
10091
9876
9697
9665
9782
9371
9324
9331
9118
8968
8998
8893
8771
8600
8753
8634
8483
8307
8288
8004
7922
7797
7782
7845
7566
7484
7447
7389
7222
7063
7073
6903
6720
6904
6791
6723
6546
6475
6334
6208
6312
6012
5999
5894
5667
5733
5679
5506
5348
5400
5291
5129
5030
5117
5062
4954
4933
4946
4770
4612
4636
4508
4335
4526
4290
4192
4301
4056
3982
3938
4021
3882
3922
3707
3649
3663
3790
3554
3583
3583
3427
3498
3419
3441
3228
3399
3309
3232
3205
3069
3127
3097
3030
2946
2932
3041
2772
2822
2897
2811
2682
2782
2651
2725
2688
2594
2657
2547
2606
2547
2388
2424
2478
2388
2367
2292
2308
2249
2220
2282
2174
2226
2196
2185
2113
2078
2181
2086
2033
1972
2022
1950
1967
2001
1982
1909
1910
1891
1899
1866
1956
1827
1834
1781
1797
1744
1806
1729
1703
1688
1660
1640
1701
1657
1639
1622
1574
1565
1530
1492
1572
1544
1509
1513
1485
1460
1502
1424
1503
1469
1437
1458
1489
1419
1388
1375
1304
1351
1364
1399
1375
1350
1317
1311
1273
1311
1309
1317
1279
1253
1254
1154
1281
1217
1155
1249
1156
1202
1219
1192
1186
1204
1195
1140
1127
1103
1085
1097
1122
1118
1134
1133
1045
1099
1100
1082
1051
1066
1036
1036
1050
1043
1028
1049
1001
1040
984
1010
1051
928
1020
996
950
966
973
951
944
951
961
965
958
960
975
933
941
960
917
943
933
925
935
885
894
867
887
874
876
853
857
856
895
856
849
876
840
856
837
867
860
843
861
816
848
841
808
826
812
869
800
867
791
813
771
849
843
814
834
802
796
830
781
802
800
796
820
792
786
781
797
798
787
765
776
758
786
767
764
780
758
792
746
773
783
746
772
746
737
785
772
724
765
741
737
741
743
715
746
724
754
724
744
717
723
719
731
733
743
726
714
733
716
727
715
735
732
715
721
715
704
719
732
698
715
717
725
717
714
701
694
683
700
691
710
664
686
691
722
708
699
694
690
676
692
680
689
696
697
707
702
656
699
701
684
670
694
675
667
691
688
661
707
695
666
665
683
683
679
688
679
677
670
664
676
683
667
662
667
683
655
654
654
665
671
676
656
664
667
660
653
670
699
673
659
659
660
655
662
662
661
658
654
637
657
649
660
645
644
660
656
647
646
658
665
646
645
642
647
649
646
656
648
660
645
640
647
651
653
652
648
640
645
655
628
646
655
654
642
645
642
665
627
658
620
637
636
608
623
634
633
627
624
643
638
629
654
643
644
634
633
622
626
641
644
625
641
622
633
632
639
633
633
625
630
632
633
637
636
630
630
627
606
626
633
626
629
617
631
642
638
629
628
629
607
628
622
625
637
631
614
624
624
623
621
627
626
620
627
620
644
617
636
623
614
624
619
618
639
620
618
628
622
610
622
618
606
623
616
625
627
615
638
631
612
620
625
617
626
625
627
599
624
623
616
617
609
622
611
613
620
621
622
619
624
618
617
619
623
603
616
609
630
614
616
615
606
620
620
617
605
606
620
613
612
606
612
612
606
604
623
615
613
601
619
615
610
623
607
607
613
608
615
608
621
611
616
611
626
611
610
617
605
614
613
612
607
608
607
619
623
608
619
613
602
622
602
618
608
612
602
610
608
618
614
594
601
611
604
603
618
605
608
609
601
606
606
614
596
613
601
612
615
611
609
604
621
606
615
607
611
612
611
602
610
612
605
616
609
607
611
616
606
600
607
604
597
604
599
603
598
601
597
600
598
602
598
604
600
621
599
605
600
597
602
608
606
607
605
608
605
602
601
598
592
602
612
607
606
610
596
596
611
611
600
603
601
616
606
603
602
607
607
610
606
612
601
597
613
602
604
611
607
605
605
605
598
598
608
600
603
598
608
600
609
611
602
607
604
604
610
605
610
597
608
592
603
603
599
599
602
604
599
606
599
599
606
602
602
600
604
589
599
601
598
606
601
602
604
606
601
595
602
610
602
606
599
608
596
608
607
600
602
616
612
600
600
603
602
601
608
603
607
594
607
592
601
593
603
601
606
602
599
591
599
609
596
601
599
598
592
607
602
594
597
600
606
599
599
603
599
603
598
600
612
596
