607
602
602
602
599
596
597
615
605
603
601
601
602
609
599
605
602
603
603
600
602
605
610
601
598
602
598
597
599
600
605
604
596
605
608
596
598
596
600
608
600
598
593
604
604
600
602
607
605
603
606
603
599
601
587
600
599
595
607
602
607
598
611
603
602
608
607
593
600
606
606
606
608
592
595
602
595
603
596
606
609
597
601
601
602
602
600
597
597
601
592
594
598
599
602
592
598
607
604
604
598
596
600
601
601
598
603
604
610
596
603
602
600
603
604
609
597
601
603
608
604
603
602
597
599
596
606
605
600
604
609
611
611
607
604
608
597
607
603
602
600
601
601
597
594
593
603
608
599
602
604
607
597
595
605
608
603
604
601
594
594
607
594
603
599
603
606
602
605
600
602
600
605
603
606
602
605
609
614
596
599
603
594
597
606
600
607
607
604
604
594
592
600
596
605
602
606
611
600
606
601
602
599
612
599
612
597
599
598
604
601
607
608
601
608
603
606
602
602
600
598
601
597
606
601
598
605
605
600
601
598
605
603
593
598
607
603
615
602
599
597
606
609
599
601
592
602
596
602
595
603
607
606
603
599
601
590
603
603
596
603
600
598
604
604
605
610
601
597
602
606
607
596
608
605
597
604
604
601
603
604
607
602
606
597
601
613
615
610
611
612
604
601
616
607
607
613
604
602
603
614
602
605
599
612
611
605
609
608
601
601
595
603
608
615
607
606
609
608
607
609
605
610
606
605
605
606
612
610
606
614
600
620
618
602
601
614
613
602
614
625
606
615
614
620
614
616
610
615
608
611
616
612
605
627
621
621
608
631
624
623
630
630
627
628
612
628
632
625
616
630
632
639
641
631
625
648
646
645
643
642
647
654
649
639
646
653
647
667
662
660
673
675
666
676
684
672
689
703
701
688
702
707
694
711
711
706
727
723
721
725
741
777
756
781
809
769
796
792
814
806
805
851
846
887
883
854
898
892
899
933
927
898
959
963
1055
1035
1018
1032
1031
1094
1081
1085
1082
1151
1128
1162
1199
1199
1214
1259
1208
1270
1294
1335
1352
1400
1394
1412
1417
1389
1433
1440
1560
1472
1489
1555
1574
1562
1575
1592
1684
1627
1626
1672
1715
1629
1697
1669
1704
1634
1761
1725
1733
1712
1694
1818
1812
1749
1776
1780
1638
1766
1752
1763
1812
1758
1750
1841
1739
1750
1828
1750
1702
1718
1720
1642
1760
1682
1695
1660
1665
1668
1731
1663
1624
1561
1608
1564
1507
1622
1605
1630
1619
1593
1523
1423
1560
1512
1466
1435
1478
1446
1441
1408
1402
1341
1360
1419
1333
1396
1340
1388
1326
1312
1263
1325
1307
1266
1201
1296
1330
1285
1197
1208
1262
1228
1199
1213
1191
1185
1202
1217
1191
1185
1190
1189
1175
1143
1164
1166
1177
1131
1095
1094
1117
1057
1095
1100
1124
1110
1050
1077
1139
1087
1070
1129
1047
1071
1089
997
1046
1042
1064
1027
997
985
977
1040
1017
957
973
994
987
970
978
1036
960
946
1024
942
979
956
945
919
933
894
899
914
935
940
907
885
893
911
893
908
868
863
882
831
884
861
862
880
853
827
869
809
858
839
832
838
856
827
815
810
796
821
781
802
791
791
784
781
740
804
787
766
751
792
779
776
748
762
789
769
747
754
765
784
730
737
752
755
733
744
741
744
729
741
710
711
735
725
738
740
707
713
727
701
737
703
715
731
686
731
701
700
707
710
709
683
694
705
688
700
711
685
687
696
701
696
669
706
691
672
683
672
680
673
699
672
684
672
673
687
661
675
674
681
666
664
679
664
669
662
660
654
653
661
674
658
674
641
664
647
666
648
637
650
649
653
638
645
641
657
641
656
655
647
654
642
668
648
644
648
631
638
630
653
658
648
639
624
636
649
648
636
636
645
642
627
641
631
646
630
653
629
655
631
638
644
642
632
628
636
627
627
629
622
630
621
633
625
626
635
625
630
632
625
633
648
625
621
627
629
623
633
621
627
631
624
614
641
628
625
620
617
611
630
630
630
633
623
628
627
617
631
627
607
614
612
605
627
619
605
619
621
612
622
624
620
611
610
612
623
625
613
614
610
622
611
622
617
625
607
615
608
612
625
609
623
616
624
621
622
612
615
619
613
617
616
614
615
609
619
614
612
607
625
615
619
610
618
605
610
621
611
609
605
614
605
615
611
609
618
605
619
612
622
622
623
623
613
624
608
604
610
595
606
608
618
619
600
618
613
605
620
610
599
604
614
606
612
606
606
611
609
600
603
624
601
611
610
607
611
609
612
610
612
604
611
606
604
610
596
607
605
613
610
600
601
604
609
609
604
603
607
614
603
604
618
603
611
600
609
605
598
601
601
602
609
615
611
601
613
603
611
601
599
614
606
610
606
603
615
606
610
605
613
606
609
617
605
604
603
606
614
614
608
608
605
610
600
604
593
604
605
603
604
610
603
606
608
605
606
614
596
595
608
600
600
610
610
603
609
609
594
601
599
607
605
609
600
606
601
599
605
615
604
601
608
603
604
596
602
604
600
613
601
594
602
608
608
610
611
606
600
589
608
606
610
610
602
607
606
603
604
606
599
595
600
607
607
598
611
606
611
606
600
599
595
603
599
609
602
602
601
599
607
597
592
601
603
597
602
600
600
595
595
610
600
603
596
596
613
597
600
608
602
602
604
603
602
599
596
606
608
596
603
609
599
603
599
602
596
596
599
597
608
607
603
601
603
596
605
608
604
606
608
610
595
601
607
601
594
601
590
600
603
603
603
597
599
610
601
603
601
606
593
600
601
601
602
592
600
598
601
594
605
603
601
596
604
602
606
609
594
597
604
603
608
609
597
606
604
604
610
612
598
603
617
599
609
607
601
601
605
611
613
592
602
595
607
609
603
605
607
607
597
604
598
597
605
592
598
594
598
604
604
602
599
596
587
600
605
603
599
599
599
604
593
598
596
591
602
597
595
598
602
601
608
598
601
599
598
604
601
597
605
601
613
606
605
602
602
601
600
600
607
606
600
609
610
603
598
604
595
602
598
600
603
604
599
601
598
594
596
607
598
601
597
596
605
600
599
603
599
598
595
602
598
603
598
602
592
606
606
607
596
598
591
599
609
611
596
595
606
609
603
589
600
600
606
596
596
595
607
599
596
605
600
601
610
604
606
606
595
600
