602
603
612
607
593
612
610
600
601
608
594
606
601
598
610
612
604
598
606
602
604
604
600
601
601
597
600
600
603
606
601
603
595
602
601
599
602
603
593
601
597
597
601
601
606
602
603
599
599
595
604
599
603
599
603
610
604
595
602
591
604
597
602
598
594
600
596
603
602
597
600
610
597
610
597
599
599
600
605
595
601
596
603
602
604
599
594
601
599
603
607
606
603
609
597
592
597
598
599
597
600
606
603
600
603
602
599
599
599
604
606
607
601
601
605
599
607
606
606
603
603
598
604
600
595
609
596
601
609
597
608
600
603
604
600
599
597
602
605
602
600
599
602
598
596
603
594
605
596
605
597
594
603
602
600
601
607
601
611
598
600
601
603
597
604
596
604
599
605
599
602
595
591
603
606
604
598
602
600
598
598
594
597
595
603
596
595
590
597
606
602
600
597
600
595
598
602
599
603
603
604
594
596
606
595
603
602
604
601
598
595
602
600
601
606
602
602
605
606
602
597
602
605
600
597
598
598
605
603
602
602
601
604
610
605
601
602
598
609
607
610
597
601
604
593
603
601
598
605
599
610
601
612
603
604
612
590
603
605
605
603
603
597
610
603
610
593
600
604
603
603
607
607
604
600
611
605
610
606
595
609
608
600
607
603
603
600
607
606
598
598
609
596
601
604
602
603
607
605
603
597
600
600
605
605
597
598
595
603
597
599
599
600
612
601
603
606
599
601
609
600
604
610
606
609
610
618
610
613
607
602
613
601
606
606
611
620
604
604
605
601
599
611
597
610
607
610
609
613
612
605
606
604
614
613
615
613
609
604
622
612
633
623
613
611
623
619
611
636
632
618
621
628
617
640
625
636
633
629
641
644
632
636
630
648
627
639
647
645
646
631
642
625
648
662
657
642
655
664
660
656
657
662
676
677
679
684
679
698
681
699
702
716
706
725
727
720
730
721
731
760
737
778
761
759
765
754
777
774
800
806
805
835
860
852
820
875
908
886
896
931
922
908
938
970
939
960
993
978
1018
1075
1038
1059
1041
1106
1051
1084
1109
1124
1148
1185
1148
1166
1227
1187
1191
1226
1189
1253
1233
1238
1266
1237
1252
1305
1329
1344
1339
1330
1350
1311
1423
1358
1372
1378
1442
1380
1443
1430
1398
1409
1417
1418
1469
1401
1450
1428
1438
1414
1424
1434
1430
1429
1431
1436
1407
1407
1396
1423
1367
1333
1360
1364
1413
1333
1333
1407
1363
1368
1400
1380
1388
1348
1302
1284
1288
1288
1280
1212
1240
1258
1296
1222
1210
1197
1222
1219
1209
1156
1277
1222
1197
1161
1147
1163
1174
1129
1133
1164
1111
1165
1112
1126
1137
1076
1095
1115
1118
1079
1069
1060
1080
1024
1086
1076
1084
1043
1056
1066
1061
1034
1010
1072
1008
990
1027
996
968
1017
999
991
999
1006
997
981
1024
999
1010
971
977
996
986
981
947
968
959
918
925
918
917
924
932
947
915
911
886
923
901
907
904
934
863
880
878
871
882
869
842
860
854
833
862
839
818
842
847
855
791
820
817
816
838
833
809
804
809
795
788
804
783
803
812
760
769
780
766
793
750
786
750
759
772
767
736
767
741
763
721
712
767
743
753
748
739
719
742
719
710
710
737
723
720
721
712
724
726
697
697
709
719
712
703
676
683
708
706
705
680
700
697
677
684
670
703
694
685
681
676
681
710
686
687
678
679
662
689
654
673
668
662
682
691
667
669
656
670
661
683
659
659
660
650
674
665
657
664
641
658
659
656
667
659
649
661
649
631
670
649
641
639
663
643
649
632
650
660
656
642
648
653
657
635
654
634
631
658
639
630
635
635
627
647
648
655
627
634
643
636
640
627
633
640
618
637
640
630
633
628
636
631
626
632
615
621
633
628
625
650
620
642
638
630
621
632
628
626
626
626
640
623
615
620
632
624
626
626
612
626
623
643
618
618
626
631
617
615
626
613
619
621
630
629
614
632
621
624
616
615
621
620
628
609
615
616
626
627
617
614
607
624
619
617
618
610
607
620
613
608
606
618
610
615
607
614
605
620
612
614
622
614
616
615
620
610
609
622
609
613
617
603
613
612
618
612
603
607
619
614
611
604
604
608
612
600
614
608
612
615
607
604
622
603
611
603
609
617
607
604
606
614
612
610
609
609
594
606
615
595
626
603
604
615
606
612
618
611
608
605
601
600
614
609
606
616
610
603
615
601
608
616
603
602
608
612
613
602
604
601
606
615
602
604
605
611
603
603
614
605
606
607
604
607
607
606
603
607
596
602
609
601
610
604
604
599
608
602
605
609
604
607
605
608
602
609
599
611
599
604
603
612
598
603
607
602
601
605
613
608
602
592
601
608
608
601
600
604
603
612
601
596
609
611
605
612
603
603
605
601
612
600
606
611
610
601
605
604
611
601
597
604
596
597
595
602
602
597
603
614
599
603
607
598
603
606
600
598
602
605
597
602
606
607
601
602
603
597
604
602
607
603
601
597
607
602
601
616
599
607
608
590
606
599
600
597
606
608
605
601
606
600
601
605
605
605
604
600
596
590
598
599
601
604
597
607
605
596
600
595
596
599
613
601
595
595
605
595
595
595
600
602
600
595
607
600
598
607
602
603
603
605
600
609
606
598
606
599
602
609
599
603
603
596
604
598
602
605
600
600
605
602
605
604
591
602
611
594
597
601
604
604
597
595
604
603
602
605
601
599
595
597
599
594
601
602
603
593
605
597
599
609
598
598
600
602
594
597
604
600
606
596
606
606
607
606
607
598
607
594
598
599
599
612
606
596
603
606
600
601
596
602
598
597
597
598
599
603
602
603
594
594
605
606
610
590
601
602
603
593
597
594
599
606
605
601
604
600
602
589
595
600
602
596
594
611
596
602
599
605
606
598
602
600
608
596
603
599
596
599
595
596
607
603
607
605
597
597
595
603
589
616
602
605
598
597
597
602
598
601
605
607
602
599
600
604
595
605
608
592
596
603
597
601
602
590
612
603
602
608
604
596
607
597
602
605
596
597
605
608
599
601
600
593
601
594
602
595
600
613
606
599
600
601
603
594
596
603
602
602
597
600
604
598
606
603
607
597
600
605
604
597
598
603
597
603
604
602
599
598
595
596
601
594
594
592
599
604
603
597
599
602
