599
605
613
605
594
608
608
608
606
595
612
612
604
600
610
600
599
615
610
603
599
604
605
594
607
613
604
601
606
614
611
607
605
601
612
603
605
602
610
608
604
610
617
611
605
611
607
606
601
606
606
599
603
607
605
605
612
604
603
610
594
591
608
603
600
606
600
606
603
597
604
615
601
602
602
601
604
612
605
605
608
605
601
605
613
599
605
593
598
605
602
616
612
604
605
601
613
611
607
596
607
602
600
601
606
600
605
609
608
608
613
608
596
604
606
615
598
602
603
600
601
601
602
612
602
597
592
604
596
604
613
606
601
600
608
603
608
601
608
603
612
606
604
608
597
605
607
604
599
614
594
601
611
610
612
605
607
610
608
598
605
612
613
612
596
615
596
612
619
603
612
601
605
596
607
607
607
611
596
606
591
603
602
611
598
607
606
606
595
603
605
603
611
608
601
602
602
599
604
617
602
609
604
617
613
599
607
607
607
612
607
613
602
607
600
605
612
612
612
598
620
596
615
607
609
593
608
609
609
619
605
613
600
620
602
607
613
606
608
610
609
612
607
612
621
613
621
606
615
605
624
610
616
616
616
606
612
617
609
608
619
612
604
610
611
621
614
614
611
618
616
617
628
615
609
623
612
607
623
620
610
615
609
629
621
625
621
615
621
623
616
608
612
613
607
614
622
614
614
620
621
620
623
619
629
623
621
624
622
624
621
624
624
630
631
633
631
626
617
620
631
630
631
632
628
630
627
640
637
629
636
624
640
636
627
641
642
657
632
634
644
639
653
655
655
659
648
659
654
651
662
664
675
681
686
669
672
683
698
692
689
680
683
691
680
703
681
708
709
730
707
747
723
735
745
738
736
754
751
755
731
766
756
811
793
842
775
817
786
852
858
836
881
887
883
895
888
876
891
945
965
959
994
995
984
1023
1057
1079
1048
1101
1082
1146
1129
1193
1208
1217
1181
1257
1333
1349
1317
1438
1415
1491
1514
1553
1574
1620
1576
1769
1697
1805
1819
1871
1848
1866
1972
2107
2114
2161
2146
2382
2360
2334
2440
2553
2517
2637
2825
2829
2899
2887
2922
3050
3046
3253
3239
3305
3437
3524
3483
3603
3662
3640
3902
3930
3847
4006
3968
4019
4200
4220
4221
4307
4473
4293
4586
4687
4526
4822
4679
4773
4803
4799
4787
4903
4907
4850
4860
4880
4845
5070
4895
5002
5145
4966
5139
5110
4982
5009
5217
4967
5147
5216
5111
4964
4887
5073
5024
4960
4997
4906
4856
4799
4742
4839
4747
4743
4683
4801
4615
4526
4478
4476
4453
4241
4385
4336
4290
4234
4296
4216
4097
3948
3960
3957
4005
3927
3776
3805
3759
3748
3896
3838
3617
3659
3611
3668
3574
3560
3389
3374
3402
3384
3487
3266
3215
3312
3325
3351
3224
3245
3281
3188
3091
3179
3101
3150
3083
3114
3021
2961
3109
2901
2958
2847
2960
2844
2753
2892
2790
2895
2777
2628
2680
2734
2701
2685
2616
2649
2668
2621
2718
2533
2511
2504
2469
2409
2494
2421
2379
2440
2350
2293
2246
2167
2337
2241
2192
2238
2154
2145
2268
2202
2246
2109
2053
2060
2072
2037
2079
2029
1915
1993
1851
1981
1851
1832
1894
1853
1774
1766
1803
1786
1806
1725
1724
1693
1695
1677
1648
1671
1582
1645
1615
1639
1608
1525
1583
1541
1537
1547
1522
1508
1524
1479
1449
1503
1458
1438
1400
1405
1386
1380
1335
1372
1335
1366
1325
1319
1350
1256
1248
1277
1281
1282
1256
1164
1216
1237
1218
1195
1210
1239
1162
1175
1167
1154
1155
1134
1121
1095
1120
1088
1103
1114
1100
1124
1063
1075
1075
1045
1056
1040
1022
1022
1060
1031
1056
993
1025
1055
1006
977
1018
966
983
1001
905
977
961
981
934
943
923
915
927
954
913
945
893
910
891
912
881
884
930
899
926
905
862
888
867
913
862
855
875
870
836
843
870
843
813
846
873
828
821
810
803
829
805
839
812
814
803
819
760
794
774
793
779
792
815
789
808
777
795
796
791
776
766
787
762
753
778
772
764
757
738
760
728
751
738
745
718
739
762
745
771
743
732
739
722
737
729
716
735
740
744
720
748
709
711
722
728
719
723
745
714
692
709
722
722
706
700
706
710
700
694
710
693
711
702
696
684
696
705
725
697
717
691
692
702
688
690
687
683
703
679
680
700
691
677
684
693
700
691
695
670
694
671
646
698
668
688
688
670
672
666
676
654
666
674
675
667
652
642
679
666
676
652
682
657
643
669
680
639
655
661
660
648
664
657
651
657
659
665
661
639
667
634
674
652
653
639
668
659
639
656
647
650
653
644
654
665
627
630
651
653
642
642
641
646
649
636
641
637
644
635
646
657
631
636
649
648
634
647
648
651
651
625
631
637
631
638
644
640
634
635
631
618
647
637
644
634
628
628
645
636
635
626
637
637
645
622
622
636
627
619
626
614
633
622
633
638
617
633
619
631
616
617
633
637
634
635
627
622
622
640
630
626
626
627
625
628
622
623
614
614
616
613
614
600
612
620
609
638
623
613
625
620
624
620
622
621
613
613
623
615
620
617
615
616
621
625
630
617
617
624
621
609
615
601
608
613
618
613
614
619
622
614
610
620
618
609
623
609
617
619
620
622
628
615
617
612
617
612
601
617
629
615
615
607
607
606
608
615
622
608
618
619
614
604
617
617
614
615
606
620
613
610
617
611
612
603
610
613
613
604
610
614
608
612
612
603
604
601
605
618
606
599
622
604
606
613
608
613
614
611
612
607
607
614
623
611
620
612
603
603
612
604
610
598
612
606
602
617
607
608
603
607
601
601
614
602
610
605
609
597
603
602
603
608
607
610
603
597
608
605
599
608
597
613
605
611
598
606
602
603
606
613
612
605
607
607
607
608
591
605
601
613
610
613
613
597
601
605
615
601
613
611
608
611
600
597
597
601
600
599
602
601
610
607
610
605
606
603
613
598
601
610
608
617
600
602
605
596
608
604
609
604
610
608
600
617
604
598
604
596
605
604
601
605
611
600
607
610
613
610
595
609
609
601
604
604
595
610
599
608
599
604
600
606
601
605
608
601
600
602
611
608
605
596
602
599
604
605
593
605
611
594
606
607
602
607
603
602
600
601
593
599
606
599
605
598
597
599
609
600
599
599
593
598
596
601
603
611
604
602
603
604
600
606
604
598
603
608
605
599
611
597
604
603
597
606
604
600
610
607
605
599
605
598
598
604
605
595
596
598
599
609
605
597
598
596
607
604
605
606
605
597
604
597
600
591
594
594
604
596
606
