616
613
613
612
605
604
603
608
608
611
605
593
612
602
608
611
600
609
599
605
609
605
606
607
609
607
603
598
610
602
614
599
605
603
607
601
604
602
606
612
600
603
611
619
601
601
597
611
608
616
595
606
608
615
595
610
598
604
611
607
589
604
601
606
610
606
606
602
606
605
605
598
601
610
601
599
590
602
597
612
609
602
602
608
601
610
610
602
605
618
606
617
601
612
617
601
601
608
601
608
624
599
607
609
598
609
615
608
601
604
606
617
615
610
604
617
612
609
607
603
597
601
611
612
608
603
612
600
617
609
602
608
616
608
618
608
601
603
610
603
607
609
610
609
609
604
618
609
615
610
606
616
602
612
610
621
606
601
609
604
611
604
601
618
605
615
607
619
620
615
610
610
616
614
603
614
615
602
613
611
613
613
618
610
611
621
604
604
617
618
607
611
623
624
616
603
621
595
612
622
623
603
623
623
609
619
604
612
620
620
611
616
630
623
624
624
619
618
610
635
623
615
622
612
610
631
638
622
619
611
614
616
626
630
618
621
638
641
617
638
619
634
616
609
620
638
620
622
633
631
629
640
634
615
629
623
627
647
632
624
640
644
634
637
631
648
626
632
630
637
636
635
649
631
629
635
639
630
643
650
655
652
645
636
637
639
631
637
642
637
645
629
643
638
669
633
639
638
652
645
652
644
651
655
648
648
647
655
661
656
654
656
661
664
643
654
678
652
652
666
652
672
658
694
661
670
697
695
678
676
699
689
694
717
692
676
701
705
713
737
746
712
719
741
714
724
748
718
750
759
751
754
764
771
762
777
770
781
771
790
807
833
794
813
841
840
842
834
883
872
889
920
920
944
896
929
944
969
952
968
1032
981
1045
1039
1112
1070
1086
1066
1122
1161
1136
1223
1245
1265
1269
1317
1324
1342
1417
1395
1435
1458
1510
1575
1562
1617
1742
1734
1698
1761
1902
1919
1962
2036
2016
2058
2154
2184
2268
2357
2421
2433
2505
2750
2577
2812
2897
3068
3025
3169
3321
3418
3450
3555
3729
3929
3932
4242
4426
4464
4447
4686
4829
4959
5139
5336
5294
5598
5645
5798
6109
6092
6431
6665
6855
6791
7220
7301
7540
7639
7891
8158
8195
8463
8477
8527
8406
8904
8827
9122
9390
9682
9672
9655
9987
9888
10162
10334
10401
10616
10540
10787
10745
11048
11233
11021
11458
11213
11440
11314
11352
11424
11393
11632
11577
11659
11914
11830
11655
12021
11846
11736
11846
11811
11878
11940
11546
11621
11858
11523
11514
11404
11123
11125
11348
11042
11025
11278
10935
11043
10690
10929
10346
10430
10286
10207
10033
10038
9950
9999
9890
9651
9536
9187
9256
9097
9108
8854
8999
8899
8523
8778
8365
8571
8647
8422
8377
8084
8119
7973
7943
7757
7641
7723
7411
7459
7577
7355
7252
7404
7222
7059
7124
7156
7079
7088
6956
6802
6979
6671
6745
6579
6524
6618
6589
6264
6469
6386
6248
6206
6014
6190
6073
5979
5971
5931
5947
5880
5858
5780
5685
5789
5646
5573
5531
5307
5275
5253
5159
5313
5194
5155
5066
4871
5020
5040
4754
4696
4870
4545
4752
4544
4613
4606
4561
4474
4455
4486
4250
4339
4245
4233
3987
3975
3993
3968
3974
3856
3836
3797
3691
3787
3612
3674
3617
3508
3626
3518
3367
3399
3271
3281
3204
3258
3140
3197
3163
3141
3046
3112
3036
2936
2995
2907
2842
2801
2809
2739
2737
2748
2625
2620
2598
2545
2682
2607
2501
2469
2478
2371
2388
2278
2359
2270
2289
2180
2261
2186
2244
2249
2139
2140
2220
2128
2139
2117
2075
2023
2006
1908
2028
1916
1922
1923
1916
1905
1834
1865
1798
1798
1758
1751
1735
1661
1749
1695
1692
1681
1612
1705
1593
1634
1652
1582
1606
1652
1564
1547
1521
1517
1522
1446
1479
1451
1462
1449
1466
1448
1395
1443
1378
1406
1384
1409
1371
1365
1398
1328
1350
1290
1335
1255
1302
1320
1245
1237
1226
1198
1224
1272
1223
1180
1237
1170
1225
1196
1206
1166
1184
1132
1131
1119
1093
1130
1113
1214
1111
1117
1103
1064
1058
1079
1074
1038
1066
1042
1068
1033
1061
1053
1008
1033
1041
1009
988
997
1034
1046
1003
983
984
955
978
1002
1023
1017
966
1040
982
936
981
922
964
992
954
903
948
957
945
964
906
915
871
920
936
896
934
888
907
868
886
883
833
922
872
886
853
852
885
852
856
876
863
828
827
885
821
839
842
856
856
828
840
815
833
838
813
805
809
823
820
810
795
777
813
803
792
812
769
793
793
785
753
786
770
805
792
801
782
786
782
775
791
758
773
758
746
790
759
761
773
757
738
754
745
762
718
761
773
734
749
749
764
756
775
712
733
710
749
736
719
740
733
712
705
692
722
726
732
706
730
723
733
709
719
730
714
710
718
707
702
702
691
702
717
705
697
725
706
700
684
710
697
709
686
682
682
683
689
696
700
695
685
681
682
682
707
685
716
660
687
678
696
670
673
679
677
689
688
674
657
696
670
681
682
675
664
650
656
650
683
663
671
693
667
671
659
670
667
675
666
675
672
684
675
662
657
664
660
631
679
667
672
675
658
660
654
659
640
658
654
646
659
653
657
654
650
657
657
658
645
645
647
660
651
639
647
637
635
664
624
624
651
632
636
643
646
637
653
629
633
641
637
645
636
646
633
632
642
636
635
658
639
639
639
637
629
642
632
635
640
634
639
632
617
626
639
621
639
628
637
632
638
644
631
631
624
629
619
626
624
620
636
620
626
625
621
638
639
611
631
626
613
630
628
612
617
622
634
632
613
627
622
635
619
611
603
622
620
625
621
624
627
629
615
620
609
625
608
624
629
622
617
629
603
614
610
615
629
622
609
616
626
617
621
618
619
607
620
614
618
610
624
609
616
610
611
621
614
625
608
614
604
614
607
608
613
616
610
610
604
616
604
613
613
606
608
610
605
607
606
600
608
602
617
622
615
616
620
613
605
622
619
613
614
617
612
610
605
608
601
615
617
609
606
609
612
615
608
602
605
600
605
606
609
610
610
617
608
618
601
605
605
600
605
604
608
610
612
604
608
607
602
612
619
599
611
614
606
612
610
604
604
607
622
607
600
609
618
602
601
609
601
609
600
595
597
611
605
606
601
598
612
604
599
601
598
608
604
603
602
604
605
607
602
616
598
601
605
610
602
607
609
599
610
598
606
611
606
604
603
608
604
611
602
606
608
601
608
604
603
598
600
619
607
613
597
602
610
613
596
599
606
604
604
605
609
607
609
605
604
610
604
604
609
600
602
599
603
609
600
597
595
594
601
601
600
603
598
595
603
603
610
611
597
601
610
604
602
606
603
605
596
597
601
595
603
601
599
596
