613
606
603
612
611
605
610
606
601
615
610
620
618
604
609
615
608
599
610
612
607
613
599
606
612
602
613
614
615
610
603
602
614
607
612
611
617
617
607
613
610
614
609
617
601
607
601
603
604
611
607
603
612
605
624
601
606
597
610
625
610
623
609
605
612
615
616
612
616
624
615
614
612
606
629
612
608
620
603
614
607
612
611
615
605
607
616
614
613
618
597
601
613
612
609
625
620
604
612
607
614
609
618
613
612
607
602
606
614
612
612
624
609
616
619
615
614
622
603
611
614
610
611
616
614
610
613
613
601
614
618
615
610
612
613
606
621
618
619
610
621
619
613
603
618
620
611
616
621
619
621
629
618
625
610
615
620
617
626
604
613
628
620
625
617
630
620
615
633
635
623
625
638
628
615
611
633
615
631
621
617
623
627
623
622
620
625
619
641
618
627
621
625
635
638
612
626
628
632
634
623
629
634
630
620
628
619
633
635
627
620
634
624
632
636
649
652
637
621
640
630
635
645
629
635
636
645
653
646
622
633
645
639
630
628
659
652
642
642
646
646
646
641
640
654
639
653
654
647
660
653
655
641
649
640
646
654
654
656
643
649
665
646
642
654
646
644
666
687
652
671
658
652
647
661
654
658
652
665
660
665
667
666
654
667
669
657
672
669
670
668
674
673
692
678
673
680
665
688
676
685
672
707
696
684
672
677
681
682
690
685
674
693
702
703
696
721
689
732
692
725
704
699
708
741
725
763
735
722
725
748
716
735
749
763
756
780
768
762
781
792
793
779
798
809
793
854
821
826
829
859
860
831
839
881
911
867
909
918
867
912
932
958
917
993
1017
1032
1037
1016
1038
1062
1024
1095
1113
1130
1104
1190
1128
1177
1220
1278
1245
1369
1275
1314
1312
1379
1396
1467
1470
1567
1496
1554
1625
1635
1747
1807
1834
1883
1871
1944
1998
1994
2131
2196
2272
2280
2362
2455
2395
2524
2684
2717
2806
2793
2999
3073
3277
3263
3434
3499
3628
3629
3762
3999
4204
4294
4439
4558
4697
4739
5000
5178
5391
5588
5610
5850
6060
6361
6583
6871
6997
7242
7587
7810
7733
7957
8332
8718
8716
9356
9374
9629
9980
10244
10515
10797
11000
11310
11605
11925
12319
12452
12513
12844
13111
13300
13734
13747
14186
14387
14488
15058
15184
15207
15763
15849
16214
15866
16430
16633
16985
17065
17262
17183
17270
17389
17500
17986
17857
17699
18237
18191
18166
18136
18103
18500
18668
18552
18680
18993
18822
18891
18584
18600
18633
18465
18639
18323
18203
18337
18234
18157
17780
18099
17615
17654
17468
17551
17280
16995
17164
16805
16640
16321
16179
15783
15692
15627
15600
15403
15118
15099
14744
14547
14486
14215
14158
14186
13766
13689
13726
13514
13373
13330
13355
12870
12978
12936
12732
12351
12317
12317
12301
11679
11523
11474
11402
11106
11249
11299
11087
11034
10905
10815
10727
10824
10756
10826
10726
10638
10473
10182
10155
10139
10136
9976
9949
9630
9367
9534
9416
9427
9193
9150
9203
9216
9160
9074
8805
8744
8794
8728
8382
8337
8019
8474
8273
8142
7800
7674
7873
8083
7711
7675
7637
7591
7447
7490
7349
7126
7075
6940
6913
6987
6885
6755
6574
6573
6590
6428
6316
6162
6017
6091
5968
6084
5868
5783
5664
5486
5599
5545
5540
5356
5417
5441
5366
5218
5208
5188
5105
4947
5034
4816
4677
4718
4650
4510
4603
4452
4470
4317
4348
4311
4213
4163
4114
4066
3919
3958
3834
3946
3828
3771
3882
3766
3596
3716
3646
3514
3396
3465
3433
3458
3453
3240
3296
3187
3271
3097
3119
3101
3050
2910
2983
2953
2941
2927
2904
2790
2867
2748
2843
2663
2680
2595
2658
2539
2541
2606
2448
2378
2461
2455
2424
2332
2413
2316
2378
2324
2293
2233
2251
2119
2153
2204
2074
2210
2067
2064
2097
2051
2003
2032
2018
1926
1936
1955
1941
1915
1920
1884
1940
1962
1845
1828
1772
1785
1816
1764
1769
1683
1744
1681
1718
1729
1642
1609
1627
1585
1692
1616
1622
1633
1565
1602
1585
1591
1536
1479
1503
1515
1463
1485
1479
1434
1460
1457
1426
1405
1399
1443
1365
1359
1428
1382
1276
1446
1361
1367
1323
1335
1338
1269
1300
1321
1278
1261
1253
1254
1212
1284
1274
1259
1241
1239
1206
1176
1131
1190
1176
1159
1207
1099
1150
1167
1179
1151
1165
1111
1075
1085
1108
1132
1059
1083
1103
1110
1031
1089
1060
1067
1039
1061
1038
1031
1113
1021
1053
1043
1018
1047
1032
1024
1040
1023
1008
990
1015
1017
980
967
945
991
951
940
967
940
1007
920
944
953
900
929
903
934
908
942
912
890
941
898
895
937
925
882
935
889
882
886
866
892
899
882
890
846
876
849
913
876
877
838
870
836
835
859
840
882
862
824
826
814
810
827
813
823
830
824
838
795
841
789
839
830
803
801
780
807
794
808
801
804
790
794
842
763
783
753
798
793
751
771
765
780
786
787
771
774
782
762
749
771
784
784
769
753
743
758
773
748
756
754
733
772
773
759
764
720
746
738
775
742
746
704
726
740
741
716
739
711
731
707
721
718
728
698
715
714
711
708
720
732
699
698
708
711
716
691
709
698
709
695
722
693
683
723
692
704
711
684
683
704
695
671
688
687
693
715
697
679
697
701
685
683
694
667
674
689
675
687
678
685
686
680
667
682
684
679
675
659
680
664
676
654
681
659
659
677
671
664
665
675
660
669
668
659
649
664
672
653
672
650
650
636
640
644
670
669
663
651
658
639
646
667
653
650
655
659
644
676
657
636
655
639
654
659
632
636
657
643
622
633
657
644
633
652
625
640
649
655
644
633
636
642
633
644
643
635
638
632
627
633
646
633
638
628
625
626
637
626
645
634
642
641
625
633
648
640
641
643
641
618
631
635
645
636
650
624
630
623
615
629
630
634
639
636
619
624
623
628
632
634
617
629
639
619
622
625
611
622
634
617
631
621
627
617
632
629
627
617
626
617
630
611
629
605
618
637
611
614
615
625
621
615
635
610
615
610
609
613
623
612
617
615
619
618
614
618
622
603
612
615
618
611
612
625
598
615
616
620
612
616
604
612
620
620
614
622
607
608
616
608
615
608
607
623
619
609
612
617
612
611
600
610
617
602
605
611
611
604
614
607
607
619
611
608
609
622
618
606
607
615
615
611
612
611
604
619
613
610
624
611
611
610
604
605
612
615
611
610
610
614
616
612
609
602
605
606
601
604
613
604
606
609
604
612
607
605
612
593
606
607
611
609
619
606
612
607
600
617
606
594
617
604
599
596
603
614
614
597
609
611
604
607
603
595
611
602
598
610
603
605
609
601
603
611
604
611
611
607
603
597
603
601
615
612
605
605
609
600
600
599
604
608
603
603
603
612
603
609
615
601
609
606
603
601
602
602
595
