608
608
615
604
614
615
604
608
608
611
620
607
615
612
612
612
602
609
618
608
606
613
622
602
617
615
613
614
622
624
621
600
624
611
604
609
617
614
606
619
607
611
607
621
615
600
612
615
603
611
610
607
610
603
605
613
610
597
595
614
609
612
614
615
606
607
607
602
609
602
609
617
615
611
617
609
616
622
619
614
602
612
619
611
623
608
620
607
621
628
617
607
622
609
620
611
613
614
612
616
627
613
622
620
613
609
610
609
623
607
620
603
616
627
615
612
626
614
621
620
626
606
618
604
597
609
618
608
629
616
611
613
608
610
631
609
629
621
617
624
625
612
639
620
621
626
626
627
625
621
635
625
616
637
612
624
610
627
627
628
637
629
632
624
630
614
624
624
621
630
627
620
631
630
622
626
636
613
639
612
632
627
633
627
623
635
619
641
624
632
646
632
632
635
630
637
618
647
633
623
635
634
639
620
624
648
634
630
623
630
647
628
641
635
625
637
660
647
630
635
635
658
636
637
653
648
656
657
654
651
648
642
644
670
654
662
660
645
654
650
650
655
645
655
656
646
656
659
660
645
647
662
664
671
670
659
649
667
671
670
654
648
664
657
652
657
679
667
658
678
692
671
667
674
669
664
682
674
676
662
675
700
689
706
684
693
685
702
692
683
692
678
686
688
690
697
682
721
699
702
712
704
683
711
716
693
718
705
738
708
729
718
721
756
730
727
712
708
719
741
719
764
750
755
741
739
759
777
784
779
749
789
810
790
851
796
806
799
837
838
848
870
817
878
844
842
854
858
903
891
925
938
901
942
929
966
929
1056
1010
993
1003
984
1052
1070
1125
1113
1148
1085
1196
1151
1238
1238
1188
1290
1314
1304
1311
1392
1414
1436
1469
1473
1449
1522
1593
1602
1718
1747
1710
1775
1830
1874
1891
2025
2038
2100
2213
2277
2217
2368
2414
2426
2570
2633
2690
2779
2856
2958
2973
3200
3242
3288
3380
3502
3549
3872
3882
4213
4178
4287
4371
4691
4806
4981
5167
5502
5570
5485
5914
6124
6435
6580
6823
7132
7505
7607
7776
8154
8533
8511
8959
9145
9695
9857
10289
10484
10973
10900
11493
11791
12278
12443
13031
13342
13736
14277
14368
15037
15329
15732
16103
16692
16885
17003
17500
17959
17960
18555
18924
18785
19352
20054
20143
20192
20559
20706
21286
21485
21814
22172
21988
22641
22880
22816
22950
23068
23606
23099
23021
23258
23296
23473
23961
24025
23989
24129
24043
24207
24198
24322
24610
24577
24675
24471
24021
24100
23893
24204
24298
23740
23688
23291
23026
22669
22841
22860
22829
22554
22502
22049
22065
21988
21720
21480
21001
20840
20564
20413
20013
19721
19740
19667
19154
18848
18561
18347
18067
18083
17899
17598
17399
17542
17055
17217
16780
16767
16584
16451
16377
16028
15532
15280
15403
15005
14907
14832
14765
14351
14465
14252
14196
14182
14060
14070
14074
13935
13430
13512
13652
13350
13110
12934
12777
12880
12548
12447
12431
12211
11973
11962
11949
11678
11640
11769
11417
11468
11669
11298
11444
10966
10933
10857
10826
10830
10719
10439
10368
10396
10203
9994
9965
9723
9713
9520
9321
9362
9245
9197
8991
9231
9068
8905
8955
8741
8416
8585
8315
8288
8177
8399
7994
7926
7755
7743
7567
7478
7367
7159
7281
7276
7142
6888
7040
6847
6841
6606
6540
6467
6324
6582
6180
6323
6112
5886
5859
5899
5867
5634
5729
5695
5568
5439
5281
5422
5409
5201
5213
4997
5018
4949
4928
4896
4930
4704
4771
4628
4568
4581
4491
4425
4188
4240
4287
4182
4046
4087
3896
3959
3882
3927
3799
3774
3796
3721
3677
3584
3605
3435
3512
3507
3437
3437
3413
3239
3232
3163
3188
3136
3169
3191
3102
3093
3051
2975
2889
2914
2836
2929
2877
2721
2730
2688
2598
2707
2731
2587
2640
2556
2531
2490
2407
2503
2419
2442
2495
2367
2401
2238
2265
2247
2287
2224
2262
2188
2183
2191
2183
2165
2085
2080
2092
2059
2091
2058
2009
1969
1856
1923
2005
1805
1891
1896
1783
1817
1834
1820
1827
1832
1765
1811
1779
1749
1750
1735
1713
1711
1718
1670
1646
1658
1656
1569
1654
1613
1603
1561
1454
1535
1564
1591
1502
1588
1551
1546
1478
1458
1472
1476
1405
1435
1422
1446
1416
1405
1364
1421
1396
1372
1359
1321
1319
1350
1294
1306
1326
1351
1301
1330
1255
1278
1256
1277
1294
1271
1271
1220
1225
1219
1276
1223
1181
1178
1181
1155
1121
1168
1168
1146
1145
1170
1130
1175
1111
1111
1105
1093
1154
1090
1098
1102
1068
1064
1097
1077
1037
1060
1045
1099
1094
1045
1004
1041
1067
1019
1025
1044
1004
985
983
1010
987
1021
981
1030
1038
987
967
974
947
996
951
961
1009
958
924
927
918
933
935
969
934
947
931
932
930
977
894
920
904
923
913
882
856
938
923
916
898
845
881
881
872
872
844
853
847
881
881
887
861
866
878
877
875
867
839
855
842
872
839
822
842
863
835
828
810
827
808
808
808
824
814
828
789
811
834
794
802
781
795
762
777
801
790
801
801
783
802
785
786
793
760
781
757
747
783
775
768
770
768
759
764
766
761
746
768
758
753
749
731
755
747
762
734
744
750
755
714
723
721
730
746
749
757
735
717
752
712
736
734
759
710
741
718
702
721
726
704
700
718
721
704
714
722
716
697
718
703
716
709
715
701
725
690
678
725
705
707
706
705
703
685
698
710
692
690
689
693
691
693
697
695
706
658
695
685
678
672
649
682
653
687
686
693
667
673
680
667
677
671
650
660
678
678
665
663
665
670
671
662
664
659
676
662
653
649
685
650
656
675
670
664
672
656
660
663
653
668
649
651
652
664
646
638
654
646
630
660
656
671
647
657
656
643
660
646
630
647
662
655
640
638
657
642
639
639
649
639
658
636
639
657
634
638
649
634
650
635
645
636
638
626
640
650
632
669
630
639
651
641
631
639
640
632
650
627
635
643
635
624
622
622
628
633
627
628
619
645
615
622
637
620
620
622
632
639
633
620
621
629
625
627
623
621
630
624
624
618
624
617
624
623
622
623
614
620
632
613
620
623
618
609
616
623
612
621
615
620
619
618
620
622
609
615
619
628
622
607
618
617
617
619
622
604
613
613
614
608
599
618
612
616
615
607
613
612
620
623
601
616
617
617
626
616
611
613
621
621
611
621
623
618
621
610
609
615
608
619
602
605
613
612
620
612
623
621
606
615
609
613
598
618
612
607
606
614
604
610
615
611
620
607
600
614
603
604
612
602
615
604
611
605
614
604
619
609
614
607
619
603
613
601
614
608
604
609
600
611
600
609
606
613
610
607
595
603
608
607
595
605
610
604
610
608
611
614
616
602
605
609
604
614
597
612
604
598
589
606
593
602
601
602
600
606
604
605
609
598
606
598
598
609
600
598
610
605
598
615
603
605
608
