614
619
614
605
621
609
617
615
615
615
614
620
606
609
621
609
605
614
599
619
616
609
611
616
609
617
609
620
613
614
615
626
608
606
616
623
615
610
617
622
618
602
613
607
603
608
613
611
607
624
624
611
617
602
611
613
614
610
606
617
607
609
616
602
601
613
605
620
608
611
624
607
610
611
608
607
623
615
613
622
625
615
618
613
623
617
617
615
616
630
620
620
609
612
618
627
607
616
628
621
620
621
621
614
613
618
616
621
620
620
621
607
617
609
613
609
611
617
627
629
617
615
625
616
618
620
620
623
619
623
617
622
611
619
612
625
632
632
623
609
628
635
628
612
622
626
629
613
620
640
617
622
636
620
625
631
634
625
631
649
618
618
621
628
625
617
649
633
637
629
625
642
629
617
635
645
635
648
617
630
624
646
638
617
630
641
636
619
643
628
652
646
633
613
649
627
630
648
641
641
635
638
645
646
629
638
627
641
648
630
664
664
657
653
649
630
637
639
649
642
651
664
658
656
639
645
645
650
645
649
663
669
652
655
665
674
665
659
646
645
638
655
659
674
661
648
681
659
669
653
660
671
677
655
661
659
678
662
677
654
694
684
688
668
684
660
657
678
681
681
674
700
678
691
673
681
689
687
699
683
705
676
693
705
690
725
697
698
690
697
703
696
700
707
716
726
698
703
708
699
716
714
698
711
734
733
725
723
699
705
750
761
736
793
742
752
758
748
739
786
750
759
763
758
760
786
789
810
797
733
839
817
783
809
810
844
848
835
877
837
894
875
870
889
895
885
911
936
929
926
972
975
1009
990
1024
988
984
1059
1067
1085
1074
1090
1120
1114
1101
1237
1177
1210
1192
1233
1267
1244
1341
1468
1409
1396
1451
1430
1524
1428
1526
1506
1541
1634
1698
1686
1847
1778
1903
1925
1846
1967
2063
2167
2191
2296
2410
2479
2475
2520
2671
2678
2642
2807
2866
3004
3151
3101
3335
3286
3554
3561
3726
3857
4046
4220
4201
4516
4696
4753
4751
5232
5273
5348
5551
5899
5978
6216
6606
6619
7058
7016
7352
7499
8123
8308
8473
8824
9231
9696
9734
10232
10304
10736
10969
11477
11914
12227
12548
13067
13330
13554
14333
14553
15053
15383
15731
16549
16865
17163
17597
17832
18527
18723
19225
19392
19397
19953
20132
20850
21389
21653
22043
22163
22920
22628
23699
23328
23932
24180
24418
24575
24944
24878
25190
25402
25510
25601
25773
25763
25898
26075
26710
26225
26496
26379
26881
26965
27079
26966
27179
27048
27345
27280
27047
27125
26809
26728
26669
26605
26235
26056
26047
25859
25882
25513
25182
24770
24793
24906
24668
24489
24118
23706
23342
23223
23127
22875
22720
22082
22123
21956
21207
21380
20713
20602
20869
20457
20171
20003
19647
19323
19088
19053
18951
18762
18297
18522
18089
17671
17909
17329
17196
17220
17126
16699
16711
16368
16247
16135
15971
15758
15944
15316
15546
15578
15471
15142
15119
15074
14699
14343
14541
14419
14208
14266
14162
13993
13650
13423
13471
13246
13207
13155
13063
13154
13018
12747
13011
12458
12273
12351
12362
12106
11994
11720
11598
11708
11282
11664
11340
11339
11020
10988
10725
10303
10786
10358
10229
10201
10119
9970
9653
9892
9894
9585
9662
9310
9176
9098
9036
8895
8704
8581
8544
8322
8223
8435
8060
8089
8036
7865
7820
7832
7588
7531
7394
7394
7411
7236
7260
7016
6952
6872
6687
6581
6430
6352
6233
6354
6097
6167
6084
5940
5890
5808
5780
5671
5624
5411
5440
5564
5494
5280
5205
5214
5238
5184
4760
4832
4871
4813
4812
4682
4588
4675
4571
4568
4449
4317
4231
4314
4318
4131
4166
4147
4116
4006
3962
3891
3824
3812
3766
3822
3601
3567
3630
3573
3502
3484
3427
3360
3475
3201
3229
3192
3148
3144
3082
3151
3030
3039
3125
2993
2931
2898
2866
2811
2908
2767
2724
2724
2574
2637
2638
2595
2569
2618
2579
2575
2542
2480
2473
2529
2474
2441
2425
2271
2239
2294
2168
2221
2302
2184
2287
2135
2120
2158
2111
2142
2180
1996
2069
2118
2109
2016
1946
1863
1911
1943
1920
1960
1926
1902
1870
1806
1762
1841
1790
1800
1774
1726
1772
1708
1763
1775
1739
1735
1643
1679
1656
1663
1640
1588
1606
1596
1581
1612
1494
1541
1504
1538
1537
1564
1520
1427
1485
1498
1488
1478
1370
1418
1417
1330
1484
1445
1349
1347
1370
1439
1396
1410
1421
1392
1326
1331
1358
1296
1297
1280
1317
1300
1292
1280
1237
1233
1249
1235
1234
1239
1276
1197
1252
1203
1206
1254
1226
1190
1145
1205
1173
1157
1176
1159
1165
1102
1153
1183
1097
1116
1105
1114
1112
1105
1082
1093
1112
1071
1096
1040
1061
1066
1059
1047
1051
1087
1032
1008
1034
1031
1034
1006
1040
998
1008
992
1002
990
969
991
967
1021
995
965
961
1008
980
956
960
972
967
955
975
972
979
960
946
920
916
956
908
910
907
897
893
915
893
897
884
896
930
916
902
921
875
922
894
902
877
882
870
866
859
852
846
843
841
831
865
835
825
823
828
833
834
825
832
839
811
796
802
808
817
790
836
811
824
833
822
768
806
825
795
796
812
788
797
824
788
792
793
762
783
761
801
802
809
759
779
771
753
773
744
792
741
738
754
736
753
775
739
729
753
739
751
732
787
750
754
763
752
729
733
749
751
697
750
729
741
721
719
738
753
736
730
720
773
719
716
742
701
701
720
723
710
725
701
703
727
720
704
688
720
703
713
700
708
695
707
690
704
693
694
692
674
683
684
684
700
675
692
688
683
680
696
683
689
675
688
685
688
687
680
689
685
668
681
687
669
683
675
681
679
675
658
665
647
655
680
673
681
663
681
663
659
643
671
664
683
661
665
660
658
674
646
656
648
665
644
681
663
641
659
673
656
666
654
659
650
650
660
636
653
659
654
668
646
654
647
653
639
651
648
641
642
629
632
648
641
648
638
652
638
631
623
633
636
644
632
627
626
645
640
648
641
648
645
639
640
631
634
645
640
626
627
639
639
630
646
641
653
629
635
644
636
636
630
620
639
640
623
630
629
628
644
630
628
638
641
627
638
637
620
626
621
629
619
620
613
627
624
632
627
625
621
632
620
615
613
623
617
618
620
624
616
624
619
615
618
622
618
625
609
620
603
606
603
621
615
620
629
609
629
621
622
623
610
617
614
620
621
614
627
603
624
622
612
617
617
624
623
612
619
612
613
623
615
631
617
618
614
619
615
614
620
614
608
615
610
611
614
615
614
618
604
619
605
600
611
602
604
614
612
614
624
619
624
612
616
614
601
608
600
603
621
607
604
602
604
618
615
613
609
614
619
609
609
610
613
611
601
599
604
609
611
615
613
616
618
605
610
610
603
602
605
605
607
607
607
601
602
612
613
599
599
610
607
613
607
605
611
612
613
605
614
603
608
608
616
604
598
596
608
598
601
604
604
606
611
607
