613
614
614
614
614
614
616
624
609
612
614
609
604
619
628
622
608
621
610
620
615
608
621
624
617
617
608
617
614
613
616
620
614
598
608
606
619
630
609
607
619
611
608
615
605
620
615
609
616
603
617
625
622
625
611
616
620
623
618
618
619
612
609
621
621
613
619
629
611
604
615
621
609
629
615
614
612
617
611
609
613
610
618
627
612
616
618
613
624
627
626
615
624
613
629
623
622
624
615
619
619
615
616
598
612
619
627
623
619
610
616
631
620
614
629
621
622
618
619
622
620
611
617
619
618
614
629
632
630
631
622
631
629
627
618
608
627
620
622
615
615
610
623
635
628
629
614
622
624
630
626
625
635
635
634
625
624
615
631
637
617
626
618
622
628
635
635
628
634
634
638
621
639
618
637
632
628
624
634
626
626
640
640
639
646
635
657
652
646
637
657
651
636
645
626
641
649
636
646
660
647
635
638
659
650
648
653
653
658
635
654
664
649
658
651
665
631
666
654
653
652
650
658
667
670
675
663
642
655
659
664
664
664
664
669
661
679
655
660
675
658
671
671
663
667
669
672
663
684
674
674
684
666
692
670
674
674
684
682
698
689
690
697
686
695
680
683
690
694
677
690
686
689
695
714
687
720
685
711
712
681
708
704
746
706
732
725
706
723
696
716
736
705
721
726
715
707
726
718
738
734
746
730
756
733
719
740
726
748
765
756
751
741
755
766
757
764
791
814
796
770
788
782
801
810
847
845
807
801
814
840
848
818
827
850
879
867
897
878
865
928
887
882
903
926
899
956
966
973
966
997
977
986
1055
1022
1035
1053
1096
1058
1115
1099
1122
1133
1170
1185
1193
1228
1268
1266
1320
1313
1351
1372
1415
1402
1456
1480
1482
1549
1561
1608
1641
1741
1824
1772
1837
1811
1985
1968
1978
2063
2106
2192
2319
2292
2366
2562
2556
2633
2758
2895
2850
2932
2997
3110
3212
3179
3477
3553
3609
3770
3927
3936
4079
4283
4487
4812
4791
5008
5195
5356
5508
5612
5781
6087
6427
6483
6657
6911
7257
7456
7673
8231
8320
8795
9032
9047
9831
9773
10375
10629
11144
11264
11716
12305
12438
12732
13375
13602
14118
14413
14736
15344
15792
16387
16970
17380
17746
18320
19022
19143
19376
20343
20589
20943
21273
21486
21979
22593
22747
23282
23738
24137
24010
25354
25097
25413
26172
26356
26620
27404
27355
27370
27623
28112
28250
27907
28314
28753
28860
28936
29383
29262
29326
29428
29460
29875
29893
30100
30486
30507
30502
30108
30773
30526
30101
30161
29742
29521
29764
29542
29176
29365
28902
28855
29072
28663
28249
27647
28003
27896
27767
27296
27257
26627
26305
26307
25977
25399
25217
25065
24785
23969
23840
23520
23148
22975
22815
22450
22607
21936
22029
22195
21970
21152
21511
20919
20761
20462
20249
19914
19675
19592
19347
19199
18784
18847
18212
18301
18108
18092
17961
17840
17750
17550
17344
17209
16915
17062
16804
16540
16371
16126
16020
16354
15512
15665
15173
15610
15432
15101
15118
14640
14799
14666
14604
14338
14172
14024
14306
14045
13835
13971
13510
13324
13414
13053
12769
12750
12939
12606
12422
12333
12036
12117
11849
11954
11633
11807
11433
11394
11158
11208
10863
10996
10854
10455
10578
10360
10374
10107
9848
9942
9627
9526
9438
9269
9313
9249
9129
8965
8755
8598
8754
8494
8459
8277
8337
8045
8110
7899
7968
7665
7723
7787
7496
7335
7256
7109
7020
6944
6870
6727
6782
6443
6711
6515
6428
6286
6247
6201
6068
6078
6032
5912
5693
5661
5620
5721
5387
5425
5315
5287
5346
5148
5116
4996
5012
4908
4998
4856
4832
4727
4693
4614
4502
4587
4417
4419
4341
4316
4369
4182
4138
4078
4048
3904
3955
3810
3883
3915
3876
3792
3682
3677
3518
3617
3539
3548
3478
3442
3364
3344
3176
3282
3288
3226
3259
3064
3211
2938
2982
2994
2867
2952
2988
2954
2867
2828
2705
2855
2713
2749
2646
2639
2734
2609
2456
2582
2496
2533
2470
2447
2358
2356
2315
2366
2262
2347
2327
2329
2230
2344
2291
2218
2203
2159
2198
2146
2161
2144
2090
2059
1918
2041
2101
1948
2020
2000
1934
1900
1961
1989
1931
1943
1964
1800
1828
1880
1875
1823
1852
1805
1769
1751
1718
1738
1710
1657
1634
1652
1648
1646
1665
1651
1597
1557
1703
1614
1564
1585
1639
1554
1524
1553
1518
1479
1508
1522
1495
1474
1405
1447
1477
1460
1397
1424
1379
1402
1406
1425
1428
1449
1353
1326
1400
1315
1285
1352
1336
1348
1287
1305
1339
1315
1246
1304
1248
1307
1198
1227
1187
1223
1189
1175
1238
1286
1207
1154
1157
1209
1180
1188
1138
1143
1157
1133
1154
1153
1143
1129
1141
1128
1123
1153
1121
1128
1118
1120
1059
1042
1094
1090
1103
1097
1057
1049
1011
1029
1063
1066
1055
985
1078
1044
1047
990
1050
987
997
997
1003
1004
997
998
1007
978
1000
963
965
978
969
987
966
961
959
933
939
934
960
926
953
942
926
903
906
916
899
934
896
916
928
921
896
882
883
863
895
869
879
871
897
843
862
875
871
883
872
841
858
828
839
829
844
874
860
814
828
804
830
849
802
847
820
816
821
824
794
843
799
828
813
804
802
818
801
786
804
793
798
803
795
815
783
807
780
804
770
751
776
787
776
738
795
755
760
761
753
748
746
758
749
742
759
752
742
749
760
749
728
741
736
752
746
745
712
730
759
743
748
740
730
747
707
738
725
733
734
720
714
759
725
697
733
718
706
743
718
718
706
725
717
709
724
712
710
694
721
706
697
699
691
690
716
702
683
696
689
678
697
684
693
699
687
673
701
683
679
690
678
693
715
701
686
689
696
678
685
673
685
675
677
662
680
691
672
671
678
681
667
710
678
674
680
674
656
658
675
677
665
666
670
643
654
657
652
653
667
658
662
654
636
664
664
660
650
664
670
658
650
652
657
629
646
651
651
645
674
651
667
646
664
637
643
643
658
643
660
645
631
635
658
644
643
640
626
649
644
651
642
653
655
624
648
645
639
625
645
635
626
649
627
636
630
645
631
631
630
636
641
643
634
630
625
654
625
631
640
626
621
632
635
638
619
636
623
633
628
641
625
628
625
628
625
630
624
632
622
627
627
615
624
627
625
613
627
622
615
615
626
649
624
614
628
632
621
614
631
621
615
614
620
618
621
625
615
615
615
609
619
622
620
624
620
616
618
613
615
620
611
618
629
608
613
606
622
614
615
616
619
617
605
614
613
614
614
616
610
617
621
617
618
608
612
611
612
623
603
610
609
615
620
623
606
609
616
620
608
611
607
605
606
610
618
605
606
617
605
616
612
621
618
622
615
609
606
596
606
604
612
607
604
609
601
615
600
615
609
617
609
606
617
604
609
611
604
609
613
602
608
613
598
604
606
607
606
615
604
601
608
606
612
613
609
613
609
619
610
609
601
608
597
602
610
608
600
616
608
610
610
