612
615
616
615
614
617
610
630
630
622
610
612
622
615
625
629
610
611
622
614
616
612
609
609
607
615
612
604
616
622
613
623
605
622
613
611
619
617
604
616
617
622
617
616
603
611
616
627
611
621
616
616
625
608
626
628
619
619
626
617
613
612
612
627
621
608
612
624
607
616
612
623
620
621
613
619
612
623
612
608
610
620
627
605
609
629
622
624
625
619
615
623
627
623
624
623
619
626
629
618
624
622
617
620
615
602
631
634
618
629
628
622
615
626
627
633
627
630
629
622
627
619
626
644
619
633
630
627
627
629
619
635
625
623
632
628
629
637
621
630
624
634
622
630
630
631
632
634
642
609
625
637
642
626
644
635
628
631
636
639
624
625
639
630
624
643
635
647
625
639
630
636
647
657
630
641
633
622
639
630
648
640
634
650
635
641
631
639
630
627
638
629
645
644
639
657
636
638
645
638
657
661
642
646
645
640
642
647
659
654
663
652
647
655
644
653
677
671
659
659
668
665
672
668
661
666
651
645
661
672
674
659
652
687
662
660
671
663
670
665
677
688
665
674
683
673
679
688
701
680
684
653
686
698
686
693
714
696
709
697
688
685
700
696
715
704
709
693
710
715
683
708
705
695
707
709
718
708
718
697
702
748
708
705
716
707
729
712
725
717
732
733
717
711
708
722
713
769
747
752
737
753
741
745
755
776
788
752
770
769
778
758
770
784
793
756
781
795
794
782
813
796
808
796
829
835
846
794
815
809
832
842
876
884
866
914
902
917
887
895
905
927
899
963
986
996
983
992
1029
987
1024
1024
1018
1035
1078
1121
1079
1113
1121
1174
1147
1186
1175
1226
1259
1237
1290
1304
1339
1348
1397
1385
1422
1473
1551
1556
1527
1643
1738
1654
1792
1706
1830
1777
1867
1928
1912
1935
2051
2173
2233
2233
2324
2352
2473
2601
2679
2855
2736
2910
2950
2854
3089
3223
3276
3300
3555
3525
3588
3838
3933
4086
4125
4361
4549
4706
4839
5201
5082
5362
5745
5852
6003
6115
6420
6696
6605
7050
7275
7706
7922
8139
8376
8885
9144
9508
9699
10425
10353
10897
11137
11552
12032
12352
12904
13066
13493
14119
14533
14915
15394
15956
16520
16698
17661
17840
18363
18619
19354
20173
20689
20988
21085
21835
21933
22726
22994
23563
23882
23893
24716
25453
25793
26136
26531
26921
27324
27842
28118
28704
28947
29504
29620
29928
30175
30387
30745
31005
31203
30909
30990
31336
31635
31537
31946
32057
32031
32378
32588
32899
32827
33275
32902
33136
32724
32582
32750
32049
32791
32116
32335
32495
31809
31975
32075
31804
31634
31340
30661
30926
30712
30251
29781
29531
29204
28801
28498
28598
27640
27522
27196
26771
26495
26689
25939
25601
25645
25543
25160
24724
24439
24283
23838
23965
23560
23621
23089
22954
22490
22363
21556
21550
21187
21251
20852
20594
20467
20268
19996
19765
20236
19711
19534
19469
19569
18823
18910
18734
18498
18595
18124
17978
17824
17662
17367
17198
17112
16991
16908
16822
16590
16487
16564
16084
15906
15995
15763
15725
15642
15699
15378
15305
15356
14830
14817
14658
14661
14305
14378
14185
13610
13790
13615
13370
13215
13121
12980
13065
12809
12776
12466
12573
12270
12089
12041
12031
11889
11683
11446
11343
11276
10950
10910
10739
10620
10454
10239
10169
10076
9645
10103
9872
9773
9558
9453
9375
9372
9274
9037
8753
8859
8548
8693
8269
8015
8162
8010
7983
7765
7936
7789
7506
7516
7419
7160
7447
7341
6999
7064
6860
6760
6729
6663
6724
6469
6405
6056
6311
6217
6133
5812
5982
5898
5819
5576
5628
5448
5720
5415
5353
5318
5208
5012
5084
5037
4897
5019
5001
4781
4879
4789
4537
4696
4418
4388
4471
4342
4375
4340
4308
4071
4106
4198
4131
4133
4023
3963
3917
3904
3667
3791
3716
3616
3586
3540
3310
3356
3340
3336
3381
3195
3274
3335
3226
3198
3278
3074
3163
3009
3005
3119
3021
2938
2924
2954
2870
2909
2873
2792
2703
2719
2656
2744
2636
2627
2666
2637
2566
2636
2548
2471
2444
2446
2472
2371
2370
2308
2228
2352
2279
2222
2301
2258
2171
2220
2119
2119
2144
2159
2093
2024
2130
2101
2061
2042
1905
1968
2006
2011
1932
1986
1918
1944
1931
1859
1848
1908
1806
1841
1771
1792
1742
1790
1817
1676
1720
1659
1789
1664
1667
1667
1668
1699
1642
1747
1631
1644
1538
1582
1565
1590
1531
1517
1536
1505
1546
1478
1496
1588
1447
1526
1452
1470
1417
1392
1424
1382
1469
1407
1390
1375
1362
1396
1350
1409
1340
1283
1344
1369
1316
1302
1295
1274
1296
1309
1282
1282
1266
1240
1225
1200
1239
1248
1219
1199
1172
1215
1201
1214
1192
1185
1169
1210
1192
1181
1193
1153
1157
1194
1160
1116
1182
1125
1120
1099
1110
1104
1140
1109
1100
1038
1107
1082
1011
1040
1092
1072
1046
1056
1066
1060
1090
1030
1014
1011
1033
1034
1017
993
973
986
994
1017
980
990
982
1006
960
971
1015
1000
950
917
993
941
916
935
950
939
968
930
949
959
906
916
906
925
913
907
900
908
847
918
859
853
840
841
875
917
911
852
881
872
871
887
878
857
893
852
862
858
858
856
845
838
843
842
820
814
827
822
814
828
816
837
851
833
807
813
797
834
803
812
810
801
791
813
785
808
785
839
806
812
793
785
800
782
765
803
770
779
824
737
799
766
772
778
772
779
729
767
748
778
783
780
754
753
743
754
740
748
761
732
741
736
769
738
748
748
728
724
726
751
740
713
752
732
699
717
712
740
716
714
714
715
715
734
731
722
718
699
723
690
733
717
718
715
692
699
715
681
704
711
698
699
693
705
685
704
697
680
695
719
687
678
680
690
684
684
684
702
672
697
690
688
680
694
692
673
673
685
681
687
664
667
668
661
671
652
674
680
683
673
641
655
670
651
665
654
672
667
646
665
672
657
664
654
649
657
644
650
661
659
658
646
650
671
655
673
659
663
663
641
653
658
653
650
642
651
662
660
668
642
666
639
638
650
648
660
644
662
651
662
643
644
646
653
644
640
644
624
645
637
656
649
647
647
634
637
643
638
625
637
640
642
630
634
642
636
632
633
627
641
623
632
635
645
637
616
652
630
631
639
632
636
643
630
627
644
641
631
636
624
633
629
621
627
625
637
630
627
626
616
630
624
624
622
624
630
628
631
605
627
624
616
615
624
624
615
622
633
618
630
629
623
613
624
626
611
623
624
613
609
613
609
624
620
612
621
614
618
619
609
616
607
616
622
607
618
621
606
616
622
620
620
620
604
624
614
610
618
619
621
610
612
620
609
606
600
616
612
613
605
630
619
616
615
622
603
617
615
609
614
613
621
631
617
603
604
628
610
605
622
614
610
609
605
615
608
604
608
607
603
611
615
607
597
604
601
618
607
607
594
611
612
608
603
606
607
609
605
606
620
613
612
602
614
618
610
613
603
603
606
603
616
615
618
600
609
605
