604
606
604
598
611
606
605
601
599
608
605
601
603
606
603
593
601
597
602
600
605
603
601
600
604
591
605
606
604
602
601
598
607
596
603
599
598
605
602
602
590
603
609
613
605
598
604
599
608
605
603
607
602
602
608
600
598
606
595
607
604
602
600
604
601
597
602
599
598
602
600
597
610
603
602
603
603
612
613
598
599
598
610
600
604
601
607
597
603
601
607
600
603
611
601
601
592
593
605
608
608
601
603
603
609
607
602
600
599
610
604
607
598
597
602
599
604
604
602
604
592
603
607
602
597
602
604
602
595
604
598
616
598
608
597
596
602
601
602
600
603
596
611
601
600
599
601
602
607
596
605
590
599
606
598
601
596
600
600
602
598
600
594
594
604
604
600
601
602
606
598
604
595
608
592
595
601
600
600
607
610
598
597
605
600
606
610
597
605
604
607
606
599
602
607
598
600
603
604
601
596
599
600
598
604
592
604
605
596
603
604
599
595
601
601
605
594
599
596
601
603
604
594
603
604
598
601
606
602
591
603
600
600
615
599
593
594
598
603
599
598
608
601
607
603
593
592
597
597
602
602
603
597
599
591
607
609
604
601
604
603
610
611
607
607
599
603
605
597
607
603
606
611
603
606
595
596
604
610
601
598
606
596
606
610
605
602
602
608
612
605
607
604
599
613
608
607
599
609
598
611
604
603
611
609
608
604
601
600
599
599
603
594
610
608
600
608
605
606
605
619
606
594
605
606
597
601
605
602
615
613
607
613
594
610
609
606
602
607
599
614
604
598
606
610
614
603
605
605
600
605
608
611
606
611
607
610
606
603
598
605
605
623
609
599
606
616
607
607
608
606
612
622
610
603
619
616
620
611
600
619
618
604
618
605
607
621
608
612
623
608
597
624
612
608
622
617
622
630
613
622
624
623
625
624
624
620
631
636
632
631
614
631
617
620
636
632
636
649
634
658
646
640
638
634
644
661
636
658
633
666
646
647
660
661
661
682
663
660
666
703
669
673
699
669
709
674
683
672
681
703
706
725
702
690
706
720
721
713
718
739
735
733
733
733
724
790
765
764
766
779
760
784
759
809
802
795
812
771
819
842
850
875
825
881
900
868
863
869
908
930
923
914
915
900
963
967
953
989
978
952
991
1034
983
1038
1074
1047
1101
1124
1105
1123
1094
1108
1095
1133
1226
1168
1174
1184
1169
1258
1252
1278
1276
1223
1245
1376
1376
1297
1363
1365
1389
1434
1418
1441
1401
1454
1492
1496
1486
1527
1531
1592
1563
1554
1569
1656
1691
1610
1659
1763
1727
1731
1772
1764
1825
1812
1808
1904
1918
1929
1976
2024
1936
2063
2047
2062
2124
2153
2158
2183
2191
2298
2226
2234
2247
2319
2243
2303
2274
2367
2296
2335
2430
2392
2450
2424
2536
2638
2613
2583
2556
2549
2595
2596
2535
2669
2620
2668
2608
2580
2713
2826
2745
2782
2806
2844
2823
2746
2837
2804
2770
2859
2810
2878
2851
2910
2815
2946
2990
2861
2819
2875
2907
2846
3030
2917
2879
2873
3012
2853
2927
2957
2912
3100
3002
3026
2914
2883
2928
2937
2923
3078
2895
2952
2974
2994
2971
2998
3087
2969
2980
2895
2933
2943
3041
2932
3032
2885
3030
2966
2910
2864
2927
2925
2815
2901
2904
2941
2779
2923
2825
2904
2742
2794
2823
2864
2910
2864
2754
2653
2868
2735
2733
2722
2682
2697
2771
2711
2765
2706
2662
2640
2652
2626
2608
2670
2624
2695
2673
2703
2706
2471
2655
2540
2522
2488
2529
2450
2609
2505
2469
2521
2513
2412
2501
2449
2310
2302
2403
2354
2369
2318
2296
2277
2327
2186
2327
2319
2389
2283
2276
2198
2191
2203
2113
2172
2194
2188
2209
2146
2140
2113
2146
2008
2037
2043
2062
1971
2077
1948
2075
1980
2041
1968
1971
1994
1961
1980
1928
1903
1817
1842
1810
1878
1801
1832
1794
1806
1738
1733
1763
1697
1686
1740
1698
1617
1675
1655
1661
1677
1655
1657
1564
1601
1537
1576
1519
1615
1489
1549
1519
1564
1531
1515
1496
1440
1438
1407
1513
1427
1423
1382
1379
1399
1350
1328
1331
1328
1342
1314
1295
1294
1254
1211
1226
1262
1207
1221
1241
1213
1171
1206
1212
1235
1195
1175
1094
1157
1176
1122
1117
1125
1129
1105
1094
1072
1075
1023
1047
1047
1051
1023
1065
1043
1014
1029
1090
992
990
1015
1048
934
1004
999
956
997
914
961
953
924
978
919
946
958
917
921
894
891
903
870
866
858
880
869
826
868
872
836
863
865
822
890
827
816
829
845
858
817
805
832
805
834
820
814
814
778
798
781
814
791
776
749
774
786
776
786
788
771
763
742
743
738
716
737
748
762
741
740
737
737
733
751
726
750
729
743
705
726
716
686
724
709
720
727
714
719
683
729
708
680
722
707
751
728
710
678
698
710
691
713
671
723
689
665
681
684
674
698
684
696
684
672
673
672
659
695
661
674
672
665
670
659
670
653
667
655
664
664
658
671
658
643
649
654
668
665
656
674
678
655
648
655
647
648
640
658
660
653
650
667
646
661
652
638
632
647
651
636
631
653
637
654
642
654
639
632
643
640
649
644
630
644
630
642
658
635
638
640
629
644
632
637
634
641
628
651
626
635
629
627
625
623
629
624
631
628
621
632
625
631
623
635
624
623
624
622
631
620
617
623
624
615
632
631
617
612
628
615
615
621
621
624
605
621
620
605
616
607
617
602
616
627
612
612
607
630
613
626
624
615
616
619
622
632
616
614
617
614
611
611
613
613
610
612
612
625
607
615
610
609
617
616
612
613
614
619
604
612
610
621
611
607
609
605
617
605
603
620
611
607
614
617
621
606
612
605
612
606
608
599
620
607
607
615
604
608
607
607
602
615
604
613
602
607
612
617
605
606
614
605
611
613
603
612
615
609
602
608
598
612
606
603
604
608
604
618
606
604
604
613
608
610
599
600
612
615
605
616
600
605
606
605
605
606
604
608
608
603
607
602
612
601
605
609
602
604
599
607
604
607
605
601
606
597
602
605
603
602
612
602
607
605
613
607
601
607
607
596
607
607
605
608
604
611
612
597
603
608
610
602
605
593
609
609
610
606
607
605
607
613
601
609
600
602
598
596
606
599
609
611
597
612
600
608
600
609
607
592
599
601
604
593
602
599
596
600
597
603
596
606
598
597
598
611
602
592
599
602
598
597
598
611
604
598
614
606
598
606
599
608
602
606
603
599
597
594
608
603
604
596
600
604
596
598
608
593
602
600
601
607
594
598
603
601
601
601
599
596
601
606
600
606
607
610
597
604
597
604
604
