601
598
604
607
606
606
605
598
607
603
600
601
598
613
600
603
597
601
599
605
595
600
600
594
607
605
597
603
603
604
609
597
604
592
600
602
606
601
605
599
601
603
598
597
602
607
598
601
600
601
602
602
602
603
605
605
602
598
598
598
594
604
602
595
603
597
598
603
593
591
598
597
606
597
600
595
596
597
607
599
607
601
600
596
601
597
601
609
600
605
601
610
605
596
603
601
601
597
601
601
604
603
603
593
605
594
601
609
600
605
601
599
602
604
599
601
608
598
601
599
597
603
599
601
597
597
611
598
598
596
605
598
603
603
605
596
604
605
603
592
595
603
596
596
594
597
601
602
602
609
598
599
599
596
595
604
597
608
600
599
608
602
600
605
594
604
598
600
601
592
594
598
600
597
591
599
605
607
605
598
605
601
604
614
598
604
601
597
603
607
601
601
596
601
610
596
600
605
606
602
605
603
606
607
598
607
603
600
602
607
603
607
604
610
598
607
600
601
604
599
597
596
601
597
600
595
590
589
607
600
595
597
592
595
603
602
603
598
610
603
598
602
605
596
605
606
600
602
597
604
607
603
600
600
607
600
603
603
592
603
599
603
604
593
593
604
607
597
603
600
595
597
605
600
596
604
606
598
605
601
607
600
605
604
598
602
601
610
606
610
602
604
600
600
604
608
600
606
613
610
596
600
604
605
608
598
595
605
600
602
596
600
601
602
602
609
600
607
599
603
603
597
605
612
601
598
604
607
601
607
603
596
605
614
595
606
594
604
601
601
598
597
600
601
602
598
607
608
604
601
604
603
605
599
601
609
608
606
614
601
609
606
586
612
612
602
607
615
615
613
602
621
616
604
608
612
609
603
613
607
613
612
614
615
607
619
607
619
618
613
605
606
610
619
619
610
610
608
631
630
616
626
616
625
629
604
626
635
615
638
618
633
634
636
617
637
621
630
628
627
629
643
641
638
626
647
629
657
654
641
632
648
653
643
645
656
646
665
667
661
660
653
669
651
681
677
665
681
690
684
687
702
690
681
702
705
693
707
705
721
728
732
736
724
761
764
741
762
739
723
765
788
774
786
785
778
806
794
807
783
805
808
801
877
847
869
841
869
864
873
910
893
899
891
902
933
939
961
938
950
997
949
977
1009
1005
1028
1066
1025
1052
1102
1057
1083
1107
1054
1138
1134
1177
1140
1144
1180
1235
1211
1194
1226
1273
1249
1204
1264
1338
1290
1294
1359
1340
1348
1438
1347
1440
1440
1448
1410
1417
1501
1515
1518
1533
1595
1583
1601
1625
1659
1748
1613
1626
1692
1687
1676
1766
1753
1762
1790
1806
1853
1916
1872
1892
1994
2041
1955
2022
1981
2045
2124
2048
2099
2097
2128
2135
2062
2030
2154
2148
2200
2247
2240
2433
2364
2337
2313
2419
2482
2416
2364
2457
2439
2476
2382
2451
2472
2599
2494
2535
2472
2662
2555
2628
2571
2593
2645
2651
2657
2708
2699
2706
2754
2688
2729
2760
2731
2777
2714
2683
2776
2824
2735
2787
2789
2739
2785
2867
2778
2807
2809
2854
2759
2725
2873
2702
2934
2753
2850
2837
2797
2800
2671
2855
2816
2753
2749
2810
2869
2749
2797
2755
2807
2791
2754
2769
2820
2746
2841
2787
2753
2751
2733
2762
2824
2765
2752
2768
2638
2685
2699
2793
2769
2698
2677
2649
2528
2617
2608
2751
2707
2624
2654
2685
2602
2589
2510
2581
2520
2542
2507
2501
2509
2595
2560
2490
2566
2497
2473
2541
2526
2498
2415
2448
2424
2390
2463
2404
2304
2406
2426
2361
2392
2390
2317
2334
2312
2333
2251
2263
2263
2315
2186
2300
2111
2183
2340
2189
2227
2195
2176
2161
2247
2089
2105
2090
2102
2171
2053
2172
2003
2068
2067
1980
2071
2021
1995
1955
1912
1934
1931
1906
1887
1848
1863
1871
1862
1866
1812
1795
1769
1806
1764
1776
1830
1762
1770
1706
1737
1700
1676
1679
1686
1729
1693
1654
1660
1637
1584
1559
1591
1599
1586
1525
1592
1544
1574
1503
1514
1528
1561
1451
1491
1399
1449
1434
1409
1395
1355
1437
1375
1385
1369
1388
1367
1311
1315
1341
1331
1383
1299
1328
1279
1250
1290
1217
1239
1194
1240
1147
1166
1195
1194
1153
1110
1112
1137
1109
1141
1104
1091
1135
1109
1088
1063
1124
1089
1062
1046
1036
1028
1030
1040
1060
1025
991
1015
931
972
987
970
944
950
949
956
961
940
916
873
943
932
939
950
894
881
905
929
885
888
893
902
900
883
848
890
846
877
857
861
843
826
804
820
865
837
842
822
830
795
785
804
819
803
790
789
805
768
801
791
753
766
755
772
776
783
760
766
720
752
749
767
739
750
734
782
752
761
734
763
722
713
718
718
725
730
707
721
715
714
717
701
710
710
704
708
703
699
710
696
714
703
697
692
722
676
702
681
687
713
684
694
698
680
685
688
677
675
672
699
663
663
686
651
661
673
681
666
656
666
646
658
667
656
665
678
663
669
682
676
664
659
657
650
649
666
656
661
648
638
645
648
648
649
654
644
648
658
646
637
664
638
664
652
648
647
637
639
641
651
645
635
650
639
640
624
638
660
646
624
652
627
639
625
631
627
651
620
619
624
635
637
638
626
632
632
625
626
621
619
642
637
627
626
625
618
611
627
608
619
610
628
630
625
636
617
617
623
621
619
614
633
624
626
613
621
621
619
618
617
610
622
629
623
628
631
608
626
613
616
621
608
619
613
605
614
609
615
640
623
612
614
613
609
603
624
618
603
617
619
612
616
601
601
610
605
617
611
617
617
620
620
617
621
616
618
614
602
615
613
605
608
604
611
614
612
615
619
619
613
622
605
612
605
614
618
610
601
613
608
604
619
622
602
606
603
608
609
610
611
607
601
611
607
611
605
604
605
606
610
604
619
601
602
611
602
599
599
610
602
612
606
602
604
589
596
609
606
606
607
608
612
603
598
603
601
587
606
600
607
603
611
605
604
600
605
602
608
600
610
602
609
602
598
611
605
603
615
598
609
596
598
613
608
607
612
604
603
611
611
602
606
598
611
606
601
602
601
595
603
600
597
600
606
604
610
592
606
603
596
598
609
604
602
607
594
601
599
601
603
596
600
609
597
604
608
604
594
596
599
604
609
600
605
600
603
597
602
600
606
605
607
610
592
598
602
601
602
608
600
601
594
595
603
603
596
600
597
595
592
591
600
590
603
601
602
601
603
599
600
605
600
608
603
606
601
598
607
602
598
601
598
603
598
606
604
606
610
605
595
602
600
602
605
596
606
598
605
600
601
587
603
603
596
603
605
598
602
596
590
