598
608
610
602
603
614
606
611
599
609
600
607
601
610
609
603
610
600
598
605
611
608
609
597
600
604
600
610
596
604
603
603
608
600
600
597
597
603
611
608
600
603
606
588
607
613
605
612
595
595
596
601
598
597
603
603
608
603
606
610
592
597
614
594
607
600
598
604
595
604
604
598
593
601
599
596
601
595
600
605
609
602
600
604
599
603
602
601
605
602
599
603
606
607
600
605
603
604
607
605
596
607
594
608
610
601
607
599
601
611
597
602
601
607
603
596
597
602
596
600
607
607
601
602
606
601
610
611
606
594
604
602
598
603
599
602
593
607
612
596
597
603
607
594
596
601
597
595
596
601
596
606
604
602
596
601
610
603
607
602
602
599
601
598
602
595
604
595
604
597
597
610
599
603
602
595
602
606
599
600
600
602
604
608
602
592
601
590
601
607
593
598
605
597
601
603
605
605
607
605
596
599
594
602
597
598
601
597
599
607
595
610
601
605
598
598
601
602
603
610
593
603
598
607
606
599
606
606
602
602
604
602
601
602
603
599
608
596
608
599
604
597
603
599
594
600
604
602
598
604
609
589
595
599
606
595
601
595
602
605
601
602
603
608
602
609
600
607
616
597
598
603
593
606
602
593
601
600
600
597
602
607
612
598
598
608
600
609
592
605
604
601
600
608
599
600
609
604
610
595
604
601
602
594
603
604
606
600
600
604
616
604
600
601
606
603
603
607
604
603
606
602
599
608
608
604
608
608
602
603
611
612
617
610
607
607
607
597
607
597
606
613
606
610
610
605
608
601
622
613
608
603
608
631
612
616
614
600
608
615
608
613
603
616
610
607
611
619
620
614
616
607
620
606
615
609
611
615
627
616
618
618
601
608
621
611
625
621
628
631
624
611
614
629
632
616
622
616
629
641
619
633
637
622
622
630
645
641
629
633
622
642
666
644
636
662
657
654
651
648
656
644
638
678
638
650
674
672
661
681
650
676
681
661
677
684
683
691
689
671
705
686
700
707
707
721
710
687
713
736
702
714
709
759
743
709
740
762
780
749
788
777
774
805
787
799
756
826
814
812
855
828
840
837
883
870
865
915
916
890
882
968
936
899
957
982
981
982
991
986
995
995
1038
1051
1032
1068
1076
1091
1123
1075
1149
1210
1160
1164
1169
1247
1259
1267
1291
1272
1298
1313
1290
1325
1385
1365
1385
1378
1433
1457
1466
1509
1465
1542
1514
1550
1600
1561
1615
1617
1693
1597
1748
1669
1775
1708
1831
1772
1854
1883
1836
1941
1950
2015
1977
2011
1998
2133
2069
2156
2182
2254
2116
2236
2206
2264
2284
2221
2346
2426
2334
2395
2515
2533
2447
2639
2607
2588
2737
2696
2673
2805
2757
2806
2883
2858
2834
2899
2966
2857
3042
2992
2984
3054
3110
3123
3200
3344
3211
3304
3247
3248
3358
3299
3304
3431
3380
3418
3421
3519
3440
3437
3485
3540
3519
3493
3600
3685
3676
3634
3756
3632
3759
3660
3612
3721
3766
3855
3653
3907
3712
3824
3836
3743
3670
3853
3753
3783
3906
3710
3689
3701
3740
3865
3770
4085
3854
3917
3896
3695
3761
3805
3794
3858
3956
3905
3767
3860
3877
3874
3963
3751
3760
3989
3887
3910
3828
3844
3867
3845
3709
3765
3741
3810
3717
3738
3658
3698
3846
3681
3655
3649
3661
3662
3707
3607
3639
3651
3530
3685
3626
3685
3554
3566
3544
3644
3609
3520
3444
3420
3480
3443
3431
3515
3411
3494
3497
3338
3313
3410
3356
3306
3321
3250
3280
3259
3412
3267
3288
3254
3255
3223
3121
3135
3275
3124
3075
3182
3116
3162
3043
3049
3050
2971
2887
2925
2929
2932
2968
2918
2912
2951
2945
2742
2811
2808
2815
2858
2780
2824
2769
2701
2625
2685
2627
2633
2589
2626
2543
2521
2629
2545
2506
2521
2422
2454
2499
2437
2393
2508
2363
2349
2393
2383
2362
2316
2233
2281
2234
2115
2214
2164
2120
2129
2106
2144
2152
2095
2070
2148
2033
2060
2037
1973
1993
1987
1948
1915
1900
1960
1850
1903
1889
1871
1816
1857
1777
1820
1763
1775
1716
1714
1707
1751
1720
1613
1653
1696
1646
1633
1558
1649
1569
1618
1555
1502
1477
1493
1451
1416
1430
1439
1448
1407
1382
1398
1356
1434
1353
1381
1338
1358
1287
1321
1292
1241
1299
1264
1229
1285
1224
1172
1169
1241
1168
1173
1162
1168
1180
1148
1178
1172
1115
1134
1085
1171
1142
1106
1086
1085
1053
1106
1058
1055
1086
1046
1034
1044
1005
1059
1001
1003
996
982
989
971
976
958
915
1002
951
944
921
927
918
935
946
913
886
909
878
902
962
882
915
893
894
859
841
848
850
831
824
852
822
831
824
841
821
806
831
811
829
801
831
829
784
836
801
779
783
776
789
785
758
760
808
795
765
747
785
732
760
759
762
743
779
736
759
758
733
746
748
743
700
749
704
781
750
746
755
734
701
706
708
740
724
721
693
720
701
733
699
700
738
724
709
685
711
692
708
695
699
675
712
713
690
682
699
704
689
688
676
692
678
686
682
689
686
658
682
667
681
684
670
669
675
683
674
664
663
663
684
674
666
657
658
667
665
665
684
667
678
657
668
638
658
628
662
657
653
661
650
661
640
650
642
662
665
636
655
644
650
653
650
657
656
650
638
638
646
640
649
656
638
643
644
645
627
639
650
630
633
626
630
639
639
636
646
635
619
641
621
632
632
623
637
631
621
628
636
625
622
626
617
621
629
625
624
614
632
634
628
612
622
629
619
632
632
626
638
620
625
621
618
613
633
615
635
631
615
619
618
618
614
627
617
628
622
614
616
624
612
611
603
618
616
614
630
611
612
619
616
619
613
611
613
617
613
614
616
624
613
607
617
621
618
618
618
610
611
610
614
616
618
607
614
613
611
633
613
613
616
616
608
607
605
620
597
613
612
603
612
609
608
601
608
615
603
601
608
619
613
605
618
600
608
611
603
619
611
600
608
606
606
606
613
610
606
602
606
600
606
604
607
604
616
616
605
607
598
602
600
611
604
604
597
601
609
606
605
609
601
601
606
609
596
606
609
615
600
604
602
610
598
605
602
602
602
599
596
603
604
599
593
607
601
606
604
607
605
596
608
605
607
603
603
602
597
598
606
597
604
611
596
598
601
600
610
605
598
600
615
599
600
603
605
597
605
610
605
602
610
610
599
597
594
596
600
598
604
599
607
599
610
606
607
594
609
606
605
598
605
611
602
599
606
605
593
608
604
606
598
603
605
603
592
608
603
608
607
600
597
603
601
595
601
603
602
605
600
606
605
596
603
606
602
605
595
604
594
599
602
602
597
600
614
601
605
600
