606
594
595
598
607
602
600
601
605
609
601
606
599
601
608
600
597
598
604
606
610
599
604
599
602
600
599
606
603
605
605
606
606
600
604
589
609
598
603
607
602
601
602
603
602
603
606
597
599
595
595
603
612
612
598
611
603
612
611
603
603
604
602
592
596
600
595
616
603
600
600
601
605
600
599
598
597
599
603
598
604
603
599
603
603
601
601
599
599
592
605
599
601
602
598
604
604
606
605
593
607
599
598
604
600
606
604
592
602
600
607
599
607
601
605
603
604
597
596
605
599
606
607
600
608
603
600
604
606
603
599
602
607
604
600
602
597
600
603
590
613
602
604
601
596
602
600
595
596
608
601
596
598
606
601
597
596
615
601
604
603
599
605
598
599
605
598
590
610
600
596
602
597
604
605
603
599
599
596
609
606
603
606
605
600
596
601
600
597
595
607
613
614
603
614
599
595
610
597
606
598
603
601
605
607
613
601
592
595
602
601
598
599
606
600
605
599
610
599
604
606
603
588
597
603
605
598
601
598
605
606
608
606
600
602
598
600
599
599
604
603
610
600
604
597
607
601
596
605
603
603
605
597
606
609
597
601
604
599
597
597
605
601
595
607
597
594
599
601
602
598
610
599
597
601
599
596
606
600
606
606
601
599
600
607
601
592
599
598
607
604
598
604
603
605
597
602
603
606
607
604
613
609
612
606
594
604
610
602
609
600
607
610
609
606
615
597
606
612
604
607
607
601
617
608
608
604
608
604
604
599
607
603
600
605
609
600
603
613
610
598
613
604
612
604
607
619
620
613
604
602
606
608
614
611
612
603
603
610
609
608
611
608
634
606
622
609
612
610
617
617
607
616
614
618
609
627
622
612
621
615
635
618
611
616
611
611
621
618
615
628
614
633
620
624
636
627
627
653
635
637
640
624
634
638
625
631
635
635
639
636
642
642
633
650
643
641
647
646
653
661
649
662
659
659
651
657
654
659
674
663
673
663
673
670
689
703
683
691
693
693
713
695
689
707
720
719
722
704
718
715
729
741
724
731
725
767
777
758
777
783
770
803
797
827
790
766
816
801
805
830
812
829
828
848
843
889
863
882
885
893
930
924
959
962
931
986
949
951
961
1026
1007
1031
1022
1003
1116
1067
1051
1067
1125
1120
1147
1123
1110
1130
1185
1206
1199
1175
1277
1199
1240
1271
1268
1285
1303
1397
1313
1329
1353
1446
1454
1401
1471
1479
1534
1478
1616
1605
1594
1601
1626
1606
1696
1720
1644
1691
1751
1759
1726
1854
1881
1860
1912
1899
1910
2114
2019
2054
2014
2097
2142
2080
2157
2178
2254
2243
2316
2315
2216
2366
2342
2417
2417
2326
2425
2466
2526
2575
2511
2521
2660
2617
2601
2696
2763
2685
2840
2739
2863
2858
2899
2944
2966
3000
2928
3079
3039
3161
3189
3159
3122
3105
3138
3152
3234
3353
3319
3315
3344
3390
3356
3287
3394
3392
3375
3503
3430
3527
3500
3495
3505
3550
3551
3629
3594
3584
3621
3597
3675
3652
3619
3514
3581
3719
3710
3682
3624
3788
3626
3637
3709
3764
3640
3801
3737
3715
3803
3614
3787
3780
3830
3781
3727
3800
3702
3747
3621
3694
3823
3638
3842
3749
3701
3769
3767
3719
3711
3715
3676
3523
3699
3701
3709
3623
3639
3563
3545
3684
3634
3546
3610
3639
3590
3479
3605
3463
3600
3524
3653
3532
3496
3388
3439
3562
3492
3476
3463
3394
3400
3411
3386
3354
3384
3255
3289
3333
3216
3402
3280
3211
3350
3255
3293
3219
3257
3239
3161
3240
3182
3289
3174
3148
3142
3041
3027
3051
3136
3008
2968
2993
3036
2942
2991
2862
2887
2993
2843
2873
2885
2853
2906
2853
2782
2711
2697
2720
2755
2791
2782
2662
2636
2578
2653
2637
2668
2553
2595
2553
2501
2604
2473
2434
2473
2396
2407
2266
2461
2456
2303
2350
2376
2300
2252
2284
2227
2260
2174
2192
2267
2212
2206
2122
2117
2142
2133
2065
2123
2031
2095
1989
1959
1953
1998
1950
1881
1906
1907
1915
1794
1891
1780
1847
1724
1826
1755
1680
1751
1773
1662
1730
1725
1724
1706
1663
1702
1633
1646
1624
1632
1674
1597
1552
1512
1457
1536
1523
1431
1408
1437
1472
1416
1355
1355
1451
1387
1348
1342
1332
1370
1361
1321
1317
1288
1328
1234
1289
1219
1287
1284
1253
1202
1187
1204
1156
1149
1158
1197
1190
1116
1128
1164
1088
1168
1084
1081
1094
1099
1092
1084
1072
1058
1064
1062
965
1031
1050
1032
1042
1029
1043
1025
984
1015
991
982
977
936
944
918
947
920
941
969
960
928
921
956
894
902
927
883
883
882
876
869
846
889
862
867
854
834
889
841
829
830
859
843
781
771
817
828
796
809
802
817
806
793
806
809
801
810
778
792
795
806
782
785
766
765
757
787
732
739
776
732
760
751
733
736
742
740
736
728
728
743
741
771
739
734
733
729
722
722
710
731
715
744
740
724
703
691
701
685
713
699
702
695
723
690
689
703
717
702
697
679
692
693
682
695
698
684
696
676
686
675
682
673
694
676
669
707
670
665
669
689
708
669
680
684
670
680
675
668
670
679
664
663
679
661
672
657
650
681
666
650
663
650
654
632
632
655
661
649
650
640
645
647
648
624
668
640
654
642
658
647
649
653
637
647
641
657
647
623
627
627
638
632
644
638
621
639
635
638
626
633
630
642
638
634
631
640
618
629
640
632
621
640
631
638
627
616
630
611
627
628
627
630
610
620
622
638
618
620
626
635
629
639
631
619
628
622
619
625
627
616
622
624
620
622
608
631
614
629
621
612
628
627
620
623
613
619
624
619
613
610
611
611
623
611
617
624
620
630
611
613
617
614
614
618
612
606
617
616
605
614
598
608
603
615
611
618
616
618
611
613
607
617
605
616
614
616
608
607
612
605
611
612
605
607
611
601
598
606
607
618
601
609
612
601
605
624
616
606
612
603
608
596
614
605
606
608
608
605
596
603
608
607
607
607
610
613
602
608
612
608
594
609
605
602
606
603
605
601
596
613
596
628
597
599
601
607
600
604
609
603
606
593
604
605
606
602
614
606
605
607
605
602
604
604
614
619
605
603
605
603
605
605
610
610
610
606
608
598
607
608
593
603
600
610
596
604
607
605
596
604
599
601
601
601
603
601
610
602
608
607
603
603
601
605
599
602
604
608
610
605
604
609
612
611
607
602
608
599
601
602
602
604
606
618
605
602
608
603
605
603
606
600
603
603
605
609
601
600
606
603
608
599
596
600
602
603
610
596
596
597
604
599
605
593
610
604
599
602
605
602
612
602
597
601
608
600
598
603
600
606
605
606
603
609
