599
604
607
604
593
599
606
611
597
605
595
597
596
604
600
598
599
604
596
603
601
606
592
605
603
608
597
602
600
599
599
598
596
601
601
593
600
599
595
599
603
599
608
598
600
602
599
604
606
594
604
601
603
599
600
599
597
597
595
604
610
597
598
605
595
607
604
607
604
607
603
604
601
603
599
601
606
595
600
593
593
607
607
597
602
610
605
601
605
595
609
597
597
596
596
597
609
601
596
600
606
597
606
590
600
605
599
591
596
602
599
602
594
598
598
604
603
603
607
597
598
594
600
602
585
602
603
610
598
610
608
604
607
605
603
599
604
601
594
598
599
610
600
593
601
601
597
602
598
604
598
597
597
597
599
610
598
599
603
596
604
602
597
608
599
597
599
594
589
593
604
605
596
603
598
605
604
603
599
598
597
602
612
611
606
600
611
604
603
608
598
602
608
604
607
605
599
595
598
609
604
608
601
604
602
602
602
598
595
597
601
598
607
606
605
595
601
603
599
599
609
598
601
598
608
605
607
602
606
599
600
597
598
602
605
596
606
603
602
595
603
598
608
602
602
598
600
596
608
589
602
598
601
598
592
608
589
598
590
598
600
601
606
597
597
599
602
596
595
591
594
601
599
603
598
600
604
595
607
610
607
603
610
605
600
601
606
609
605
597
606
608
601
600
612
597
608
598
606
606
601
603
603
605
597
600
606
604
604
607
601
596
606
598
603
603
600
598
594
603
599
602
597
595
598
597
598
615
601
592
597
598
604
601
598
602
606
598
599
609
588
594
599
601
600
604
602
607
608
603
606
609
612
605
599
602
597
611
603
611
596
602
606
596
602
600
605
603
598
603
597
593
602
613
598
612
601
604
603
602
593
595
590
599
604
603
601
608
606
608
610
601
603
601
602
601
610
599
608
598
598
618
605
610
602
597
616
613
604
604
603
610
614
603
605
601
614
603
613
606
602
609
600
623
617
612
606
598
615
616
623
617
621
618
618
622
614
616
635
616
615
620
618
625
620
622
623
610
615
614
616
621
632
632
634
627
636
627
629
628
631
633
639
628
622
643
645
650
635
655
633
631
633
661
651
649
676
657
663
667
657
671
674
692
677
687
666
664
664
669
684
680
655
693
689
681
694
701
688
700
711
701
703
720
724
711
674
705
721
744
729
718
725
731
736
733
751
754
743
749
748
782
768
741
789
771
782
757
791
832
806
804
776
811
801
815
832
804
839
845
824
819
835
857
845
859
887
911
918
917
850
851
882
901
872
913
942
949
911
951
970
964
955
928
997
962
999
981
950
965
974
1061
1010
1022
1035
988
1040
1031
1075
1035
1040
1026
1075
1054
1081
1061
1079
1107
1060
1098
1147
1134
1081
1152
1051
1148
1160
1123
1126
1108
1136
1179
1177
1143
1123
1161
1174
1168
1198
1175
1212
1193
1183
1187
1223
1182
1191
1193
1261
1239
1210
1186
1252
1143
1201
1230
1232
1205
1191
1259
1179
1198
1230
1298
1244
1234
1252
1210
1235
1210
1267
1192
1203
1225
1221
1196
1247
1243
1233
1230
1245
1294
1230
1216
1211
1218
1168
1242
1236
1191
1255
1207
1186
1230
1194
1226
1164
1302
1182
1212
1198
1232
1223
1180
1215
1230
1190
1199
1159
1199
1176
1233
1140
1159
1220
1157
1207
1217
1206
1133
1173
1127
1150
1136
1133
1157
1106
1163
1095
1160
1112
1107
1099
1089
1102
1186
1100
1131
1103
1114
1081
1083
1057
1121
1046
1084
1098
1058
1065
1044
1070
1064
1038
1044
1045
1056
1041
1010
1058
1026
1035
1012
1051
1014
1021
1006
1055
996
996
999
977
1028
959
1014
966
968
1001
938
969
1009
987
1001
990
907
985
943
912
916
940
933
963
925
935
911
912
932
965
945
911
903
899
880
889
865
904
870
872
908
899
869
880
856
879
863
877
857
856
818
866
848
832
865
841
804
817
815
814
827
821
855
784
800
798
815
803
831
819
823
789
772
802
779
763
737
794
779
790
779
778
745
763
740
751
753
746
737
716
752
773
736
743
727
725
748
736
732
735
748
738
720
723
727
712
709
705
699
711
676
710
711
708
690
689
687
677
695
676
692
689
674
672
710
694
692
660
707
690
676
674
680
654
666
679
683
664
675
665
661
662
659
668
665
670
676
643
669
659
657
669
646
652
645
642
666
657
654
646
646
652
635
651
648
643
668
646
639
641
644
638
630
639
638
645
630
636
628
659
636
639
652
622
637
635
641
642
641
644
637
629
625
627
632
634
643
631
618
628
637
621
618
640
623
636
630
618
639
639
624
635
636
624
620
627
632
615
625
613
628
623
628
620
610
623
638
631
622
611
627
617
631
624
614
623
616
616
618
621
610
620
621
617
618
608
624
618
618
621
622
624
613
628
611
622
623
615
604
624
622
614
619
608
608
619
627
620
623
624
604
611
610
613
623
608
600
622
613
610
619
607
611
621
610
618
615
597
609
616
608
606
610
608
617
603
616
613
615
610
602
603
612
606
607
609
613
613
618
602
609
610
622
607
611
618
606
603
595
604
606
610
609
606
605
601
606
602
617
615
611
606
615
607
610
597
611
608
600
598
617
622
603
600
609
606
601
603
609
604
601
607
604
601
602
599
595
602
608
608
608
606
598
608
601
600
595
606
595
614
607
611
614
611
605
611
604
600
605
610
602
612
601
605
607
604
599
608
602
603
598
607
600
606
595
607
611
606
594
599
602
607
601
602
602
601
595
608
592
598
614
602
610
591
603
602
604
605
609
602
601
606
606
603
611
603
604
607
603
603
606
601
603
605
607
603
593
602
608
593
608
603
602
601
602
593
603
598
601
607
605
593
598
602
599
594
602
595
608
601
604
609
602
598
603
597
607
602
598
603
603
600
603
607
594
600
601
607
603
596
616
599
596
599
600
597
603
600
604
605
605
607
599
602
598
607
602
603
602
593
599
602
600
597
598
606
608
589
606
604
603
598
602
595
600
601
594
605
606
605
601
597
610
604
603
607
604
598
605
602
602
603
596
595
598
602
604
604
601
608
601
598
603
604
599
599
592
598
604
601
602
599
596
599
610
603
606
597
598
611
597
591
599
598
597
590
606
605
609
604
606
599
598
593
605
599
602
600
609
601
606
594
598
599
605
601
602
607
603
596
600
605
604
604
593
599
600
602
605
592
608
601
608
