596
606
606
607
615
602
599
610
597
609
612
605
599
608
609
604
604
597
615
603
611
611
613
613
612
606
597
614
617
607
608
604
608
593
611
608
602
607
604
597
610
600
611
602
605
605
604
607
598
610
601
615
604
604
604
606
602
600
601
609
602
600
606
605
609
607
602
597
608
600
608
605
594
605
606
610
610
605
605
601
601
603
600
601
597
613
602
597
606
602
603
606
601
611
612
604
608
613
605
608
607
598
606
602
603
609
612
610
602
599
602
612
597
596
606
601
602
600
605
610
595
609
605
608
613
595
593
611
600
604
598
607
602
601
596
595
612
603
596
597
600
603
604
599
600
609
608
600
615
613
606
601
611
592
608
606
595
604
608
616
606
609
605
596
622
601
603
605
597
606
603
598
605
606
604
601
599
610
595
605
596
607
605
596
600
603
610
600
591
600
611
605
603
603
603
603
598
596
617
609
603
605
599
604
606
594
599
605
601
599
607
609
607
611
601
606
602
599
607
589
598
596
601
595
595
612
600
598
591
618
605
600
595
604
604
605
608
604
597
603
598
596
594
606
613
607
598
604
601
603
609
595
600
596
594
600
601
605
617
605
599
604
604
598
600
607
606
599
604
615
605
605
612
604
605
611
609
615
601
607
615
600
595
608
608
596
604
604
608
600
612
611
608
601
597
613
605
609
604
606
609
606
611
605
611
613
615
614
605
601
625
604
613
605
602
609
602
605
601
613
606
608
616
604
602
605
613
612
611
609
609
610
618
609
617
615
611
603
609
610
611
616
622
618
612
626
619
621
626
627
623
622
617
619
625
622
626
619
609
623
624
615
613
621
627
605
634
626
626
618
619
634
621
619
644
621
628
626
633
623
633
648
630
635
639
634
646
645
642
642
647
655
653
657
656
658
657
656
674
678
666
650
677
653
668
686
653
670
672
680
674
673
703
704
686
709
689
678
707
734
730
719
723
736
731
720
731
714
757
751
744
757
747
758
739
794
781
800
772
791
804
786
819
789
830
838
837
840
882
841
836
896
930
872
926
896
943
939
933
997
973
973
999
996
1017
1035
1040
1074
1058
1101
1081
1058
1092
1121
1195
1155
1164
1170
1218
1184
1210
1228
1265
1264
1287
1302
1344
1401
1356
1384
1408
1446
1483
1491
1500
1514
1537
1566
1592
1661
1670
1669
1721
1692
1774
1771
1828
1832
1840
1870
1918
1951
1978
1906
1983
2081
2066
2134
2105
2156
2187
2188
2321
2291
2431
2340
2368
2441
2449
2505
2447
2614
2535
2642
2748
2598
2764
2790
2817
2843
2972
2882
3008
2990
3127
3260
3195
3278
3236
3272
3309
3303
3347
3500
3407
3391
3447
3494
3694
3777
3760
3832
3819
3827
3967
3889
4037
4137
4196
4103
4208
4150
4183
4298
4342
4453
4445
4374
4370
4519
4484
4722
4581
4698
4742
4865
4731
4785
4896
4974
5011
5034
5083
5182
5098
5063
5136
5120
4871
5213
5121
5209
5487
5386
5187
5376
5345
5487
5463
5378
5586
5494
5347
5620
5552
5609
5512
5610
5656
5656
5479
5653
5635
5747
5599
5587
5684
5607
5559
5714
5707
5819
5766
5663
5794
5846
5875
5916
5657
5857
5828
5873
5781
5689
5760
5924
5668
5663
5776
5738
5890
5735
5852
5695
5754
5737
5873
5757
5766
5846
5902
5961
5890
5867
5832
5607
5734
5735
5832
5798
5670
5738
5636
5696
5762
5609
5544
5654
5625
5481
5568
5680
5641
5572
5720
5552
5463
5617
5625
5492
5553
5470
5496
5244
5356
5463
5286
5497
5319
5374
5424
5290
5366
5477
5339
5247
5369
5199
5297
5221
5106
5286
5076
5050
4917
5174
5098
5038
4934
4879
4977
4785
4860
4965
4914
4641
4866
4741
4692
4844
4618
4658
4617
4671
4805
4583
4653
4651
4552
4541
4439
4454
4398
4550
4440
4283
4321
4272
4238
4169
4167
4258
4166
4269
4143
4173
4045
4082
3874
3931
3927
3871
3960
3978
3830
3728
3856
3677
3773
3678
3647
3813
3530
3610
3495
3612
3504
3552
3478
3354
3394
3508
3427
3361
3238
3216
3373
3171
3346
3231
3234
3173
3060
3007
2986
3027
2918
2798
2963
2909
2870
2883
2784
2820
2770
2731
2781
2686
2674
2655
2555
2647
2538
2563
2616
2500
2411
2379
2428
2319
2415
2326
2273
2200
2192
2208
2285
2219
2237
2184
2144
2199
2199
2054
2011
2070
2066
1989
1925
1977
1983
1906
1908
1855
1954
1830
1839
1752
1761
1765
1759
1735
1745
1711
1645
1726
1652
1592
1552
1613
1575
1522
1501
1545
1583
1529
1497
1508
1511
1438
1479
1380
1449
1425
1448
1395
1343
1337
1369
1335
1314
1296
1334
1290
1216
1267
1279
1295
1226
1276
1204
1264
1227
1217
1241
1196
1192
1129
1172
1188
1160
1112
1174
1079
1116
1087
1122
1076
1066
1051
1089
1042
1056
1063
991
1003
1024
1058
999
1018
1006
988
982
953
944
981
995
956
934
953
936
938
953
922
930
882
922
909
892
906
913
886
900
911
899
878
858
864
853
866
881
849
848
851
865
840
855
858
855
838
855
819
813
822
798
819
810
826
791
780
807
772
773
786
792
779
785
777
778
788
755
772
785
774
763
773
741
771
730
751
741
767
734
752
762
735
753
730
727
730
731
736
736
717
732
705
721
722
744
713
738
716
704
709
706
712
724
701
734
694
700
720
671
706
700
672
693
690
684
661
664
682
670
692
707
676
719
691
692
680
700
685
675
686
693
679
664
675
673
655
686
675
682
673
679
658
671
668
680
659
664
685
657
662
664
659
664
666
637
655
658
649
639
649
675
654
647
647
630
641
642
644
648
641
644
632
641
636
623
652
650
653
648
633
639
650
655
630
639
635
642
645
648
642
633
648
621
628
632
624
642
631
638
627
648
635
634
638
625
624
634
623
631
636
628
638
624
643
624
618
606
625
630
626
633
628
623
620
626
637
625
609
641
622
625
628
613
621
625
629
622
616
616
615
627
624
617
624
613
621
619
615
615
611
621
601
611
615
621
627
603
626
614
619
621
619
634
615
616
620
604
618
621
622
621
616
611
616
615
613
622
609
613
621
623
610
616
621
619
618
595
617
603
607
605
611
610
622
613
623
614
604
610
607
610
600
620
609
621
619
623
601
610
604
608
609
608
616
610
604
614
606
608
611
613
621
610
600
615
615
611
601
613
597
603
611
600
604
600
611
600
605
605
611
606
605
608
604
603
601
593
609
608
611
613
605
604
599
603
610
613
601
602
610
606
612
605
603
603
592
603
610
603
605
613
605
599
617
606
600
598
615
613
597
603
605
605
610
605
595
606
600
604
612
597
597
606
608
595
611
599
605
600
601
602
601
599
603
603
611
596
602
598
595
608
604
603
603
605
608
600
600
607
606
609
598
611
609
592
610
