602
609
607
599
611
610
606
607
606
608
601
606
609
607
610
607
609
607
610
597
601
608
605
607
609
602
598
608
598
606
607
600
607
603
611
609
618
602
601
603
607
603
599
611
600
605
610
603
598
610
602
605
607
602
609
593
616
604
603
606
606
604
608
612
612
617
608
611
595
605
595
605
598
604
602
604
601
596
594
602
600
607
597
597
608
592
602
616
608
609
611
603
606
610
603
604
601
597
596
601
613
598
613
606
602
606
602
608
610
604
613
611
600
608
605
612
605
609
610
606
599
604
604
606
613
605
602
603
603
610
602
602
603
599
608
608
609
609
611
609
595
606
607
592
604
592
605
614
605
605
604
606
604
605
600
598
609
598
596
604
604
599
606
606
601
602
602
604
599
609
603
602
611
600
601
608
610
605
608
603
599
612
607
602
600
597
599
608
605
601
602
594
599
603
596
602
604
604
607
608
605
606
610
592
606
616
604
601
605
604
605
600
613
607
595
608
599
605
606
594
601
606
601
591
606
602
599
602
608
596
610
598
600
602
600
611
603
612
609
599
614
609
605
610
604
608
599
603
599
607
600
600
613
601
605
608
605
605
596
603
601
601
598
603
607
603
603
604
598
601
601
603
606
610
593
607
599
607
609
616
611
604
597
616
607
614
616
600
594
610
598
602
605
600
606
598
606
606
605
603
620
602
603
600
601
598
607
606
618
602
604
602
615
614
604
608
607
610
613
612
624
614
610
602
612
611
610
602
611
620
602
612
604
617
617
615
609
621
607
616
609
623
615
607
610
613
608
613
610
616
615
610
621
614
615
611
625
620
642
616
627
614
629
628
615
617
623
628
625
628
621
619
634
641
629
634
638
634
628
640
616
628
625
635
638
640
620
628
634
639
633
660
640
642
656
663
658
646
656
666
637
649
679
656
668
663
662
671
666
673
676
668
674
688
679
694
691
716
706
697
702
696
714
702
694
714
714
727
721
728
725
736
744
747
726
719
716
771
755
768
765
773
780
788
788
824
798
809
818
806
818
848
851
840
851
880
872
871
899
914
910
906
916
938
929
963
916
960
953
973
974
1034
1047
1046
1055
1052
1104
1085
1120
1186
1178
1123
1105
1192
1163
1221
1271
1266
1262
1356
1312
1305
1377
1363
1321
1357
1353
1503
1429
1491
1535
1485
1478
1562
1549
1565
1593
1573
1678
1701
1678
1721
1810
1775
1845
1891
1786
1891
1988
1916
2081
1994
1993
2040
2092
2120
2209
2153
2183
2241
2204
2363
2340
2341
2370
2514
2508
2547
2543
2531
2658
2760
2722
2771
2750
2909
2940
2974
2989
3067
2969
3094
3092
3007
3155
3205
3224
3185
3419
3335
3303
3487
3512
3476
3718
3678
3701
3769
3821
3891
3804
3843
3827
3957
3959
3990
4107
4035
4192
3977
4139
4140
4303
4487
4394
4365
4496
4348
4681
4774
4569
4725
4639
4700
4750
4834
4862
4538
4895
4939
4929
4929
4812
4813
4897
4835
5071
4949
5063
5102
5171
5120
5118
5183
5172
5273
5215
5274
5268
5115
5397
5304
5110
5293
5186
5186
5504
5269
5412
5321
5373
5344
5458
5392
5353
5305
5359
5506
5335
5461
5402
5521
5508
5529
5471
5397
5288
5387
5333
5413
5469
5495
5384
5336
5394
5507
5551
5400
5559
5413
5421
5431
5308
5315
5438
5514
5246
5399
5313
5306
5265
5338
5260
5344
5445
5261
5281
5247
5269
5259
5246
5318
5100
5243
5276
5225
5259
5153
5203
5110
5169
5126
5042
4961
5017
5053
4881
4980
5009
4878
5059
4885
5010
4935
4930
4919
5084
4792
4829
4854
4886
4734
4823
4770
4653
4589
4770
4586
4568
4629
4646
4477
4453
4596
4664
4534
4441
4392
4616
4491
4596
4244
4446
4295
4296
4353
4341
4216
4244
4100
4279
4168
4115
4127
4223
4162
4064
4030
3998
3928
3935
3858
4010
4017
3744
3906
3967
3802
3782
3609
3659
3817
3620
3561
3545
3570
3583
3588
3484
3488
3482
3369
3384
3441
3384
3305
3242
3062
3317
3272
3184
3158
3139
3206
3192
3079
3036
2968
3038
3060
3000
2946
2965
2856
2862
2828
2864
2730
2853
2821
2712
2650
2660
2689
2667
2685
2520
2522
2580
2519
2496
2440
2506
2536
2389
2378
2375
2349
2369
2251
2257
2280
2222
2148
2165
2127
2142
2128
2096
2162
2016
2086
1968
2025
1952
1994
1860
1945
1934
1973
1849
1821
1749
1771
1756
1736
1685
1766
1787
1642
1731
1701
1632
1747
1646
1552
1611
1620
1588
1565
1548
1538
1528
1491
1476
1489
1498
1450
1437
1483
1436
1394
1440
1335
1286
1379
1426
1358
1307
1286
1283
1277
1317
1236
1290
1213
1241
1211
1218
1245
1208
1215
1225
1215
1163
1160
1102
1170
1165
1108
1125
1129
1123
1074
1132
1076
1131
1057
1040
1076
1041
1046
1036
1061
1014
1020
1037
1022
979
990
1013
1004
951
929
934
937
950
919
918
918
927
924
917
926
938
890
924
923
881
883
899
868
855
897
903
877
889
860
836
839
856
847
832
843
868
832
841
828
827
805
818
812
792
828
791
794
818
814
789
795
816
804
785
781
780
775
760
772
778
780
779
760
769
744
769
745
755
735
736
762
740
744
737
741
717
712
729
721
745
722
719
715
755
718
703
713
726
703
703
712
719
694
717
712
722
703
708
715
675
696
701
693
711
681
703
681
694
697
674
688
681
690
668
698
686
687
683
683
682
667
690
643
662
676
682
673
679
659
667
681
679
664
657
671
674
671
657
674
647
663
660
659
661
664
668
668
673
662
650
647
678
646
656
659
651
645
662
640
648
650
660
646
632
653
649
648
655
653
664
639
634
642
640
642
638
649
634
631
629
635
625
650
633
630
638
637
631
632
650
641
635
632
635
636
636
626
642
626
613
638
631
630
630
635
633
612
630
622
621
633
635
623
618
628
640
641
632
630
617
629
614
622
631
619
608
627
628
626
621
624
613
613
631
631
623
622
610
621
626
622
608
609
629
608
630
624
610
602
615
626
611
613
623
619
623
615
630
616
618
613
604
616
619
604
616
610
610
614
610
604
610
601
612
614
625
614
614
612
604
613
615
614
621
605
614
606
607
615
616
615
625
613
619
614
610
602
617
618
609
607
611
613
617
622
607
610
604
608
602
603
606
609
604
612
602
604
604
612
610
610
600
610
606
613
616
617
613
619
622
613
610
606
612
611
612
609
601
599
611
604
605
607
604
604
607
606
602
603
596
604
606
613
610
603
605
601
605
605
598
608
610
612
602
609
607
609
604
609
603
605
611
609
614
609
603
602
601
594
608
608
598
604
603
597
595
599
601
595
610
609
605
596
610
597
606
602
597
602
611
608
608
606
601
608
603
615
608
610
604
606
607
610
604
601
608
599
598
609
605
596
