604
602
598
613
606
602
607
610
607
608
614
612
612
608
603
604
612
608
613
606
612
609
609
619
605
607
604
621
596
601
608
607
607
603
611
610
594
599
610
617
604
607
608
605
606
611
605
610
606
601
602
604
607
612
611
603
609
609
616
610
605
609
593
605
606
604
601
613
605
612
604
615
611
602
607
608
603
613
605
596
604
604
599
609
606
611
618
593
609
603
605
611
597
600
599
613
603
608
600
613
599
602
599
600
595
607
601
600
609
608
602
609
602
607
596
600
605
605
610
608
604
605
603
603
603
599
602
605
607
608
601
609
600
602
606
610
606
605
594
612
596
605
606
617
611
615
603
616
604
612
601
608
605
602
613
605
605
603
602
597
605
601
598
604
608
604
606
596
609
597
606
600
596
616
599
608
599
607
599
604
603
610
611
610
604
608
607
605
605
606
609
601
609
606
606
620
605
603
608
603
598
612
604
603
600
608
608
601
606
608
599
610
601
598
605
607
604
606
613
605
609
602
610
604
598
608
606
603
604
604
600
605
602
606
607
601
603
610
601
606
602
601
601
601
607
608
604
608
601
610
608
605
610
605
603
596
608
600
598
610
604
602
607
606
593
604
606
607
606
606
616
602
613
617
612
616
599
609
611
609
611
606
622
622
618
610
602
610
612
610
603
603
612
613
612
615
604
616
603
609
623
610
603
607
617
606
609
617
625
605
618
610
610
619
602
616
613
601
612
627
626
621
635
626
628
617
621
620
623
626
614
607
632
627
629
614
622
632
630
630
621
621
629
624
614
634
640
632
620
626
636
627
629
625
647
638
634
640
638
647
638
649
658
653
649
647
648
652
653
634
656
650
657
673
646
669
663
648
678
669
687
680
676
684
666
677
707
672
693
670
671
700
682
706
677
713
710
727
719
690
707
726
742
737
710
752
726
756
740
720
742
752
758
743
748
751
778
804
808
794
811
770
823
799
784
825
865
835
879
854
870
837
869
893
897
941
927
919
958
929
974
973
1028
933
1041
1005
1000
1081
1054
1080
1071
1112
1062
1140
1140
1145
1190
1193
1203
1219
1257
1309
1263
1269
1333
1299
1347
1389
1363
1393
1448
1478
1557
1505
1515
1579
1620
1638
1649
1673
1715
1772
1794
1784
1913
1879
1821
1905
1984
1979
1982
2004
2131
2186
2195
2218
2238
2305
2376
2391
2401
2513
2572
2621
2645
2693
2693
2799
2881
2936
2819
2942
3080
2913
3006
3085
3291
3201
3263
3342
3504
3418
3528
3632
3638
3715
3739
3757
3878
3936
4098
4098
4089
4201
4216
4231
4480
4431
4517
4548
4627
4678
4711
4991
4937
4971
5059
5240
5194
5489
5303
5461
5664
5624
5804
5626
5925
5721
5950
6078
6146
6001
6296
6357
6338
6573
6788
6680
6879
6874
6742
6805
7191
7072
7005
7028
7335
7392
7358
7569
7508
7542
7593
7706
7672
7910
8040
8108
8020
8105
8135
8408
8585
8286
8444
8442
8355
8456
8614
8962
8829
8794
8876
8917
8926
8927
8924
9060
9331
9188
9083
9127
9264
9267
9333
9317
9560
9503
9420
9528
9310
9396
9600
9597
9592
9589
9410
9700
9528
9594
9730
9685
9582
9778
9833
9774
9715
9947
9833
9866
9850
9784
9974
9828
9826
9851
9742
9850
9732
9711
9828
9818
9786
9848
9771
9836
9682
9857
10134
10006
9775
9755
9800
9958
9818
9709
9631
9862
9820
9880
9667
9554
9617
9712
9699
9611
9683
9615
9397
9482
9464
9492
9493
9655
9564
9474
9549
9219
9200
9429
9346
9318
9184
9157
9160
9111
9077
9080
9181
9030
8858
9067
9050
8910
8897
9070
8979
8685
8986
8805
8921
8785
8643
8668
8636
8443
8643
8451
8554
8264
8524
8349
8211
8265
8230
8254
8059
7908
8036
7908
7935
8051
8016
7907
8052
7889
7769
7793
7913
7594
7540
7389
7427
7523
7215
7322
7204
7148
7159
7042
7101
7012
6959
6922
7006
6936
6914
7026
6873
6638
6687
6508
6556
6387
6419
6363
6426
6315
6048
6299
6239
6068
5995
6137
5979
5872
5865
5931
5831
5750
5822
5599
5761
5598
5599
5455
5402
5463
5320
5329
5286
5205
5128
5057
5026
5090
4832
4799
4906
4689
4664
4741
4752
4671
4490
4422
4542
4503
4350
4339
4371
4242
4287
4112
4145
4088
3861
3890
3905
3832
3806
3875
3746
3665
3585
3500
3512
3604
3512
3478
3581
3334
3325
3410
3304
3230
3227
3128
2995
3090
2985
3020
3033
3023
3046
2863
2828
2862
2825
2697
2695
2670
2769
2578
2710
2607
2466
2552
2438
2464
2361
2463
2419
2390
2320
2319
2235
2162
2342
2236
2186
2124
2193
2191
2102
2075
2037
1979
1970
1966
1901
1847
1970
1949
1849
1827
1838
1879
1821
1728
1813
1743
1799
1738
1710
1669
1764
1625
1708
1636
1613
1544
1642
1628
1558
1454
1496
1439
1422
1449
1465
1423
1386
1414
1416
1436
1341
1373
1365
1333
1301
1317
1324
1347
1309
1260
1271
1223
1335
1276
1183
1251
1222
1174
1173
1178
1177
1186
1132
1144
1186
1164
1164
1100
1065
1046
1092
1093
1066
1086
1107
1066
1076
1038
1047
1025
1013
1060
1006
1019
1028
1008
999
999
950
1031
1017
939
967
994
958
939
984
910
916
969
963
914
923
921
944
898
936
900
944
894
894
871
880
897
891
853
894
869
885
831
837
860
851
858
787
831
845
846
802
871
797
835
862
813
797
820
786
826
781
776
795
780
805
814
793
796
804
786
798
772
751
773
762
790
777
765
767
771
749
748
768
749
730
729
746
731
760
774
725
738
711
720
741
748
724
743
740
712
713
728
701
709
727
693
696
698
736
741
734
724
717
718
722
695
708
670
683
686
688
698
695
682
685
714
684
694
675
713
677
683
681
710
703
696
687
672
692
685
681
673
667
674
680
687
661
658
663
663
678
681
674
653
660
661
677
658
669
670
645
670
649
661
652
639
647
652
674
660
653
654
657
644
666
650
646
641
640
659
636
641
652
652
647
647
630
646
650
638
649
662
642
636
632
642
647
626
642
647
647
640
645
639
637
634
628
633
631
619
641
626
620
627
629
632
621
636
635
634
622
635
631
619
621
631
632
617
613
618
625
621
625
621
614
636
630
620
629
627
637
617
622
604
621
619
623
627
616
621
618
621
619
619
618
615
621
609
622
622
634
628
621
637
621
619
621
616
629
602
612
610
602
615
618
630
628
612
626
618
624
626
610
606
617
614
611
630
622
611
621
622
615
618
620
621
617
605
614
604
614
624
607
601
615
605
611
610
619
613
613
604
623
614
614
606
614
612
614
609
618
616
608
607
614
611
607
611
620
611
604
614
610
616
608
609
614
611
610
616
610
609
614
610
610
610
619
625
611
620
600
612
611
627
602
603
603
613
605
616
596
607
613
611
609
612
597
611
613
617
608
613
611
609
599
606
613
613
620
608
600
605
612
605
608
601
