612
604
608
611
616
613
635
613
607
611
618
607
611
613
601
614
619
606
610
595
613
603
610
607
611
607
617
607
602
607
617
620
603
616
600
610
607
609
605
612
611
607
603
601
611
616
606
614
593
608
608
613
610
597
615
616
613
607
615
611
612
609
613
611
612
611
600
613
598
619
614
614
613
609
612
614
610
597
595
608
610
606
612
603
608
612
605
607
615
621
606
614
611
603
613
609
596
612
613
605
609
594
604
602
600
605
608
608
603
611
603
620
595
596
607
606
608
608
602
603
604
605
601
597
612
614
601
598
605
607
613
606
605
608
610
601
604
606
605
608
603
602
609
601
612
606
608
604
604
603
613
595
613
603
605
610
603
605
615
604
606
608
603
603
610
604
611
602
612
612
612
602
609
610
610
611
608
597
609
608
618
606
604
614
613
605
606
618
609
606
607
611
602
609
602
601
608
602
610
604
614
601
613
621
608
612
608
601
604
615
609
618
606
605
607
615
600
601
612
602
614
610
602
604
615
615
616
607
601
605
607
610
615
612
610
607
609
611
621
615
617
611
613
609
611
619
618
609
610
616
624
611
608
622
622
613
615
611
617
623
616
610
620
614
605
605
614
605
616
606
605
609
602
614
614
623
616
607
612
609
627
601
610
611
610
614
626
629
617
615
613
623
613
619
625
621
625
621
617
628
627
620
621
621
640
620
612
636
622
619
624
623
630
623
627
630
635
628
637
625
622
623
644
635
633
632
630
618
630
634
636
644
634
642
646
636
647
642
637
634
639
651
655
652
652
644
649
659
647
641
654
636
654
654
647
662
649
679
646
658
659
658
655
649
671
697
658
680
660
690
681
662
676
677
694
689
695
690
719
708
689
725
718
699
726
709
710
728
719
719
730
741
732
729
742
777
761
789
749
770
781
753
768
810
779
779
801
795
823
827
797
824
839
886
830
835
889
898
846
896
907
903
940
900
933
975
973
964
942
990
991
1053
1001
1027
1073
1021
1071
1086
1104
1082
1111
1154
1165
1143
1178
1162
1264
1228
1255
1256
1300
1372
1354
1389
1354
1364
1440
1373
1449
1524
1542
1553
1581
1627
1638
1760
1639
1730
1757
1825
1904
1826
1866
1910
1988
2051
2123
2023
2208
2168
2165
2319
2273
2369
2362
2363
2428
2472
2592
2590
2599
2808
2756
2919
2948
2975
2991
3049
3182
3140
3218
3279
3379
3580
3515
3584
3649
3742
3697
3813
3920
3889
3906
4071
4291
4307
4258
4286
4453
4576
4633
4838
4802
5037
4959
5040
5177
5135
5393
5346
5510
5631
5589
5784
5796
5906
5909
6290
6190
6387
6547
6541
6725
6775
6918
7079
7074
7478
7150
7388
7519
7557
7623
7551
7929
7910
8100
8295
8209
8454
8588
8583
8896
8879
9052
9079
9235
9317
9420
9562
9734
9806
10158
9832
10000
9982
10068
10217
10317
10410
10489
10500
11088
10918
10974
11123
11152
11553
11514
11575
11887
11845
11943
12008
11833
12178
12024
12100
12203
12297
12463
12570
12463
12750
12661
12768
12741
12872
13212
13141
13284
12747
13226
13324
13389
13408
13513
13316
13433
13679
13506
13493
13491
13521
13510
13619
13325
13602
13590
13934
13667
13861
13407
13749
13928
13966
13925
14158
13775
14219
14134
14044
13917
13919
14065
14070
13949
13985
13736
14414
14099
14094
13869
14041
13934
14161
13974
13920
14281
14065
14141
14266
14119
13934
14172
14031
13877
14219
13748
13787
13851
13648
13708
13501
13362
13821
14187
13645
13787
13540
13405
13507
13690
13559
13639
13854
13570
13488
13599
13344
13297
13107
13249
12963
13117
13133
13066
13167
13185
12898
12824
12756
12937
12857
12642
12659
12900
12488
12928
12493
12585
12706
12407
12489
12429
12296
12413
12189
12053
11952
12166
11972
11962
11670
11828
11751
11552
11898
11615
11517
11513
11549
11511
11342
11340
11251
11152
11094
10949
11082
10732
10780
10567
10752
10764
10673
10295
10461
10340
10411
10104
10441
10117
9883
10107
9897
9950
9945
9591
9679
9500
9430
9367
9338
9489
9169
9110
9197
8843
8978
8792
8654
8974
8702
8575
8632
8473
8360
8483
8275
8107
8190
7868
8187
7827
7790
7732
7687
7568
7391
7363
7425
7464
7201
6923
7030
6960
6897
6756
6968
6653
6896
6726
6722
6530
6328
6432
6287
6185
6188
6183
6130
6026
6092
5940
5812
5744
5575
5550
5425
5373
5484
5204
5348
5193
5192
5051
5205
4970
5002
4906
4664
4743
4747
4600
4631
4592
4563
4477
4269
4284
4192
4412
4167
4186
4062
4147
4062
3882
3917
3800
3744
3704
3577
3723
3620
3581
3523
3490
3434
3451
3363
3323
3345
3230
3196
3251
3073
3036
3064
3031
3052
2964
2909
2845
2814
2780
2786
2690
2583
2619
2679
2624
2493
2488
2529
2362
2400
2464
2509
2399
2364
2345
2327
2320
2271
2378
2242
2128
2218
2146
2105
2034
2101
2066
2058
1966
1968
1907
2001
1908
1883
1878
1850
1902
1781
1808
1827
1780
1757
1700
1690
1708
1669
1671
1652
1604
1573
1654
1588
1609
1556
1530
1512
1508
1490
1501
1469
1441
1431
1463
1491
1406
1451
1380
1370
1398
1374
1326
1332
1318
1317
1311
1388
1338
1288
1303
1314
1268
1267
1193
1281
1267
1168
1236
1213
1188
1146
1164
1213
1163
1151
1134
1249
1219
1147
1112
1142
1109
1123
1121
1107
1064
1053
1053
993
1102
1047
997
1055
1030
1015
1022
992
998
1028
1027
1001
964
1025
968
989
972
1011
947
941
940
958
946
919
942
966
921
894
908
919
896
905
872
923
887
909
890
911
911
889
869
877
871
839
824
847
868
872
888
811
822
827
831
846
819
831
829
814
822
783
785
779
785
819
808
816
759
766
792
776
783
787
792
790
766
780
795
793
791
780
738
774
772
761
760
754
768
741
756
774
742
729
725
785
753
757
736
756
748
731
721
711
707
733
723
723
706
733
741
716
699
696
712
710
714
717
695
703
719
713
679
705
709
691
702
723
701
702
705
701
702
709
719
706
702
686
683
699
693
699
681
687
666
691
674
674
672
691
672
666
702
674
676
646
686
668
680
683
661
676
677
665
659
657
676
664
677
673
665
664
646
658
659
652
658
660
662
649
652
664
643
654
656
640
659
647
665
648
647
641
646
643
645
658
637
661
638
637
655
647
654
646
646
652
644
643
636
642
648
644
636
649
632
642
630
637
632
622
640
646
630
633
655
625
648
626
641
639
641
634
640
622
630
625
645
635
622
634
636
637
626
637
627
622
622
631
623
626
616
615
634
639
627
623
616
623
611
627
629
638
614
622
616
615
618
621
620
624
623
628
622
631
622
629
614
623
618
623
621
621
614
615
621
619
612
607
618
614
619
620
620
616
610
606
621
608
621
620
608
616
617
624
622
624
621
619
606
607
614
604
608
622
615
613
624
617
617
615
613
620
616
613
619
618
608
615
608
605
619
610
609
616
608
611
616
616
615
607
602
611
612
621
606
613
611
611
610
611
623
614
624
610
616
620
