620
614
608
617
609
603
601
602
608
622
609
604
617
613
606
608
621
618
605
605
610
608
609
613
616
608
610
613
609
614
611
609
612
605
613
614
604
612
611
603
611
608
614
613
616
604
612
605
603
607
608
608
596
606
595
606
607
612
612
601
609
616
610
610
605
612
605
605
605
616
606
619
608
602
606
614
609
608
610
611
616
607
613
611
601
603
610
606
614
612
611
608
610
604
606
605
605
612
612
611
610
605
610
604
610
624
604
608
612
605
611
601
604
610
612
616
603
600
614
608
613
601
606
599
605
606
609
610
606
614
603
612
606
603
616
614
610
610
607
615
606
610
606
617
617
605
605
603
613
608
611
596
606
604
598
608
604
609
604
606
603
615
609
607
611
609
610
606
615
600
606
616
607
605
606
607
606
612
610
605
608
606
595
598
604
609
607
613
611
615
612
604
605
614
602
602
608
607
617
607
604
614
613
613
608
611
613
609
603
606
617
611
610
611
609
612
612
604
610
605
618
622
619
619
610
611
620
618
607
614
626
611
611
602
610
615
613
611
612
610
614
612
613
621
620
618
608
611
606
616
613
607
610
620
622
618
609
616
620
608
617
612
615
612
618
607
623
618
627
615
622
610
622
596
623
604
630
610
616
627
628
616
600
627
619
635
615
640
616
625
612
641
620
615
629
629
626
631
626
632
636
614
632
649
618
629
627
635
628
630
619
631
637
626
631
634
624
639
654
642
658
636
633
644
641
641
645
652
634
631
635
664
637
652
657
629
642
652
667
655
660
652
660
657
661
656
655
654
685
673
682
670
655
671
681
679
669
679
685
702
704
662
690
690
676
700
704
694
711
708
707
695
707
714
690
703
724
711
720
742
737
718
730
727
751
769
760
737
762
767
758
767
758
766
778
773
785
793
825
849
807
803
822
862
832
866
847
848
877
883
890
885
882
901
911
940
919
947
957
948
953
986
1002
1012
1077
1023
1017
1003
1038
1056
1087
1157
1115
1153
1181
1168
1200
1224
1266
1264
1310
1264
1386
1286
1359
1352
1357
1441
1405
1465
1468
1534
1546
1578
1575
1633
1686
1802
1868
1697
1741
1844
1879
1804
1954
1869
1993
2089
2056
2012
2075
2256
2253
2316
2400
2435
2441
2485
2552
2614
2667
2661
2663
2777
2771
2759
2996
2957
3024
3064
3204
3239
3372
3414
3389
3580
3709
3744
3719
3859
4037
4086
4138
4100
4285
4399
4399
4368
4576
4599
4629
4871
4882
5172
4966
5105
5339
5374
5513
5634
5653
5978
5783
6083
6105
6040
6149
6328
6553
6745
6918
6822
6891
6978
7147
7259
7363
7645
7657
7879
7986
8069
8314
8253
8421
8646
8690
9213
8964
9219
9114
9458
9391
9625
9532
9747
9949
10052
10341
10294
10526
10694
10668
10882
10967
11296
11440
11611
11765
12157
12081
12327
12121
12527
12309
12645
12863
12662
13233
12994
13152
13522
13239
13784
13814
13954
14120
14115
14369
14456
14663
14696
14929
14976
14804
15010
15123
15126
15184
15384
15266
15286
15443
15847
15841
16041
16285
15993
16500
16342
16509
16583
16738
16986
16685
16920
16960
16931
16804
16846
16807
16829
17172
16894
17256
17169
17145
17327
17069
17233
17236
17320
17524
17473
17787
17511
17702
17753
17762
17933
17820
17734
17884
17879
17633
17659
17370
17434
17705
18052
17512
17575
17534
18039
17775
17997
17840
17801
17831
17708
17788
18156
17726
17838
17914
18084
17655
17607
17734
17555
17748
17468
17267
17474
17163
17492
17179
17455
17373
17543
17296
17140
17052
17341
17447
17275
17365
17012
16436
16911
16888
16709
17037
16787
16621
16740
16519
16689
16290
16416
16446
16024
16213
16403
16124
16300
16385
16049
16165
16075
15603
15864
15630
15870
15889
15692
15434
15264
15341
15315
15118
15104
14845
14909
15177
15039
14954
15009
14619
14920
14984
14867
14404
14656
14537
14295
14612
13814
13974
13741
13915
13915
13751
13365
13572
13267
13331
13219
13010
13386
12784
12955
12926
12854
12679
12520
12667
12312
12341
12091
12208
12059
12136
11775
11934
11724
11675
11614
11516
11565
11272
11238
11126
11228
11065
10895
10701
10818
10886
10611
10548
10428
10366
10163
10231
10041
9898
9827
9808
9768
9705
9554
9383
9368
9187
9037
9023
8885
8658
8866
8687
8550
8436
8767
8268
8386
8264
8091
7941
8093
7667
7886
7672
7533
7607
7433
7293
7170
7072
6894
7072
6630
6875
6732
6568
6656
6605
6427
6303
6258
6309
6120
6278
6017
5969
5956
5796
5705
5637
5783
5561
5471
5467
5242
5209
5304
5143
5290
5016
4975
4940
4667
4810
4777
4630
4519
4453
4527
4374
4373
4227
4224
4211
4213
4174
3929
4181
4043
4028
3878
3819
3745
3721
3717
3591
3726
3567
3559
3532
3444
3360
3201
3332
3247
3264
3169
3118
3116
3039
3063
3065
2974
2903
2977
2818
2805
2911
2660
2673
2718
2620
2673
2612
2694
2624
2553
2494
2468
2475
2425
2410
2382
2437
2332
2229
2287
2273
2194
2262
2203
2096
2120
2110
2138
2040
2076
1960
1942
1998
1995
1922
1805
1916
1854
1830
1883
1765
1794
1777
1719
1724
1692
1679
1681
1697
1712
1631
1676
1602
1643
1582
1600
1577
1526
1576
1482
1520
1556
1485
1497
1448
1489
1494
1440
1442
1353
1358
1390
1337
1349
1422
1339
1326
1374
1285
1324
1312
1231
1334
1303
1258
1241
1242
1219
1243
1220
1194
1206
1261
1136
1221
1189
1140
1211
1115
1135
1090
1162
1143
1083
1058
1080
1108
1079
1080
1064
1043
1126
1079
1093
1037
1057
1081
1009
1002
1023
993
980
1021
1015
1046
953
963
1016
983
986
972
991
988
948
944
950
947
935
948
904
909
947
934
906
928
908
905
885
874
854
893
891
891
857
883
840
841
850
833
871
860
864
820
846
815
835
860
827
821
814
808
834
797
816
831
810
818
811
784
811
783
823
780
760
811
770
791
809
766
767
765
752
779
770
764
757
776
770
767
793
763
742
745
749
736
773
750
745
731
740
747
762
728
757
751
716
724
710
735
742
708
707
719
723
711
717
705
697
715
705
697
721
700
723
698
687
693
714
700
706
704
698
709
674
706
705
709
700
687
713
671
666
680
687
684
689
665
691
691
675
672
685
679
682
661
673
666
656
662
677
657
676
645
677
669
667
662
657
666
665
682
649
660
668
648
642
654
644
661
658
641
675
649
641
658
668
659
644
638
643
652
667
658
637
654
649
650
649
677
639
653
640
651
650
661
631
646
647
648
659
662
638
653
647
638
630
647
630
656
627
627
636
628
620
654
649
632
623
632
624
639
630
636
642
648
638
639
629
638
647
635
634
616
629
625
644
620
634
637
622
621
616
631
641
621
635
627
625
638
613
631
629
627
621
629
620
627
650
632
631
629
631
622
603
628
619
613
611
622
618
618
629
616
636
618
615
627
627
626
614
621
628
617
612
633
612
616
618
606
602
623
610
598
623
619
630
618
618
618
600
617
614
619
612
616
618
612
617
616
607
614
604
609
619
607
623
608
624
611
602
609
605
618
616
