607
607
624
615
617
620
618
610
612
607
618
609
612
611
611
612
607
603
610
615
608
607
622
611
603
609
611
615
608
611
620
613
617
620
611
605
608
608
602
606
617
602
609
613
611
619
612
605
610
620
617
618
613
614
609
612
608
612
603
605
613
613
608
616
596
614
611
621
604
615
617
604
597
620
607
612
620
602
618
609
607
613
622
603
609
605
621
608
611
613
612
608
613
615
609
622
617
595
608
612
606
610
612
601
614
621
607
618
605
614
611
605
611
615
606
614
606
612
605
613
612
606
617
605
614
605
615
612
607
611
610
609
609
610
607
619
603
614
614
603
615
612
617
619
615
608
616
612
618
607
618
610
617
617
617
607
617
609
605
616
607
618
609
614
605
607
604
611
614
607
603
603
611
611
607
622
611
621
604
611
604
610
612
612
608
600
612
617
605
616
618
616
621
609
611
611
607
617
610
605
606
619
611
618
609
613
610
600
627
616
603
616
614
609
612
611
612
611
602
620
618
611
615
617
603
610
612
614
622
608
610
609
617
607
617
605
614
625
612
610
622
613
610
616
614
612
606
616
610
615
612
612
616
615
612
639
609
625
614
624
609
619
621
611
607
616
618
623
622
633
628
619
623
626
612
627
613
616
620
627
624
626
623
607
633
619
619
621
614
625
628
638
630
633
626
622
632
626
629
638
639
660
624
648
641
654
636
631
629
644
624
648
645
639
617
645
658
648
633
659
644
637
645
646
649
638
649
656
651
661
632
648
647
671
671
675
667
670
674
674
685
659
674
688
677
677
701
688
684
679
673
684
687
703
701
678
702
700
694
692
681
704
703
730
699
705
713
747
739
713
720
727
726
727
749
758
742
782
766
762
786
770
766
761
785
769
762
816
769
813
783
820
810
799
821
818
866
862
856
859
861
921
904
879
866
940
919
904
962
961
954
971
939
1000
1002
984
1022
1027
1059
1078
1017
1103
1101
1099
1113
1138
1110
1162
1149
1219
1200
1248
1211
1232
1345
1290
1250
1300
1372
1347
1372
1459
1472
1442
1499
1525
1589
1523
1608
1642
1687
1678
1703
1734
1799
1843
1902
1919
2015
1986
1990
2002
2139
2136
2121
2241
2229
2260
2321
2329
2493
2648
2523
2591
2719
2785
2732
2884
2928
2993
3002
3175
3213
3268
3408
3366
3370
3461
3515
3574
3718
3911
3790
3868
3936
4095
4041
4358
4434
4608
4629
4578
4684
4841
5039
5055
5142
5196
5309
5405
5456
5748
5751
5777
5905
6106
6324
6229
6341
6601
6704
6875
6902
7062
7127
7198
7342
7620
7472
7761
7769
8105
8027
8331
8393
8464
8769
8864
8943
9078
9539
9460
9955
9927
10058
10260
10360
10598
10807
10828
10872
11249
11213
11345
11617
11551
11937
11805
12256
12378
12462
12788
13039
13230
13440
13300
13561
13878
14314
14297
14393
14574
14680
14762
14761
14541
15223
15183
15473
15634
15771
15887
15937
16086
16297
16536
16902
16825
17225
17443
17268
17542
17715
17962
17975
18176
18420
18241
18190
18262
18210
18622
18674
18756
18796
19196
19030
19411
19359
19402
19667
19842
20135
19967
20060
20290
20169
20442
20611
20673
20087
20462
20439
20475
20622
20522
20549
20456
20441
20725
20588
20728
20792
20729
21157
21534
21350
21348
21048
21278
21265
21570
21620
21239
21393
21469
21252
20855
21352
21330
21227
21633
21369
21401
21640
21617
21327
21458
21668
21568
21574
21476
21527
21371
21464
21272
21427
21222
21266
21218
21122
21166
20929
20923
21030
21491
21075
21098
21036
21207
20820
20681
20622
20775
20723
20509
20826
20644
20469
20544
20700
19934
20336
20123
20330
20086
19748
20114
19763
20190
19857
19785
19771
19623
19494
19460
19597
19431
19520
19542
19059
19321
19130
19057
18977
18624
18614
18521
18746
18379
18539
18288
18347
18052
17837
17817
18076
18040
17968
17800
17691
17758
17859
17738
17297
17254
17560
17284
17194
16884
17112
16393
16619
16417
16530
16403
16032
16035
15882
15728
15833
15531
15629
15483
15630
15205
15071
15319
15205
14981
14733
14775
14733
14697
14640
14208
14380
14060
14019
13880
13793
13559
13721
13408
13261
13137
13393
13236
13024
13056
12662
12775
12855
12414
12419
12295
12127
12170
12087
11998
11819
11729
11486
11486
11197
11156
11039
10733
10747
10678
10579
10524
10535
10438
10156
10321
10027
9996
9885
9952
9651
9611
9462
9311
9375
9159
8732
8755
8800
8683
8675
8268
8280
8465
8202
8029
7990
7946
7861
7828
7715
7508
7589
7346
7231
7288
7265
7144
7079
6860
6629
6859
6562
6491
6678
6320
6335
6229
6026
6138
6029
6058
6026
5830
5735
5651
5702
5560
5469
5388
5401
5354
5271
5330
5210
5060
5081
5002
4774
4786
4633
4645
4665
4627
4470
4297
4401
4364
4291
4202
4150
4069
4040
3991
3928
4085
3806
3881
3761
3719
3624
3661
3554
3460
3547
3480
3497
3407
3431
3247
3250
3254
3308
3239
3113
3045
2969
2959
2924
2878
2910
2811
2766
2778
2684
2764
2712
2645
2668
2599
2588
2472
2569
2480
2369
2396
2376
2370
2299
2261
2323
2200
2243
2257
2161
2205
2113
2139
2092
2053
2143
2015
2125
1951
2073
1960
1969
1972
1881
1937
1895
1845
1859
1839
1870
1838
1820
1790
1720
1693
1689
1728
1715
1685
1695
1650
1646
1640
1655
1623
1548
1591
1527
1520
1525
1563
1591
1518
1531
1483
1411
1412
1474
1363
1415
1337
1407
1349
1379
1397
1384
1395
1285
1385
1305
1272
1315
1296
1247
1291
1286
1273
1223
1211
1217
1200
1248
1208
1192
1177
1240
1152
1211
1185
1094
1117
1161
1123
1146
1084
1138
1106
1140
1104
1104
1065
1036
1122
1063
1045
1030
1019
1016
1091
1046
1024
1018
942
971
982
1013
1008
977
1006
961
970
976
965
941
897
946
929
955
930
930
923
927
906
953
929
924
905
921
899
866
883
870
909
848
905
861
887
905
861
873
860
856
887
841
833
823
813
837
822
822
844
819
857
805
853
819
804
818
764
839
811
801
804
827
848
792
767
772
776
803
779
772
769
794
779
768
755
766
772
752
757
748
766
772
764
738
725
774
757
755
744
764
757
721
778
724
757
750
716
727
747
711
706
726
722
720
722
718
725
721
707
714
717
699
715
715
701
736
701
698
734
693
714
697
690
696
701
697
689
715
684
707
699
686
699
687
680
672
698
686
702
675
706
690
676
676
689
690
677
663
653
675
674
679
681
660
671
701
661
667
678
676
658
661
672
659
674
659
675
643
667
650
675
645
668
663
661
641
650
663
661
644
645
665
652
632
635
644
670
639
643
650
641
634
644
633
650
661
644
638
645
641
659
661
641
653
628
641
656
639
646
643
645
639
643
645
641
630
630
634
636
644
640
633
619
648
630
636
635
649
634
633
645
639
638
636
623
624
643
623
630
650
636
632
614
628
634
623
627
616
619
615
646
629
641
624
644
631
604
627
620
625
626
626
623
613
626
620
619
620
623
633
629
615
634
633
628
631
627
619
614
631
626
624
619
628
611
614
614
620
636
617
612
623
622
626
612
624
619
618
615
605
618
614
620
