623
612
620
614
628
623
623
616
627
606
624
606
615
615
619
614
615
620
612
617
616
616
614
617
618
613
614
624
607
617
616
618
620
611
622
612
621
607
609
626
605
622
630
618
618
610
616
613
610
626
623
618
611
612
618
615
622
619
616
602
624
628
623
616
607
620
620
621
619
621
628
597
613
620
611
614
607
613
613
614
611
619
613
613
612
606
609
611
608
613
614
619
620
612
615
618
616
614
606
615
609
618
613
616
619
609
616
604
615
610
617
623
626
598
610
607
604
617
614
603
619
611
614
622
620
619
614
606
611
619
620
612
620
617
608
619
602
627
621
622
626
615
608
623
607
611
606
608
620
610
617
605
611
611
612
619
621
619
621
618
614
606
621
608
621
613
609
621
601
607
615
622
609
620
617
614
608
630
620
605
624
616
628
631
614
614
629
618
612
626
615
611
612
616
622
614
624
616
623
615
609
615
620
610
608
618
615
613
621
623
618
613
610
615
613
606
614
617
611
618
615
621
631
615
621
616
614
614
613
621
621
612
622
613
614
628
619
624
619
620
611
621
619
613
620
621
621
615
627
625
620
614
623
628
628
618
631
628
634
628
626
613
640
626
624
621
623
629
628
628
636
647
632
634
643
628
624
613
628
634
640
634
641
638
639
642
651
641
627
660
629
647
641
636
635
635
636
650
641
650
633
637
656
632
641
640
630
654
644
659
644
656
653
640
646
634
667
655
674
668
674
663
671
662
650
673
665
661
684
676
659
666
692
688
674
700
680
685
693
675
690
684
695
694
696
715
702
687
699
712
737
700
707
758
706
717
712
717
706
729
750
757
748
766
744
748
757
754
771
760
755
761
774
795
776
789
799
785
796
809
781
793
825
830
815
865
797
840
872
855
821
886
883
907
923
897
913
907
870
951
939
960
1000
975
978
1007
1001
984
998
1018
1055
1040
1028
1047
1090
1083
1100
1132
1124
1143
1154
1196
1186
1195
1189
1281
1301
1250
1345
1327
1341
1372
1366
1378
1419
1440
1560
1490
1509
1514
1519
1623
1659
1636
1682
1691
1701
1766
1768
1830
1811
1848
1962
2057
2027
2029
2124
2106
2151
2298
2318
2360
2306
2382
2540
2523
2526
2557
2665
2699
2774
2807
2851
2940
2993
2985
3094
3232
3283
3366
3395
3539
3611
3715
3758
3852
3900
4001
4109
4147
4219
4083
4472
4420
4601
4656
4749
5013
5090
5051
5329
5456
5495
5493
5718
5780
6015
6003
6096
6147
6373
6591
6649
6727
6913
7023
6918
7365
7452
7508
7639
8120
7952
8059
8271
8436
8499
8682
8706
9038
9060
9530
9352
9525
9729
10115
10104
10217
10483
10792
10909
11227
11375
11752
11786
12195
12099
12440
12191
12729
12872
13062
13332
13214
13392
13718
14140
14160
14341
14540
14767
15056
15563
15346
15990
15994
16336
16349
16524
16558
16787
17237
17274
17521
17666
17656
18162
18185
18532
18349
18774
18830
19074
19313
19689
19492
20510
20455
20540
20730
20943
20827
21168
21406
21581
21654
21902
22063
22018
22406
22292
22287
22736
22519
22720
23005
23326
23463
23528
23801
23793
23880
23911
24375
24574
24425
24382
24719
24528
24728
24730
24704
24909
25079
24871
25036
25068
24532
24806
25401
25222
25586
25600
25708
25818
25792
25926
26086
25637
26033
26179
26244
26020
26153
26120
25974
25838
26253
25991
26380
26244
25884
26144
26097
26145
26068
26453
26247
26176
26470
26534
26219
26343
26438
26083
26183
25845
26169
25795
25963
25490
26039
25605
25676
25699
25907
25786
25647
25975
26067
25704
25769
25773
25738
25559
25290
25573
25263
25228
25189
24917
24727
25019
24893
24690
25007
24804
24640
24661
24640
24319
24518
24603
24646
24326
24166
24206
24311
24037
24122
23763
23309
23989
23689
23242
23248
23378
23387
23047
22987
22715
22359
22523
22361
22387
22239
22442
22591
21972
22043
22173
22250
21696
21599
21713
21539
21707
21311
21214
21241
20806
20560
20959
20400
20648
20511
20091
20067
19655
19859
19812
19867
19938
19250
19375
19293
19057
19006
18989
18822
18598
18546
18411
18482
18135
17719
17849
17641
17413
17378
17240
17262
16962
16782
16748
16740
16497
16696
16438
16268
16091
16221
15805
15797
16047
15473
15401
15217
15073
14804
14621
14547
14284
14539
14200
14039
14245
13694
14019
13420
13479
13406
13304
13450
13133
13109
13102
12702
12640
12510
12169
12326
11984
11913
11880
11734
11624
11357
11258
11093
10972
10866
10631
10771
10598
10361
10434
10184
10022
10005
9985
9697
9743
9624
9447
9324
9429
9189
9117
9072
8920
8663
8575
8720
8543
8409
8030
8066
7961
7846
7876
7830
7511
7572
7325
7472
7256
7101
7183
7118
7123
6922
6960
6654
6745
6637
6526
6549
6322
6367
6232
6168
6163
5943
5742
5886
5818
5544
5556
5522
5552
5329
5226
5269
5056
5146
4953
4990
5011
5043
4897
4739
4663
4538
4515
4421
4293
4321
4402
4325
4255
4318
4178
4059
4003
3952
3849
3826
3827
3793
3588
3747
3708
3544
3653
3594
3458
3475
3435
3354
3168
3211
3386
3261
3178
3250
3110
3136
3115
2965
2951
2913
2867
2823
2859
2789
2788
2748
2636
2682
2626
2597
2702
2509
2609
2583
2455
2432
2446
2467
2364
2402
2388
2393
2294
2295
2258
2215
2213
2139
2140
2117
2090
2075
2047
2017
1956
1969
1927
1947
1949
1941
1928
1837
1948
1943
1856
1878
1831
1791
1782
1772
1779
1812
1731
1681
1696
1708
1623
1666
1691
1646
1590
1632
1645
1517
1561
1572
1531
1542
1560
1510
1422
1499
1409
1430
1507
1447
1431
1390
1477
1429
1434
1393
1372
1391
1387
1321
1345
1299
1345
1310
1301
1272
1266
1229
1296
1264
1231
1236
1241
1194
1226
1260
1199
1194
1143
1185
1150
1145
1175
1180
1109
1104
1127
1120
1041
1069
1100
1088
1082
1094
1060
1054
1069
1054
1045
1058
1018
1082
1028
1027
1017
1046
999
1022
996
1020
1066
940
1012
959
958
1017
949
941
926
935
932
947
932
939
944
963
890
943
907
901
963
904
870
884
895
910
888
908
929
894
861
843
873
874
829
869
849
816
858
844
852
870
853
836
859
843
817
810
834
854
820
806
796
791
835
857
782
815
821
769
837
794
805
783
817
806
777
792
822
789
769
785
760
760
778
762
784
752
767
744
742
763
763
748
745
762
729
762
725
752
730
749
726
714
715
746
732
723
721
744
712
717
702
710
711
741
737
731
710
697
711
708
696
712
724
716
721
692
690
728
686
708
699
683
698
708
704
697
676
679
682
694
686
697
700
702
703
697
670
694
689
678
681
695
676
664
710
670
687
688
665
675
700
684
660
667
668
665
671
674
676
659
673
663
658
658
656
647
649
661
677
649
655
657
655
642
647
656
665
647
635
657
678
636
666
647
633
662
647
651
655
650
645
641
663
638
654
646
646
653
644
637
645
647
633
636
645
633
665
654
626
636
634
634
644
639
654
642
641
628
644
650
623
636
639
640
638
620
633
632
632
625
634
643
627
630
630
642
628
638
628
631
617
633
626
630
626
626
635
614
609
620
631
628
625
629
624
621
629
630
629
619
628
632
612
619
630
623
609
629
630
618
