619
625
612
613
620
614
605
608
609
608
619
609
612
619
618
627
615
619
622
606
627
622
611
614
621
617
619
620
619
609
625
623
615
627
620
609
618
617
604
612
625
621
613
611
612
611
617
613
615
622
622
609
623
623
611
621
619
609
614
620
612
615
621
619
620
617
616
613
607
612
610
632
611
618
616
639
619
610
619
612
617
617
612
619
620
607
615
604
625
610
618
614
620
613
627
621
617
624
609
614
608
609
618
614
617
620
615
617
604
609
602
618
621
628
610
614
607
620
612
621
611
618
620
617
629
621
609
619
615
627
623
620
612
610
617
621
607
612
611
608
616
615
613
622
610
609
613
619
614
612
616
619
615
607
628
618
619
622
605
625
611
615
615
613
619
603
619
611
629
613
619
628
614
614
607
611
621
611
611
619
623
621
616
620
618
605
617
620
616
617
619
625
608
621
606
622
613
615
612
622
615
607
609
614
616
611
620
608
621
619
614
625
608
622
607
627
619
635
637
619
624
619
620
629
623
622
620
612
619
619
613
618
622
618
628
624
621
629
617
621
614
619
619
634
623
611
606
625
622
616
627
623
627
627
630
621
630
647
618
638
616
631
636
648
623
642
630
630
636
643
642
619
652
638
629
643
634
642
633
636
637
629
632
646
614
639
632
640
649
632
651
632
650
642
632
660
661
644
642
639
660
664
659
666
669
643
662
671
670
673
665
642
655
661
655
671
669
660
698
668
690
689
680
675
673
696
688
689
685
678
692
683
667
702
693
703
678
699
704
713
724
716
691
723
692
710
742
722
730
713
726
719
763
741
732
752
734
754
775
788
750
787
751
771
775
788
765
772
794
843
809
805
819
833
800
848
839
829
860
870
807
852
860
889
910
864
860
865
922
910
908
962
893
925
938
944
1014
956
999
976
1027
1030
1057
1019
1004
1076
1053
1105
1067
1125
1074
1161
1148
1170
1098
1210
1258
1270
1229
1243
1283
1338
1295
1399
1397
1378
1384
1432
1455
1381
1493
1499
1545
1513
1499
1623
1686
1701
1675
1763
1812
1798
1830
1804
1881
1874
1988
1973
2023
2132
2114
2019
2134
2154
2229
2333
2328
2489
2568
2531
2514
2650
2727
2795
2822
2779
2919
3067
3007
3129
3135
3265
3480
3427
3592
3547
3595
3817
3845
3852
3999
4106
4130
4284
4381
4475
4586
4572
4680
4839
4893
5008
5003
5211
5435
5458
5579
5846
5734
6141
6008
6103
6248
6506
6609
6787
6763
7069
7120
7234
7387
7589
7572
7699
8103
8190
8162
8469
8573
8649
9092
9348
9578
9641
9573
9814
9979
10171
10231
10391
10630
10754
10995
11124
11350
11559
11703
11974
12309
12257
12695
13054
13186
13346
13383
13865
13970
14434
14137
14656
14737
15267
15291
15526
15697
15823
15804
16346
16801
16824
17235
17373
17497
17732
18243
18500
18599
18797
19325
19234
19881
19898
19935
20327
20536
20422
20718
21307
20747
21482
21431
21765
22055
22531
22611
23031
22939
23521
23721
23960
24039
24213
24565
24589
24980
24966
25399
25318
25637
25663
25382
25899
26382
25838
26575
26397
27154
26818
27577
27316
27419
27179
27840
28411
28079
27848
28377
28601
28497
28636
28427
28691
28588
28964
29110
28618
28636
29188
29064
29419
29463
29418
30003
29874
29672
30029
29995
30225
29784
30174
30378
30139
30200
30248
30653
30176
30127
30382
30027
29902
30287
29999
30046
30591
30441
30721
30329
30824
30678
30707
30785
30462
30618
30361
30417
30508
30171
30156
30230
30287
30194
30103
29841
29934
29704
30018
29940
30050
29739
30117
30017
30394
29997
29783
29663
29488
29676
29766
29458
28999
29212
29009
28872
29117
28490
28428
28915
28594
28649
28334
28669
28613
28688
28470
28383
28488
28189
28134
28119
28153
27689
27580
27690
27265
27890
27071
27245
26965
26588
26921
26853
26295
26498
26002
26252
25791
25929
26008
25928
25862
25857
25772
25862
25329
25299
25545
25438
25380
25107
24678
24184
24507
24055
23799
23899
23712
23480
23635
23425
23347
23222
22993
22736
22972
22788
22369
22391
22124
22201
22142
21903
21554
21613
21206
21211
21162
21146
20847
20588
20338
20317
20003
19713
19934
20176
19661
19799
19260
19414
19365
18895
18985
18820
18732
18554
18576
18083
17997
17897
17714
17336
17327
17043
16988
16728
16821
16611
16402
16322
16077
16061
15803
15927
15660
15581
15300
15073
15227
14789
14975
14498
14495
14132
14240
14038
13905
13664
13373
13185
13203
13013
12893
12626
12597
12502
12168
12220
12027
12011
12032
11720
11661
11659
11486
11272
11168
10943
10867
10645
10553
10486
10477
10261
10061
10048
9743
9935
9541
9550
9447
9263
9226
9126
9083
8957
8905
8623
8690
8382
8482
8079
8263
8001
7926
7867
7881
7610
7561
7535
7363
7284
7269
7104
7115
6889
6845
6802
6721
6631
6593
6443
6251
6293
6198
5961
5990
5981
5974
5866
5762
5707
5609
5580
5451
5540
5395
5162
5190
5140
5053
4818
4914
4913
4800
4714
4734
4689
4578
4529
4427
4305
4305
4328
4201
4207
4121
3990
4036
4076
3934
3943
3929
3760
3770
3832
3630
3582
3567
3473
3507
3428
3355
3269
3315
3273
3215
3241
3103
3127
3129
3040
2968
2841
2993
2881
2981
2956
2840
2834
2803
2810
2776
2701
2704
2583
2598
2605
2579
2444
2495
2444
2468
2464
2451
2382
2347
2364
2290
2256
2266
2217
2277
2123
2308
2193
2199
2098
2203
2062
1998
1964
2079
2091
2009
1965
1972
1898
1944
1928
1862
1848
1829
1756
1793
1801
1797
1805
1775
1746
1691
1710
1727
1642
1663
1711
1622
1619
1617
1649
1635
1625
1636
1601
1645
1521
1542
1486
1458
1478
1437
1425
1421
1355
1384
1472
1416
1427
1414
1361
1334
1327
1313
1300
1348
1368
1306
1292
1302
1307
1264
1248
1213
1260
1242
1240
1181
1222
1267
1232
1182
1174
1181
1150
1202
1121
1175
1176
1125
1080
1136
1121
1053
1052
1064
1105
1084
1162
1079
1064
1104
1069
1059
1094
1040
1005
1025
1028
992
1024
1015
1038
950
975
994
1006
981
1007
975
953
988
943
963
974
917
967
963
970
950
888
930
920
950
926
907
903
909
893
886
917
886
910
902
891
878
873
904
857
864
826
877
872
821
871
813
865
839
842
883
854
850
807
833
822
853
801
836
824
804
848
841
794
805
794
824
812
831
774
786
769
776
775
785
774
794
823
793
747
759
783
756
765
769
777
790
760
762
757
764
731
768
772
727
753
743
750
756
735
757
743
718
743
708
732
704
705
733
711
699
709
709
707
710
739
704
729
708
729
717
695
693
703
697
691
699
725
730
707
675
711
679
676
683
681
723
683
689
686
711
692
713
713
700
701
680
691
696
682
683
680
683
682
665
674
678
666
701
665
678
664
691
662
672
679
687
675
673
653
664
665
657
671
675
662
666
665
666
652
648
666
643
646
664
660
664
663
659
661
674
642
654
660
652
650
649
656
651
657
658
646
636
638
646
643
642
650
656
645
640
649
641
661
644
663
647
649
643
646
632
634
650
643
627
634
637
627
624
630
654
623
637
640
630
637
642
628
631
638
626
640
635
625
635
630
626
613
613
631
639
617
630
638
630
629
641
637
642
624
635
623
631
