615
616
629
621
629
615
611
631
623
621
622
617
620
622
613
616
620
606
622
618
620
620
602
612
613
613
618
609
619
624
625
613
623
624
620
627
620
610
614
624
620
611
621
608
620
618
625
612
617
625
619
619
605
612
613
621
622
616
622
611
621
621
615
621
614
619
619
626
625
622
616
614
615
613
612
623
621
630
602
610
620
607
611
611
612
618
607
618
613
616
609
615
620
627
623
610
614
618
613
615
610
619
618
625
614
620
603
610
603
622
616
616
623
624
620
630
616
616
612
611
619
621
635
623
618
614
619
625
617
614
614
624
621
609
614
614
611
605
615
623
608
616
616
614
621
619
621
623
611
602
619
613
619
617
616
616
612
607
613
615
629
615
610
613
620
606
608
603
617
614
619
621
618
607
611
607
621
614
609
617
625
613
606
630
621
616
620
623
629
615
607
623
612
615
621
619
614
616
623
616
626
618
624
619
612
616
609
607
627
626
616
616
616
626
613
628
607
614
620
619
618
610
613
623
609
630
621
630
618
617
623
627
612
625
631
627
629
627
623
634
627
616
626
638
619
624
641
621
630
637
628
636
625
624
634
627
630
630
631
633
628
630
625
630
632
632
629
636
632
640
635
643
646
633
648
649
647
637
634
645
636
622
639
637
649
653
640
650
638
640
647
636
651
667
645
645
650
656
642
651
663
637
667
661
664
651
642
657
662
655
655
653
646
652
670
666
669
688
682
684
664
657
658
665
700
680
667
674
678
697
694
682
689
698
681
689
710
715
708
713
722
705
717
742
713
689
721
735
719
734
734
717
744
742
728
715
748
745
760
776
757
743
772
744
796
761
800
754
791
766
789
809
821
794
793
792
820
828
853
828
812
844
848
857
860
902
907
906
907
901
921
915
922
917
895
988
966
925
994
1015
992
1058
1030
1020
1049
1046
1006
1096
1053
1038
1119
1117
1149
1150
1134
1160
1132
1191
1165
1233
1274
1244
1229
1258
1338
1335
1410
1355
1356
1425
1391
1454
1555
1487
1486
1534
1561
1616
1646
1653
1682
1773
1658
1804
1851
1892
1901
1935
2031
1987
2036
2109
2090
2192
2231
2226
2220
2304
2350
2453
2460
2551
2551
2648
2629
2750
2823
2785
3001
2933
3042
3128
3191
3170
3385
3442
3460
3639
3683
3830
3775
3859
3937
4110
4271
4284
4378
4318
4507
4689
4742
4799
4974
4922
5126
5341
5342
5533
5489
5514
5891
5868
5868
6208
6365
6500
6491
6860
6826
7014
7010
7299
7382
7389
7451
7969
8067
8047
8205
8340
8415
8621
8793
9267
9242
9276
9592
9687
9780
9955
10093
10499
10569
10586
10880
11175
11227
11619
11713
11768
12537
12232
12709
12758
13190
13096
13581
13786
13964
14103
14406
14529
14557
14826
15143
15378
15642
15520
16135
16381
16486
16551
17108
17311
17812
17788
18100
18294
18683
18864
19158
19128
19220
19407
19637
19840
20248
20190
20509
21219
20391
21246
21247
21633
21970
21962
22036
22579
22800
23012
23140
23462
23768
23836
23811
23987
24448
24599
25005
24856
24890
25051
25302
25500
25617
25672
26248
26054
26238
26096
26475
26875
27277
27498
27145
27352
27129
27438
27476
27662
27837
27652
27676
27715
27900
27813
28340
28464
28188
28425
28553
28535
28611
28732
28921
29243
28947
29358
28935
29379
29437
29209
29433
29269
29008
28919
28833
29522
29183
29504
29239
29229
29536
29500
29332
29592
29514
29274
29334
29799
29771
29179
29785
29338
29435
29651
28909
29189
28977
29560
28628
29224
28563
28831
29131
29241
29274
29155
28952
28986
28884
29193
28911
28977
29076
28995
28521
28388
28390
28618
28422
28309
27893
28482
27873
28168
27585
27704
27753
27264
27831
27420
27956
27695
27577
27108
27133
27280
26930
26658
26764
26661
26490
26343
26440
26128
26215
26047
25636
25855
25430
25662
25576
25428
25435
25091
25306
24666
24939
25174
24931
25289
24532
24946
24661
24290
24127
24100
23820
23708
23394
23667
23625
23393
22896
23189
22984
22561
22624
22409
22375
22386
22269
21891
22009
22073
21503
21664
21281
21272
21092
21046
21100
20507
20597
20473
20528
20177
20067
19964
19706
19705
19736
19463
19232
19079
18731
18939
18666
18730
18509
18383
18193
17983
17826
17665
17693
17564
17389
17605
16979
16782
16326
16368
16207
16016
16191
15943
15810
15963
15433
15272
15029
15126
15253
15231
14600
14733
14379
14668
14192
14023
13882
13616
13728
13410
12929
13043
12998
12727
12747
12702
12318
11987
12323
11780
11909
11911
11566
11457
11240
11148
10924
11054
10891
10888
10825
10674
10550
10362
10196
10084
9872
10020
9778
9604
9733
9158
9624
9044
9009
8808
8663
8977
8558
8598
8606
8302
8210
8155
8096
7957
7851
7764
7730
7652
7525
7466
7443
7352
7284
7107
7004
6808
6819
6905
6544
6571
6416
6449
6342
6145
6130
6139
6043
6061
5792
5844
5756
5650
5531
5453
5511
5361
5316
5156
5164
5161
4964
4946
4766
4724
4698
4791
4652
4649
4513
4506
4448
4217
4185
4327
4222
4069
4056
4141
4002
4015
3879
3974
3795
3766
3690
3733
3660
3645
3507
3537
3454
3433
3363
3342
3280
3285
3229
3159
3098
3124
3074
3064
3011
2920
2871
2884
2861
2864
2921
2775
2883
2755
2785
2609
2650
2607
2589
2518
2613
2511
2528
2419
2479
2450
2466
2282
2348
2299
2301
2216
2241
2245
2187
2259
2252
2115
2130
2114
2147
2060
2081
2005
2023
1999
1980
1953
1850
1900
1852
1805
1869
1791
1843
1867
1855
1768
1772
1729
1799
1716
1744
1739
1712
1704
1684
1612
1595
1567
1659
1598
1673
1630
1574
1536
1516
1510
1456
1502
1517
1486
1473
1414
1469
1430
1394
1438
1408
1393
1308
1331
1368
1376
1304
1312
1327
1315
1239
1287
1271
1309
1257
1334
1186
1213
1266
1247
1168
1228
1186
1199
1170
1193
1196
1203
1212
1153
1141
1158
1085
1108
1142
1038
1174
1088
1159
1093
1101
1144
1094
1048
1101
1052
1101
1018
1002
1042
996
1059
1007
1033
1002
997
1009
999
1001
1005
994
1017
976
949
917
955
964
964
955
964
971
948
922
948
954
913
935
944
905
913
945
919
862
897
875
907
904
881
866
869
863
872
868
877
850
874
882
849
851
889
873
850
842
840
819
865
806
840
840
829
792
806
816
822
814
804
792
796
780
820
813
790
778
772
775
785
800
798
782
762
779
780
779
748
749
740
744
764
745
742
767
772
776
731
752
732
740
754
746
737
729
754
732
727
763
745
737
741
737
754
713
732
749
704
713
718
707
726
689
696
701
697
707
723
699
719
701
705
701
709
693
713
697
699
689
694
697
676
705
687
730
695
703
688
713
706
684
667
675
684
672
699
665
685
685
702
651
697
656
679
666
693
675
677
670
680
666
670
658
654
682
665
686
665
658
659
668
667
653
683
673
664
665
646
653
647
661
659
668
667
664
666
669
669
671
661
639
665
678
658
642
656
637
653
651
650
649
636
642
639
643
646
640
651
644
646
651
649
648
656
640
632
640
638
640
645
647
659
634
629
639
650
658
629
630
637
647
642
627
645
634
633
640
633
630
630
634
632
639
637
630
617
620
620
637
633
624
628
618
631
632
629
632
621
620
647
