607
610
598
602
602
600
612
612
602
604
606
605
610
609
604
601
607
603
605
602
604
599
602
605
604
613
598
598
613
601
603
603
598
595
598
599
601
604
607
603
594
607
600
605
608
602
598
603
606
601
605
609
605
608
606
597
601
603
590
610
602
606
603
606
598
600
600
607
602
594
596
607
601
601
607
596
606
608
597
597
606
600
599
606
605
601
603
615
606
614
609
601
594
608
605
594
599
602
602
600
597
596
601
604
607
601
601
607
608
595
598
606
604
603
609
598
602
611
603
604
612
604
598
603
602
604
597
601
594
605
604
602
608
606
603
605
603
616
608
602
598
612
596
598
609
600
607
599
603
610
611
604
603
594
599
598
595
603
601
606
598
604
596
600
601
602
602
605
589
607
599
600
609
594
611
607
597
600
601
605
604
599
593
611
597
602
605
606
610
600
600
599
600
600
596
611
604
596
606
601
605
604
605
601
600
599
603
601
596
595
602
601
602
607
598
600
598
607
598
607
604
599
603
598
600
603
603
602
594
608
599
601
598
591
598
597
603
601
604
600
604
602
601
609
599
599
611
605
609
607
604
602
601
597
611
598
611
608
600
605
599
600
603
612
600
607
607
595
606
608
598
607
602
603
600
598
599
604
600
591
605
610
604
599
595
604
610
599
596
603
603
603
604
614
601
601
604
603
597
612
597
600
602
606
607
592
607
600
604
598
590
602
614
604
604
601
607
602
598
604
600
598
605
598
602
602
603
590
602
603
601
607
599
606
603
593
604
605
603
614
605
600
606
603
612
609
601
607
597
611
602
606
603
603
604
596
605
604
601
612
602
600
606
599
597
598
600
612
603
607
602
603
612
601
617
611
602
601
604
614
606
614
601
610
604
604
617
607
609
607
609
604
606
606
621
607
601
606
611
608
606
597
602
601
611
608
604
615
605
618
613
618
615
621
614
606
620
614
622
624
626
609
606
618
632
613
621
623
613
628
633
619
620
627
622
619
637
619
634
626
621
622
628
610
622
620
646
626
612
648
643
635
643
638
648
641
649
633
654
659
631
658
667
668
672
675
669
649
664
673
677
659
643
670
702
672
684
702
690
686
681
689
722
703
745
723
726
705
734
727
737
728
761
732
733
737
747
761
743
740
742
744
762
748
767
775
788
767
792
776
784
791
818
766
818
834
823
819
831
863
818
884
835
845
867
854
843
889
872
884
899
875
892
885
917
920
948
909
953
936
953
934
974
996
979
996
979
1011
1019
998
968
968
1026
1049
996
1062
1044
1079
1069
1078
1108
1103
1047
1121
1107
1118
1109
1108
1157
1090
1109
1163
1161
1167
1167
1170
1172
1214
1180
1213
1216
1215
1227
1273
1252
1220
1230
1229
1274
1239
1284
1292
1225
1286
1273
1268
1289
1352
1338
1253
1277
1314
1312
1304
1330
1360
1333
1313
1416
1355
1414
1342
1356
1295
1302
1365
1328
1343
1331
1389
1357
1302
1352
1425
1351
1374
1336
1387
1369
1337
1379
1337
1390
1434
1391
1322
1434
1343
1395
1415
1434
1385
1442
1392
1406
1420
1385
1340
1336
1369
1376
1420
1456
1428
1343
1337
1385
1404
1319
1384
1342
1370
1350
1390
1365
1359
1344
1427
1397
1371
1371
1367
1412
1399
1370
1311
1387
1326
1320
1360
1434
1435
1361
1410
1300
1316
1330
1329
1355
1358
1294
1305
1322
1270
1267
1326
1367
1316
1326
1333
1244
1316
1279
1314
1319
1331
1284
1288
1289
1217
1241
1289
1308
1220
1301
1203
1289
1304
1223
1219
1185
1268
1271
1228
1197
1244
1298
1206
1253
1171
1219
1215
1159
1260
1238
1160
1166
1147
1158
1170
1168
1186
1169
1185
1122
1162
1182
1209
1151
1149
1121
1111
1067
1121
1099
1107
1135
1149
1070
1085
1049
1047
1057
1090
1033
1042
1082
1082
1021
1058
1039
1019
1062
995
1032
997
975
1032
1045
1009
995
1012
1004
1026
986
1009
977
999
974
987
958
1007
980
937
1003
969
942
944
924
936
922
946
922
887
900
937
927
908
897
898
902
903
886
842
884
904
859
873
852
854
839
831
840
873
821
835
829
837
834
834
792
841
821
821
805
804
789
796
794
775
800
791
788
760
775
775
777
766
744
774
768
733
771
767
748
740
761
763
740
769
745
719
725
738
736
736
742
742
714
735
714
707
703
704
722
705
704
710
699
696
698
706
724
700
698
712
682
700
728
680
678
692
696
678
698
682
682
680
688
674
676
671
696
648
670
667
673
677
673
661
665
662
664
664
664
647
649
639
647
645
646
658
654
661
638
664
639
652
645
639
641
655
655
647
648
645
633
643
647
648
637
633
644
641
646
670
633
634
657
632
629
640
637
651
646
622
627
631
632
619
632
634
623
636
641
628
620
623
631
623
621
637
626
638
645
629
626
620
608
631
634
614
630
615
626
619
624
633
625
625
615
627
616
630
621
628
626
614
622
615
616
632
614
618
630
614
619
620
628
615
611
620
622
613
611
628
609
611
610
615
621
607
630
612
613
621
619
624
622
614
610
618
624
609
605
625
614
612
623
603
612
624
617
613
606
606
611
610
604
610
606
618
605
609
605
617
613
613
609
604
604
601
606
603
613
602
608
609
615
608
607
606
618
607
611
604
609
618
619
611
610
598
607
602
610
612
613
603
606
604
610
615
613
614
631
602
607
606
602
611
605
600
601
606
609
605
607
608
613
601
608
605
611
610
608
610
592
607
611
606
612
601
606
603
604
602
609
601
607
603
607
615
601
613
607
601
604
599
602
601
604
606
600
609
610
605
607
607
598
607
603
600
601
604
602
604
602
606
600
601
599
604
597
602
601
602
601
601
598
610
600
609
603
608
610
600
597
615
590
605
607
599
602
595
606
602
604
611
605
606
610
603
597
598
601
597
604
611
611
598
604
609
605
600
598
610
596
607
603
600
603
608
595
607
594
598
599
600
595
604
595
602
592
595
596
600
605
601
604
595
604
606
606
605
600
607
600
604
600
594
589
601
600
603
600
604
600
597
601
599
601
600
602
596
609
607
608
607
605
606
600
604
613
598
593
603
598
604
611
599
603
600
602
604
598
603
602
593
595
602
601
604
601
600
615
598
602
606
605
596
610
602
600
601
601
599
606
598
601
603
590
603
598
610
601
597
608
609
604
603
596
590
593
592
600
610
590
592
604
597
600
600
601
593
608
604
597
595
604
608
597
598
605
602
604
603
603
599
600
607
