601
602
606
607
603
601
599
598
599
602
601
604
601
592
608
602
596
599
601
600
605
598
599
605
599
603
603
612
606
600
603
609
598
603
605
600
602
602
599
609
604
597
601
607
596
607
602
604
611
598
604
596
595
597
594
597
595
594
608
596
598
602
603
598
600
601
594
601
601
601
603
599
601
614
594
603
601
602
599
595
597
598
598
596
604
600
603
609
596
598
596
598
600
600
600
597
598
602
597
601
598
602
593
601
602
598
598
604
596
609
602
590
596
601
593
603
600
600
600
606
599
605
597
595
600
595
588
615
606
601
611
607
597
602
602
600
600
599
602
603
597
602
597
602
596
600
611
600
598
602
604
604
598
602
603
602
598
588
600
595
598
590
601
594
600
603
602
598
601
588
602
596
597
595
585
607
597
598
600
598
600
596
591
600
597
602
602
600
604
596
600
603
604
603
603
597
591
601
601
603
599
595
607
606
597
596
603
602
592
596
599
598
592
597
596
601
590
597
600
590
603
595
594
604
595
598
600
597
601
597
592
603
599
601
594
595
598
597
600
597
606
605
601
598
597
599
599
604
595
611
597
601
595
602
595
602
600
609
609
598
602
592
590
594
596
602
598
595
598
594
605
604
593
600
597
594
596
598
600
597
604
602
603
601
592
605
594
597
600
599
604
604
601
603
594
594
597
591
604
610
596
600
606
597
599
599
601
602
595
604
603
604
594
600
600
606
600
601
597
604
597
596
595
600
603
608
596
596
592
601
603
595
590
597
599
598
597
593
602
602
596
600
597
601
607
594
599
601
597
599
597
603
597
602
595
600
598
596
605
591
596
606
610
592
598
607
596
603
598
600
603
606
594
601
597
595
600
596
600
596
597
600
605
590
597
596
597
604
602
598
605
600
598
597
593
600
597
598
604
599
601
596
597
601
599
591
593
593
598
595
602
595
594
601
600
597
597
608
594
606
604
605
605
601
604
600
605
600
600
593
598
607
601
608
600
596
608
602
600
604
601
595
596
592
599
594
599
597
605
597
597
600
595
598
593
603
604
598
604
599
598
605
592
597
602
597
606
598
586
595
588
602
601
599
594
604
594
607
597
603
598
596
603
602
600
601
602
595
603
609
592
595
614
605
598
599
599
598
596
596
598
600
599
596
596
605
600
598
605
607
594
604
604
598
604
596
602
598
604
593
601
597
600
604
598
600
601
597
604
599
595
600
601
601
595
598
593
602
596
594
599
595
599
597
607
603
600
589
594
593
605
598
598
601
602
597
600
600
613
602
611
601
604
597
594
601
597
596
599
599
598
599
600
592
603
598
597
603
601
595
594
597
598
601
591
599
604
598
603
599
600
597
597
599
591
601
598
603
601
597
605
591
594
596
598
600
598
603
605
596
608
597
601
594
606
591
603
598
600
606
594
596
595
598
598
605
605
593
604
606
599
603
597
602
595
596
602
602
595
595
601
595
605
598
593
598
599
594
596
604
594
598
604
606
601
594
597
594
602
604
593
602
606
601
614
601
602
605
600
589
603
598
600
599
597
600
600
594
600
600
595
603
596
600
614
606
601
601
598
603
591
598
595
599
598
600
605
595
598
598
593
599
603
597
595
608
608
596
605
605
596
594
595
600
599
603
605
595
603
599
602
595
594
601
601
602
598
596
598
602
601
599
597
594
600
598
603
598
595
597
596
605
600
606
600
606
595
597
598
600
599
592
603
596
596
597
600
589
598
593
601
605
594
608
594
598
611
601
601
596
593
593
593
594
591
602
599
603
604
606
597
597
598
599
603
599
599
601
599
600
597
602
599
596
604
595
606
598
598
602
607
606
617
606
603
599
601
598
594
597
590
597
603
595
595
598
597
602
598
591
594
594
599
593
604
602
604
596
610
603
601
606
593
599
598
602
595
601
600
603
606
601
602
603
601
598
598
603
599
595
592
592
594
592
600
595
599
596
602
601
595
604
608
602
601
604
606
596
600
599
604
603
604
590
607
600
600
597
599
589
601
595
597
597
603
605
596
604
604
601
597
600
597
602
597
594
598
600
598
605
603
597
597
589
602
598
584
597
591
598
599
610
595
603
606
602
609
602
600
600
597
600
603
605
601
600
596
598
602
596
601
595
595
597
607
599
597
602
597
600
596
596
603
603
595
604
594
605
603
609
606
598
593
602
605
593
601
597
604
605
600
600
601
596
601
596
598
597
596
599
599
608
601
594
603
605
598
596
597
596
593
594
601
600
609
602
604
601
598
597
603
596
591
596
595
603
602
601
603
601
599
597
600
603
604
598
596
596
593
594
598
600
595
599
593
601
600
597
597
605
596
599
596
605
593
602
602
598
611
593
602
602
603
609
598
605
609
601
605
601
603
600
598
588
600
608
605
602
597
603
604
595
597
601
599
601
591
591
599
607
599
604
608
601
597
602
595
599
597
600
600
600
610
598
606
607
598
603
606
602
599
605
599
601
597
596
598
592
593
606
601
597
594
601
597
602
598
599
598
594
601
603
598
603
601
603
598
600
597
602
602
587
598
598
602
602
594
604
604
602
601
597
593
599
591
601
601
601
602
599
600
601
595
605
603
601
605
589
602
601
600
602
607
597
593
601
599
595
598
605
596
602
595
598
601
597
598
598
597
606
602
603
604
604
600
598
598
607
595
611
599
595
611
591
592
604
603
598
597
588
605
602
606
597
603
594
603
601
604
600
596
603
595
597
597
598
601
591
598
594
597
594
596
596
600
603
596
592
596
599
597
608
593
601
592
597
600
596
599
600
605
591
599
597
598
605
598
600
601
595
606
604
606
606
598
607
592
592
600
589
594
594
606
602
593
602
601
597
601
596
593
600
600
609
599
605
607
610
599
597
600
596
602
597
595
602
601
595
601
590
597
592
602
600
592
600
591
600
596
597
601
598
597
603
594
608
596
600
599
596
598
597
595
599
597
595
603
603
606
604
599
605
604
598
594
601
595
598
593
594
598
606
595
598
594
595
599
604
593
598
598
593
599
593
594
598
595
601
598
602
603
604
596
600
604
605
602
604
597
606
