608
604
601
603
601
604
607
604
603
603
606
606
596
605
602
588
592
599
604
601
589
608
601
606
593
598
605
603
609
596
608
605
601
598
604
597
601
595
596
593
595
600
600
597
604
604
604
600
598
596
603
595
598
601
601
601
600
601
598
598
602
596
601
597
600
597
605
599
605
601
601
603
599
593
601
601
598
600
601
606
600
596
607
595
594
593
602
603
597
606
614
599
600
600
597
602
598
596
597
605
601
595
597
602
592
598
598
605
602
602
599
598
601
604
600
595
599
601
601
601
597
602
596
594
599
603
595
605
609
596
601
596
602
600
606
597
597
596
600
597
588
602
611
605
604
603
600
600
594
601
599
594
598
609
600
596
603
602
603
603
594
600
602
600
603
594
598
597
599
601
604
607
605
603
603
598
599
596
598
595
601
604
606
599
595
595
594
609
603
605
601
590
600
604
594
613
597
598
598
601
594
595
604
598
600
598
594
600
604
600
598
598
602
596
592
597
600
598
602
591
603
606
596
604
602
596
603
600
599
599
604
589
596
597
598
597
596
613
601
602
598
599
591
595
605
605
594
604
600
601
602
590
599
599
590
604
598
596
599
597
603
598
594
604
604
584
597
596
603
606
597
593
604
606
603
591
593
601
598
597
603
592
597
601
609
600
604
595
598
598
599
608
604
603
603
597
603
602
596
598
600
601
596
601
600
602
601
601
600
606
595
607
598
604
604
597
590
604
600
600
603
596
605
596
600
597
601
604
599
604
600
602
598
599
604
599
603
599
590
599
593
597
599
605
599
597
598
601
613
602
591
598
598
600
605
597
599
599
597
600
600
617
604
595
600
604
601
596
601
604
601
607
593
600
596
593
608
597
598
598
603
599
604
597
599
597
599
605
597
605
599
601
597
593
603
594
597
597
592
607
605
599
603
598
587
601
598
599
600
605
599
602
597
601
602
595
605
599
601
602
608
604
599
607
604
603
596
605
593
604
589
600
595
597
603
599
603
602
600
601
598
602
598
600
602
597
604
604
603
594
603
598
593
594
600
601
601
596
603
596
601
593
604
593
599
596
596
607
602
602
601
596
598
603
601
593
606
600
598
599
607
596
600
600
601
599
596
598
596
605
604
599
602
591
593
608
603
600
598
601
595
604
600
596
600
603
596
602
598
604
602
596
590
602
601
601
593
596
611
605
597
597
595
598
602
594
601
601
592
597
602
602
595
602
592
601
598
596
607
589
595
597
595
599
604
598
604
600
606
595
595
597
593
594
601
591
599
595
592
598
598
609
600
595
600
602
603
605
596
604
600
603
599
601
604
615
597
602
608
595
595
598
601
597
598
604
596
601
603
602
599
605
595
600
603
600
598
595
605
601
596
597
599
594
601
601
598
597
602
600
596
593
602
600
602
591
588
597
602
599
598
598
600
600
591
596
594
596
600
597
596
597
601
597
603
598
603
598
601
593
601
597
601
597
590
600
601
597
601
602
605
595
603
607
598
600
601
605
605
601
603
593
598
605
598
594
600
596
600
597
603
595
592
603
602
603
603
600
597
598
597
601
609
605
603
604
597
607
600
599
598
605
597
603
597
605
607
609
593
603
594
598
604
598
596
602
597
597
602
593
600
601
599
601
596
600
604
600
603
598
604
598
595
600
601
600
591
598
602
600
594
605
606
599
598
598
602
604
596
606
598
603
610
596
590
603
596
594
601
600
597
596
598
599
601
596
596
595
594
596
598
600
594
597
596
604
607
599
600
599
599
602
601
604
607
595
605
598
600
607
595
599
602
598
602
602
609
597
594
605
600
599
597
597
598
599
609
595
607
596
601
601
602
593
610
593
601
601
594
597
595
604
598
594
595
601
603
601
602
605
596
605
596
600
610
605
601
601
597
601
597
603
592
601
597
598
597
597
594
604
604
601
598
600
592
597
596
597
599
597
604
600
607
601
601
595
594
592
598
597
604
593
593
598
597
610
595
598
601
598
602
600
599
603
598
597
600
592
603
598
600
598
594
599
599
600
602
593
603
599
603
598
599
602
595
599
594
601
603
599
603
596
602
601
603
596
609
598
604
606
598
597
599
595
600
606
594
604
593
600
600
596
599
602
601
600
598
603
597
605
597
594
601
604
600
600
598
600
602
596
604
602
596
600
603
602
602
598
602
600
598
607
597
595
597
598
594
600
599
600
599
599
601
601
597
604
607
596
593
607
596
595
588
595
591
598
599
604
607
599
598
601
598
595
593
604
590
598
599
608
607
605
600
595
607
593
594
604
606
596
601
594
600
594
599
598
597
599
596
601
597
598
604
600
593
602
599
604
600
599
606
599
599
601
603
598
602
601
604
597
598
608
604
601
598
599
602
596
594
596
599
601
605
594
602
598
597
601
596
596
612
597
593
604
602
598
610
601
593
602
596
602
603
594
603
602
598
605
605
596
602
603
597
607
603
605
603
606
606
602
611
604
611
599
595
600
595
596
605
598
600
598
608
599
590
597
600
597
597
598
596
596
595
596
598
603
594
611
595
597
603
600
598
608
604
602
597
592
607
602
595
601
594
593
606
607
604
600
593
594
604
604
597
605
596
595
604
600
601
603
601
600
606
600
605
602
596
602
605
597
597
589
603
600
590
605
596
598
601
605
600
592
603
605
606
597
597
600
598
606
600
601
599
598
602
600
605
599
605
601
601
603
598
601
599
604
604
600
603
599
600
599
622
605
590
607
604
590
602
602
603
600
597
602
597
593
605
601
601
600
599
603
595
597
599
596
599
592
601
595
603
601
601
603
599
595
600
599
599
606
602
603
604
602
601
601
606
598
601
604
605
601
596
607
602
595
602
595
597
598
595
599
598
598
595
597
600
592
594
604
604
601
599
602
601
595
605
595
600
599
605
606
602
598
598
612
598
602
609
604
602
600
602
603
602
600
607
602
604
600
597
594
601
598
597
597
599
600
597
593
601
598
600
605
591
597
603
604
603
593
592
598
592
595
598
589
606
602
601
595
597
597
598
601
599
601
601
596
602
595
600
597
591
602
590
607
607
599
602
598
