607
600
613
612
606
600
610
604
598
601
609
607
599
601
605
595
608
602
614
611
598
611
623
611
617
607
622
626
622
612
634
610
629
609
617
602
612
609
605
609
606
610
609
613
616
614
624
616
629
609
609
606
602
604
603
596
605
602
604
605
599
600
601
603
593
598
604
596
602
600
600
598
601
603
600
601
598
602
607
606
603
595
603
598
593
605
609
611
599
588
599
613
612
604
606
605
600
607
603
603
598
597
609
593
601
605
607
601
602
598
607
594
604
592
597
605
595
604
604
599
599
603
610
606
607
601
601
608
599
597
606
599
601
607
603
603
600
594
605
598
600
600
594
602
601
593
594
601
599
613
606
602
602
605
597
603
606
589
602
605
603
601
605
597
600
597
601
604
604
598
602
599
610
602
600
605
594
593
605
597
605
598
609
604
602
594
595
598
605
597
594
597
601
600
598
598
601
599
599
597
604
604
604
609
596
604
597
601
603
602
606
594
602
605
603
603
597
604
601
594
602
603
591
599
601
593
603
605
596
595
602
598
598
599
601
600
597
591
595
598
607
604
601
607
601
591
604
604
602
600
600
595
603
604
606
602
597
604
600
592
603
601
601
601
609
598
603
604
609
604
596
599
602
588
594
598
592
598
605
602
600
599
598
608
598
590
597
597
604
595
597
597
601
590
601
604
599
598
601
598
601
598
599
604
597
595
596
603
599
595
604
609
603
599
597
602
594
603
595
603
604
595
601
589
598
607
596
597
602
596
598
597
595
599
597
597
599
593
603
603
595
591
598
604
594
597
595
602
605
598
598
601
602
602
607
600
595
601
597
608
597
594
603
604
599
599
595
602
596
602
594
604
602
601
601
596
597
599
601
597
600
602
602
597
599
602
602
601
603
598
601
597
598
602
602
587
602
610
609
597
597
603
607
597
608
603
593
602
597
597
604
601
600
605
597
597
602
595
598
591
596
597
597
601
603
596
600
603
603
596
598
599
603
599
603
601
600
600
604
599
598
605
601
605
597
607
597
601
595
606
608
598
602
605
600
607
596
598
607
605
604
601
606
603
601
600
592
596
595
608
605
590
590
606
596
607
600
603
602
597
603
598
601
598
605
600
604
598
604
604
601
594
594
602
610
602
598
606
601
598
601
594
605
594
600
603
599
603
605
603
610
602
608
600
602
606
606
598
599
594
589
598
601
599
598
600
597
602
599
611
597
598
608
599
601
599
606
601
607
601
608
599
599
600
613
602
599
597
593
599
601
603
603
597
609
603
600
598
610
592
609
600
594
605
605
604
595
603
595
601
589
600
608
589
603
606
599
598
598
598
599
602
600
604
598
596
600
600
590
595
598
600
598
601
597
607
588
598
598
598
600
601
601
601
602
593
602
607
600
603
595
603
601
599
601
607
602
600
605
602
599
599
602
608
596
595
593
601
603
600
600
599
597
597
597
595
594
600
596
601
602
595
602
598
599
606
601
599
598
599
602
602
599
589
602
595
596
597
605
601
600
597
595
604
599
597
604
600
599
601
597
598
593
598
598
598
601
597
604
598
602
597
603
600
597
603
599
597
599
601
600
601
604
601
597
600
601
604
596
597
599
603
604
600
597
607
603
602
596
599
607
602
596
602
600
600
602
602
601
606
598
598
608
605
594
605
600
600
599
602
603
591
604
609
600
606
591
601
597
598
594
604
605
613
600
600
602
595
594
593
595
606
602
604
595
605
604
592
600
609
605
603
602
606
600
606
598
603
603
598
613
597
612
598
600
606
607
599
602
595
598
596
606
597
599
604
595
594
603
599
597
596
593
603
594
604
606
599
593
598
598
600
602
598
593
598
600
595
600
598
603
597
604
601
596
595
596
597
611
599
600
595
587
601
607
600
595
602
609
608
599
597
604
599
599
598
607
593
603
604
601
606
603
595
607
600
610
602
597
598
605
600
598
607
596
605
604
597
601
596
597
595
597
597
598
605
604
596
600
593
585
598
603
603
594
597
601
599
598
604
605
607
595
596
600
598
601
594
602
598
597
602
598
596
602
607
609
598
597
603
601
600
597
605
609
599
604
606
600
602
592
600
603
596
588
599
601
596
612
599
607
596
601
609
607
600
604
606
602
601
599
600
586
596
595
595
609
602
600
595
603
598
599
599
606
595
600
594
602
614
598
600
594
600
603
592
604
601
599
596
602
597
604
598
600
599
604
599
598
601
600
600
605
600
593
592
602
599
600
600
597
607
598
605
600
608
603
604
597
600
585
601
599
595
611
601
600
607
602
605
601
607
595
599
594
601
599
600
596
595
604
594
606
597
607
593
600
604
599
604
603
597
604
605
611
602
600
602
602
602
601
604
611
598
603
611
604
600
601
602
599
612
608
609
600
602
595
604
606
600
601
600
598
602
598
602
602
603
598
601
596
606
605
603
602
606
592
599
596
602
603
603
602
611
594
601
601
605
603
605
598
595
607
604
600
605
595
598
603
601
607
607
604
601
603
600
599
601
597
600
598
606
603
601
600
606
602
600
597
596
604
598
608
604
608
609
600
604
602
601
605
599
598
600
600
593
595
600
604
600
603
596
599
610
596
600
601
610
603
596
593
597
606
598
606
607
602
601
598
604
600
597
600
604
604
605
603
605
615
607
595
601
603
590
607
602
603
599
594
601
598
593
602
595
594
599
599
603
606
599
598
600
600
591
603
598
598
596
595
598
601
602
602
602
601
603
611
597
601
603
600
600
602
605
602
599
603
598
600
601
594
601
593
599
600
599
592
597
600
601
597
602
602
599
603
602
601
600
594
595
597
604
600
601
608
602
598
598
598
592
607
604
595
599
601
595
596
595
597
601
606
601
595
602
603
592
590
598
598
597
608
597
606
598
604
596
600
602
601
601
607
600
596
590
605
605
598
598
596
595
600
604
602
597
604
594
602
600
597
597
598
595
602
602
601
604
588
609
604
600
606
606
593
597
606
596
609
607
591
602
603
604
605
603
598
601
597
602
603
597
600
594
600
595
606
612
592
595
590
602
600
602
600
602
600
598
611
602
596
604
