601
602
601
607
597
604
598
601
605
604
594
606
603
612
602
597
603
601
606
597
602
603
598
605
597
595
598
595
607
606
602
604
606
599
603
604
610
602
604
608
602
600
601
598
610
602
608
603
586
603
597
602
596
593
604
607
596
599
598
605
604
598
615
603
602
611
595
584
602
604
603
611
599
609
604
605
600
596
603
601
606
601
605
603
602
607
598
602
597
603
598
599
597
596
610
604
605
598
599
601
597
598
599
591
601
599
596
594
602
601
598
604
599
596
597
598
591
600
602
605
602
601
604
597
599
598
592
594
601
604
597
612
598
597
602
601
611
607
599
601
603
607
599
598
599
601
600
597
604
596
601
610
601
595
603
598
597
603
606
597
595
595
599
600
594
593
594
595
601
599
597
601
599
598
613
603
599
604
598
592
601
599
599
603
598
595
593
594
603
606
598
596
600
598
599
599
596
609
602
592
602
608
593
605
597
600
603
601
596
603
600
596
597
605
602
598
607
601
606
596
602
598
606
602
595
604
597
597
611
605
601
592
606
604
595
599
606
598
602
605
605
590
605
599
597
601
597
594
606
600
599
607
603
606
598
612
596
601
602
611
599
605
605
606
602
610
599
599
601
600
595
608
602
597
602
597
600
610
592
599
604
601
608
607
599
604
604
594
609
604
606
608
602
602
604
599
602
601
603
599
601
599
605
597
600
607
608
601
611
601
597
600
605
597
598
608
611
598
607
603
600
601
608
605
616
610
606
601
617
603
610
611
607
607
617
610
609
622
611
616
613
618
614
605
616
608
622
613
611
610
592
611
608
619
604
607
611
619
621
614
621
623
620
620
630
636
628
617
631
636
624
639
630
639
642
648
642
638
636
650
661
651
652
646
663
640
656
664
666
664
653
673
683
671
686
688
708
711
712
712
709
691
683
719
728
726
746
749
749
761
776
746
768
768
791
772
816
846
844
850
841
828
900
907
895
909
919
921
901
937
981
994
981
1018
1013
1053
1059
1112
1149
1097
1149
1195
1193
1217
1247
1262
1300
1215
1276
1370
1434
1403
1460
1484
1474
1479
1536
1579
1554
1656
1660
1702
1615
1734
1668
1714
1791
1810
1789
1748
1844
1950
1840
1866
1880
2018
1900
1990
2052
2012
2026
2029
2007
2117
2057
2000
2088
2114
2058
2055
2077
2039
2056
2074
2076
2083
2164
2074
2035
2022
2134
2046
2064
2025
1972
1968
1967
1949
1888
1877
1867
1865
1819
1879
1870
1723
1831
1729
1641
1744
1718
1669
1677
1609
1544
1557
1615
1587
1527
1518
1529
1543
1406
1441
1463
1406
1357
1423
1333
1402
1269
1301
1262
1225
1252
1260
1190
1209
1206
1228
1209
1168
1171
1129
1151
1140
1146
1062
1063
1096
1083
1063
997
1080
1046
1008
1067
1050
1021
1043
1015
990
966
941
1015
972
1013
944
1017
954
955
949
948
919
941
935
875
927
892
871
888
899
878
917
902
873
884
862
852
831
847
819
878
854
845
835
839
851
842
825
838
812
788
807
803
796
820
789
812
767
768
782
781
773
791
790
791
763
800
749
763
778
760
723
738
765
762
749
771
773
747
737
762
717
752
749
742
714
758
744
734
701
713
731
699
709
736
711
699
730
705
738
682
698
699
694
706
702
703
692
695
678
684
674
696
690
688
689
690
681
679
699
694
659
657
680
671
679
684
699
682
689
670
675
661
667
662
666
664
660
660
662
689
667
655
648
662
651
659
666
648
662
655
657
646
654
661
652
665
658
646
646
653
648
639
649
639
642
636
643
646
634
646
634
648
633
625
645
655
653
640
642
630
649
629
638
640
623
646
637
643
639
648
634
638
635
621
633
640
635
632
637
629
635
631
637
634
639
637
640
622
620
619
633
631
628
627
631
623
631
619
615
631
623
623
631
629
628
619
624
612
631
619
618
618
620
621
610
621
615
616
618
625
621
624
616
608
612
622
625
625
616
625
622
617
615
622
620
619
624
625
615
623
630
605
623
608
608
624
611
623
626
614
619
619
620
611
605
610
611
622
612
599
609
615
610
612
616
615
608
604
606
607
614
611
616
604
611
618
620
621
610
611
604
614
603
618
614
618
609
615
610
620
614
612
614
620
615
607
611
603
610
608
597
611
606
608
612
605
616
604
606
606
612
610
608
605
610
613
604
604
598
609
610
601
619
605
602
610
612
606
606
602
606
600
606
612
616
598
610
612
603
606
603
611
611
612
612
617
611
611
608
610
607
607
604
597
601
602
606
607
596
600
607
612
594
602
610
600
614
602
610
606
604
615
593
610
605
602
604
609
605
608
605
599
607
602
606
602
608
597
603
607
604
607
604
605
614
608
605
602
606
605
603
604
604
605
597
607
611
598
599
611
603
600
597
598
612
605
602
600
604
603
598
602
600
603
606
598
603
596
599
602
613
598
602
607
602
604
604
598
595
611
606
601
605
601
598
602
606
598
602
597
610
606
606
607
601
608
600
599
593
608
603
590
605
604
603
608
612
603
600
601
593
599
599
603
597
602
595
612
601
597
601
601
599
599
601
599
593
594
603
607
598
595
597
597
608
585
610
598
602
597
598
600
600
601
596
596
601
607
604
602
601
603
597
599
611
602
596
602
604
604
603
605
610
607
598
607
596
606
605
600
600
604
594
600
600
603
608
607
604
613
599
600
611
595
601
596
602
606
598
598
608
608
593
614
604
606
603
598
604
600
605
604
606
608
606
606
594
599
601
602
603
593
598
602
598
598
611
599
613
605
604
598
603
609
596
606
603
604
603
597
605
607
599
603
603
595
597
608
591
603
597
598
611
595
605
604
599
604
611
593
599
596
605
605
601
597
605
598
597
602
606
597
606
597
599
602
598
604
596
601
595
599
602
601
603
602
607
605
604
603
596
604
602
605
605
607
609
606
607
598
599
607
602
608
607
609
607
599
603
602
603
603
602
602
606
610
601
596
601
596
604
603
603
611
599
592
598
604
604
604
597
596
601
601
609
605
607
597
602
595
602
596
600
592
610
604
602
598
602
603
605
598
598
594
594
597
599
598
612
600
604
600
596
603
599
601
604
603
600
601
595
597
602
599
596
606
593
607
603
602
606
604
607
599
608
590
603
609
599
603
603
612
604
600
596
599
596
606
602
602
596
594
599
605
604
603
599
