602
603
610
610
594
603
601
600
597
609
596
603
604
603
606
603
595
599
596
598
606
595
595
598
602
597
601
601
598
596
602
605
600
608
601
602
599
606
604
601
602
597
600
604
598
601
599
605
604
597
601
601
608
596
605
600
604
602
599
611
603
599
602
600
602
605
593
597
602
601
605
604
599
606
600
601
604
598
595
607
612
609
601
600
604
602
600
602
596
601
602
607
604
601
597
603
597
599
599
597
603
605
597
592
597
602
603
597
590
604
601
601
600
600
600
600
594
591
606
601
604
599
604
595
602
598
602
593
605
597
605
605
600
598
599
599
604
606
597
601
611
603
597
603
603
595
600
601
605
604
604
601
607
606
600
598
604
606
602
594
606
601
596
601
606
607
599
603
603
597
599
605
601
603
603
595
599
602
601
609
601
604
609
600
592
597
595
603
601
596
596
592
593
600
595
607
607
598
597
607
594
603
607
601
606
598
600
610
599
600
610
607
604
600
590
598
605
598
600
603
609
596
601
594
601
606
598
603
604
595
600
598
598
599
599
606
602
599
606
611
593
595
601
595
605
593
606
606
601
601
603
597
608
602
602
598
597
600
608
594
602
609
602
596
596
594
599
607
602
592
605
612
592
596
604
599
603
616
612
604
602
602
597
612
606
600
600
610
596
600
597
602
602
592
609
609
599
597
600
607
609
606
607
607
601
598
606
604
613
597
605
598
606
607
613
607
610
607
605
605
603
603
608
612
602
612
606
604
607
602
597
605
601
613
614
610
613
604
608
611
604
610
617
613
607
609
606
605
633
608
602
609
618
620
610
615
620
627
611
623
625
629
625
618
628
623
623
638
643
633
632
637
628
636
639
651
635
654
643
645
654
646
652
656
659
680
694
666
678
684
671
669
703
709
683
715
707
706
693
733
731
718
747
717
713
752
747
757
757
771
789
795
814
783
835
820
822
839
865
863
866
882
876
915
916
923
874
1037
973
1005
994
1053
1022
1068
1090
1077
1153
1106
1134
1159
1182
1233
1273
1262
1261
1339
1359
1340
1401
1460
1358
1522
1462
1589
1525
1591
1579
1633
1657
1679
1650
1754
1658
1714
1808
1812
1865
1827
1830
1788
1860
1980
1967
1922
1978
2008
1964
1999
2022
2075
2048
2070
2134
1968
1962
2066
2068
2057
2056
2019
2042
2032
2044
2036
2044
2114
2074
2063
1982
2090
1988
1971
1984
1990
1978
1952
2035
1881
1981
1857
1845
1788
1895
1820
1873
1800
1792
1818
1687
1777
1609
1675
1728
1677
1673
1620
1560
1549
1540
1502
1500
1503
1481
1496
1442
1392
1443
1371
1368
1380
1318
1318
1270
1329
1293
1254
1269
1243
1300
1234
1261
1227
1201
1229
1206
1163
1194
1145
1117
1157
1140
1180
1136
1082
1100
1143
1071
1060
1106
1070
1072
1062
1017
1017
1059
1053
1044
960
987
1024
963
959
921
956
971
976
974
931
958
906
930
872
900
875
914
899
881
937
892
884
907
928
909
905
879
830
877
845
866
861
853
840
845
857
840
834
834
825
810
872
815
810
796
801
799
785
799
807
817
793
759
793
769
775
801
778
783
762
731
778
777
764
754
765
772
741
766
748
740
738
733
740
719
721
736
728
717
746
719
724
721
720
719
734
718
719
685
732
702
705
696
705
704
723
684
707
710
694
697
702
690
682
681
696
685
696
679
670
697
683
690
654
683
688
682
669
678
683
654
662
656
684
684
673
656
673
661
656
677
658
679
657
657
659
662
652
679
649
665
652
665
650
657
644
644
665
662
662
643
659
655
654
628
646
646
659
648
620
645
647
649
627
646
649
639
643
643
632
655
631
645
643
669
640
638
632
629
633
628
623
640
614
644
633
634
629
633
627
636
629
637
640
633
638
642
633
624
616
637
625
634
635
639
620
616
625
630
632
641
636
622
632
613
614
622
618
619
612
615
621
609
616
630
604
614
635
625
622
630
616
610
620
623
619
610
608
621
621
623
601
615
619
618
619
613
619
626
613
616
611
627
613
622
615
618
613
610
613
623
620
612
627
623
619
616
612
614
606
614
620
606
617
610
615
614
611
617
613
611
612
622
611
613
612
618
613
611
613
615
616
616
607
609
623
614
609
601
608
603
601
612
617
601
617
605
613
604
618
605
605
609
616
612
611
607
613
609
599
622
608
606
623
612
604
621
601
608
612
616
610
599
609
601
605
616
602
606
605
612
613
611
611
599
616
604
609
617
603
598
620
596
603
610
604
608
599
607
616
604
602
600
602
613
603
591
606
610
596
601
610
595
610
606
610
604
601
602
607
603
602
612
606
600
605
610
602
607
601
605
597
601
611
607
620
610
604
612
593
598
611
606
605
598
606
609
603
599
608
604
596
601
610
604
596
600
601
602
604
609
603
606
615
601
598
601
603
601
607
610
598
607
603
605
600
601
610
602
601
608
604
607
605
606
618
597
619
596
609
606
605
599
596
603
596
605
613
605
597
602
605
598
600
607
606
598
596
603
591
596
605
603
608
603
598
614
602
601
610
596
598
608
604
597
601
600
607
603
603
598
603
599
603
612
595
600
606
607
606
607
589
597
603
602
597
593
598
596
601
600
601
603
604
609
597
605
601
589
601
603
602
612
597
604
601
604
603
615
591
600
602
603
604
596
604
606
607
602
602
601
609
607
596
605
600
601
603
600
601
598
598
609
601
604
611
606
603
601
607
600
603
598
595
594
597
601
604
601
598
605
608
607
610
601
599
602
605
599
594
596
609
591
596
597
604
598
605
601
612
603
603
601
592
600
600
611
604
604
595
606
596
602
597
596
603
600
595
601
597
596
606
592
598
594
602
601
599
595
594
598
597
601
603
600
602
605
593
601
600
594
601
600
601
607
594
603
595
596
602
608
603
602
597
598
606
598
615
609
601
600
602
609
603
597
603
602
600
600
603
599
609
603
597
597
597
604
596
593
605
606
597
605
599
599
601
598
595
603
601
596
597
600
600
607
604
600
609
598
609
602
603
603
600
589
601
604
597
598
597
602
595
595
606
598
594
602
602
608
602
593
603
602
597
608
606
603
605
607
601
598
601
597
597
601
602
599
606
602
593
600
600
605
597
607
598
606
604
602
607
600
602
605
606
603
604
599
600
596
605
597
592
594
612
597
592
600
598
599
600
597
607
