602
614
606
604
605
603
598
611
606
602
602
612
611
607
600
602
596
601
606
599
590
608
607
599
596
606
609
611
599
600
597
602
600
598
602
603
599
596
597
595
597
602
599
610
602
607
599
601
601
597
609
597
603
608
604
611
603
600
592
604
603
601
597
600
597
597
594
598
595
605
604
599
606
600
600
607
599
601
601
600
594
590
598
609
595
601
603
589
606
600
597
594
606
596
604
606
596
597
602
602
603
596
609
605
601
596
598
602
605
609
598
605
601
614
596
601
597
602
597
605
593
611
599
606
600
593
595
598
602
602
599
602
607
602
602
594
601
601
605
605
603
602
607
603
596
605
605
595
604
593
602
604
595
612
602
608
607
600
599
601
593
593
605
594
598
602
603
598
600
605
598
605
602
595
600
600
597
601
603
606
602
599
599
598
600
603
602
609
605
599
605
596
605
587
601
610
594
600
600
605
601
594
604
598
606
587
596
599
591
604
608
601
608
612
599
604
601
598
597
599
604
601
597
603
608
602
603
603
604
601
601
595
594
602
599
605
601
607
598
596
601
606
611
597
597
598
601
602
600
598
611
596
601
597
596
605
599
601
602
607
603
592
603
606
597
611
606
606
599
600
596
600
600
596
603
607
600
603
608
599
607
611
607
600
605
604
606
604
606
600
602
604
612
596
597
602
607
608
606
612
612
617
602
605
604
604
618
614
603
607
603
599
613
611
603
611
614
612
603
605
620
612
624
605
606
620
623
620
619
624
616
619
625
624
613
618
627
624
621
614
615
613
623
623
647
648
637
624
627
639
640
627
635
638
638
626
633
640
636
626
634
631
659
625
646
653
648
670
685
675
676
675
691
687
696
686
693
703
688
697
702
694
723
731
729
713
700
714
723
716
752
738
749
771
769
769
783
846
814
818
859
832
879
848
856
872
869
914
877
955
947
950
969
985
983
1081
1021
1067
1143
1133
1125
1165
1134
1152
1274
1239
1271
1329
1330
1315
1409
1382
1437
1516
1538
1610
1541
1712
1738
1762
1694
1800
1841
1878
1955
2000
2070
2030
2142
2150
2220
2288
2379
2369
2468
2587
2697
2614
2768
2738
2807
2806
2910
3023
2974
3051
3131
3186
3133
3102
3303
3239
3352
3361
3433
3470
3603
3559
3601
3605
3673
3743
3872
3679
3714
3668
3875
3753
3758
3727
3774
3821
3756
3778
3648
3752
3703
3694
3704
3620
3597
3672
3521
3654
3604
3562
3500
3524
3440
3251
3405
3284
3206
3226
3132
3095
3079
3027
3093
2857
2843
2883
2862
2800
2735
2697
2712
2609
2654
2707
2450
2439
2336
2441
2298
2289
2182
2284
2219
2229
2251
2165
2021
1991
2083
2079
1974
2016
1848
1886
1858
1850
1794
1783
1803
1720
1664
1695
1618
1584
1636
1612
1547
1561
1622
1592
1628
1568
1489
1487
1508
1437
1517
1423
1441
1348
1384
1402
1364
1367
1332
1333
1337
1353
1342
1316
1270
1277
1335
1262
1273
1255
1221
1173
1191
1246
1179
1150
1178
1140
1110
1116
1136
1102
1156
1113
1130
1128
1093
1066
1069
1106
1058
1031
1064
1054
1077
1067
1033
1011
1023
1040
1001
984
1009
947
944
971
971
926
969
972
939
955
937
914
964
975
939
901
900
901
903
929
908
852
873
842
859
890
864
830
881
875
875
811
850
831
870
834
824
845
848
800
806
824
802
830
812
796
822
798
765
769
797
796
768
777
780
789
765
783
789
757
761
774
768
750
773
765
758
791
742
732
743
714
740
741
735
762
722
743
744
731
715
705
735
716
700
692
712
705
719
689
724
707
696
687
701
685
704
693
711
720
720
701
710
704
705
715
697
697
705
662
697
682
723
679
696
701
682
667
679
681
681
677
676
690
678
667
665
670
643
662
683
681
676
673
666
660
677
649
653
655
676
655
663
667
651
657
651
667
661
653
654
666
654
658
656
643
661
652
647
657
648
649
641
642
642
638
669
648
650
654
647
646
644
636
632
666
640
642
636
652
637
639
632
654
650
633
637
645
654
632
653
636
641
634
635
647
641
628
629
647
632
629
621
650
633
645
618
627
629
648
629
643
633
626
640
638
634
630
626
617
618
631
628
634
632
639
627
607
625
638
635
630
621
628
641
634
625
619
625
623
624
626
630
626
632
619
611
615
636
625
614
625
622
611
620
618
615
627
625
609
606
612
618
619
616
619
624
628
621
614
608
618
618
608
616
611
613
624
618
619
613
609
622
622
610
620
610
619
622
619
618
609
611
623
620
619
615
619
615
618
612
621
614
616
608
614
609
610
616
610
613
607
600
615
611
605
613
612
623
615
620
622
605
607
607
612
616
611
610
602
618
609
625
609
611
615
612
603
617
609
617
599
610
606
609
618
605
607
617
611
610
611
615
605
609
606
608
607
612
606
616
616
613
606
607
599
607
609
597
607
607
609
604
601
604
610
607
608
609
612
595
599
596
610
611
598
608
607
598
605
611
596
606
603
605
602
606
606
601
612
604
607
604
598
602
605
609
611
606
603
607
598
613
605
603
617
611
611
609
607
604
606
604
614
598
604
600
601
602
598
605
592
609
593
597
594
598
601
606
592
602
603
600
607
599
609
596
604
608
603
601
606
609
602
606
607
603
611
611
611
598
612
607
603
603
598
593
613
610
607
605
606
596
614
604
598
610
614
595
593
598
598
610
599
602
599
594
596
610
602
606
612
603
602
601
596
604
598
598
603
604
609
597
599
600
614
592
603
603
604
601
606
597
599
605
605
596
600
600
610
600
595
592
601
601
598
593
596
605
601
611
600
606
600
600
603
594
596
600
602
606
601
602
607
605
605
604
607
597
596
595
600
603
602
597
603
606
595
593
600
598
607
600
602
596
599
602
604
601
592
603
593
604
604
605
608
601
600
605
597
599
604
600
596
595
607
596
597
598
610
600
597
598
603
604
601
598
607
608
603
590
599
603
596
595
593
603
604
602
597
595
597
603
604
591
601
595
602
610
603
607
604
592
609
606
602
604
602
604
605
604
605
599
595
599
606
592
603
593
608
601
594
598
601
601
590
602
600
599
603
598
608
604
599
596
596
592
601
599
603
607
594
597
591
593
604
601
592
605
594
598
598
606
594
602
598
601
595
594
606
597
591
601
601
612
596
598
600
604
603
597
599
588
598
591
606
602
611
606
600
604
606
591
602
603
603
602
599
597
600
599
596
602
597
606
603
