601
596
598
609
603
611
601
597
604
605
601
605
602
601
603
598
602
605
591
604
602
599
607
598
591
602
605
600
598
601
607
610
610
597
602
598
597
595
603
601
602
602
599
593
607
601
603
595
603
599
604
593
601
604
600
594
604
603
601
605
602
605
604
602
603
596
600
610
597
597
598
592
595
600
602
600
611
595
606
607
595
598
600
599
605
600
601
603
597
595
602
602
595
610
598
598
601
598
604
599
604
599
596
594
606
602
597
600
600
597
605
604
607
597
591
602
608
602
600
599
605
602
606
607
595
608
595
595
599
603
603
598
596
611
590
603
599
589
611
604
605
603
594
593
608
599
607
605
607
606
603
602
604
601
602
607
598
595
601
598
602
603
596
597
603
614
592
600
597
602
595
602
598
601
602
596
602
601
605
601
605
603
598
603
599
599
594
599
597
600
607
600
601
607
599
600
600
610
594
603
609
601
604
607
599
601
604
600
596
603
598
597
599
612
600
608
600
608
602
597
601
597
600
613
599
605
608
594
610
599
604
606
606
590
598
589
602
604
602
610
601
599
608
600
594
603
603
601
606
605
601
599
610
606
601
606
605
608
605
601
598
607
604
605
602
604
596
605
603
600
605
603
603
601
604
612
600
610
604
603
604
607
598
611
599
608
608
610
607
601
598
604
606
601
606
600
597
604
595
605
604
604
609
602
596
609
593
603
599
613
605
612
602
612
602
604
610
604
603
611
614
604
606
609
611
615
619
607
624
609
606
608
616
620
618
615
613
623
621
625
612
617
614
629
617
625
628
632
625
620
624
622
626
638
621
625
630
623
637
623
648
640
636
644
640
647
637
648
649
641
660
657
646
650
659
655
662
658
673
682
694
663
664
689
693
676
691
715
716
729
700
715
709
716
718
727
753
746
749
755
763
785
796
814
796
804
832
840
872
842
889
865
865
858
897
963
961
962
941
1019
1028
1057
1042
1044
1045
1095
1064
1108
1137
1120
1179
1209
1208
1329
1294
1356
1337
1414
1434
1457
1501
1494
1589
1563
1638
1623
1654
1708
1770
1821
1908
1932
1945
1915
2023
2029
2018
2124
2125
2134
2222
2255
2348
2364
2434
2314
2480
2520
2522
2477
2502
2597
2601
2644
2620
2584
2698
2707
2676
2810
2723
2732
2777
2766
2687
2803
2693
2782
2764
2766
2787
2774
2939
2883
2809
2779
2709
2780
2780
2755
2668
2653
2724
2651
2686
2644
2599
2619
2548
2497
2563
2510
2430
2386
2539
2360
2432
2364
2357
2273
2272
2197
2152
2245
2145
2113
2089
1995
1978
1979
1953
1935
1955
1920
1937
1857
1862
1805
1824
1769
1823
1761
1643
1586
1672
1624
1590
1641
1557
1474
1508
1547
1527
1507
1500
1434
1427
1492
1441
1373
1371
1392
1323
1316
1314
1318
1302
1330
1315
1257
1215
1272
1261
1203
1292
1183
1222
1178
1185
1171
1195
1178
1139
1196
1123
1162
1154
1140
1133
1117
1078
1093
1109
1138
1043
1092
1018
987
1039
1030
1012
1014
1077
985
1027
1009
990
1002
976
1007
964
979
954
939
951
936
943
929
929
930
889
919
915
910
927
905
932
898
876
910
864
866
850
852
906
842
884
884
867
845
886
842
852
854
817
822
808
828
808
813
810
813
783
781
791
789
790
765
789
833
747
810
770
776
768
783
776
747
780
779
765
759
769
761
731
753
749
738
730
759
733
753
727
728
740
745
721
736
726
748
706
733
705
716
714
702
736
719
696
711
705
705
694
707
692
702
702
681
690
704
694
685
682
663
673
702
702
668
682
668
684
679
660
673
694
700
657
658
658
670
679
683
663
696
674
666
665
665
659
657
644
655
676
667
669
678
668
668
649
660
666
654
655
671
646
641
670
653
666
646
663
635
646
657
646
644
648
650
665
634
647
642
632
651
636
672
644
645
636
656
647
632
634
639
635
633
641
641
631
644
633
632
635
635
635
638
637
628
642
619
625
640
627
616
628
627
644
642
617
633
627
613
638
613
638
623
637
627
633
628
626
633
616
627
619
628
634
628
619
628
626
633
623
618
618
628
615
630
626
623
623
625
637
614
625
623
629
611
627
630
618
632
613
608
617
616
614
627
604
621
623
622
619
618
618
614
618
615
623
606
618
623
619
621
620
610
605
625
617
613
615
597
620
621
625
627
615
620
613
609
600
615
617
603
624
607
605
610
620
607
614
615
609
614
610
614
601
609
607
628
602
609
610
605
608
608
607
607
606
612
614
612
607
617
607
609
606
613
617
606
605
611
608
612
607
608
615
611
605
595
605
616
610
613
607
604
610
607
615
610
603
609
607
604
610
601
612
612
607
620
610
615
605
618
604
607
607
610
601
607
600
605
610
605
615
607
606
610
602
608
608
606
610
602
600
608
605
601
612
607
603
614
613
598
608
601
603
610
604
597
599
606
599
590
603
605
595
600
612
612
605
599
610
601
609
596
602
605
612
597
611
617
598
608
608
611
605
606
604
600
606
609
606
601
599
601
602
606
605
601
604
601
603
595
609
605
608
612
610
598
607
607
604
610
597
603
604
603
602
602
598
598
602
609
607
605
599
608
611
604
608
596
600
597
604
598
603
606
610
600
597
604
603
603
605
607
597
602
606
606
605
597
601
607
606
604
608
601
601
602
603
592
608
604
608
595
597
593
595
600
608
598
601
594
590
600
604
602
598
605
597
609
611
595
599
601
601
601
607
603
600
600
606
603
603
597
610
594
603
606
601
602
605
599
600
605
602
610
597
598
607
604
600
596
603
602
603
599
604
599
599
600
599
605
605
606
610
599
606
604
593
599
598
602
604
604
602
605
605
598
604
599
598
596
604
598
606
605
590
609
603
593
601
597
602
592
605
599
602
602
601
596
599
601
601
611
604
605
600
588
600
607
605
600
604
604
603
596
601
592
595
604
603
609
596
593
594
588
604
608
603
603
605
603
603
600
604
604
602
599
603
602
606
596
599
602
599
592
604
598
597
601
596
597
599
600
593
604
606
600
600
604
599
592
597
594
599
607
609
602
600
600
604
596
601
600
592
603
598
597
596
595
606
593
606
602
606
606
609
598
598
602
601
595
602
602
593
603
607
596
602
604
601
595
596
601
594
596
598
599
606
602
591
599
594
596
599
602
594
593
599
599
599
603
591
604
598
603
603
596
604
597
592
601
597
595
615
597
601
607
