593
609
602
602
603
600
606
603
605
588
601
603
609
595
601
598
598
604
599
602
595
602
602
602
600
601
599
602
601
595
602
602
602
599
609
598
598
595
602
600
599
600
606
597
600
599
603
600
603
599
603
603
597
600
600
600
599
594
603
604
594
600
602
601
597
600
602
607
600
604
606
600
587
609
596
594
596
593
605
600
594
601
602
590
610
599
598
597
600
606
598
604
595
602
598
605
601
598
603
604
607
608
607
610
598
596
610
600
602
610
604
599
603
596
606
599
600
597
608
604
607
595
598
608
599
594
593
604
599
603
596
603
599
596
605
597
605
600
606
600
602
607
603
602
609
600
604
602
601
602
601
598
600
594
602
603
607
596
598
599
603
604
598
604
600
601
599
593
597
605
600
594
606
597
614
599
600
606
597
605
598
595
601
603
603
596
607
595
594
593
597
602
602
603
606
602
602
595
594
596
598
599
592
597
601
596
591
599
598
602
605
601
604
606
604
600
601
600
599
596
592
589
612
600
602
605
600
612
596
599
611
601
604
598
612
601
606
600
597
611
600
612
617
606
601
604
598
593
601
604
599
603
606
610
606
602
604
599
602
598
607
599
606
602
605
609
606
595
604
607
600
597
600
602
603
607
601
599
610
605
607
605
605
607
600
609
610
611
617
598
611
607
609
611
607
604
612
600
604
596
607
610
601
611
606
615
610
608
606
608
612
606
604
604
610
603
607
611
601
617
609
616
615
608
609
609
622
615
615
613
631
617
628
614
622
622
626
616
628
631
629
627
627
623
635
629
629
639
630
615
618
649
637
658
639
652
636
660
657
647
646
654
653
659
688
646
666
671
675
688
659
678
698
707
699
693
707
710
729
712
734
738
745
740
713
759
747
754
766
770
786
781
798
785
827
796
828
861
850
871
899
873
878
982
944
922
924
980
955
1024
989
1032
1042
1110
1051
1117
1155
1164
1228
1226
1203
1224
1244
1277
1354
1440
1378
1485
1519
1498
1584
1583
1680
1668
1741
1867
1790
1869
1953
1938
2110
2066
2084
2126
2259
2270
2329
2364
2472
2568
2617
2648
2752
2794
2763
2872
3049
3104
3111
3119
3202
3279
3432
3542
3605
3526
3689
3683
3799
3700
3710
3970
3890
4004
3938
4079
4158
4269
4136
4218
4134
4205
4240
4344
4337
4358
4299
4406
4320
4339
4435
4514
4313
4351
4413
4321
4445
4415
4296
4482
4100
4408
4240
4238
4127
4054
4020
4089
4019
3902
3863
3872
3842
3790
3701
3623
3639
3552
3506
3419
3441
3322
3338
3276
3276
3167
3005
3000
2991
2919
2858
2767
2759
2752
2589
2661
2565
2642
2558
2477
2431
2445
2398
2334
2215
2346
2260
2252
2249
2112
2124
2042
2050
2092
2038
1934
1891
1911
1948
1859
1862
1881
1777
1806
1884
1811
1760
1680
1715
1678
1665
1736
1624
1590
1631
1592
1542
1549
1586
1516
1497
1545
1452
1510
1470
1480
1461
1419
1424
1424
1433
1348
1431
1375
1369
1357
1306
1326
1240
1305
1308
1184
1238
1245
1220
1210
1205
1210
1227
1251
1162
1128
1145
1174
1109
1201
1111
1101
1114
1092
1110
1106
1110
1096
1042
1099
1070
1035
1071
1029
1024
1033
1012
986
1008
1022
973
1023
980
1011
959
950
950
964
1002
907
961
927
953
930
939
898
937
907
891
895
907
886
916
860
922
872
884
875
871
848
849
850
849
847
865
866
877
843
837
840
837
847
833
790
829
830
798
805
817
807
787
787
785
800
791
811
783
774
768
798
778
763
806
765
750
786
784
810
800
757
767
733
725
749
733
761
737
751
716
736
715
725
736
712
710
732
716
713
713
743
688
729
721
714
712
724
711
713
740
716
717
681
693
690
707
682
692
692
686
705
694
690
697
684
696
690
685
688
687
703
677
693
673
662
675
672
701
679
677
672
676
677
675
663
680
666
663
675
689
673
662
665
658
669
655
677
659
647
652
672
650
658
655
660
651
663
656
649
667
664
646
666
657
652
655
650
670
646
660
662
652
640
639
662
639
651
639
640
659
641
643
639
634
648
648
645
639
634
624
627
644
626
648
643
651
648
631
628
622
623
637
632
634
639
623
641
631
638
646
632
628
639
633
616
642
638
628
631
620
635
626
636
625
635
625
628
617
632
622
619
624
626
629
627
634
632
617
617
615
619
625
625
632
626
612
610
615
627
610
626
618
627
619
630
618
613
618
630
638
622
630
625
617
623
620
612
617
619
621
624
622
619
611
611
611
623
605
610
621
618
624
612
616
619
617
612
625
617
618
621
617
600
608
617
620
617
619
621
627
613
612
624
621
622
612
617
610
612
616
607
595
601
610
613
604
612
609
607
612
625
604
613
612
629
610
611
615
617
617
610
598
620
606
610
609
601
609
611
600
627
613
594
609
597
596
611
619
610
607
591
602
602
611
609
606
621
612
605
604
607
605
609
604
611
608
603
604
611
610
609
617
614
605
610
604
604
615
604
605
604
601
603
608
609
612
616
602
609
607
591
609
602
615
598
599
613
610
610
610
610
608
610
606
612
598
604
608
612
610
601
611
610
613
605
608
609
595
602
610
599
597
607
603
601
603
611
598
608
585
605
602
600
609
606
605
598
603
598
603
601
604
603
605
597
600
603
601
595
598
610
601
602
603
603
596
599
592
598
600
605
601
606
595
604
600
602
606
601
603
599
604
596
605
611
603
604
597
597
602
594
602
598
601
599
599
602
606
604
600
599
608
599
609
603
597
595
598
604
601
602
608
600
594
607
595
601
594
604
600
602
607
606
600
607
603
602
605
602
608
597
596
589
603
592
597
591
602
604
606
603
598
592
602
601
605
595
603
601
600
596
594
601
600
598
599
603
593
595
596
603
598
602
601
599
594
592
605
607
605
596
603
605
601
602
593
601
601
602
590
596
602
597
592
590
601
595
598
604
607
609
605
598
599
611
604
597
598
600
600
609
606
603
598
592
594
597
597
596
607
601
598
601
601
598
597
601
589
591
601
603
601
590
604
607
602
599
601
597
601
598
602
603
607
597
592
606
597
598
601
598
604
598
594
605
600
603
592
607
597
593
600
608
605
602
606
601
596
595
597
591
597
600
596
604
592
601
603
595
596
601
597
598
606
600
608
598
597
603
606
593
601
604
600
597
608
597
598
595
598
604
599
600
612
600
600
598
604
603
603
599
597
609
594
597
591
602
597
600
605
598
600
600
608
588
