608
603
606
602
606
599
605
608
603
596
603
601
603
604
600
602
599
603
602
601
602
603
613
601
607
594
602
605
604
610
600
599
602
600
594
603
600
611
607
597
608
599
598
612
598
593
590
603
602
602
598
595
596
607
605
611
608
599
597
600
593
599
597
599
605
603
598
595
603
605
604
598
597
598
602
599
604
601
592
607
606
607
601
604
604
610
596
604
597
602
600
598
598
599
603
599
603
598
599
602
597
601
607
618
611
613
610
603
602
603
608
601
604
601
600
587
598
604
603
601
590
608
604
596
603
602
599
597
603
605
599
604
605
605
608
608
603
601
603
609
611
595
610
601
599
604
603
596
601
600
606
604
597
611
598
607
613
603
599
593
596
603
604
606
614
613
607
610
612
607
606
603
601
606
596
601
598
604
600
595
601
601
602
598
594
599
600
601
590
602
603
602
599
604
604
597
603
608
600
608
600
602
609
606
597
604
603
598
602
611
610
599
604
600
607
605
608
603
608
603
596
608
607
590
600
598
599
602
603
593
604
604
601
604
601
603
602
603
602
608
606
612
604
606
599
606
611
606
604
606
594
599
598
601
607
596
607
610
609
599
600
605
610
603
599
602
612
595
605
603
600
598
613
598
599
594
601
607
597
596
608
606
607
607
601
612
601
612
605
607
612
604
607
611
602
615
605
608
611
607
608
615
601
608
614
612
608
603
604
601
614
610
613
612
610
618
607
613
619
607
606
608
611
620
606
623
622
610
627
619
616
620
624
615
628
608
620
630
617
623
621
621
615
630
632
627
634
622
634
635
639
632
641
640
629
631
631
646
630
624
645
637
648
667
653
659
649
666
648
662
666
672
651
657
675
678
686
708
689
688
708
692
729
707
727
724
718
743
754
710
736
755
749
757
767
757
806
810
804
827
801
812
831
845
860
866
884
903
904
996
914
965
948
988
948
1004
1055
1052
1079
1071
1136
1111
1133
1145
1226
1266
1289
1242
1264
1312
1360
1463
1456
1429
1461
1538
1614
1608
1703
1657
1793
1706
1713
1839
1912
1982
1983
2048
2117
2140
2058
2324
2287
2393
2329
2387
2479
2590
2586
2602
2712
2642
2801
2673
2863
2772
3010
2957
2987
3020
2989
3226
3127
3180
3152
3229
3342
3336
3329
3317
3324
3362
3265
3483
3386
3389
3411
3454
3392
3299
3293
3507
3375
3462
3433
3322
3446
3422
3306
3408
3352
3320
3276
3250
3224
3240
3295
3126
3093
3050
3023
3112
3031
3040
2910
2895
2848
2795
2662
2806
2761
2662
2622
2496
2654
2531
2475
2457
2445
2399
2426
2308
2270
2233
2288
2181
2167
2213
2108
2011
2068
2023
1980
1962
1835
1863
1924
1876
1847
1790
1797
1822
1733
1808
1714
1666
1621
1633
1644
1611
1666
1628
1600
1478
1653
1571
1541
1458
1542
1488
1426
1440
1415
1421
1388
1449
1369
1343
1388
1392
1315
1301
1296
1296
1336
1306
1231
1271
1304
1253
1263
1235
1186
1181
1221
1255
1199
1105
1192
1205
1152
1092
1151
1163
1091
1117
1149
1136
1069
1103
1098
1012
1018
1086
1062
1069
1009
1064
1027
1023
1028
984
1007
1025
1035
982
997
930
982
972
951
952
946
960
973
899
949
932
936
909
930
955
907
911
945
873
883
907
859
897
873
845
898
851
878
838
871
786
865
822
803
852
812
838
839
821
817
807
818
807
783
778
797
790
810
818
803
803
772
757
789
779
762
801
781
750
768
746
748
758
738
728
736
746
759
733
741
751
748
699
737
750
718
727
736
723
771
721
698
705
721
719
720
691
743
735
713
702
721
725
720
708
719
695
702
700
700
700
707
728
690
724
684
673
685
683
660
714
680
685
693
699
666
689
696
688
673
684
658
668
678
683
685
656
678
657
679
681
670
666
666
649
671
670
673
669
693
676
669
655
668
650
657
644
644
652
635
663
638
664
658
664
645
650
645
649
641
663
653
647
654
656
628
642
646
631
640
638
649
648
631
627
637
640
641
628
645
652
638
642
627
636
657
641
642
618
645
649
638
637
626
633
639
632
639
639
637
629
639
620
648
633
614
632
633
645
625
628
635
627
642
628
631
638
632
616
618
623
627
622
633
624
616
640
612
632
629
624
613
629
635
626
646
630
618
630
627
627
632
626
623
625
627
615
634
631
627
626
632
621
623
629
624
626
616
614
630
623
625
621
612
625
631
632
617
615
617
606
619
612
617
621
613
622
621
616
615
613
617
627
613
623
612
617
611
615
621
629
605
605
617
614
614
610
615
618
616
609
612
621
627
615
620
607
617
622
623
600
627
620
601
611
612
622
617
611
619
618
615
612
605
610
617
612
598
615
602
616
622
614
616
609
609
607
609
618
610
616
610
612
612
613
617
607
602
605
605
600
591
599
605
606
605
603
623
619
606
616
606
608
604
601
607
606
602
603
606
602
614
607
609
610
603
607
614
608
606
607
602
612
612
605
607
602
615
605
609
613
611
610
609
607
605
606
597
604
613
611
600
608
611
607
596
596
605
596
605
609
603
597
610
602
598
608
608
603
601
600
603
605
607
604
607
604
598
601
610
603
606
604
604
609
608
607
600
604
603
604
602
603
607
611
607
603
603
598
610
601
595
602
602
603
599
599
603
612
605
603
605
599
604
602
598
610
599
597
597
606
599
602
600
609
600
607
601
607
606
608
602
597
607
602
606
601
602
603
595
609
600
607
605
599
610
598
603
604
595
604
603
603
597
606
603
608
598
599
605
598
598
600
597
594
606
597
603
605
593
603
598
602
598
608
614
608
609
600
607
600
601
602
607
603
607
603
602
601
613
597
602
600
607
599
610
606
599
600
594
601
602
602
603
595
602
601
595
603
595
608
597
597
600
599
605
600
606
600
607
603
595
603
602
600
601
609
594
598
601
598
600
606
604
606
609
605
595
601
594
599
605
602
608
608
602
597
602
600
594
604
594
599
603
598
603
604
608
606
607
603
602
605
607
606
598
600
599
602
601
596
599
603
596
594
597
599
599
604
607
601
602
598
594
602
600
599
602
600
597
606
596
601
596
598
598
606
601
603
601
601
601
601
608
607
600
601
600
607
604
600
597
600
603
595
603
602
604
600
594
595
610
599
599
611
599
599
601
612
609
593
599
598
597
605
603
601
607
600
599
595
599
607
599
605
606
602
607
600
599
599
593
600
601
609
607
601
600
604
606
606
605
603
