608
601
605
603
604
605
614
598
614
599
597
603
603
601
601
613
608
598
601
604
607
607
601
607
603
600
598
611
601
603
601
605
605
596
599
599
594
595
606
603
598
598
603
598
606
604
610
604
596
604
605
607
608
611
605
604
603
596
605
596
604
599
602
612
607
610
597
600
601
609
605
606
600
599
600
598
602
599
604
602
604
605
601
597
607
595
603
599
601
603
608
606
597
606
607
601
602
612
597
599
601
610
609
599
602
599
598
599
602
601
594
597
597
594
597
605
600
601
598
610
598
602
611
603
615
602
606
609
604
604
597
606
601
603
592
598
596
595
612
600
603
604
602
600
600
601
600
607
599
594
603
606
600
607
605
608
598
608
602
598
602
607
606
610
603
602
597
596
607
603
598
603
599
609
603
606
594
602
605
597
604
603
594
596
605
590
598
596
601
603
598
606
598
617
597
604
609
607
602
597
600
600
599
600
603
602
605
594
598
605
611
601
607
599
594
606
602
605
604
603
604
601
596
601
594
607
609
594
605
599
598
614
608
602
602
611
608
605
604
600
611
614
596
614
610
606
611
608
605
610
604
600
607
609
612
607
597
609
614
609
607
604
599
599
610
608
599
606
607
599
601
598
593
617
606
607
603
608
602
607
610
613
610
608
605
613
612
612
609
608
595
618
609
602
603
599
616
607
612
611
606
611
608
607
618
615
608
608
610
605
614
609
602
609
615
619
609
615
616
613
623
625
612
613
616
613
599
613
636
637
627
622
634
616
628
625
630
620
608
620
641
622
621
629
632
629
618
629
648
637
647
639
658
644
644
657
673
657
648
670
668
646
688
684
682
679
691
698
670
684
707
686
667
699
707
693
713
745
714
719
724
736
727
740
747
758
777
749
761
805
779
786
793
814
787
863
850
868
889
870
854
929
933
930
964
982
968
996
950
1016
1112
1064
1079
1061
1111
1187
1177
1235
1234
1288
1306
1317
1356
1367
1333
1428
1467
1480
1495
1530
1587
1672
1728
1683
1770
1865
1955
1973
2024
1993
2102
2237
2229
2230
2343
2397
2482
2501
2568
2667
2761
2715
2947
2953
2997
3061
3117
3230
3111
3255
3417
3459
3337
3510
3559
3662
3724
3743
3814
3851
3855
3901
4026
4106
4189
4038
4209
4282
4259
4356
4375
4339
4379
4399
4349
4440
4427
4352
4269
4442
4465
4426
4166
4361
4476
4313
4414
4349
4276
4367
4238
4306
4321
4123
4290
4267
4052
4057
3946
3894
3854
3934
3909
3848
3686
3658
3605
3536
3574
3570
3531
3409
3446
3383
3263
3287
3112
3126
3007
2989
2931
2918
2910
2803
2885
2627
2817
2643
2670
2597
2628
2557
2471
2505
2461
2426
2399
2280
2302
2300
2263
2154
2108
2188
2122
2113
2080
2069
2001
1959
1951
2015
1881
1952
1836
1904
1858
1850
1834
1759
1743
1755
1739
1727
1669
1676
1628
1589
1711
1601
1541
1598
1552
1624
1587
1510
1524
1589
1566
1498
1510
1416
1458
1362
1383
1323
1350
1384
1366
1380
1376
1360
1333
1309
1299
1343
1331
1310
1265
1251
1249
1238
1276
1215
1175
1226
1204
1217
1211
1214
1170
1161
1154
1188
1151
1099
1101
1112
1124
1137
1093
1071
1033
1079
1092
1060
1073
1072
1024
1038
1055
1022
1040
1064
996
961
1007
973
986
1026
977
931
951
964
965
945
951
913
927
962
886
925
908
933
937
899
900
906
896
877
916
883
869
868
848
825
884
858
848
861
858
832
845
840
834
826
833
819
799
815
819
827
804
793
846
812
800
804
791
769
777
798
801
749
755
798
782
773
749
762
760
756
749
784
758
782
733
766
756
733
724
742
718
721
746
727
711
738
727
735
726
737
728
732
712
727
727
729
714
733
726
727
694
702
739
719
713
688
688
702
693
722
706
684
672
679
687
715
696
698
683
686
686
673
689
662
676
680
683
651
688
670
673
677
675
679
678
687
674
684
659
670
674
685
659
667
676
668
659
688
677
670
658
651
669
672
653
663
668
663
667
675
664
659
667
655
660
655
656
670
652
650
661
650
645
648
660
650
633
656
646
656
648
655
644
644
653
650
635
663
649
649
657
639
650
634
632
649
643
640
651
637
643
635
637
633
626
651
631
632
630
620
637
651
637
651
630
639
619
630
633
631
641
626
626
634
638
631
633
644
630
628
627
621
637
631
619
632
621
636
642
630
631
630
626
630
623
627
623
624
615
626
618
634
622
623
623
635
609
613
623
618
627
618
621
628
621
636
615
622
621
619
630
625
616
637
620
619
624
629
619
618
614
618
623
622
606
622
607
615
615
612
606
609
618
614
620
619
613
636
617
610
607
618
620
617
622
621
619
622
610
621
605
624
618
608
603
619
608
622
613
621
605
615
613
614
611
608
608
615
614
605
607
616
606
615
603
613
607
615
607
609
610
613
604
603
617
617
619
613
608
618
611
611
611
597
615
604
609
609
610
623
609
603
608
619
604
606
611
606
614
609
606
599
603
613
603
607
602
610
607
602
606
606
612
614
609
617
614
602
599
603
608
601
607
615
610
612
610
614
610
606
603
604
599
605
619
615
599
615
610
607
602
608
601
597
606
602
605
595
611
604
605
600
613
609
610
612
595
597
602
612
614
602
613
610
600
615
606
606
603
601
610
609
596
612
607
606
611
609
601
605
609
619
616
619
601
600
615
608
606
606
599
599
609
601
609
609
603
595
600
611
612
608
603
611
596
609
610
593
598
614
607
610
602
597
603
599
597
595
603
602
602
611
600
604
605
605
604
607
597
603
608
606
613
607
597
602
601
602
604
605
607
604
596
609
593
602
607
588
598
596
600
607
606
602
601
603
599
601
598
605
598
603
607
602
604
610
595
594
606
599
605
604
608
603
595
598
603
604
598
600
607
590
607
605
611
605
598
603
610
607
604
604
604
598
598
605
597
595
596
601
600
595
597
600
604
611
596
603
602
593
593
605
607
599
597
597
598
599
601
598
603
611
599
597
598
586
603
596
601
606
605
601
607
614
616
597
601
610
599
607
594
607
597
601
596
604
603
597
605
604
602
608
604
609
606
602
602
600
606
607
600
598
603
598
601
604
608
598
595
599
598
602
605
602
603
606
606
604
605
609
603
606
603
597
602
598
599
603
599
603
606
600
598
602
601
606
599
596
600
606
602
602
598
597
598
598
600
601
599
600
604
599
605
599
603
609
602
596
599
595
602
596
604
599
604
602
601
594
