592
603
602
611
607
598
604
604
602
598
605
601
593
591
605
607
607
610
608
610
608
598
594
606
602
603
606
605
608
597
607
607
606
601
597
601
603
599
600
594
598
607
596
599
602
598
605
600
603
606
609
598
611
601
603
611
606
603
604
597
601
593
589
599
601
603
602
599
605
600
597
604
599
604
602
603
596
604
608
604
595
598
601
607
602
603
603
610
599
603
611
601
610
599
601
607
599
598
606
594
601
597
600
606
604
602
597
604
603
607
602
602
594
606
603
609
604
594
607
613
607
603
605
607
601
602
605
598
605
602
588
598
593
611
605
600
603
605
607
600
606
597
597
597
599
601
604
602
607
608
607
601
605
602
599
604
603
601
602
599
608
603
603
602
609
603
597
605
598
604
600
603
595
607
606
605
605
609
604
603
602
605
602
611
604
599
601
601
602
601
597
605
604
605
605
607
598
606
609
595
607
607
606
604
604
611
604
612
595
607
603
603
606
604
605
616
608
606
607
604
609
602
613
604
601
600
602
606
598
600
602
602
601
600
598
603
606
606
604
598
599
602
599
606
595
604
610
611
609
614
600
610
607
612
605
610
599
613
610
605
601
605
609
605
606
610
611
602
603
597
612
614
606
612
611
616
594
608
606
601
600
606
615
611
610
618
620
606
605
608
615
609
614
604
614
610
612
603
612
621
619
608
617
623
613
615
605
620
623
611
614
614
620
615
611
628
619
612
611
628
632
610
617
624
632
632
616
639
626
619
630
618
640
630
620
642
623
638
648
649
632
633
628
640
646
634
654
633
662
654
657
644
663
673
659
665
663
675
671
682
685
701
690
681
700
698
682
690
713
710
723
711
732
714
727
753
741
783
787
781
772
793
771
809
787
791
803
810
814
825
867
871
914
887
872
928
951
974
937
1025
1000
1046
1056
1007
1078
1053
1098
1108
1122
1160
1206
1184
1189
1259
1305
1316
1371
1456
1498
1395
1457
1530
1591
1613
1732
1719
1752
1823
1943
1921
1886
1995
2083
2068
2167
2215
2380
2398
2480
2589
2692
2693
2855
2813
2983
3006
3214
3322
3210
3394
3393
3570
3610
3779
3862
3914
4073
4067
4290
4391
4472
4380
4533
4657
4765
4803
4899
4952
5027
5079
5213
5214
5295
5418
5525
5383
5817
5662
5749
5771
5638
5791
5922
5890
5897
5960
5881
5990
5851
5985
5942
5897
5944
5943
5926
5994
6028
5985
5982
5800
5883
5826
5878
5660
5646
5705
5372
5517
5470
5343
5266
5277
5135
5111
5065
5028
4699
4755
4728
4725
4490
4520
4422
4457
4323
4237
4174
4118
3931
3954
3913
3829
3780
3710
3690
3460
3441
3493
3448
3336
3277
3277
3116
3240
3071
3063
3045
2948
2864
2872
2873
2746
2791
2676
2628
2578
2618
2521
2524
2459
2544
2427
2408
2298
2425
2287
2340
2283
2193
2292
2222
2097
2148
2178
2024
1941
1973
1994
1982
1977
1913
1949
1894
1841
1876
1878
1849
1780
1760
1748
1783
1735
1781
1726
1720
1675
1619
1706
1595
1646
1566
1578
1534
1562
1610
1600
1521
1487
1538
1433
1469
1448
1450
1483
1367
1460
1398
1354
1366
1347
1452
1349
1301
1350
1289
1294
1312
1356
1250
1270
1228
1208
1272
1201
1219
1201
1194
1142
1204
1137
1126
1149
1192
1174
1160
1097
1154
1122
1087
1106
1069
1080
1065
1072
1059
1022
1074
1021
1070
1033
1029
1049
1012
1005
1022
965
1061
956
1001
983
941
954
947
919
976
918
961
999
933
942
932
915
922
921
914
894
899
896
888
922
916
876
884
850
897
848
879
837
876
837
841
836
840
855
818
828
841
831
803
807
791
832
832
803
762
786
794
801
808
771
768
758
794
794
803
755
760
781
777
786
763
772
745
744
769
727
748
765
753
748
736
751
735
772
728
726
763
726
720
749
729
731
703
719
713
742
761
719
746
727
736
721
717
715
712
710
700
708
709
707
710
722
695
708
714
706
686
712
723
714
693
725
685
712
674
700
691
690
695
685
673
664
676
706
679
667
672
666
687
669
686
664
677
679
698
678
668
702
677
679
666
666
682
663
657
666
672
679
665
670
646
659
663
653
670
654
671
664
658
672
649
668
675
648
658
677
659
654
658
674
651
639
640
642
655
639
645
648
648
641
639
657
652
652
656
660
660
669
654
649
655
642
637
641
633
640
649
629
645
662
640
639
620
642
626
642
633
635
648
636
650
626
649
641
633
621
636
648
640
637
638
640
648
654
640
639
634
629
640
633
626
639
630
632
624
626
629
627
627
620
611
629
632
619
609
616
631
632
627
624
631
620
627
621
621
629
624
631
615
615
622
624
607
617
620
630
631
616
606
625
624
619
619
624
626
627
625
615
609
615
624
617
607
616
618
620
620
618
615
629
617
624
629
622
612
621
618
618
618
613
622
620
613
606
624
616
622
608
618
605
618
619
616
597
616
625
619
619
613
624
614
617
607
608
615
613
622
615
603
608
609
616
612
604
622
609
615
603
611
614
618
600
617
603
604
606
605
607
624
608
610
615
620
610
623
608
605
615
612
601
604
604
611
616
606
612
603
616
628
606
613
608
607
607
610
610
612
611
604
615
611
608
605
607
606
611
602
598
605
598
613
612
600
620
604
607
605
612
599
612
610
607
611
607
618
602
601
613
610
603
607
600
602
603
596
610
610
598
603
609
601
609
620
607
602
605
606
599
606
595
596
598
599
606
606
597
604
602
611
609
599
610
599
605
598
605
606
605
604
603
612
603
600
615
606
614
600
598
611
600
609
601
611
603
611
601
614
603
601
611
594
614
601
597
608
604
615
604
601
607
599
605
599
605
606
599
604
603
605
605
607
607
604
603
607
601
600
606
603
595
606
601
605
600
605
599
599
595
599
601
595
602
612
590
606
609
611
604
600
596
601
600
606
608
604
610
606
603
602
599
613
607
607
603
598
595
605
607
603
605
593
612
601
597
608
606
605
602
603
601
600
609
601
605
601
599
599
605
601
603
607
601
606
600
604
611
600
603
599
600
597
605
605
607
599
604
600
601
599
604
605
590
601
595
600
602
606
604
610
605
608
601
594
600
598
614
602
605
607
602
600
600
599
605
604
605
610
600
601
600
600
601
596
597
600
596
600
604
607
607
594
604
605
593
609
610
599
604
605
602
613
602
608
600
600
606
605
600
593
602
603
603
608
599
596
604
598
606
598
598
600
597
606
604
601
616
608
605
603
590
605
605
602
611
611
600
605
599
602
603
