604
605
603
603
610
607
617
609
596
600
597
600
599
605
596
603
588
598
605
598
600
598
607
599
605
599
601
610
598
609
611
604
604
602
606
607
602
599
601
598
600
612
595
596
598
599
610
600
600
600
607
598
599
602
602
609
600
600
604
599
602
597
599
601
602
592
592
597
599
601
606
604
599
607
606
602
600
608
612
599
606
606
599
605
603
612
598
591
602
602
600
613
605
598
595
596
591
610
612
599
607
600
598
604
606
593
605
602
596
601
590
591
603
598
596
596
602
611
595
594
603
604
596
596
605
606
598
600
605
604
602
600
597
594
600
607
603
599
602
599
600
600
600
600
605
596
595
598
598
596
602
601
595
597
589
598
610
598
605
607
597
596
605
595
601
603
603
601
604
597
600
600
611
589
602
599
606
598
593
595
602
615
603
603
601
601
607
607
598
612
600
601
603
597
604
600
601
609
608
600
601
607
603
609
597
601
604
603
600
601
605
605
604
602
604
613
607
596
607
602
595
605
610
600
605
598
605
600
602
606
609
602
610
604
610
605
601
609
609
607
611
613
600
602
610
602
608
604
602
609
609
603
599
607
604
607
604
600
607
603
604
607
595
613
600
605
609
600
603
610
603
604
617
606
614
619
602
606
608
601
608
611
610
606
604
601
613
602
608
622
608
614
610
604
615
611
614
606
622
619
606
608
612
615
620
610
618
624
626
613
627
623
623
623
608
626
616
616
628
622
627
619
620
635
619
635
614
636
639
614
634
647
655
634
628
630
631
647
635
640
648
658
648
644
636
645
646
654
653
632
661
674
648
660
670
664
670
667
690
667
673
657
682
697
695
685
693
714
694
727
737
714
733
743
739
740
778
764
775
769
765
792
826
809
825
849
848
831
863
822
900
893
924
905
969
959
944
951
1016
1044
1067
1062
1037
1155
1077
1110
1151
1169
1193
1245
1265
1278
1383
1406
1439
1412
1414
1470
1491
1544
1547
1656
1659
1751
1772
1843
1867
1935
1981
2067
2128
2103
2126
2324
2331
2452
2534
2511
2693
2745
2849
2975
3002
3109
3128
3315
3264
3473
3539
3497
3750
3804
3999
4041
4179
4265
4360
4542
4596
4567
4686
4950
4979
4930
5052
5148
5094
5346
5576
5506
5607
5673
5719
5816
5777
5911
5958
6142
6326
6301
6288
6312
6458
6170
6356
6314
6396
6325
6500
6540
6402
6283
6335
6401
6562
6414
6440
6267
6211
6345
6247
6160
6188
6057
6027
6015
5992
5907
5718
5810
5729
5640
5431
5406
5356
5260
5361
5093
5118
4976
4864
5048
4732
4709
4602
4437
4534
4352
4329
4286
4218
4011
3999
3860
3886
3877
3727
3602
3749
3558
3494
3461
3478
3320
3300
3326
3239
3047
3007
3016
2945
2923
2859
2799
2909
2772
2668
2772
2716
2756
2639
2533
2549
2500
2439
2488
2484
2422
2457
2258
2353
2282
2209
2270
2138
2094
2196
2135
2108
2130
2067
1984
1994
1962
1949
1927
2023
1936
1963
1928
1888
1827
1838
1879
1838
1752
1764
1740
1711
1711
1739
1642
1625
1635
1646
1633
1641
1528
1557
1537
1600
1546
1498
1468
1488
1521
1455
1426
1522
1366
1371
1464
1387
1386
1401
1363
1371
1357
1283
1307
1317
1280
1317
1289
1270
1304
1198
1305
1190
1163
1262
1171
1232
1170
1106
1199
1130
1146
1202
1176
1132
1127
1098
1125
1122
1164
1071
1111
1063
1034
1101
1009
1046
1046
1063
1064
1010
1039
1036
984
970
1014
1023
959
985
983
985
934
956
937
931
947
908
961
963
892
958
927
883
941
959
893
933
910
913
897
901
864
909
866
904
877
832
866
860
863
824
852
833
860
865
824
827
856
846
804
824
817
829
805
822
803
815
796
811
793
793
775
782
792
784
782
766
773
779
789
784
793
773
785
777
775
747
779
781
757
740
758
743
757
750
733
742
733
752
734
724
714
738
713
739
714
719
738
732
699
709
709
738
716
706
716
696
719
706
721
703
717
696
680
698
697
694
689
713
687
707
688
701
673
705
688
692
685
681
684
678
695
705
707
680
678
664
697
690
674
661
678
671
667
668
669
671
687
686
666
685
688
684
666
685
661
677
669
654
665
664
653
678
654
646
667
683
661
689
669
683
666
661
662
661
664
658
667
656
668
659
649
656
655
653
640
652
638
634
660
666
641
661
639
650
637
656
649
672
652
656
648
644
630
634
634
652
655
625
644
664
626
634
641
615
631
643
640
635
640
643
639
640
624
656
633
636
649
630
641
634
621
627
645
634
626
619
628
636
625
631
623
631
622
633
631
625
630
622
621
635
628
607
630
629
629
639
626
618
628
627
623
616
622
627
613
624
633
619
637
611
620
626
618
623
637
621
624
618
620
621
627
623
617
626
624
619
619
628
630
611
620
626
618
609
611
621
629
632
610
628
621
608
626
620
610
617
628
613
609
619
620
614
615
612
613
625
617
607
622
618
616
615
622
611
615
606
621
617
614
607
623
622
618
613
603
610
608
605
617
607
617
615
610
606
621
613
613
611
611
612
607
609
612
606
604
603
606
608
612
600
620
606
608
617
611
613
617
604
612
608
606
612
619
602
610
610
607
601
607
606
620
611
621
609
599
613
612
609
604
609
608
612
610
615
616
608
599
607
606
606
608
597
610
612
601
605
598
611
605
610
610
613
601
596
609
597
605
601
607
609
607
607
610
605
597
618
599
600
605
600
612
607
610
606
605
608
600
615
596
599
605
603
602
598
603
602
606
606
615
618
600
607
612
607
598
604
607
607
611
605
603
594
602
612
605
601
602
603
601
609
610
619
604
602
597
604
602
603
602
611
605
609
609
599
600
600
617
605
606
603
607
597
602
604
607
607
596
604
607
594
605
600
608
599
608
594
602
599
605
604
602
605
611
598
600
609
597
606
612
601
604
596
600
602
602
599
603
601
598
606
596
599
611
607
603
596
598
597
589
607
597
608
601
605
595
602
600
596
593
600
601
599
605
599
596
600
606
607
607
601
603
609
601
601
595
604
608
606
607
602
593
606
594
599
599
592
602
609
595
593
604
602
597
594
600
593
611
606
593
601
598
599
606
612
600
602
605
601
600
597
595
597
592
592
602
598
601
606
601
600
598
602
606
597
601
600
607
599
598
609
598
597
603
598
603
599
606
595
594
595
602
602
600
605
602
604
599
598
602
603
600
598
600
599
604
599
609
604
598
599
615
602
601
601
600
603
596
605
596
597
600
594
592
601
591
598
600
592
602
604
602
600
601
