599
603
597
604
602
603
606
601
599
610
603
604
606
592
605
604
604
603
609
599
605
606
601
594
602
590
600
604
600
602
606
601
599
601
599
607
597
606
608
599
607
598
592
599
606
603
603
603
612
597
603
601
604
597
606
601
601
610
600
603
601
603
600
605
599
595
597
597
606
600
605
598
601
608
605
601
604
606
599
605
608
604
602
605
608
601
603
605
604
598
604
602
606
603
601
601
599
610
601
608
601
604
596
592
600
613
603
599
605
603
605
599
594
602
606
594
602
599
594
603
603
603
598
607
600
594
603
604
603
602
605
602
607
606
592
606
613
602
604
615
608
602
607
598
598
611
599
600
596
606
608
603
604
609
607
606
599
598
606
602
603
606
604
601
596
603
608
606
600
606
599
594
603
595
594
611
605
605
598
605
601
614
604
598
601
598
602
595
594
609
592
598
602
605
601
602
606
606
597
602
595
610
601
597
598
600
605
598
593
611
599
601
613
605
607
605
608
603
607
600
604
610
611
619
604
606
609
601
601
607
606
606
608
606
599
603
605
604
608
604
619
606
609
606
603
607
605
607
603
604
601
611
606
607
610
615
606
610
600
608
602
615
608
603
619
616
605
607
607
616
610
607
612
620
608
610
612
605
609
614
609
595
615
608
608
607
608
622
608
616
613
602
620
623
615
616
611
608
616
620
614
612
611
605
614
612
615
621
619
604
627
625
619
623
629
615
623
633
614
622
615
620
613
629
622
619
620
633
628
628
637
624
642
639
647
628
643
642
638
642
647
654
654
641
658
650
663
650
650
638
667
654
674
663
656
673
676
674
677
687
696
719
698
731
725
698
718
719
709
741
729
743
726
772
720
762
788
800
770
794
808
775
824
829
822
873
858
872
873
916
928
925
869
992
972
1000
1024
1028
1035
1031
1142
1073
1063
1140
1175
1160
1174
1228
1253
1275
1305
1309
1460
1404
1487
1530
1527
1579
1614
1697
1704
1731
1805
1863
1832
2007
1970
2022
2110
2111
2220
2355
2391
2431
2470
2540
2760
2680
2879
2940
3023
3092
3216
3265
3446
3369
3588
3622
3806
3744
3893
4062
4033
4396
4372
4471
4748
4914
4914
5081
5039
5315
5278
5289
5387
5464
5463
5582
5849
5863
5720
6070
6112
6262
6318
6162
6550
6452
6603
6722
6624
6648
6867
6809
6721
6676
6765
6728
6873
6914
6891
6996
6848
6800
6696
6776
6755
6885
6761
6646
6659
6671
6494
6423
6478
6353
6438
6332
6154
6129
6028
6049
5953
5878
5836
5609
5443
5541
5454
5354
5264
5307
5120
5095
4994
4867
4719
4750
4581
4588
4411
4368
4324
4126
4094
3938
4060
3927
3923
3862
3823
3756
3704
3550
3597
3499
3451
3397
3287
3267
3226
3252
3166
3070
3111
2970
2983
2867
2856
2812
2804
2767
2696
2716
2607
2605
2572
2630
2554
2452
2454
2451
2398
2383
2405
2280
2246
2249
2324
2089
2245
2252
2143
2079
2191
2088
2059
2099
2017
2010
2047
2038
1946
1890
1884
1895
1893
1879
1840
1801
1757
1782
1769
1708
1695
1702
1752
1741
1679
1673
1624
1616
1636
1567
1637
1558
1587
1500
1573
1565
1498
1502
1520
1509
1434
1475
1424
1396
1391
1385
1382
1387
1409
1365
1427
1340
1330
1373
1276
1325
1331
1272
1280
1235
1275
1208
1192
1184
1197
1194
1204
1152
1196
1174
1195
1123
1091
1143
1174
1148
1097
1116
1159
1055
1063
1108
1139
1047
1069
1022
1017
1046
1057
1022
1005
1020
1070
947
990
969
995
1032
962
1025
1010
952
980
993
942
964
934
938
958
925
900
924
907
910
895
888
933
896
886
870
872
881
882
873
845
847
842
871
834
869
861
840
829
836
835
859
814
824
802
800
828
797
829
806
804
799
780
821
804
797
786
796
802
767
785
783
776
795
783
784
768
814
793
737
759
740
753
724
766
749
746
733
729
747
733
753
727
741
753
725
733
730
746
720
736
729
703
722
714
707
737
712
721
729
713
724
698
721
708
708
721
701
717
686
698
715
720
694
699
701
738
686
700
705
687
693
681
672
679
679
684
702
692
676
683
673
681
717
694
658
683
679
687
688
695
682
670
660
677
662
667
669
688
672
682
667
673
664
657
675
682
667
663
669
671
681
666
677
648
662
656
651
657
652
673
646
669
671
672
641
650
648
645
653
662
656
639
640
656
641
666
633
665
639
639
649
640
659
659
659
639
654
653
642
641
648
650
650
629
647
637
642
646
650
639
646
638
640
632
632
650
634
628
653
631
648
632
632
621
626
631
626
614
637
631
632
639
632
628
640
633
628
620
624
633
628
626
640
626
634
616
620
626
629
629
631
612
618
633
621
609
619
636
627
626
620
624
629
623
636
613
628
617
621
621
624
615
625
621
619
634
630
616
619
606
621
625
612
617
617
622
621
641
628
622
619
612
621
627
631
616
616
612
610
613
615
617
604
615
619
604
618
624
619
618
620
616
621
615
611
618
609
608
618
616
618
617
622
614
614
610
627
620
622
611
616
616
607
608
606
614
624
615
615
621
618
615
611
614
610
619
618
606
612
612
606
616
618
604
600
609
616
615
621
613
614
604
608
614
609
606
614
610
607
615
612
622
596
601
608
604
615
616
600
613
620
598
619
607
613
601
607
617
618
607
604
611
604
613
602
595
598
607
612
599
603
605
613
600
605
613
612
604
607
607
605
602
595
604
602
593
606
606
602
611
598
614
616
607
606
606
610
612
610
610
612
604
603
601
607
597
602
605
605
593
612
613
603
599
598
609
610
600
596
605
606
610
602
608
598
609
607
601
607
611
600
617
607
614
607
597
607
612
600
604
602
604
597
601
601
607
604
613
606
616
599
599
601
603
605
611
601
598
604
600
597
607
597
605
603
604
598
604
611
605
595
601
608
604
605
605
597
613
605
603
605
603
613
601
608
601
600
604
610
601
602
605
600
606
600
603
600
610
606
608
594
607
606
604
604
598
606
611
595
594
602
604
611
603
604
598
608
606
604
599
597
601
613
602
607
609
609
599
607
602
601
603
599
598
608
612
606
600
604
595
603
598
602
605
606
597
606
588
609
603
606
604
606
598
603
597
601
598
603
606
594
605
599
594
592
597
598
606
595
603
598
602
604
607
601
605
599
598
608
604
599
608
597
596
596
603
610
599
607
600
598
609
601
603
604
607
601
603
602
595
608
596
612
602
597
605
602
598
602
598
602
606
603
603
597
603
602
605
594
597
601
606
604
596
597
600
607
596
598
606
607
