599
602
601
602
607
598
597
601
604
608
604
594
598
601
597
611
592
597
597
604
602
611
601
599
602
596
595
596
603
597
608
602
605
596
598
596
601
593
604
610
598
603
602
602
611
595
602
599
601
605
593
602
600
601
601
594
602
597
601
603
596
600
603
603
592
600
603
595
594
599
607
595
600
605
600
607
607
599
605
601
604
593
598
603
601
593
598
596
598
605
600
609
607
600
599
609
605
596
610
604
601
605
602
600
598
605
608
598
607
613
603
605
606
601
597
606
595
607
601
607
601
603
603
597
600
604
597
589
600
592
595
599
603
595
598
611
602
604
601
604
600
603
600
606
604
602
595
592
602
601
601
597
606
607
603
597
601
599
596
604
599
597
593
606
599
596
598
597
605
599
597
603
599
603
598
603
602
601
598
604
602
600
599
595
611
600
597
595
593
593
598
598
597
595
606
590
607
601
598
595
600
601
594
604
597
600
602
604
606
602
604
596
604
602
597
597
597
598
610
599
596
600
603
603
593
607
608
605
601
605
594
605
601
605
601
604
609
599
598
598
598
604
605
603
600
598
597
603
603
589
590
609
599
595
598
595
601
601
596
609
598
603
609
603
601
599
600
588
600
605
601
602
601
603
600
605
601
595
592
602
600
592
603
595
605
600
596
592
601
601
609
601
598
606
594
603
597
596
596
595
596
602
599
604
593
595
601
599
599
600
601
596
602
605
600
591
600
608
602
595
598
602
598
604
605
596
594
591
609
596
597
598
597
613
596
606
600
598
598
598
600
597
608
595
598
607
604
606
600
601
603
597
604
609
602
599
607
599
595
600
604
601
598
600
597
603
592
593
590
601
605
603
604
604
609
600
597
606
602
609
604
604
610
605
605
601
609
605
596
600
604
609
605
602
603
601
607
598
611
599
606
595
598
602
604
602
603
602
611
609
598
599
602
610
614
613
609
608
615
616
610
607
610
624
609
609
600
613
617
609
609
608
615
609
611
599
622
618
622
602
617
615
605
625
622
610
620
612
616
615
623
627
624
622
621
623
629
626
627
635
630
630
623
642
627
632
652
632
647
643
639
635
637
649
633
657
651
640
664
671
673
653
665
655
673
644
653
663
678
666
679
663
675
667
681
663
687
677
672
680
706
676
713
687
684
705
697
707
708
702
688
734
727
716
702
761
714
744
727
679
765
753
755
735
747
760
769
759
819
760
774
756
776
779
792
807
825
799
785
780
818
816
798
882
822
830
847
870
855
867
846
850
842
851
864
898
912
887
877
915
917
872
956
931
976
924
971
970
953
953
976
1009
972
1008
1021
1032
1019
1011
1020
1032
1038
1013
1072
1069
1113
1054
1099
1067
1068
1111
1097
1094
1135
1089
1136
1128
1173
1124
1160
1130
1202
1157
1158
1175
1172
1188
1242
1156
1242
1192
1229
1250
1289
1217
1157
1294
1199
1239
1254
1272
1250
1186
1276
1207
1238
1279
1338
1227
1250
1351
1293
1249
1236
1268
1288
1238
1228
1230
1235
1237
1277
1279
1284
1249
1241
1266
1289
1226
1250
1275
1243
1244
1221
1213
1207
1274
1248
1198
1250
1219
1251
1238
1243
1232
1249
1192
1197
1186
1275
1245
1241
1182
1211
1189
1218
1151
1182
1211
1138
1185
1245
1197
1169
1211
1162
1193
1173
1157
1165
1153
1166
1162
1156
1166
1115
1127
1190
1141
1147
1142
1144
1113
1157
1116
1107
1102
1128
1114
1081
1059
1091
1082
1096
1108
1086
1076
1035
1078
1075
1047
1074
1037
1062
1084
1001
1037
1037
1037
1077
984
1011
998
996
1033
990
986
980
997
998
987
1011
1011
1011
962
990
953
960
955
983
955
900
961
966
944
932
928
913
957
914
927
926
906
913
923
932
910
889
911
855
880
889
882
888
845
900
872
876
855
839
857
878
831
837
844
846
832
863
854
818
808
840
831
830
825
822
841
812
827
800
753
805
831
823
827
787
766
796
786
795
746
802
758
796
764
722
765
749
760
745
775
748
759
737
750
759
741
750
729
728
728
750
739
726
711
718
704
726
733
708
738
730
693
692
709
690
711
716
717
705
690
703
706
693
695
676
707
705
679
696
660
685
708
697
682
682
668
688
667
676
693
693
689
668
675
670
655
674
680
675
678
657
670
650
659
653
661
686
656
646
658
647
660
654
642
651
636
641
643
644
646
638
661
638
654
643
641
636
656
649
643
647
640
648
647
634
636
635
642
630
629
641
634
639
635
643
631
642
630
640
635
613
635
628
652
625
635
623
633
647
631
638
631
647
626
620
623
633
623
643
609
625
613
635
623
629
628
636
643
629
637
621
629
620
621
621
613
632
628
624
620
621
626
628
620
625
619
626
610
616
620
617
628
628
617
621
614
615
618
596
619
613
626
617
622
609
619
620
620
619
610
619
618
613
622
609
615
623
616
607
613
608
608
609
606
615
607
607
619
608
607
603
606
611
618
613
617
612
610
613
613
615
615
607
612
624
613
616
616
614
601
613
606
616
607
614
611
609
606
604
605
617
608
607
610
604
608
608
600
602
606
607
610
595
609
608
614
609
615
617
604
612
607
602
607
607
605
601
612
603
605
609
616
602
601
599
606
606
614
609
606
605
610
606
603
596
602
610
596
610
605
615
604
595
602
606
599
600
609
596
601
605
605
599
612
595
597
602
609
603
603
601
596
614
602
611
610
611
605
611
606
608
608
600
596
602
615
600
595
605
603
607
604
610
603
599
588
602
614
604
596
604
600
611
600
602
608
602
599
614
596
614
599
600
600
594
598
603
603
597
602
598
602
601
602
602
599
608
603
598
588
603
604
594
595
606
597
605
601
606
603
604
605
607
603
598
603
597
596
600
609
606
611
593
599
599
607
607
598
602
604
590
596
605
610
588
603
597
606
603
602
605
598
602
599
601
597
594
598
595
601
600
589
597
606
603
609
594
603
600
595
605
601
592
600
605
597
606
597
608
587
600
610
601
602
598
605
598
609
597
597
607
601
598
607
596
603
602
600
598
593
595
600
602
600
600
592
598
596
604
590
596
596
608
607
602
589
597
609
609
603
598
605
604
599
598
601
606
597
607
596
605
596
600
603
592
607
593
600
602
605
608
604
598
602
599
600
595
602
608
596
600
595
595
606
598
602
603
597
609
602
598
601
597
607
609
603
591
603
603
609
