605
607
604
610
601
606
601
606
607
596
601
610
606
597
605
602
607
614
604
596
607
601
610
611
605
616
611
617
626
615
614
622
608
613
602
608
602
605
600
608
598
612
618
612
617
624
611
622
611
602
609
611
601
612
610
604
612
604
613
606
608
602
618
594
616
605
610
607
608
607
604
610
606
608
597
599
604
602
595
608
593
608
601
603
600
611
604
598
603
596
605
599
604
616
602
608
601
595
603
600
603
604
602
599
595
604
603
603
604
608
608
605
599
604
601
595
609
595
597
598
602
601
599
599
597
601
594
604
595
598
601
601
607
600
602
608
598
594
611
606
604
603
605
607
602
605
602
607
601
601
600
611
603
604
601
595
595
603
601
599
594
602
604
603
596
593
598
595
605
592
596
596
600
601
595
604
607
599
602
603
607
604
598
600
602
606
606
604
607
607
607
605
596
601
604
600
603
602
595
600
593
605
602
605
598
586
611
599
601
603
604
604
598
604
599
600
601
602
600
606
597
606
597
592
603
613
596
600
603
603
608
601
607
593
605
605
607
603
601
605
605
604
604
608
599
600
597
605
595
595
599
606
604
601
603
601
595
603
599
594
594
606
600
597
601
601
606
605
601
602
602
595
606
602
606
598
604
603
602
609
603
601
599
609
602
595
597
606
603
602
602
607
601
607
599
606
601
604
604
600
597
603
607
605
603
598
606
610
600
603
603
601
607
599
609
607
605
604
605
602
594
608
606
613
600
604
594
605
613
609
610
600
607
606
602
603
606
609
613
602
609
600
608
606
607
601
605
610
611
608
601
613
610
604
606
601
608
607
594
613
605
611
619
599
606
606
603
610
606
611
611
610
610
608
605
607
604
604
600
608
605
623
617
601
612
609
616
611
608
612
613
611
600
620
619
614
607
618
618
604
618
613
616
610
624
616
614
626
622
614
630
616
627
630
633
642
623
625
631
619
627
630
631
632
645
631
633
639
635
642
638
644
631
644
650
643
642
660
661
638
668
646
653
651
658
681
668
655
661
652
665
685
674
689
680
688
700
681
693
677
697
721
705
688
700
715
720
708
721
727
731
724
747
746
728
749
738
765
759
736
791
768
769
787
807
794
821
812
786
797
821
821
843
855
822
837
841
907
859
892
880
892
864
904
872
916
909
890
917
962
994
936
962
970
994
1035
1008
1047
1029
1069
1059
1049
1071
1136
1076
1122
1094
1122
1126
1130
1161
1166
1156
1191
1207
1220
1255
1227
1307
1312
1283
1366
1326
1360
1408
1401
1384
1449
1349
1475
1489
1496
1518
1521
1504
1604
1535
1580
1606
1534
1637
1708
1665
1718
1639
1759
1813
1756
1842
1789
1914
1916
1890
1887
1961
1945
1993
1929
2037
2070
1966
2089
2084
2116
2089
2218
2201
2245
2277
2392
2244
2271
2320
2340
2362
2362
2380
2431
2381
2456
2452
2419
2412
2561
2559
2490
2700
2576
2577
2601
2567
2608
2624
2600
2669
2575
2700
2682
2713
2714
2673
2675
2670
2714
2689
2740
2688
2746
2762
2754
2774
2773
2790
2754
2919
2730
2841
2762
2806
2752
2780
2840
2776
2802
2783
2780
2717
2802
2810
2803
2685
2630
2667
2768
2844
2705
2805
2591
2680
2661
2745
2645
2649
2628
2712
2590
2659
2608
2525
2638
2668
2572
2637
2643
2565
2575
2564
2567
2547
2552
2540
2556
2560
2520
2481
2539
2474
2482
2528
2434
2462
2421
2460
2371
2444
2390
2400
2315
2427
2319
2282
2316
2347
2336
2350
2312
2201
2189
2369
2248
2253
2333
2221
2146
2257
2189
2191
2075
2119
2091
2086
2100
2014
2143
2079
2022
2018
2010
2002
2004
2018
1954
1947
1985
1925
1908
1952
1932
1802
1859
1915
1839
1846
1869
1864
1792
1834
1701
1757
1808
1709
1865
1739
1746
1748
1723
1688
1639
1735
1713
1685
1600
1679
1615
1609
1578
1567
1613
1601
1629
1535
1483
1577
1488
1567
1478
1476
1500
1484
1480
1450
1431
1398
1393
1446
1369
1393
1355
1384
1379
1283
1361
1336
1315
1228
1281
1304
1263
1352
1266
1220
1203
1230
1251
1245
1279
1201
1173
1147
1106
1227
1187
1223
1147
1133
1161
1158
1141
1124
1074
1081
1147
1051
1055
1065
1061
1005
995
1076
1049
1041
1030
1040
984
1011
1016
1017
968
955
964
930
960
949
946
944
958
959
956
943
932
921
896
931
884
895
898
888
890
907
879
873
831
882
907
922
885
868
855
867
853
806
837
834
797
837
847
802
815
808
788
803
807
791
808
825
790
820
788
772
784
748
774
778
796
781
804
787
780
773
776
734
768
768
764
742
752
729
736
737
727
739
726
764
727
739
718
732
717
749
707
738
757
745
734
706
718
705
702
730
710
688
723
688
695
691
702
714
721
706
696
709
683
690
696
710
695
696
690
677
703
688
676
687
679
680
698
665
683
696
684
681
672
663
683
676
676
701
689
706
696
685
666
667
670
670
667
672
676
657
674
666
663
658
653
674
672
672
654
670
665
667
638
640
647
640
671
656
637
664
631
653
642
654
650
645
657
647
658
617
637
648
639
648
634
659
639
634
662
648
622
637
642
649
635
636
652
632
637
636
643
628
638
635
631
623
637
633
649
637
636
636
632
628
633
612
640
633
616
638
636
637
621
631
620
632
620
641
638
627
637
633
621
614
626
620
623
626
627
626
622
618
607
630
635
621
618
610
614
629
625
623
621
635
616
617
626
619
617
618
615
629
634
605
624
621
610
614
603
631
616
615
624
609
606
611
609
616
628
611
626
621
627
606
605
611
620
614
610
614
612
612
616
616
613
608
612
612
611
614
606
610
621
611
618
613
607
609
617
610
618
617
609
607
610
609
613
610
605
602
597
609
598
608
607
602
602
604
603
607
606
606
610
608
600
604
610
610
604
613
607
606
606
611
592
608
615
597
605
596
612
606
610
596
602
607
604
604
609
609
613
612
618
601
598
605
605
605
605
602
618
610
610
615
606
607
605
608
608
602
606
600
603
613
612
602
605
610
597
617
607
599
600
604
606
604
596
604
603
594
603
607
598
609
604
596
612
602
597
601
596
599
605
604
602
609
601
603
599
604
596
605
593
613
602
604
610
596
610
606
613
608
600
603
600
593
606
598
603
598
601
609
597
599
605
611
600
594
606
596
601
605
601
612
601
606
605
610
598
598
603
598
602
603
606
602
602
605
603
598
604
611
603
607
598
605
603
610
594
597
604
607
603
592
605
597
601
595
605
600
601
596
599
598
602
597
596
602
595
607
607
598
606
606
605
607
604
598
604
599
601
