603
600
598
609
602
606
601
604
608
598
596
610
605
605
597
602
614
601
599
603
615
593
617
601
605
608
611
622
610
630
627
623
620
610
613
602
600
606
605
593
607
598
604
613
627
614
620
617
610
617
613
606
604
604
597
597
603
598
600
604
603
598
601
599
603
594
600
601
592
605
592
600
600
608
599
598
607
606
606
601
601
601
598
593
602
607
604
598
604
607
599
606
605
607
615
605
609
604
604
590
603
610
592
604
609
607
599
603
607
602
603
603
601
604
597
602
595
598
602
601
617
602
599
606
602
603
605
606
600
603
602
600
603
593
607
602
596
602
606
601
601
601
601
600
597
598
607
600
601
601
604
597
603
603
601
603
596
596
603
600
602
596
604
600
600
589
607
605
605
590
603
602
598
598
602
601
604
601
598
607
600
599
602
595
601
600
599
595
605
596
603
606
604
596
602
594
594
600
599
595
605
598
597
598
602
595
600
603
614
594
594
597
587
605
599
599
604
599
602
596
600
591
593
605
593
595
602
607
595
601
604
604
598
598
604
609
605
600
597
601
598
593
602
595
603
594
603
589
597
597
601
599
598
600
599
600
605
596
589
602
603
601
604
596
597
610
601
601
600
590
601
587
596
599
601
607
616
600
597
606
601
601
613
596
597
601
604
608
602
594
607
604
605
611
600
594
606
600
607
595
602
595
606
600
596
602
595
601
603
603
601
590
597
603
603
601
605
603
600
603
608
600
608
604
609
598
613
606
604
610
609
600
609
611
607
601
597
601
594
604
597
607
604
595
602
603
599
614
595
612
611
606
609
611
603
601
607
598
618
620
603
620
614
614
614
606
608
605
607
599
604
616
607
609
611
619
626
611
614
606
609
611
612
628
603
606
609
613
624
601
611
610
616
624
625
613
614
613
623
615
626
617
623
621
624
610
637
622
627
635
643
619
644
643
643
628
635
650
623
632
639
631
626
641
648
640
654
650
643
659
663
631
659
641
676
677
654
664
656
673
661
687
668
671
671
696
688
699
693
716
697
692
728
701
728
705
733
728
738
722
712
741
744
722
740
754
805
783
769
737
787
791
775
799
835
783
803
831
821
837
831
860
832
891
852
857
857
889
877
884
897
865
916
925
967
958
969
936
965
979
1014
1005
1047
1084
1028
1052
1074
1073
1045
1075
1027
1113
1165
1095
1087
1151
1147
1184
1193
1237
1259
1242
1232
1279
1278
1326
1238
1303
1356
1295
1386
1323
1413
1372
1424
1422
1456
1550
1471
1447
1496
1569
1552
1638
1643
1617
1609
1725
1717
1777
1709
1764
1783
1780
1837
1793
1815
1906
1945
1871
2007
1941
1959
2016
2037
2044
2092
2214
2204
2180
2157
2265
2208
2232
2258
2319
2291
2370
2383
2427
2428
2455
2539
2517
2518
2513
2585
2569
2661
2658
2686
2518
2734
2718
2693
2703
2810
2780
2837
2728
2772
2790
2863
2854
2773
2861
2917
2899
2869
2847
2939
3046
2905
3058
2996
2975
3057
2939
2957
2965
2966
2961
2918
2992
2993
3023
3033
3016
2981
3028
3072
3091
3068
3096
3042
3068
3035
3171
3151
3014
3104
3145
3079
3072
3033
3107
3174
3138
2968
2982
2964
2922
3084
3008
2973
3083
3000
2961
3164
3018
2950
2987
3005
2969
2963
2885
2959
2899
2976
2909
2892
2916
2885
2909
2884
2900
2888
2997
2800
2853
2868
2876
2851
2881
2764
2781
2676
2778
2825
2653
2777
2748
2679
2755
2680
2538
2587
2650
2700
2656
2562
2558
2552
2516
2574
2524
2567
2575
2615
2517
2615
2478
2382
2443
2479
2393
2457
2422
2428
2405
2367
2231
2423
2300
2350
2357
2314
2247
2229
2228
2263
2231
2260
2252
2197
2195
2204
2147
2177
2106
2073
2137
2070
2066
2119
1966
2051
2038
1912
1982
1969
1972
1866
1891
1913
1970
1928
1944
1865
1796
1829
1865
1828
1733
1748
1743
1762
1742
1766
1648
1678
1690
1690
1707
1682
1621
1626
1595
1624
1597
1624
1590
1563
1494
1583
1551
1500
1436
1471
1581
1478
1506
1457
1471
1392
1417
1359
1311
1345
1354
1434
1328
1346
1349
1295
1322
1312
1260
1266
1293
1234
1252
1237
1175
1219
1249
1199
1216
1250
1166
1184
1168
1143
1091
1200
1127
1150
1079
1119
1096
1110
1138
1105
1086
1059
1102
1007
1096
1066
1045
1039
1046
1001
1046
985
1052
972
966
991
1018
983
966
949
976
999
967
943
966
938
941
933
929
928
970
881
898
910
877
917
899
882
907
951
914
875
881
911
888
883
856
892
850
880
847
867
831
863
859
866
841
837
819
867
818
835
791
840
814
812
791
804
821
819
809
784
802
766
836
788
792
788
751
786
781
769
782
782
769
788
742
758
746
781
751
769
739
749
723
773
762
735
710
735
752
740
734
759
727
730
745
705
746
711
730
709
697
718
707
722
716
727
709
710
677
716
710
719
704
707
718
692
691
694
685
696
704
714
698
680
689
695
684
676
699
689
689
668
668
679
668
691
682
682
672
670
687
661
672
656
666
660
686
671
658
671
663
665
656
665
669
677
656
666
656
670
667
660
663
645
668
657
648
658
656
655
655
653
644
652
647
660
634
636
654
661
646
645
636
649
641
648
642
639
650
637
645
644
655
638
631
649
649
636
637
629
642
641
621
633
633
645
650
629
640
614
639
629
633
628
613
614
638
630
638
629
623
629
637
645
634
630
628
625
614
625
628
628
629
614
615
629
616
607
627
620
632
613
620
606
615
624
622
610
615
610
614
609
616
637
628
622
625
612
619
618
620
609
615
622
609
628
617
613
610
619
609
622
630
619
614
613
620
609
617
615
601
611
620
609
605
604
604
605
606
607
599
613
610
607
607
605
603
606
610
607
597
618
606
609
612
606
606
616
605
608
612
599
610
602
602
605
615
608
607
618
604
603
596
612
615
612
601
597
606
607
606
605
606
605
609
612
599
599
602
603
602
606
609
606
614
597
604
605
606
603
610
596
604
608
607
609
604
605
620
606
606
606
602
611
596
611
606
599
601
606
609
603
605
606
592
603
600
605
603
592
606
591
602
608
596
592
607
609
605
603
606
607
604
603
601
606
600
603
602
604
612
594
600
602
606
604
595
600
602
602
602
602
606
593
599
607
606
597
600
599
616
604
604
610
600
603
601
605
608
602
596
606
596
603
611
598
604
605
605
604
609
607
603
600
601
599
604
595
597
609
601
602
600
596
615
592
604
604
595
601
607
605
597
600
602
602
598
598
594
596
600
602
599
604
607
609
603
594
609
612
600
596
602
604
601
591
597
596
602
597
600
603
602
599
605
