608
608
605
609
607
598
596
603
607
606
602
604
605
596
601
607
599
606
599
608
609
603
604
605
604
598
609
611
622
615
621
612
615
610
609
608
612
608
605
596
611
609
614
603
614
615
621
600
612
612
604
605
603
601
603
601
608
600
597
599
607
605
608
598
594
597
605
602
608
609
615
608
600
604
601
594
593
602
593
596
606
594
597
604
602
607
601
603
608
604
609
616
603
612
602
598
608
604
600
603
596
601
601
595
607
600
611
605
605
596
606
604
604
610
590
603
599
601
595
601
606
596
602
592
606
599
602
605
593
603
612
602
601
604
596
602
603
604
605
605
597
596
607
602
597
613
594
604
607
602
600
602
606
612
594
595
602
592
602
603
589
602
597
597
604
594
595
604
603
605
599
605
597
606
598
598
600
600
599
600
598
599
603
604
609
603
603
598
602
605
595
592
602
605
601
600
598
609
598
599
609
603
601
606
598
594
595
594
597
601
595
594
603
607
605
602
610
606
604
600
603
606
602
611
601
596
597
600
606
607
597
597
608
605
604
611
597
597
598
585
601
600
602
609
609
594
596
602
603
598
602
600
597
598
603
601
592
594
601
587
597
587
598
600
601
603
600
599
598
605
604
608
604
600
601
604
599
602
602
595
608
600
600
604
604
598
597
595
603
604
596
603
599
596
603
606
604
596
596
601
602
598
593
605
599
604
603
612
600
601
598
602
597
606
601
594
603
606
616
599
608
597
596
604
607
600
599
604
610
607
611
605
603
610
595
613
609
609
599
600
595
607
598
604
600
602
603
601
606
596
604
606
607
605
594
607
604
611
597
611
605
599
616
607
606
601
608
604
607
612
610
600
606
600
598
606
609
612
605
618
618
605
610
613
627
605
607
615
615
619
610
619
611
610
629
613
618
627
627
614
615
611
629
614
625
617
618
624
635
617
618
626
635
634
620
631
634
629
627
636
614
626
641
645
645
649
643
651
658
642
650
640
637
662
649
653
666
680
649
673
633
675
666
656
673
674
659
673
674
689
700
692
678
697
688
655
703
710
710
702
720
714
728
727
739
735
727
767
751
738
760
755
765
778
771
802
795
775
808
814
791
821
827
802
821
832
835
816
844
836
830
861
886
897
871
926
871
918
905
904
966
946
956
972
956
956
996
1015
1009
999
1031
1011
1022
1040
1026
1099
1109
1100
1108
1161
1111
1145
1154
1164
1209
1240
1251
1299
1223
1205
1261
1222
1268
1301
1324
1332
1349
1346
1426
1444
1394
1480
1415
1482
1545
1546
1551
1553
1525
1666
1597
1643
1662
1674
1728
1704
1801
1820
1790
1816
1848
1920
1862
1968
1903
1869
2004
1911
2073
2018
2150
2131
2156
2133
2134
2173
2280
2245
2256
2372
2332
2330
2435
2364
2438
2448
2444
2553
2551
2572
2683
2617
2632
2608
2708
2646
2742
2657
2824
2845
2835
2730
2814
2819
2841
2936
2864
2959
2938
3030
2993
2901
2980
3156
3060
2915
3012
3045
2927
3014
3050
3048
2970
2981
3147
2995
3134
3176
3105
3101
3138
3108
3073
3065
3194
3126
3181
3204
3075
3110
3176
3165
3055
3079
3155
3002
3169
3151
3168
3187
3046
3050
3084
3039
3121
3000
3072
3085
3136
3038
2983
3157
2966
3007
3007
3000
2993
3062
2973
3092
2979
3043
2861
3018
2862
2925
2875
2857
2837
2874
2962
2867
2795
2852
2901
2814
2848
2718
2857
2720
2746
2696
2720
2722
2713
2765
2611
2701
2631
2738
2652
2652
2527
2574
2585
2531
2624
2583
2492
2524
2527
2525
2486
2425
2527
2444
2578
2464
2479
2415
2383
2422
2288
2378
2361
2321
2342
2306
2231
2335
2236
2267
2275
2242
2261
2192
2163
2225
2138
2098
2151
2096
2020
2063
2063
2044
1979
2065
2029
2042
1943
1969
1963
1995
1974
2027
1897
1866
1865
1859
1900
1837
1821
1778
1740
1787
1816
1760
1703
1762
1694
1702
1699
1671
1716
1595
1677
1662
1672
1571
1640
1598
1538
1569
1460
1519
1531
1455
1582
1562
1501
1458
1458
1457
1447
1436
1411
1436
1405
1400
1337
1361
1377
1360
1341
1368
1348
1338
1313
1265
1241
1232
1208
1256
1228
1229
1215
1191
1252
1157
1181
1241
1115
1205
1243
1182
1136
1099
1100
1113
1103
1090
1094
1092
1061
1107
1060
1081
1047
1044
1045
994
1011
990
1021
981
997
1013
1017
1017
1017
1001
979
995
942
934
936
999
939
953
923
913
937
914
959
922
908
894
908
912
899
902
866
841
850
884
884
885
838
870
862
834
849
824
860
866
840
827
832
801
805
836
792
792
781
804
824
815
799
823
771
834
796
776
810
776
758
780
758
743
752
787
744
792
751
765
753
760
736
746
756
743
720
753
750
727
738
730
749
732
732
748
721
719
733
718
727
698
708
731
720
731
713
709
684
708
717
746
719
717
676
698
697
690
693
694
696
696
697
692
673
686
689
687
679
688
675
686
693
671
678
651
678
688
683
684
675
685
668
666
689
670
664
675
694
668
681
657
685
676
673
681
683
667
659
673
653
653
656
662
657
642
662
661
660
639
664
681
656
667
647
667
647
653
656
652
640
675
636
644
650
658
635
632
640
641
660
645
626
645
648
639
645
623
645
644
634
642
630
642
653
646
650
625
636
640
625
660
621
620
641
628
627
623
640
636
637
638
621
627
624
620
622
620
632
632
617
618
611
622
633
637
633
637
628
624
619
624
628
636
633
611
615
613
630
620
630
621
632
626
615
624
629
627
618
620
614
613
620
622
608
613
621
611
621
608
627
615
614
618
615
629
611
611
616
607
615
619
611
601
623
616
612
620
608
601
612
615
617
614
619
614
621
610
619
601
609
613
612
612
610
613
609
609
610
614
608
610
603
611
609
611
607
612
614
598
609
603
596
613
610
605
606
618
611
607
606
621
602
606
605
603
608
604
605
598
617
608
609
616
605
601
605
610
606
610
600
612
600
606
609
607
604
610
609
597
610
602
608
600
599
610
599
601
608
609
600
603
602
598
607
613
602
602
601
612
598
598
601
604
612
607
605
614
616
607
599
612
603
594
606
602
614
605
610
610
601
597
603
603
594
611
605
605
607
592
604
594
610
605
607
607
596
597
605
604
604
605
605
598
599
601
595
600
613
601
607
603
600
609
604
596
601
601
610
608
600
597
603
606
603
600
595
604
601
595
596
608
600
605
601
592
604
601
606
601
604
603
603
590
593
603
593
600
598
599
604
603
611
606
600
601
606
597
600
603
597
599
606
601
607
605
598
605
602
600
601
594
604
604
601
604
597
606
611
604
604
590
605
596
