604
604
598
615
606
607
607
599
601
606
599
601
603
611
604
599
599
607
603
601
611
604
600
605
609
610
615
617
611
631
610
618
618
609
612
613
607
613
607
600
603
605
610
607
610
613
611
610
617
615
611
602
609
601
600
608
601
590
602
599
606
597
606
602
600
600
607
603
609
604
603
598
590
602
605
598
605
598
609
597
612
598
597
610
604
610
603
603
606
604
611
590
596
605
608
604
606
602
606
603
600
600
604
590
606
606
604
606
592
592
602
605
593
600
600
599
594
603
600
609
603
599
599
602
602
602
598
597
598
603
598
596
597
595
606
594
609
598
601
595
611
597
609
596
600
605
595
608
595
602
603
604
601
606
594
599
590
605
596
600
604
602
612
600
602
606
608
602
605
600
602
611
594
600
593
604
605
605
604
602
598
601
603
590
602
595
594
600
598
603
598
598
598
596
590
600
599
605
599
603
589
594
607
614
598
595
602
601
600
602
603
597
603
605
595
605
602
595
601
604
599
603
599
601
595
600
594
602
595
595
600
596
597
597
602
596
597
604
606
596
606
604
596
598
608
606
605
608
600
607
602
603
591
598
594
606
596
603
609
601
604
596
602
600
602
603
601
594
601
610
609
606
608
606
605
614
601
609
604
602
602
604
599
603
602
604
607
604
596
599
605
605
599
606
607
598
608
607
605
604
603
608
602
601
612
606
606
599
607
605
604
592
605
604
612
601
601
617
599
599
604
605
601
604
605
606
613
604
610
607
608
606
602
611
600
613
604
605
603
612
602
607
619
602
608
593
611
611
599
614
612
612
598
615
609
611
605
625
601
609
608
606
604
616
612
616
603
612
623
622
609
612
607
616
615
621
609
609
606
608
624
621
604
610
616
607
614
607
626
623
609
631
617
632
636
612
633
634
622
622
631
638
641
633
615
639
642
627
639
632
641
637
647
640
645
633
639
647
652
659
655
662
675
671
651
675
677
640
665
663
682
672
666
686
689
693
679
702
682
695
697
679
699
717
718
707
709
716
713
738
737
734
741
768
762
770
777
754
775
789
772
811
807
827
799
871
811
806
851
831
835
846
853
874
846
886
864
881
889
896
950
935
957
935
952
992
971
976
990
1036
1070
1015
1068
1010
1073
1094
1055
1100
1115
1127
1150
1174
1224
1222
1167
1207
1205
1233
1236
1287
1293
1303
1285
1336
1347
1348
1369
1305
1435
1401
1470
1470
1479
1486
1488
1623
1544
1583
1574
1664
1626
1738
1639
1700
1737
1771
1787
1855
1833
1868
1890
1963
1973
1961
2021
1976
2099
2007
2110
2184
2136
2265
2207
2251
2301
2219
2346
2337
2428
2368
2461
2629
2435
2574
2558
2639
2670
2675
2773
2808
2758
2903
2887
2954
2872
2869
3052
2916
2920
3094
3085
3102
3155
3145
3238
3355
3199
3303
3287
3368
3391
3467
3351
3486
3439
3477
3522
3618
3541
3655
3613
3550
3738
3628
3579
3813
3699
3754
3970
3898
3832
3899
3788
3870
3863
3897
3765
3999
3929
3847
3953
3957
3951
3989
3893
3873
3850
3942
3916
3904
4035
3963
4039
4016
4157
4119
4016
3977
3845
4103
4030
3918
4064
4064
4020
3886
4051
3891
4004
4084
4019
3934
4013
3900
4017
4091
3948
3961
3896
3959
3991
3909
3880
3958
3868
3762
3864
3805
3778
3835
3807
3668
3769
3673
3762
3747
3775
3812
3837
3760
3608
3630
3615
3637
3603
3487
3633
3600
3413
3612
3512
3544
3544
3473
3529
3463
3335
3378
3235
3328
3450
3377
3321
3389
3367
3277
3245
3293
3215
3286
3098
3303
3216
3322
3132
3091
3138
3110
3037
3108
3025
3114
3062
3027
3079
3004
2956
2935
2932
2878
2978
2909
2907
2843
2719
2779
2881
2819
2728
2735
2763
2699
2578
2619
2579
2680
2638
2513
2422
2491
2480
2362
2491
2447
2396
2367
2408
2388
2406
2286
2330
2405
2285
2194
2316
2251
2225
2119
2238
2189
2118
2036
2199
1986
2107
1994
2041
2030
2013
1990
1954
2023
1961
1936
1930
1920
1885
1853
1909
1778
1815
1854
1773
1744
1711
1683
1714
1777
1648
1728
1672
1668
1588
1652
1569
1631
1562
1630
1607
1525
1569
1545
1507
1569
1462
1509
1401
1428
1494
1514
1431
1376
1453
1424
1410
1341
1336
1333
1332
1309
1331
1328
1300
1258
1261
1261
1228
1308
1197
1244
1224
1180
1226
1259
1212
1164
1162
1182
1177
1190
1213
1146
1079
1156
1130
1062
1092
1095
1094
1068
1071
1062
1078
1048
1070
1027
1008
1057
1060
1034
1019
1049
995
1006
964
1007
992
1005
940
986
973
966
972
938
991
916
963
962
967
926
927
921
910
886
935
908
887
873
913
891
881
872
877
821
873
859
872
857
874
806
831
812
836
827
812
818
842
798
844
860
805
782
819
795
788
801
782
793
787
787
784
780
783
779
786
754
806
763
782
776
768
778
747
758
793
758
784
771
767
763
777
765
735
753
743
740
727
728
723
719
732
710
742
749
709
702
716
709
729
721
710
723
710
724
708
710
697
686
700
723
704
711
693
702
702
706
712
696
693
701
673
698
671
699
678
676
704
664
701
676
693
705
698
685
671
684
719
680
683
675
674
669
687
684
659
681
663
680
658
674
647
658
660
662
655
667
665
661
653
664
662
667
653
651
680
664
668
659
641
646
662
637
662
643
650
655
643
641
633
637
653
651
646
649
645
633
633
636
649
657
655
640
643
636
642
626
635
633
640
627
630
641
644
623
631
658
635
629
636
637
637
629
623
628
628
619
650
616
627
636
632
629
621
629
631
623
616
628
619
618
618
622
622
626
617
621
625
623
631
620
623
625
617
625
611
620
632
617
610
629
609
615
613
611
612
623
623
610
618
604
623
610
626
605
611
615
618
612
611
614
605
610
615
623
606
616
612
619
621
604
607
601
604
618
604
614
610
616
617
605
607
613
618
620
606
616
615
600
607
609
603
619
613
607
609
612
609
607
606
623
614
613
608
617
609
608
611
611
611
610
604
613
599
609
609
606
611
613
612
597
600
600
607
604
616
602
615
597
605
610
606
602
606
593
609
600
609
608
601
603
603
600
608
598
613
607
603
603
608
609
610
601
600
605
606
606
604
607
601
602
597
598
604
601
597
606
604
609
605
598
603
614
604
601
593
608
599
603
605
602
600
602
596
595
603
600
594
605
605
599
606
601
602
598
615
608
611
602
603
605
597
602
602
593
606
601
605
606
598
600
593
607
603
598
608
605
604
601
601
591
600
603
598
598
603
600
600
609
605
609
610
601
606
601
594
607
597
602
613
611
596
602
609
599
611
594
600
602
595
605
611
598
603
607
602
610
598
600
602
602
