600
598
606
603
615
611
608
605
600
615
603
604
611
598
607
606
600
604
609
602
605
597
605
601
602
619
611
613
617
626
623
617
613
608
607
603
598
613
604
609
613
598
610
607
606
609
614
627
620
612
615
608
602
610
607
600
608
601
609
611
600
592
612
607
604
601
599
597
605
588
596
596
596
606
603
598
603
604
605
606
600
603
602
597
594
597
598
605
603
605
605
613
599
607
608
601
605
602
604
588
601
606
600
602
606
605
598
604
608
593
607
602
596
601
608
604
597
606
598
602
592
604
597
606
601
609
604
603
600
601
603
597
599
603
602
604
603
597
601
596
596
603
603
591
595
604
601
605
604
598
605
600
606
603
603
599
601
600
600
601
593
607
602
603
603
598
597
607
602
600
593
604
604
605
607
603
598
607
602
604
606
599
597
594
609
590
595
599
602
599
601
592
604
592
597
606
602
599
607
597
602
602
589
606
601
601
603
602
601
602
602
607
591
606
608
603
607
603
600
609
604
598
608
600
598
605
604
597
597
599
600
602
608
606
599
594
604
600
604
598
593
596
600
602
595
598
607
606
592
606
595
598
602
603
601
601
600
605
602
594
596
602
606
598
597
603
588
605
609
600
603
594
599
603
599
602
598
601
610
605
597
609
603
597
614
605
608
604
601
606
604
592
607
602
599
606
599
603
610
600
601
610
604
602
601
605
602
604
598
606
594
590
606
606
595
603
606
604
596
610
609
602
615
611
600
594
608
613
606
599
618
605
608
597
610
601
606
602
610
605
610
606
609
609
602
622
610
610
607
605
612
621
614
606
609
605
617
604
617
608
608
615
611
629
618
611
612
605
616
607
610
617
615
611
621
630
618
627
627
623
621
616
632
626
606
620
610
614
627
627
631
623
621
630
629
633
644
631
626
629
626
637
632
630
630
643
628
633
649
630
641
638
650
640
647
661
658
644
633
660
638
674
654
671
666
665
677
673
674
668
664
685
701
705
682
698
694
686
713
699
701
723
707
746
717
715
758
713
731
730
728
762
740
786
785
794
790
803
794
833
826
818
840
856
817
821
834
810
911
869
863
871
875
880
888
969
897
933
973
949
975
1001
1004
1045
992
1007
1052
1037
1066
1087
1086
1068
1073
1077
1098
1076
1194
1155
1230
1167
1229
1212
1222
1288
1276
1315
1295
1344
1361
1319
1389
1339
1399
1448
1447
1548
1526
1536
1491
1569
1550
1532
1628
1655
1704
1692
1749
1741
1750
1793
1785
1910
1833
1933
1931
1926
2026
1996
2084
2045
2064
2151
2131
2156
2129
2237
2218
2418
2356
2387
2352
2453
2435
2581
2486
2586
2579
2634
2611
2641
2814
2795
2811
2895
2905
2917
2921
2997
3089
3174
3056
3181
3084
3141
3200
3243
3239
3261
3284
3318
3439
3439
3385
3534
3571
3615
3525
3752
3567
3754
3716
3892
3923
3905
3939
3885
3788
4042
4041
4011
4194
4206
4151
4102
4143
4176
4162
4350
4223
4211
4392
4167
4188
4388
4330
4463
4298
4320
4435
4272
4416
4373
4266
4417
4295
4460
4388
4390
4218
4284
4626
4430
4589
4432
4627
4619
4441
4480
4311
4388
4375
4541
4540
4422
4466
4414
4547
4474
4414
4411
4486
4466
4441
4355
4327
4555
4548
4472
4512
4467
4374
4419
4371
4368
4206
4350
4355
4375
4285
4170
4284
4173
4161
4149
4222
4220
4173
4336
4110
4112
4020
4112
4043
4051
4120
3975
3862
3846
4051
3991
3919
4018
3932
3834
3951
3858
3851
3819
3856
3896
3948
3728
3724
3805
3706
3848
3621
3588
3810
3565
3667
3677
3579
3586
3597
3502
3422
3437
3358
3546
3348
3417
3351
3219
3285
3275
3161
3403
3212
3238
3269
3308
3244
3211
3146
3008
3125
3269
3083
3057
3093
3026
2989
2908
2948
2914
2679
2891
2838
2682
2835
2800
2754
2804
2690
2793
2591
2574
2631
2630
2600
2600
2485
2572
2484
2390
2409
2423
2482
2357
2341
2300
2411
2265
2315
2312
2317
2241
2217
2160
2168
2195
2196
2094
2142
2168
2045
2048
2086
1999
2087
2034
1948
1974
1884
1953
1927
1903
1859
1848
1840
1722
1779
1802
1755
1704
1739
1665
1731
1669
1726
1591
1673
1561
1623
1592
1564
1576
1514
1516
1536
1577
1537
1467
1505
1440
1364
1491
1407
1383
1450
1360
1423
1396
1436
1366
1408
1372
1363
1307
1312
1370
1279
1267
1323
1291
1245
1251
1168
1258
1220
1275
1175
1255
1134
1198
1214
1158
1204
1194
1162
1093
1111
1142
1144
1101
1099
1131
1034
1093
1146
1080
1073
1052
1021
1064
1065
1002
987
1063
1036
1031
1009
1024
1010
932
965
952
984
994
964
947
950
996
896
951
924
919
937
892
945
924
932
910
887
874
899
885
926
878
874
883
885
887
859
840
862
870
855
812
823
845
825
827
823
842
834
836
798
845
840
817
787
804
816
780
770
784
769
766
785
790
790
780
780
796
773
786
773
749
754
779
768
767
792
771
760
748
754
764
759
739
735
749
736
724
724
752
737
745
743
726
725
704
739
720
741
734
720
722
719
727
726
724
715
704
724
701
701
715
693
690
705
711
682
718
686
690
690
711
706
692
705
696
705
700
668
667
701
700
672
665
682
675
688
673
671
692
688
665
671
661
685
683
677
658
668
657
679
681
658
641
653
659
661
658
671
656
674
679
644
646
646
657
665
646
654
654
647
639
654
637
664
637
647
645
648
652
645
648
640
646
647
642
644
628
633
656
644
631
645
629
662
659
637
632
628
641
639
622
637
639
628
621
645
630
627
636
619
644
632
636
615
623
644
635
633
626
625
630
628
631
629
638
616
621
622
617
624
629
622
610
620
621
620
616
612
618
629
620
617
623
630
616
619
620
616
629
624
623
614
616
610
612
627
615
623
610
611
620
615
606
618
617
613
613
605
615
623
613
630
616
608
610
611
604
617
604
619
611
607
604
606
607
608
615
609
615
614
620
614
613
602
611
616
610
606
605
606
616
609
623
607
608
626
608
599
615
607
605
606
606
602
605
606
609
617
611
607
615
603
603
612
611
616
605
597
605
605
624
609
618
598
607
608
601
606
595
613
614
611
597
618
603
613
613
598
601
604
593
600
604
605
609
597
600
594
601
602
606
604
604
609
606
605
609
596
598
608
602
599
607
603
606
603
605
604
609
601
594
600
606
598
602
602
606
598
609
609
598
604
600
591
604
598
597
606
601
608
604
595
602
605
600
607
603
604
610
601
602
605
594
612
610
606
603
602
612
616
608
597
598
600
597
603
605
602
606
601
602
610
599
602
596
605
611
602
606
606
603
611
590
597
601
609
601
603
600
595
610
606
605
606
610
600
608
601
595
605
606
