605
612
607
603
610
610
597
607
610
604
606
612
602
595
598
608
602
605
602
595
601
612
606
595
605
603
615
613
611
616
628
608
610
617
602
609
607
611
604
605
601
610
617
605
601
617
614
601
612
616
611
605
599
594
609
605
610
604
604
608
607
604
599
598
606
599
601
598
605
592
604
594
594
600
602
602
604
603
613
599
605
598
593
608
603
603
614
606
596
608
607
605
607
612
602
603
606
602
601
595
600
602
610
604
598
602
595
589
606
604
602
598
608
604
598
598
606
602
603
606
611
606
601
606
609
604
607
596
595
600
600
598
597
595
609
600
603
594
605
598
595
605
603
601
602
604
598
606
602
594
602
602
603
604
604
606
600
606
616
589
598
598
599
602
596
604
606
598
604
607
603
598
609
607
603
598
601
605
602
598
592
603
597
601
597
604
605
602
596
605
600
599
602
593
605
604
599
595
604
603
602
592
595
601
607
603
604
601
604
602
596
595
606
600
602
593
602
602
606
600
598
603
600
594
598
607
606
605
600
600
601
600
597
600
597
602
610
603
593
600
597
602
601
602
595
611
606
596
593
601
603
603
603
607
609
609
604
602
600
601
603
608
596
604
598
592
597
602
599
596
605
602
600
604
613
606
605
599
604
606
602
598
597
609
601
597
603
600
602
605
599
606
612
605
602
610
607
601
602
607
607
603
597
599
612
608
594
605
606
598
598
597
599
605
608
613
597
605
607
599
601
608
612
604
606
613
607
603
606
601
610
602
613
612
605
606
621
607
613
610
595
607
606
608
606
611
605
602
611
614
603
611
615
612
611
611
617
613
616
620
617
605
615
613
621
607
612
611
605
611
615
610
622
612
618
628
623
623
620
607
618
630
620
626
624
627
629
628
640
640
637
627
633
633
629
632
623
623
643
630
631
647
646
644
663
636
655
651
633
650
638
662
665
664
654
662
632
650
661
667
648
654
657
672
684
670
705
692
679
686
678
686
711
689
709
728
706
702
728
722
738
731
738
753
756
734
770
751
775
766
758
780
809
812
818
801
805
780
845
770
840
849
837
829
849
860
877
896
891
886
915
919
935
978
984
963
1012
978
976
1013
1042
1020
1021
1033
1058
1066
1091
1037
1173
1122
1158
1133
1163
1156
1159
1163
1255
1270
1298
1274
1246
1305
1298
1285
1360
1350
1404
1417
1456
1440
1418
1474
1533
1462
1535
1550
1593
1643
1663
1674
1682
1720
1707
1727
1812
1749
1791
1764
1806
1962
1915
2025
1937
1957
2045
2151
2108
2180
2093
2236
2192
2246
2341
2367
2351
2465
2472
2428
2544
2495
2642
2647
2557
2637
2669
2820
2823
2935
2824
2902
2899
3016
3060
2965
3112
3281
3173
3295
3322
3397
3266
3435
3409
3465
3677
3604
3670
3511
3806
3625
3655
3834
3717
3889
3835
3950
4020
3986
3960
4135
4118
4154
4189
4279
4329
4132
4420
4282
4377
4401
4389
4431
4603
4538
4499
4408
4544
4649
4759
4559
4671
4787
4753
4701
4773
4727
4806
4827
4895
4874
4878
4677
4863
4892
4853
4923
4845
4816
4816
4821
4766
4928
4992
5088
5031
4977
4996
5007
5046
4964
5025
4850
4873
4935
4926
4800
4797
4884
4851
4880
4940
4922
4789
4914
4864
4995
4950
4842
4777
4797
4801
4955
4706
4946
4863
4742
4664
4782
4772
4771
4692
4795
4673
4493
4605
4536
4693
4726
4568
4545
4557
4666
4429
4702
4526
4515
4421
4496
4442
4337
4401
4453
4250
4405
4164
4290
4228
4236
4230
4191
4210
4175
4120
4132
4093
4168
4169
4047
4040
4095
3947
3950
3834
3877
3932
3934
3807
3769
3799
3801
3715
3882
3681
3751
3574
3576
3645
3701
3550
3586
3606
3476
3580
3456
3417
3384
3450
3470
3364
3328
3327
3251
3233
3264
3224
3172
3085
3138
3089
2919
3106
2931
2988
2923
2982
2869
2842
2821
2815
2926
2810
2711
2797
2752
2792
2727
2706
2677
2568
2548
2546
2565
2485
2676
2482
2399
2442
2411
2396
2444
2279
2286
2303
2275
2326
2246
2343
2252
2215
2220
2106
2219
2119
2106
2049
2122
2083
2017
2015
2010
1975
1968
2015
1901
1891
1873
1856
1920
1873
1813
1772
1777
1744
1781
1775
1683
1713
1704
1680
1681
1664
1673
1620
1583
1624
1553
1580
1540
1515
1578
1492
1574
1484
1515
1458
1419
1500
1396
1413
1414
1414
1402
1390
1406
1422
1301
1332
1351
1298
1286
1291
1243
1303
1274
1251
1255
1232
1264
1227
1240
1195
1263
1208
1217
1183
1165
1158
1175
1228
1093
1155
1156
1101
1120
1108
1154
1100
1089
1047
1046
1076
1158
1061
1039
1083
1077
987
1020
1024
1001
1005
997
1008
1033
987
960
1033
990
972
942
949
985
937
966
927
938
958
923
922
903
924
898
920
914
882
887
891
877
899
923
874
855
866
861
849
853
873
845
867
853
861
812
829
797
856
834
848
843
799
819
797
806
793
813
791
814
781
785
785
811
816
773
765
803
787
760
766
773
792
744
749
766
765
790
766
739
760
787
746
753
711
741
720
751
757
742
715
745
765
723
744
738
723
726
747
724
715
728
709
715
731
688
723
682
727
692
711
711
719
702
707
713
724
716
725
678
684
691
697
704
683
716
672
706
714
673
675
699
697
703
675
665
668
688
681
676
684
683
675
673
674
661
671
678
675
683
681
669
671
677
656
682
661
659
670
655
658
665
646
666
669
681
658
650
675
658
646
663
655
648
648
646
657
644
655
637
653
653
637
648
653
623
637
646
635
617
649
640
637
629
657
627
637
642
653
653
632
636
628
647
639
622
625
635
631
632
634
626
632
633
627
626
627
633
636
629
626
626
611
614
628
626
638
619
632
623
617
627
617
614
607
630
618
627
615
631
626
631
632
610
620
620
619
630
618
619
621
616
612
616
611
622
615
624
627
635
624
623
612
619
621
609
617
610
620
616
621
617
623
615
615
611
606
614
608
604
609
608
609
615
603
615
619
610
611
606
610
604
603
613
613
612
614
607
618
611
617
607
615
609
614
602
599
614
603
608
603
604
610
611
610
604
623
603
611
597
602
598
607
603
614
606
605
613
612
608
609
606
591
614
609
594
591
609
595
603
607
608
605
600
605
606
603
612
607
604
601
608
605
601
600
593
607
598
609
597
613
600
606
609
607
599
603
606
609
603
617
609
600
604
605
604
604
611
611
607
604
607
610
604
596
605
600
596
597
601
606
606
600
617
603
602
605
603
600
603
594
609
611
608
603
606
605
611
604
603
598
599
599
609
605
609
607
597
602
606
596
604
601
600
604
602
600
602
599
597
604
603
604
602
606
596
601
601
605
598
601
600
603
602
604
599
604
600
611
601
601
600
597
610
