607
605
605
616
599
600
610
593
600
599
601
601
610
604
601
598
605
610
596
605
607
595
598
603
606
608
601
610
615
611
615
616
614
616
610
611
606
618
611
598
613
605
611
612
605
621
616
624
617
602
599
601
609
606
614
604
611
596
606
605
605
594
602
599
602
603
602
608
596
601
609
601
598
600
593
608
613
604
602
596
600
607
608
612
602
605
614
594
603
610
600
609
606
613
604
607
604
602
604
599
596
604
604
603
607
603
599
611
609
602
614
598
596
604
603
611
604
607
595
600
608
608
602
599
605
604
599
593
607
607
604
600
606
602
599
604
607
604
595
603
607
601
595
604
605
607
596
599
602
594
598
594
605
603
600
599
610
592
606
595
595
603
611
599
603
602
593
603
595
607
599
603
602
609
594
607
598
602
613
604
605
601
594
590
604
605
605
609
606
599
602
600
603
605
601
605
597
598
601
600
599
612
599
595
610
607
603
598
603
608
604
607
618
604
606
607
604
604
602
607
607
606
603
606
603
594
598
604
608
603
603
602
605
596
600
606
603
601
604
601
607
610
606
601
603
603
599
607
589
598
600
604
605
602
595
603
592
596
602
595
599
595
601
606
598
594
605
602
601
603
599
601
605
599
601
611
612
603
594
600
605
611
600
603
598
601
610
603
610
604
602
609
604
598
603
604
594
602
601
602
608
603
601
609
597
603
606
597
599
604
602
612
607
603
604
602
601
603
601
603
607
605
606
612
605
605
607
600
596
607
599
607
604
611
610
605
591
605
598
602
606
597
608
617
604
607
603
619
603
609
606
610
595
603
610
612
612
617
605
619
613
616
619
616
610
614
617
618
617
611
622
613
619
612
619
614
613
615
619
604
625
620
610
617
609
624
625
611
629
618
632
621
623
624
628
618
623
622
622
642
623
627
641
624
644
631
631
632
635
631
641
643
635
627
651
639
639
663
658
651
653
645
681
656
668
646
661
651
665
670
674
678
677
686
668
688
681
702
693
681
696
716
703
706
680
742
693
715
725
725
741
735
717
743
766
743
783
773
765
791
771
814
795
760
819
776
803
832
840
837
853
832
846
880
867
871
879
868
932
909
957
894
916
941
930
980
971
1010
986
979
962
1009
1004
1076
1087
1055
1032
1105
1045
1092
1120
1154
1147
1194
1155
1185
1218
1225
1255
1258
1301
1275
1253
1335
1307
1268
1322
1412
1394
1371
1433
1459
1518
1493
1490
1485
1560
1538
1589
1621
1664
1697
1693
1707
1701
1732
1738
1913
1822
1838
1941
1947
1910
2005
2013
2106
2102
2118
2216
2151
2218
2134
2211
2262
2332
2438
2299
2428
2441
2444
2575
2411
2602
2666
2686
2776
2708
2716
2768
2841
2875
3002
3035
3031
2961
3112
3167
3187
3239
3165
3221
3217
3327
3350
3364
3403
3535
3504
3598
3669
3581
3589
3728
3736
3811
3838
3811
3970
3908
3899
3912
3886
3918
3991
4097
4107
4107
4108
4206
4069
4222
4275
4403
4260
4278
4188
4381
4245
4393
4290
4381
4377
4251
4313
4414
4391
4435
4384
4453
4421
4542
4411
4301
4592
4466
4538
4434
4537
4590
4490
4657
4625
4529
4483
4467
4411
4534
4538
4366
4412
4480
4383
4440
4349
4409
4396
4354
4478
4410
4423
4388
4397
4326
4442
4371
4178
4310
4308
4370
4248
4201
4216
4200
4166
4212
4203
4048
4205
4043
4189
4141
4158
4083
3989
3934
4006
4121
3803
4116
3845
4009
3909
3957
3858
3888
3834
3728
3764
3813
3810
3787
3762
3710
3609
3614
3599
3713
3591
3702
3590
3648
3601
3378
3525
3667
3503
3429
3344
3489
3485
3240
3318
3309
3278
3379
3371
3200
3258
3297
3163
3185
3165
3248
3159
3132
3118
3148
3145
3001
2918
2877
2932
2899
2912
2808
2830
2798
2835
2735
2776
2748
2738
2753
2627
2681
2621
2667
2619
2603
2501
2544
2487
2558
2504
2515
2492
2406
2364
2352
2377
2286
2252
2298
2300
2242
2232
2198
2269
2220
2200
2158
2205
2222
2183
2105
2101
2011
2115
2031
2050
1895
1983
1935
1928
1919
1966
1819
1933
1891
1804
1811
1813
1716
1747
1802
1729
1762
1756
1681
1696
1731
1676
1661
1664
1602
1631
1553
1555
1461
1508
1505
1539
1533
1491
1418
1454
1435
1423
1476
1473
1368
1353
1471
1358
1409
1442
1284
1398
1261
1293
1260
1232
1272
1291
1273
1252
1222
1264
1212
1199
1203
1220
1212
1142
1175
1168
1161
1225
1143
1138
1122
1100
1171
1126
1134
1100
1069
1070
1028
1092
1074
1072
1033
1026
1037
1063
999
1051
1010
999
1010
983
1011
1015
961
989
972
944
955
929
962
951
955
915
910
950
932
919
881
880
886
861
884
870
898
881
862
898
889
882
845
834
862
840
840
875
877
843
822
835
861
853
826
838
841
819
844
809
790
831
807
795
801
771
773
806
768
783
773
750
771
770
778
785
725
771
775
798
771
761
756
781
761
732
755
750
772
751
764
745
754
767
718
758
759
758
751
712
742
727
723
708
734
734
713
725
693
734
729
697
706
699
703
701
724
686
721
717
704
698
688
720
692
691
697
692
697
669
671
682
709
679
670
699
668
680
697
684
700
687
697
676
678
670
667
682
670
664
674
678
667
698
683
660
669
649
677
662
652
698
651
659
679
653
665
651
655
642
657
653
649
652
659
660
637
661
651
644
657
649
654
647
649
647
636
667
672
649
641
637
650
628
645
650
629
656
669
632
635
672
629
633
636
641
645
637
642
643
646
645
627
637
640
633
638
650
626
642
635
635
620
647
625
632
629
636
624
640
644
616
626
636
610
614
616
627
633
622
632
631
622
621
618
621
628
627
607
619
625
629
625
612
624
618
628
623
621
627
614
608
613
615
619
609
616
616
609
629
617
615
610
605
622
612
597
613
621
633
626
610
620
615
613
615
622
614
609
615
621
613
610
625
606
616
611
616
614
594
615
602
614
612
604
614
613
604
621
606
606
610
597
612
611
611
614
599
609
623
611
612
602
613
606
618
609
610
615
609
607
608
613
604
607
601
609
604
609
610
611
610
610
605
605
618
604
606
613
612
605
610
606
617
597
605
605
598
606
611
605
616
605
613
611
607
610
611
611
606
614
606
605
606
613
604
600
606
612
602
601
605
602
605
600
598
608
613
601
603
607
606
600
610
605
606
599
612
601
604
600
597
602
607
605
608
604
608
610
606
608
612
611
612
599
613
601
605
599
605
602
601
607
601
603
603
604
604
606
604
601
610
611
606
614
603
601
596
612
616
606
604
605
603
599
603
597
603
603
597
604
599
603
600
601
600
603
608
599
602
607
610
603
600
599
604
605
599
600
603
603
605
