604
610
607
605
605
599
600
602
606
603
600
604
610
611
600
609
607
601
611
606
606
614
614
614
620
611
618
628
616
615
609
624
614
607
603
606
596
596
602
598
607
598
602
607
602
616
620
610
604
603
606
597
602
610
598
608
600
604
602
600
605
603
599
597
594
606
598
601
604
600
600
598
598
601
615
604
597
601
601
610
598
605
598
604
601
603
605
597
610
607
597
590
601
612
606
609
605
606
615
602
601
604
600
601
601
608
604
599
607
605
599
607
604
602
608
596
590
604
601
599
598
604
605
606
606
603
605
595
601
607
608
612
609
602
600
597
600
610
587
603
598
604
601
597
600
606
603
600
604
601
604
608
612
597
604
604
606
602
605
590
601
599
597
606
603
600
609
599
601
596
595
613
599
596
604
606
603
598
597
603
596
610
602
601
610
596
601
604
614
597
602
607
595
597
602
604
607
613
605
610
594
609
598
607
606
603
601
601
604
600
598
603
599
596
608
586
597
607
605
599
608
600
600
605
596
595
599
606
606
603
602
605
592
606
603
605
610
609
601
590
598
607
610
599
602
606
604
599
595
601
597
602
603
600
599
603
606
597
604
613
604
619
603
597
603
601
597
600
604
602
602
606
595
605
599
598
605
599
595
605
604
603
594
592
606
603
600
604
593
600
599
606
598
605
606
606
605
603
602
600
604
604
597
605
606
598
597
606
594
604
601
597
609
606
609
601
605
601
606
601
613
606
609
603
614
606
607
607
607
604
608
600
606
616
611
603
612
611
614
607
604
610
608
607
604
617
605
609
605
609
610
619
610
613
610
613
615
615
623
617
618
620
620
617
628
621
622
613
611
617
615
616
617
609
621
621
624
622
622
619
608
623
624
629
632
624
621
628
632
631
624
620
647
631
634
618
642
645
628
627
653
640
637
625
649
648
647
641
644
654
647
652
644
632
653
659
669
652
673
668
661
663
667
684
678
671
669
690
684
687
696
703
707
715
716
701
697
717
707
696
719
723
740
741
726
761
739
770
745
797
770
760
767
769
796
781
793
797
813
822
830
841
874
841
883
895
894
863
843
894
895
905
900
942
960
969
960
975
958
1006
981
1013
1062
1018
1043
1098
1041
1125
1112
1096
1110
1111
1121
1177
1172
1207
1181
1232
1248
1222
1267
1290
1305
1303
1357
1315
1390
1334
1428
1359
1385
1430
1478
1547
1491
1569
1546
1592
1616
1598
1650
1680
1675
1695
1703
1728
1744
1836
1802
1810
1865
1934
2056
1933
2033
1950
2063
2099
2160
2188
2233
2242
2288
2294
2394
2357
2521
2440
2590
2592
2554
2676
2645
2735
2644
2790
2827
2753
2908
2939
2956
2943
3112
2936
3094
3239
3243
3269
3302
3392
3394
3467
3523
3576
3509
3602
3698
3570
3782
3726
3781
3828
3964
4058
3946
4186
4189
4296
4111
4352
4351
4262
4247
4288
4512
4462
4428
4577
4606
4578
4615
4715
4662
4684
4753
4880
4893
4898
4813
5055
4842
5068
5102
5076
5138
5190
5175
5011
5230
5255
5231
5221
5192
5264
5263
5236
5247
5288
5380
5253
5276
5309
5326
5470
5570
5368
5552
5350
5358
5473
5389
5639
5342
5274
5516
5217
5417
5356
5291
5418
5353
5260
5178
5425
5238
5341
5281
5345
5254
5375
5307
5097
5436
5239
5187
5103
5125
5134
4926
5205
5040
5047
4986
4941
5136
4980
4903
5052
4963
4877
5065
4766
4760
4933
4719
4928
4933
4845
4711
4678
4729
4629
4736
4646
4555
4733
4461
4657
4482
4535
4517
4399
4490
4328
4530
4411
4364
4313
4400
4189
4260
4307
4193
4194
4173
4097
4240
4293
4064
4073
3997
3888
3964
3935
3945
3903
3881
3912
3912
3958
3785
3889
3834
3807
3695
3699
3644
3570
3580
3663
3557
3438
3551
3444
3420
3365
3369
3263
3229
3436
3351
3302
3158
3089
3217
3069
3227
3067
3079
3084
3056
3044
2930
2926
2871
2746
2830
2876
2796
2810
2818
2736
2732
2785
2682
2625
2634
2730
2571
2519
2606
2605
2579
2534
2478
2399
2393
2453
2405
2412
2344
2301
2357
2235
2310
2233
2188
2185
2190
2113
2161
2103
2092
2165
2048
2071
1994
1994
1984
1926
1999
1948
1900
1911
1907
1863
1822
1754
1748
1725
1762
1792
1698
1629
1669
1698
1673
1631
1626
1579
1672
1528
1618
1543
1620
1564
1527
1576
1524
1470
1481
1460
1478
1477
1458
1399
1422
1413
1417
1358
1400
1350
1387
1324
1340
1303
1296
1314
1246
1280
1300
1246
1286
1202
1251
1242
1173
1165
1198
1177
1138
1150
1140
1131
1154
1201
1146
1138
1123
1088
1047
1062
1094
1056
1056
1063
1067
1075
1010
1047
1065
1022
1035
1024
1023
1000
1021
1007
1005
1021
980
947
978
976
951
948
955
961
950
923
929
976
893
927
908
914
901
899
935
894
885
887
864
898
912
895
897
882
882
863
854
812
828
825
869
865
851
831
851
809
849
838
818
816
845
824
815
820
818
830
816
803
802
772
783
794
794
776
783
802
795
751
769
765
777
741
757
786
763
749
781
775
744
765
729
755
737
759
739
724
746
754
738
758
741
747
735
709
738
724
728
724
734
712
732
706
716
711
712
711
717
704
707
687
716
710
700
711
683
700
684
705
687
701
671
682
711
678
703
696
685
710
681
702
689
688
711
669
699
699
676
683
674
673
658
686
684
684
667
670
673
682
675
661
652
666
658
667
657
660
677
651
672
643
634
665
661
667
632
641
660
654
647
650
669
654
652
667
645
653
666
646
655
650
643
631
640
643
656
650
645
654
642
632
645
651
637
627
651
632
647
631
644
637
643
633
635
635
624
629
629
645
635
634
633
633
632
632
637
642
622
633
640
616
630
625
644
635
621
631
615
619
624
616
618
623
629
620
632
622
614
629
604
613
617
620
616
612
621
615
619
615
619
614
621
621
615
621
612
609
609
614
615
613
608
614
610
603
609
621
618
613
614
612
611
616
624
606
619
626
601
620
607
614
604
611
605
603
608
609
607
618
616
625
614
609
614
617
618
604
606
619
607
612
604
604
614
623
607
604
615
612
601
609
606
605
608
607
604
610
602
617
597
607
612
606
602
606
612
611
608
612
606
599
612
610
613
598
618
605
608
612
605
611
610
600
603
617
610
603
604
602
609
610
615
608
606
603
599
615
594
603
600
611
589
609
605
601
603
609
590
595
604
605
606
606
611
604
606
589
597
609
596
610
612
603
612
612
607
613
603
597
601
596
604
603
606
613
599
602
601
608
605
598
597
604
593
598
601
601
610
602
606
607
603
607
603
606
608
604
603
604
605
600
604
606
594
599
605
597
613
604
609
610
599
604
600
605
603
604
607
609
595
604
601
606
603
596
601
600
