605
612
596
600
609
616
606
609
608
602
600
599
599
608
600
613
600
615
609
606
609
614
602
603
616
609
611
613
629
620
610
618
622
620
598
607
600
611
596
617
610
618
606
606
614
619
607
610
611
615
611
618
593
603
605
607
610
594
594
609
609
599
593
603
603
603
612
597
598
600
612
602
600
604
606
606
604
606
602
606
606
610
594
600
602
601
603
607
606
609
605
596
615
600
602
616
601
601
603
598
611
602
609
598
602
599
595
600
599
605
593
599
593
609
597
602
604
598
601
596
596
594
603
603
598
601
607
596
596
603
600
590
608
603
607
598
602
595
591
604
595
604
606
599
599
612
598
597
603
599
604
603
600
603
598
609
614
611
603
595
606
609
601
603
606
603
604
607
605
598
603
598
593
599
603
599
600
606
596
601
603
598
596
596
592
599
606
597
603
599
603
601
603
601
601
601
602
592
603
592
602
608
614
599
609
602
600
597
606
603
602
600
600
600
601
597
600
611
593
593
607
608
609
614
602
610
595
595
605
601
601
606
595
611
608
608
606
599
602
599
605
600
603
598
594
609
607
591
603
602
593
605
602
602
600
601
603
604
599
604
600
603
600
611
606
607
602
598
597
597
602
605
592
605
605
608
604
597
598
611
597
597
606
602
596
607
606
605
603
597
603
606
597
613
605
606
610
600
600
609
601
601
602
600
601
605
600
601
599
602
613
614
594
607
607
609
603
600
597
606
596
617
607
609
599
599
608
611
597
604
611
613
605
609
611
601
612
600
602
604
605
610
605
603
611
614
610
602
612
612
611
606
609
616
621
617
611
609
616
617
607
607
617
613
618
618
625
630
615
619
618
615
622
615
618
612
629
612
617
624
626
623
627
628
627
631
640
623
630
630
627
632
632
638
622
632
639
641
648
630
628
640
649
645
644
640
636
653
649
645
655
649
644
671
655
672
664
653
655
693
663
677
675
651
667
677
681
695
685
707
704
696
711
708
703
709
713
707
716
715
726
734
771
744
756
774
764
786
775
782
792
809
790
785
808
801
804
826
838
825
842
882
854
873
863
868
845
892
884
935
957
983
975
978
983
994
979
1006
1026
987
1011
1091
1032
1077
1151
1057
1092
1160
1107
1172
1156
1143
1203
1222
1232
1274
1236
1220
1259
1336
1305
1440
1357
1348
1388
1423
1400
1483
1458
1433
1488
1501
1590
1582
1553
1591
1617
1651
1684
1696
1741
1775
1833
1759
1787
1914
1911
1959
1961
2038
1987
2017
2097
2099
2155
2143
2247
2232
2304
2243
2338
2367
2452
2329
2473
2542
2522
2599
2716
2668
2778
2796
2971
2788
2935
2970
3074
2968
3094
3085
3314
3271
3404
3333
3360
3543
3512
3543
3612
3648
3737
3713
3945
3713
3899
3882
3949
3921
4159
4120
4060
4158
4168
4306
4363
4387
4441
4583
4562
4668
4499
4683
4818
4929
4833
4894
4885
4882
4948
4965
5154
5108
5146
5133
5103
5290
5163
5292
5335
5506
5318
5601
5559
5421
5583
5556
5496
5542
5601
5626
5664
5625
5676
5750
5767
5656
5726
5714
5663
5838
5761
5829
5822
5792
5806
5721
5895
5887
5936
5870
5771
5860
5713
5851
5680
5777
5785
5826
5827
5770
5823
5719
5811
5816
5810
5847
5739
5626
5730
5668
5732
5721
5576
5654
5695
5606
5610
5598
5593
5473
5416
5434
5436
5356
5443
5300
5355
5397
5442
5350
5250
5210
5232
5331
5224
5199
5175
5228
5238
5163
5161
5120
5031
5021
5029
4932
5010
4899
4799
4861
4992
4835
4790
4747
4648
4837
4726
4792
4765
4781
4469
4549
4554
4365
4569
4631
4559
4380
4351
4554
4361
4236
4195
4149
4295
4129
4048
4200
4145
4103
4128
4131
3921
3936
4066
3822
3965
3912
3924
3957
3772
3811
3723
3745
3866
3648
3748
3599
3647
3536
3542
3426
3499
3459
3368
3331
3473
3360
3300
3304
3270
3222
3181
3128
3124
3108
3056
3181
2944
2909
2956
3055
2867
2867
2888
2883
2814
2955
2800
2834
2748
2686
2840
2671
2669
2749
2564
2511
2537
2540
2480
2346
2485
2528
2403
2352
2427
2307
2329
2330
2155
2278
2228
2232
2123
2270
2158
2157
2092
2093
2064
2030
2045
1916
1950
1994
1982
1881
1899
1959
1753
1840
1850
1831
1807
1728
1772
1729
1729
1686
1662
1615
1640
1630
1711
1647
1611
1604
1546
1592
1506
1541
1526
1527
1514
1460
1505
1438
1435
1439
1400
1456
1405
1414
1375
1365
1314
1355
1340
1410
1309
1321
1324
1313
1310
1272
1238
1225
1242
1212
1176
1211
1223
1223
1231
1169
1131
1168
1161
1156
1115
1129
1127
1098
1128
1100
1084
1048
1034
1076
1086
1084
1064
990
1045
1049
1038
1044
1055
976
1014
1004
989
1003
1015
1040
956
995
1017
959
939
997
941
932
942
973
957
948
894
869
931
936
888
913
920
897
855
875
872
873
871
857
856
881
850
836
875
881
843
854
872
811
809
834
834
844
812
849
813
836
820
841
794
842
852
802
807
822
807
826
807
783
790
809
781
771
785
780
794
777
812
783
803
781
774
786
743
763
749
755
766
749
751
751
729
755
747
767
730
724
743
734
734
726
722
741
718
735
705
727
748
718
719
722
708
709
705
715
711
737
697
726
720
719
692
699
717
727
715
711
717
697
708
680
684
690
698
691
707
688
692
670
673
684
679
695
690
679
685
698
671
698
698
675
668
680
677
664
665
652
661
663
681
669
667
657
647
673
670
679
661
676
657
661
651
660
643
665
642
650
652
653
641
644
640
652
650
649
646
654
639
654
638
650
662
637
638
632
631
647
638
658
637
623
626
635
637
626
632
641
631
634
639
649
632
647
639
639
627
633
628
639
632
628
623
636
644
617
621
627
639
623
624
622
629
626
634
626
629
626
617
620
619
624
637
613
630
625
633
613
621
627
637
628
626
623
630
622
623
620
612
611
611
613
621
626
614
622
612
625
617
606
619
601
615
615
617
622
606
613
616
613
616
603
613
617
617
617
613
610
603
619
618
613
618
604
612
610
606
618
607
607
609
614
608
604
610
607
620
611
616
613
610
600
596
615
604
604
606
607
608
612
598
613
609
618
609
604
606
608
608
605
597
607
612
605
617
606
608
611
603
610
608
605
607
613
602
615
605
614
607
598
607
607
611
609
610
613
610
600
604
605
599
597
612
606
594
609
601
607
599
600
598
606
605
609
605
602
598
599
606
607
607
601
595
602
615
608
593
617
615
609
607
611
599
607
603
607
616
600
602
600
601
615
595
602
612
598
599
607
616
601
602
594
608
603
609
614
611
608
600
607
612
604
604
604
607
607
600
604
599
594
600
605
596
605
598
605
608
607
600
605
600
598
604
602
613
598
598
609
