594
608
601
600
605
610
606
608
611
604
603
606
607
609
602
613
596
605
598
596
615
595
606
595
603
619
614
610
614
625
617
607
618
617
612
611
607
609
608
606
599
602
605
613
617
613
613
602
613
614
605
604
602
600
604
601
600
612
607
596
605
601
603
605
599
604
603
599
606
603
613
604
609
602
603
605
607
598
609
608
606
604
601
600
598
607
609
609
605
601
607
604
601
614
602
595
600
601
600
604
601
600
609
604
598
597
595
598
604
605
593
599
605
603
607
597
594
608
611
604
603
606
602
601
597
601
607
605
595
601
605
605
600
603
606
608
604
600
596
602
609
609
602
606
606
613
602
597
606
595
608
603
593
602
602
602
611
600
596
600
602
592
599
611
595
604
605
603
602
598
604
605
594
603
594
599
600
601
603
602
604
599
600
597
603
602
605
596
599
595
601
597
599
601
601
601
607
603
596
592
609
608
601
591
599
602
600
608
610
600
597
597
595
599
601
600
600
597
599
608
594
599
601
601
597
602
605
604
602
599
606
613
592
606
596
597
606
603
604
602
604
601
599
596
599
594
598
601
603
603
603
593
600
601
599
601
603
615
599
602
605
598
602
609
609
610
596
603
605
601
603
600
600
607
604
610
605
610
607
608
597
605
607
600
604
603
600
610
606
604
604
603
602
594
609
598
608
608
606
604
612
600
603
602
603
605
608
606
612
604
594
601
607
603
602
611
604
609
603
606
602
615
620
605
613
597
598
609
615
607
616
615
609
608
617
608
615
607
613
602
617
609
605
612
613
608
624
619
605
616
608
595
633
612
608
615
612
618
622
611
635
615
623
612
615
615
626
617
609
622
624
615
629
624
624
628
628
648
631
629
638
635
620
632
631
643
641
651
627
637
634
647
651
628
633
635
651
635
636
638
636
671
657
661
654
652
671
666
662
672
662
662
692
652
687
685
687
696
698
683
704
681
702
698
705
723
688
719
730
743
728
707
747
760
732
731
755
768
752
786
770
770
788
785
798
803
810
792
845
819
828
860
849
889
908
883
886
846
880
876
919
914
993
916
962
988
1000
1001
1013
1029
1038
1010
1042
1075
1095
1130
1076
1124
1105
1177
1159
1220
1196
1221
1236
1219
1293
1332
1248
1306
1253
1334
1306
1335
1370
1364
1452
1496
1490
1528
1490
1550
1559
1664
1604
1600
1647
1678
1695
1709
1812
1850
1864
1871
1908
1905
1969
2063
1932
2092
2009
2061
2178
2167
2205
2233
2269
2170
2293
2402
2375
2406
2566
2479
2505
2466
2723
2671
2777
2784
2807
2868
2873
3009
2992
2974
3064
3244
3219
3106
3326
3325
3348
3396
3411
3523
3663
3597
3690
3796
3875
3941
3950
3964
3988
4123
4163
4257
4309
4376
4461
4622
4535
4656
4604
4648
4730
4764
4745
4805
4794
4949
4973
5124
5085
5202
5208
5395
5255
5495
5448
5567
5595
5656
5668
5741
5716
5622
5676
5833
5846
5935
5950
5799
5969
5959
6281
6170
6095
6044
6204
6356
6306
6178
6298
6479
6733
6336
6516
6412
6449
6379
6331
6491
6410
6488
6450
6437
6530
6467
6562
6475
6628
6545
6512
6458
6569
6560
6635
6574
6694
6539
6567
6707
6617
6534
6490
6501
6501
6498
6519
6575
6556
6368
6321
6601
6533
6598
6518
6538
6360
6328
6488
6656
6521
6504
6338
6448
6372
6341
6182
6263
6216
6134
6218
6302
6196
6234
6164
6171
6067
6084
6149
6102
6143
5924
6042
5933
5925
5950
5839
5801
5634
5905
5659
5503
5553
5699
5602
5594
5553
5550
5497
5542
5565
5354
5438
5337
5371
5325
5342
5281
5345
5193
5175
5120
5146
5115
5020
5099
5050
4983
4857
4889
4955
4696
4830
4919
4724
4634
4731
4687
4694
4687
4519
4534
4526
4468
4462
4427
4383
4241
4213
4425
4305
4130
4186
4135
4242
4017
4026
3999
3930
4002
3973
3935
3708
3804
3769
3793
3716
3639
3681
3571
3593
3575
3630
3513
3466
3417
3414
3338
3421
3216
3248
3310
3222
3281
3068
3176
3145
3086
2972
3040
2953
2840
3020
2857
2881
2856
2860
2834
2815
2789
2802
2681
2702
2679
2671
2566
2499
2495
2484
2534
2436
2457
2381
2388
2349
2396
2285
2247
2280
2264
2191
2166
2185
2191
2171
2127
2028
1996
2041
2025
1953
2016
1939
1890
2010
1843
1914
1880
1854
1837
1813
1757
1851
1750
1743
1711
1757
1699
1658
1632
1708
1604
1640
1618
1651
1554
1619
1541
1630
1485
1553
1533
1540
1444
1503
1477
1463
1472
1464
1479
1335
1439
1389
1404
1402
1358
1395
1341
1340
1350
1360
1278
1294
1265
1267
1237
1277
1261
1171
1208
1210
1215
1175
1243
1211
1171
1097
1155
1175
1157
1131
1107
1168
1176
1111
1107
1036
1102
1095
1090
1087
1076
1101
1066
1021
1054
1033
1027
991
1001
1034
1041
1025
1000
961
990
1008
987
980
962
947
981
917
984
944
957
936
958
919
900
916
912
946
907
894
895
913
888
878
900
899
845
861
873
821
856
882
810
840
811
847
838
847
814
836
829
813
827
846
843
839
803
813
814
807
836
822
800
780
790
790
820
767
764
801
761
790
791
761
774
770
796
768
777
774
735
757
781
743
754
779
741
739
727
740
760
727
752
763
706
747
750
714
741
737
715
722
731
727
723
700
711
713
724
723
696
727
714
715
707
718
706
731
707
703
712
675
684
690
703
671
676
685
682
682
693
716
687
699
670
686
681
711
684
655
689
663
688
685
667
677
668
652
655
672
679
649
690
661
662
654
663
672
666
659
666
659
660
646
664
659
655
649
647
663
658
645
666
641
665
638
671
637
645
643
637
654
633
649
634
643
651
649
644
645
638
638
643
627
642
627
643
622
636
627
629
637
653
640
645
633
636
637
632
626
630
636
636
630
642
629
654
638
640
618
627
632
615
630
621
632
627
638
618
623
618
619
620
635
627
627
622
611
624
618
629
618
615
625
629
628
631
625
604
612
631
617
626
625
621
608
616
618
617
612
612
621
615
603
628
630
607
624
617
609
618
620
614
610
610
611
615
609
619
610
616
607
617
613
611
617
604
619
610
610
613
616
615
612
601
616
617
606
606
615
614
614
619
604
608
611
617
623
603
611
606
606
603
606
610
605
609
611
614
616
603
609
622
619
604
606
606
612
611
614
615
606
607
607
613
602
594
610
610
608
598
608
604
613
602
606
607
605
600
598
610
616
609
617
612
612
604
595
619
614
602
618
592
603
608
605
605
603
600
597
610
601
607
605
602
611
601
600
599
607
594
602
605
607
611
603
599
606
610
601
606
603
606
593
593
606
605
618
598
606
592
608
599
601
610
602
609
594
606
611
599
601
599
596
602
615
593
603
596
594
604
600
598
602
599
597
600
607
602
605
599
