605
609
608
609
600
605
606
606
603
605
602
612
605
610
602
613
612
615
614
598
605
602
602
598
617
597
607
616
619
635
607
622
614
621
612
608
607
611
602
606
613
616
609
617
608
620
610
605
621
605
598
601
599
596
608
612
597
605
594
599
601
611
599
600
599
606
606
603
615
604
603
600
599
598
609
597
600
604
600
599
606
605
595
601
600
595
606
593
597
612
604
607
603
616
603
603
600
606
611
604
605
604
603
602
599
598
604
600
593
605
596
605
593
600
602
605
600
598
599
608
602
602
603
605
596
604
599
605
608
607
607
602
598
608
604
605
607
603
603
606
598
596
598
599
604
605
603
609
604
598
599
603
601
603
595
602
601
598
600
605
603
603
598
601
600
605
596
608
602
596
607
605
593
597
606
608
599
599
611
604
598
600
608
599
599
601
596
599
598
600
591
601
605
599
607
602
597
604
603
595
588
596
602
594
597
600
593
607
605
598
605
602
590
606
596
604
607
593
602
601
597
598
601
606
600
602
606
614
601
604
605
595
599
593
602
591
595
600
606
597
597
596
601
604
603
607
602
596
604
609
614
600
610
603
601
610
594
605
600
609
602
600
607
602
603
603
614
601
612
599
594
604
602
597
607
607
599
605
596
605
600
606
604
605
602
602
593
604
608
596
603
607
608
601
613
614
608
602
615
601
605
603
613
614
603
611
612
604
607
620
611
597
602
605
609
610
605
606
601
604
603
607
610
597
604
603
617
605
601
607
614
611
606
605
622
627
608
604
613
606
607
624
617
613
618
623
607
619
613
619
601
611
618
605
625
615
608
618
619
623
621
627
641
622
607
619
620
626
620
616
630
626
626
605
622
627
629
618
622
633
616
628
632
637
632
630
621
640
645
632
627
636
631
632
650
640
661
650
649
650
650
643
665
638
662
675
667
638
656
655
669
667
658
665
682
677
664
684
682
688
700
667
681
695
691
693
689
708
713
720
730
711
718
726
751
720
745
745
768
747
763
776
755
758
778
773
788
776
778
814
813
791
816
840
830
860
887
868
883
859
896
914
950
912
915
958
955
983
930
981
969
998
1018
1053
1015
1081
1041
1095
1041
1118
1143
1088
1117
1150
1178
1192
1173
1252
1176
1216
1273
1288
1311
1315
1364
1352
1365
1375
1429
1487
1472
1474
1500
1555
1511
1530
1587
1623
1575
1630
1672
1689
1600
1782
1769
1773
1868
1917
1867
1914
1909
1949
1985
2039
2006
2126
2121
2244
2166
2186
2304
2259
2327
2347
2352
2413
2523
2562
2621
2475
2556
2639
2742
2776
2801
2788
2933
2937
2987
2959
3221
3146
3141
3221
3177
3260
3390
3424
3467
3596
3593
3612
3768
3689
3713
3813
3914
4005
4148
4019
4100
4101
4215
4293
4217
4365
4315
4527
4646
4549
4614
4692
4673
4735
4813
4972
4966
4991
5060
5261
5169
5410
5434
5484
5356
5551
5647
5503
5574
5626
5712
5649
5744
5746
5729
5857
6065
6092
5978
5998
6159
6099
5994
6311
6392
6195
6323
6282
6142
6108
6162
6212
6342
6397
6162
6379
6360
6478
6453
6343
6442
6450
6399
6397
6665
6654
6635
6534
6625
6542
6550
6245
6569
6423
6406
6383
6623
6389
6386
6309
6489
6468
6507
6374
6512
6567
6402
6505
6593
6337
6503
6416
6470
6354
6332
6362
6326
6296
6363
6453
6341
6187
6224
6057
6127
6204
5984
6007
5952
6000
6041
5983
5994
5822
5934
6018
5964
5679
5691
5778
5752
5636
5777
5636
5536
5695
5551
5565
5525
5615
5519
5560
5631
5480
5246
5421
5231
5282
5404
5176
5305
5061
5272
5193
5289
5054
5016
4966
5022
4970
4877
4896
4817
4840
4799
4608
4761
4722
4768
4735
4701
4531
4539
4582
4535
4420
4372
4336
4287
4351
4248
4120
4299
4201
4046
4071
4094
3929
3844
4104
3952
3938
3980
3900
3864
4020
3803
3809
3758
3701
3691
3639
3526
3584
3606
3483
3387
3530
3396
3405
3343
3327
3267
3299
3203
3256
3120
3139
3156
3073
3049
3093
2980
3013
2980
2917
2792
2877
2928
2927
2754
2800
2774
2900
2741
2597
2593
2578
2528
2624
2461
2486
2427
2543
2537
2429
2374
2371
2384
2307
2315
2197
2314
2217
2291
2178
2210
2174
2187
2175
2024
2012
2004
2035
2029
2004
1910
1990
1898
1960
1890
1924
1880
1832
1800
1751
1804
1746
1788
1754
1760
1664
1690
1668
1689
1659
1580
1600
1591
1612
1505
1575
1599
1575
1502
1575
1511
1456
1470
1430
1465
1437
1413
1368
1382
1374
1377
1383
1369
1305
1341
1334
1334
1284
1326
1244
1279
1326
1247
1254
1285
1232
1241
1275
1171
1197
1164
1213
1117
1153
1144
1176
1147
1143
1147
1121
1118
1103
1123
1126
1074
1068
1043
1073
1049
1040
1049
1021
1026
1012
1056
1018
1041
996
1014
1016
991
1031
973
948
1006
977
959
952
961
953
944
920
931
943
924
951
930
906
884
902
923
914
914
956
901
908
895
866
908
876
873
863
847
885
846
858
875
857
820
853
815
860
841
842
816
837
811
827
800
809
812
828
798
781
775
769
798
811
790
818
795
786
785
792
784
750
789
790
774
750
712
754
760
753
782
752
743
754
752
716
716
753
736
724
756
739
717
720
718
730
740
737
741
753
704
744
716
720
733
717
724
733
718
717
733
695
717
707
731
704
729
697
706
695
732
689
698
704
698
680
676
705
688
686
705
707
699
698
690
683
699
678
700
695
682
674
674
687
675
677
683
685
671
653
679
675
672
664
669
661
663
668
667
681
666
658
651
660
675
662
670
662
654
655
645
657
656
652
667
647
673
642
642
654
656
642
636
622
657
644
638
633
641
639
658
630
650
639
653
654
648
627
657
647
633
630
631
631
634
626
629
628
626
637
625
630
639
639
628
638
621
631
637
632
618
633
621
621
632
614
628
638
612
623
626
625
603
617
625
618
614
614
615
623
626
630
614
617
613
620
633
631
631
619
635
621
615
623
628
610
607
631
615
601
610
616
610
616
609
617
595
620
628
624
612
612
619
627
602
609
621
607
614
609
612
606
609
619
614
606
611
618
618
611
606
608
611
612
618
607
613
612
607
607
604
611
605
615
611
618
606
615
610
609
618
610
619
595
620
604
618
621
616
606
608
610
613
613
610
616
603
601
602
603
600
603
617
601
617
609
603
609
619
607
602
602
601
608
606
606
609
606
601
613
608
602
607
598
596
618
606
610
616
616
612
599
606
601
599
607
604
602
607
601
605
614
599
610
602
607
601
600
612
599
596
606
610
612
602
598
613
610
607
609
602
603
607
597
603
602
609
603
597
599
599
602
595
602
593
610
600
602
600
590
606
598
600
609
607
606
596
609
604
600
610
600
606
601
600
600
607
600
603
605
