611
604
607
603
609
610
609
607
612
609
600
605
600
601
606
598
610
614
602
612
613
604
611
608
614
612
618
624
610
616
624
618
616
613
612
603
601
606
610
601
615
609
616
614
624
621
616
623
598
599
606
600
610
600
600
606
602
604
617
603
606
599
603
602
596
597
611
615
596
605
602
602
603
604
604
607
605
599
608
603
595
605
608
597
605
606
607
607
610
611
614
605
609
598
601
601
608
600
603
600
599
604
603
609
608
613
606
612
606
611
609
600
603
601
598
602
598
605
602
594
600
601
593
604
601
595
612
597
600
610
607
606
603
595
610
601
592
602
598
597
615
593
599
595
604
592
602
604
600
600
601
606
611
599
601
598
607
605
610
598
601
604
597
605
614
598
595
604
603
605
594
603
604
606
602
601
594
602
597
606
601
596
599
607
602
600
605
599
601
612
610
605
609
610
609
601
598
609
603
602
603
605
594
607
595
602
599
610
602
601
605
594
601
607
607
598
606
595
603
602
602
605
602
603
600
602
599
604
597
597
601
600
601
597
605
588
604
595
596
600
599
597
605
598
596
607
606
606
601
612
610
608
607
610
602
604
607
609
608
608
609
604
607
597
605
593
600
601
602
602
609
611
603
602
604
608
598
602
597
603
596
598
607
609
612
609
596
608
608
615
596
603
618
602
618
607
609
605
608
608
606
606
605
610
605
601
604
614
607
606
610
607
613
602
605
598
607
609
609
600
609
612
609
611
615
614
600
620
617
614
611
607
613
615
614
618
620
618
628
615
616
615
616
631
620
616
624
623
621
626
622
613
605
616
633
611
634
621
622
625
624
611
618
623
630
633
637
626
634
635
640
634
628
630
626
629
637
641
626
645
629
644
644
647
647
634
652
643
651
656
682
660
685
653
647
682
663
680
665
670
680
675
689
668
710
699
687
678
675
667
692
700
694
725
703
708
718
707
737
728
719
744
738
726
749
767
778
747
768
763
802
787
768
778
804
813
854
833
849
877
814
849
849
865
899
854
917
887
901
921
984
903
886
979
934
957
985
974
1020
1021
1053
1061
1084
1052
1108
1042
1104
1131
1164
1182
1159
1158
1208
1218
1196
1266
1240
1327
1365
1357
1425
1407
1387
1399
1456
1438
1495
1505
1529
1520
1556
1605
1599
1688
1670
1682
1654
1807
1862
1700
1880
1878
1930
1872
2017
1975
2002
2088
2166
2143
2151
2110
2246
2189
2384
2345
2320
2485
2439
2604
2592
2529
2701
2707
2689
2734
2763
2914
2900
2950
3001
2925
3172
3111
3155
3249
3278
3381
3355
3346
3604
3609
3634
3752
3800
3776
3869
4061
4123
4027
4255
4135
4414
4378
4309
4445
4493
4568
4657
4804
4940
4892
5007
5058
5171
5343
5430
5407
5404
5537
5575
5627
5977
5692
5692
5986
6055
5775
6215
6099
6229
6567
6507
6374
6674
6540
6620
6847
6887
7165
7193
7125
7324
7203
7399
7278
7521
7279
7453
7512
7743
7676
7677
7842
7736
7921
8103
7824
8182
8069
8110
8035
8154
8360
8229
8450
8461
8392
8320
8463
8277
8242
8456
8279
8513
8443
8478
8661
8522
8659
8623
8556
8766
8636
8756
8775
8755
8741
8753
8880
8614
8516
8867
8676
8718
8685
8623
8774
8671
8889
8588
8623
8651
8756
8725
8650
8765
8698
8669
8625
8614
8604
8549
8524
8612
8701
8261
8365
8466
8337
8361
8121
8195
8356
8134
8205
8298
8142
8068
8212
8026
8300
7995
7933
8027
7921
7958
7994
7850
7723
7765
7752
7784
7653
7412
7498
7588
7434
7701
7455
7383
7489
7512
7438
7337
7307
7315
7241
7182
7249
7006
7021
7123
7066
7106
6900
6874
6704
6537
6699
6439
6480
6450
6492
6545
6383
6457
6379
6348
6314
6360
6157
6074
6118
6104
6053
6143
5921
5767
5866
5771
5725
5731
5709
5474
5472
5636
5506
5521
5429
5406
5222
5151
5117
5280
5175
5056
5178
5007
4891
4888
4849
4992
4753
4739
4650
4673
4526
4643
4437
4403
4479
4431
4393
4453
4284
4230
4203
4196
4035
4122
4044
4242
4090
3890
3964
3931
3790
3764
3902
3871
3655
3706
3673
3486
3457
3418
3453
3407
3362
3317
3346
3280
3288
3091
3248
3236
3093
3064
3067
3026
3093
3017
2940
2947
2803
2846
2756
2749
2805
2608
2703
2644
2624
2573
2540
2469
2440
2435
2385
2424
2401
2336
2335
2321
2342
2230
2301
2213
2265
2239
2138
2171
2140
2050
2088
2075
2103
2028
1971
2039
1928
1907
1920
1866
1929
1900
1835
1858
1798
1771
1810
1749
1836
1788
1692
1756
1640
1645
1707
1596
1648
1666
1600
1612
1547
1572
1534
1538
1590
1498
1443
1452
1470
1553
1480
1443
1426
1483
1425
1448
1449
1393
1372
1336
1361
1314
1330
1333
1272
1330
1321
1299
1255
1251
1234
1247
1250
1212
1261
1256
1265
1197
1234
1180
1162
1159
1178
1180
1128
1138
1153
1140
1119
1075
1073
1132
1093
1051
1067
1035
1029
1082
1020
1076
1019
992
1004
1019
975
1038
1022
1017
965
1009
980
987
998
975
1003
954
965
962
1005
939
908
921
964
933
926
955
925
949
928
922
902
881
926
895
878
877
866
851
918
882
890
904
844
888
870
811
874
850
801
875
823
863
841
833
815
849
853
844
802
824
805
801
844
804
794
823
784
782
770
793
799
758
824
815
773
779
781
765
808
769
795
764
779
734
771
732
770
791
761
759
740
735
742
735
740
770
736
744
759
740
728
735
727
743
722
708
716
717
732
711
728
738
744
713
724
752
703
704
697
702
704
690
718
689
692
690
705
719
690
690
710
690
692
694
692
675
668
675
678
688
693
689
667
690
684
674
673
671
672
671
652
677
654
669
684
655
652
664
674
667
666
658
662
663
647
677
666
679
656
658
654
652
648
665
652
656
632
646
676
656
648
641
631
641
630
644
651
655
636
657
629
642
627
639
635
637
636
625
644
641
637
622
630
648
633
638
626
635
626
635
640
624
644
622
625
625
624
633
620
624
635
627
629
628
614
633
618
632
621
625
633
620
624
627
628
623
622
622
620
632
609
635
631
627
632
618
621
624
615
626
612
625
620
617
615
616
617
614
618
634
613
606
605
612
636
620
615
609
620
619
619
608
619
610
616
623
613
605
620
627
619
620
610
630
613
606
616
615
622
601
613
620
609
608
612
614
613
617
610
620
613
608
609
623
607
612
606
611
614
615
610
607
606
618
606
603
620
609
602
599
607
606
611
601
608
610
602
609
618
597
603
609
611
613
604
616
606
605
611
613
609
606
614
611
603
604
612
602
609
601
613
612
606
610
607
598
609
605
613
611
613
609
616
612
604
603
598
608
600
606
606
603
612
607
608
608
611
610
603
610
596
606
602
606
614
607
603
603
590
607
600
611
605
607
606
598
618
612
606
609
599
611
601
604
603
