605
603
603
605
610
611
608
601
601
603
602
606
604
611
607
606
600
603
595
594
599
603
607
602
601
608
601
598
609
602
597
602
605
602
593
599
607
606
600
593
602
603
609
608
603
602
607
603
603
599
595
600
596
600
600
610
601
596
602
607
602
598
609
606
601
604
600
606
611
596
599
604
597
607
600
594
603
596
592
607
599
603
601
611
605
607
605
604
598
603
604
595
603
602
605
603
608
596
604
610
593
604
608
610
602
609
602
610
599
606
608
601
596
600
604
602
596
602
595
605
596
604
599
608
605
600
595
604
607
601
595
605
605
605
598
602
603
596
602
604
601
602
603
601
603
602
604
609
609
593
600
601
597
602
602
601
609
595
605
600
592
604
601
605
602
604
599
598
601
596
603
595
607
609
602
604
603
608
601
597
603
599
606
603
604
603
603
599
600
603
608
599
609
594
606
598
602
599
608
601
595
595
604
597
599
592
601
598
594
605
598
605
608
606
599
604
599
605
607
608
598
605
603
596
600
603
598
602
602
602
596
605
602
608
599
603
599
594
601
599
604
596
601
599
612
599
604
591
599
596
598
601
597
602
604
595
602
591
608
591
594
610
607
600
603
599
604
598
593
602
596
601
599
604
594
609
607
605
606
599
606
600
599
600
597
598
598
601
600
592
596
603
610
598
598
602
598
597
604
609
608
598
601
606
601
599
602
608
602
599
599
607
602
604
598
595
605
603
607
603
602
599
600
607
605
607
605
604
599
605
602
598
606
606
597
602
602
602
593
607
604
607
597
604
600
610
607
604
615
605
606
597
598
600
600
591
604
591
612
608
601
598
596
599
604
612
601
602
599
605
610
604
598
595
611
599
607
611
605
603
603
605
600
603
604
603
605
599
610
602
605
601
600
604
600
603
610
609
610
604
604
604
604
601
605
598
604
602
606
608
600
613
606
599
593
608
603
604
606
603
601
607
611
605
606
608
600
613
608
598
611
604
609
611
608
603
610
619
610
609
606
622
605
605
613
607
614
608
613
613
614
610
612
610
621
615
626
629
623
608
624
626
620
621
634
634
627
633
621
630
630
619
636
618
636
633
640
623
630
627
625
623
623
645
634
635
635
633
648
624
637
649
642
651
657
643
644
648
665
674
650
662
663
641
662
684
667
658
649
662
666
685
661
650
685
677
687
665
675
660
684
695
707
674
692
691
691
704
710
695
714
688
711
723
697
714
720
704
720
727
717
724
725
724
736
708
741
749
729
752
733
750
743
782
770
782
776
752
797
778
772
771
797
768
779
809
819
800
808
828
813
853
801
824
814
835
879
824
852
836
858
842
815
821
863
878
873
866
865
856
855
839
876
903
889
912
887
881
856
886
932
886
875
917
889
926
890
937
888
892
857
881
919
924
893
912
930
935
914
921
889
893
906
949
912
906
870
923
951
949
919
942
933
918
914
918
966
913
910
909
926
897
925
926
900
906
926
931
883
917
883
924
916
901
926
880
901
923
895
945
880
939
906
905
899
889
876
927
916
890
890
872
910
934
887
902
867
949
885
864
907
873
919
848
887
832
862
876
892
838
841
887
901
871
841
888
838
882
880
887
845
848
846
840
830
846
841
859
871
855
844
873
843
838
840
840
821
813
824
842
802
815
815
810
833
793
823
816
816
784
830
815
816
819
805
793
839
792
849
782
781
765
778
769
798
796
808
766
768
785
794
797
788
761
778
744
760
758
741
757
778
775
755
771
776
740
759
779
790
766
757
745
748
753
760
750
727
726
720
733
715
717
717
717
743
758
726
701
725
731
736
730
699
682
694
708
685
705
709
703
687
695
675
681
691
713
715
694
682
701
685
690
664
692
668
679
688
672
692
676
696
692
677
659
683
674
657
680
665
655
658
660
647
673
660
662
685
672
680
663
664
663
676
654
657
649
649
663
664
656
646
652
654
651
653
646
645
645
647
647
660
641
643
659
642
630
631
647
653
634
650
638
634
634
656
639
626
630
657
630
636
623
638
642
633
641
630
639
629
636
633
637
617
638
626
637
625
640
629
629
624
638
628
625
630
625
632
628
622
620
629
630
638
626
627
624
630
628
624
621
626
628
626
622
615
622
616
629
614
628
622
616
622
615
615
620
610
614
627
603
623
624
612
621
617
620
624
626
621
611
612
616
620
607
626
615
619
618
619
611
621
617
622
600
603
613
628
616
612
619
616
615
624
604
617
612
609
617
619
623
622
610
617
615
615
620
624
617
606
604
614
604
611
611
608
612
610
604
612
619
610
622
609
607
610
609
611
612
605
602
605
601
611
613
614
606
608
610
602
614
614
606
603
606
607
605
611
613
602
602
613
613
611
616
604
616
604
606
600
605
613
604
615
600
621
611
603
606
601
606
619
615
603
610
611
610
613
601
607
598
612
603
608
602
600
593
598
594
604
602
603
611
600
609
600
602
606
605
602
600
607
600
602
606
606
603
604
604
603
603
602
607
607
601
599
607
609
600
600
611
600
603
599
597
610
607
611
599
596
602
599
603
596
604
602
611
612
601
602
606
602
605
605
607
601
608
603
600
597
603
598
609
605
597
605
607
604
610
590
597
600
606
606
603
605
608
601
599
605
606
607
600
597
604
604
606
608
602
603
612
602
598
607
599
598
602
600
603
608
607
607
604
605
608
599
608
602
600
606
602
605
599
599
601
604
607
606
613
602
607
602
616
597
604
602
604
607
600
605
604
602
607
607
607
594
601
597
603
601
593
610
601
603
599
597
599
603
595
593
608
599
599
608
604
603
597
601
605
598
604
605
606
603
604
591
604
601
600
601
602
601
608
602
602
611
604
605
600
599
603
602
613
603
601
599
600
602
599
601
602
600
604
596
600
604
602
596
601
604
605
606
605
593
596
601
595
594
599
599
602
597
601
600
603
599
598
599
604
600
605
594
600
607
600
600
613
598
598
608
595
605
596
603
600
591
599
604
602
600
599
599
604
596
602
600
604
599
600
597
606
604
603
605
602
597
594
594
602
599
602
602
596
600
596
605
603
602
598
597
604
