600
599
596
601
609
598
611
602
602
606
598
603
608
596
609
612
594
603
603
609
607
600
602
616
610
600
612
605
600
601
596
599
597
603
605
605
602
603
599
606
602
602
597
606
604
601
609
605
596
612
587
604
596
594
599
594
595
593
606
597
606
606
595
595
595
593
598
603
600
602
599
605
595
600
609
606
599
607
600
605
611
597
592
591
602
599
610
598
606
596
596
606
596
602
597
602
608
606
602
591
596
601
605
595
593
602
603
594
602
605
604
605
599
599
612
600
609
601
605
605
601
598
602
607
602
601
602
594
605
615
599
608
599
592
600
597
596
597
601
599
605
604
600
605
604
604
609
598
604
604
607
605
616
603
595
605
601
613
594
599
597
591
614
601
604
605
598
603
591
603
603
595
605
601
605
605
613
604
604
611
600
596
597
602
601
602
599
604
592
606
604
595
605
598
608
611
609
602
599
605
594
607
603
602
606
603
599
602
602
605
604
595
598
609
598
605
607
604
593
604
591
606
597
589
603
605
603
604
602
601
600
603
595
604
605
596
604
606
605
610
602
612
613
612
616
607
601
607
603
609
610
614
602
613
604
602
605
601
597
600
603
601
609
603
596
601
601
590
596
610
604
605
601
608
606
612
597
601
613
606
605
605
601
595
605
613
601
613
612
611
613
602
607
604
612
604
603
609
610
611
605
609
615
612
612
612
602
614
611
607
610
613
609
616
609
610
612
610
618
618
610
624
608
610
608
600
622
618
614
627
624
615
624
626
617
625
624
615
614
609
621
618
621
629
613
625
626
625
636
630
627
625
640
642
638
636
627
646
632
628
633
636
630
654
648
644
658
652
663
658
674
667
678
654
673
663
690
669
694
668
691
710
689
710
699
681
723
711
724
728
756
742
732
781
752
764
791
749
801
766
805
810
795
820
846
822
804
870
877
842
890
904
894
937
933
942
922
950
1002
1017
1021
1034
1108
1071
1124
1154
1178
1186
1203
1225
1267
1253
1292
1318
1317
1352
1428
1439
1442
1541
1514
1576
1613
1572
1677
1688
1775
1773
1812
1899
1902
2001
1928
2020
2092
2138
2127
2259
2296
2256
2371
2461
2468
2550
2434
2548
2524
2538
2722
2540
2657
2672
2839
2791
2802
2859
2821
2953
2982
2970
3065
2988
3056
3111
2981
3101
3030
3085
2982
3199
3100
3107
3095
3105
3179
3156
3079
3146
3115
3281
3243
3203
3117
3250
3136
3129
3165
3192
3077
3109
3160
3073
2967
3047
3037
2871
2868
2903
2787
2856
2776
2757
2706
2784
2691
2650
2705
2602
2521
2454
2581
2464
2500
2490
2381
2391
2343
2393
2211
2307
2289
2242
2210
2168
2246
2145
2158
2140
2025
2179
2039
2033
1976
2036
1942
2018
1917
1920
1871
1906
1889
1885
1878
1896
1850
1865
1793
1805
1769
1833
1757
1816
1727
1732
1720
1785
1641
1686
1731
1712
1637
1651
1701
1638
1615
1613
1578
1601
1633
1616
1578
1630
1581
1635
1560
1480
1530
1424
1502
1383
1470
1455
1460
1430
1460
1478
1437
1396
1380
1402
1349
1402
1342
1331
1366
1349
1369
1354
1239
1284
1280
1243
1214
1286
1253
1259
1207
1213
1217
1190
1163
1130
1127
1140
1155
1146
1136
1142
1104
1092
1132
1090
1097
1081
1054
1029
1051
1056
1067
1091
988
1014
1031
991
1019
972
1013
1066
997
990
1012
967
983
965
994
910
973
988
912
919
965
937
887
907
926
890
913
896
869
914
938
906
900
868
878
843
882
864
897
793
861
814
846
839
852
852
815
826
810
807
806
817
799
847
800
800
830
791
809
790
805
756
756
773
809
757
754
783
757
772
763
732
750
758
769
762
764
739
747
753
753
760
731
710
734
734
726
751
707
716
731
736
713
703
719
730
726
733
701
690
682
728
719
697
696
718
730
680
698
704
699
692
684
701
692
708
680
673
677
690
693
686
684
687
688
706
670
714
680
693
677
684
692
683
688
688
672
664
673
668
662
656
660
666
651
685
679
676
653
662
678
664
679
662
661
648
667
662
657
656
655
680
661
645
669
656
658
651
658
673
637
640
634
632
658
652
652
647
648
648
648
649
660
648
649
656
657
651
655
638
646
651
645
652
646
634
635
634
629
637
642
643
627
652
626
635
633
641
621
651
622
629
638
632
643
651
638
639
625
654
650
633
637
639
632
631
640
626
618
633
631
640
624
638
620
630
638
637
625
628
631
616
637
630
615
623
614
611
628
631
610
614
623
627
638
623
623
618
612
619
619
622
628
625
613
638
614
636
627
609
624
621
632
610
619
609
632
628
615
625
622
624
629
616
621
615
619
622
614
618
610
617
621
610
616
619
612
609
608
620
610
610
617
612
626
611
613
605
613
616
615
616
611
608
619
622
618
613
616
614
610
610
623
620
609
614
611
609
610
617
614
611
612
611
617
611
613
617
621
605
611
608
615
606
617
609
596
621
610
608
607
609
599
614
616
609
606
609
609
629
610
608
608
601
611
617
608
610
599
607
609
605
615
601
602
600
617
606
613
608
608
608
618
616
611
612
604
610
605
599
603
601
603
615
608
608
602
621
613
610
600
611
601
603
606
603
614
602
610
603
608
608
595
605
596
597
615
602
610
607
597
606
610
602
608
599
610
612
605
601
598
605
602
596
605
600
599
608
601
600
605
605
602
603
608
606
600
610
604
602
608
601
608
608
596
605
601
605
608
602
599
600
606
592
608
601
615
601
602
608
594
599
588
608
605
602
601
602
598
599
603
605
597
596
597
600
602
599
597
613
611
601
603
606
600
600
599
606
601
598
605
603
605
608
601
597
602
599
602
600
592
603
604
604
608
594
594
600
600
607
605
602
597
595
596
596
596
603
594
598
610
604
609
591
597
608
605
600
599
600
608
597
607
600
607
607
601
597
598
600
598
601
599
601
602
596
600
607
591
597
596
598
601
604
600
596
601
601
605
603
602
599
605
599
590
606
603
602
587
593
593
601
603
608
605
601
608
605
605
604
602
612
599
598
595
607
598
606
605
605
605
600
603
612
601
604
602
593
600
603
597
602
596
605
608
601
603
612
597
603
608
599
603
590
602
594
605
596
615
597
600
600
598
598
609
598
603
603
600
605
608
601
600
596
601
604
600
603
595
600
593
601
597
601
593
599
589
603
602
595
596
597
595
603
596
603
601
600
606
599
597
594
597
591
600
599
606
603
591
597
602
603
600
597
609
591
600
598
598
599
