602
601
607
607
608
607
598
606
602
604
608
602
599
604
602
606
592
605
598
608
596
606
613
612
599
603
605
602
602
603
607
605
600
595
601
598
601
615
598
601
602
607
597
600
607
600
600
592
604
605
596
604
603
601
600
594
601
601
602
596
600
604
607
595
611
601
602
598
607
600
605
598
604
594
597
597
604
601
601
603
598
597
600
606
599
603
592
599
593
594
600
604
603
599
600
605
601
597
606
612
597
604
605
603
603
601
597
601
605
604
603
597
609
603
609
600
599
591
602
605
600
606
608
598
609
596
599
603
593
607
600
613
603
604
610
594
618
607
597
600
613
595
596
613
599
611
594
606
597
601
609
598
603
602
607
601
598
606
598
603
606
605
609
601
602
598
609
602
606
600
608
606
615
609
605
595
604
603
606
596
609
612
602
602
609
606
606
600
607
603
603
610
606
606
600
609
598
601
610
605
599
598
609
600
600
601
594
613
600
607
608
602
609
609
603
594
600
606
613
595
600
596
608
600
609
603
607
601
606
607
603
607
606
601
608
610
607
602
598
604
602
604
606
600
611
617
610
602
611
605
614
614
605
607
611
601
609
607
610
604
609
617
618
613
617
595
610
605
610
611
616
602
605
611
606
610
618
606
610
613
604
613
607
609
612
603
610
604
610
602
621
604
611
605
611
604
612
605
612
609
610
619
617
618
621
609
619
611
608
611
618
626
611
615
622
626
609
616
608
623
607
621
624
618
621
633
615
610
623
626
626
623
621
627
644
630
621
631
643
633
623
622
623
646
643
639
627
636
642
643
641
635
650
643
649
653
648
656
657
655
655
663
656
678
676
681
666
678
677
693
691
678
699
718
693
724
705
722
705
716
737
753
745
767
768
750
781
806
801
791
805
833
801
830
825
837
862
888
869
892
857
922
884
954
950
972
958
1027
997
1031
1036
1084
1086
1088
1116
1142
1246
1213
1262
1239
1301
1319
1323
1368
1419
1409
1533
1491
1542
1578
1632
1734
1659
1787
1873
1828
1950
1932
2048
2127
2112
2147
2218
2178
2344
2443
2526
2506
2626
2693
2666
2760
2847
2896
2943
3055
3097
3226
3223
3370
3380
3462
3532
3541
3656
3669
3664
3627
3802
3864
3848
4033
3985
4009
4110
4170
4060
4159
4236
4249
4345
4195
4332
4294
4237
4403
4382
4321
4245
4213
4258
4292
4373
4269
4345
4300
4476
4421
4311
4322
4266
4280
4167
4190
4157
4094
4131
4062
4051
3896
3952
4058
3876
3747
3797
3856
3602
3731
3633
3479
3526
3425
3520
3444
3321
3199
3232
3272
3178
3177
3141
3034
3027
2966
3029
2936
2834
2853
2795
2756
2799
2681
2745
2688
2637
2500
2556
2518
2532
2602
2484
2320
2381
2277
2353
2356
2200
2269
2339
2314
2252
2207
2315
2178
2189
2146
2058
2147
2124
2022
2124
2090
2068
2057
2073
1949
1955
1932
1996
1862
1891
1934
1839
1830
1826
1844
1836
1831
1757
1797
1777
1829
1737
1806
1770
1763
1662
1646
1702
1670
1648
1607
1650
1570
1627
1600
1561
1577
1633
1547
1552
1572
1508
1483
1461
1470
1453
1390
1475
1450
1413
1381
1383
1406
1352
1336
1304
1358
1359
1278
1260
1278
1268
1285
1277
1202
1243
1237
1252
1259
1291
1258
1161
1179
1186
1111
1149
1177
1170
1170
1179
1099
1091
1124
1109
1171
1066
1103
1102
1076
1099
1032
1100
1033
1057
1052
1022
995
1012
999
1017
982
964
998
964
939
996
959
994
978
959
961
941
920
977
942
920
895
887
900
904
931
860
896
902
915
896
856
886
898
820
853
855
858
857
841
854
808
839
823
835
843
834
851
819
799
817
808
788
866
800
790
765
804
769
813
811
773
780
776
829
778
792
771
760
767
758
788
786
749
752
749
758
757
753
768
703
743
744
733
743
747
728
746
730
731
748
724
727
735
729
729
719
739
698
737
708
709
701
711
716
714
730
717
702
717
700
708
686
690
696
714
698
701
699
715
702
684
679
688
678
693
674
698
683
678
673
678
660
692
691
679
678
669
675
678
672
680
677
671
680
660
693
661
659
654
678
650
671
677
649
671
650
671
668
674
653
659
650
670
679
664
660
661
656
662
665
653
664
639
656
652
646
651
656
646
660
647
640
643
648
637
643
615
642
650
644
639
647
653
643
647
646
645
652
658
651
648
647
643
630
630
647
646
638
645
627
655
652
638
639
650
616
638
644
631
636
618
636
632
629
638
637
626
629
626
632
618
645
629
625
628
617
627
625
638
639
639
635
636
633
626
623
643
627
630
623
621
639
622
620
630
640
619
629
633
622
623
629
615
631
619
627
635
626
632
614
622
632
609
614
626
623
615
627
618
616
626
611
623
620
611
617
617
623
613
627
619
607
623
616
625
628
626
635
615
617
616
616
618
610
617
614
606
612
633
617
627
617
611
621
621
624
613
619
608
611
621
604
615
614
616
609
617
613
607
630
605
610
615
619
604
613
607
610
606
604
615
612
614
614
601
598
612
603
619
610
614
607
608
615
614
610
606
610
604
622
614
602
613
614
613
617
596
612
616
606
616
606
604
608
614
613
605
602
606
616
612
611
603
601
610
602
599
612
616
617
608
610
609
608
616
610
606
617
603
599
614
604
614
624
607
603
604
602
610
598
613
614
603
608
609
607
605
604
601
608
616
610
604
604
599
610
609
599
604
595
595
611
606
602
610
609
617
601
607
605
599
609
601
604
612
597
605
617
603
607
593
600
610
602
609
600
597
604
600
604
607
612
605
603
610
608
609
605
609
605
602
610
598
597
594
595
600
610
606
605
602
603
608
597
597
600
604
603
598
602
598
595
600
600
600
601
600
600
599
604
598
615
600
611
610
608
603
601
602
602
604
596
603
594
603
596
599
601
600
602
607
597
607
598
601
603
603
607
600
601
606
601
607
604
612
603
602
598
593
610
597
601
600
600
598
603
597
605
598
609
609
603
590
602
605
609
599
603
600
603
603
601
603
596
601
593
603
602
598
600
602
599
596
604
597
604
608
604
602
602
609
601
592
598
609
603
598
613
590
601
604
592
605
592
598
602
598
599
601
598
610
603
606
595
605
600
600
600
597
610
609
606
609
591
599
603
602
598
598
598
602
606
601
604
606
605
605
595
606
598
601
600
603
601
598
602
602
606
605
595
602
606
602
599
601
596
604
603
602
603
603
599
599
600
599
597
601
594
598
608
602
604
596
599
600
600
600
604
600
600
602
595
604
