601
612
613
610
615
606
617
605
613
610
591
613
608
609
609
608
614
605
617
603
606
599
608
610
605
603
604
611
602
604
600
612
604
614
612
608
611
605
617
605
611
612
610
606
605
612
608
616
606
614
613
620
609
609
613
605
609
607
608
606
605
608
602
610
615
603
620
613
606
603
613
605
601
611
605
612
616
610
601
611
603
606
616
613
605
615
617
610
612
624
614
600
617
604
607
612
609
608
610
605
612
610
602
621
612
610
620
609
602
619
605
612
608
608
621
614
613
611
623
626
606
606
606
608
612
604
613
607
612
617
619
629
623
611
600
607
614
612
623
613
612
613
617
622
620
627
615
613
619
617
614
618
617
615
625
620
617
617
616
614
613
616
613
615
615
643
624
612
614
619
610
623
615
628
616
619
612
613
614
621
629
611
635
629
623
624
620
623
617
626
627
638
632
626
628
613
632
627
614
631
635
628
626
630
633
627
641
623
639
642
632
641
632
622
635
616
639
633
632
638
647
631
640
633
630
629
641
641
631
638
629
631
641
634
647
647
625
652
650
636
643
637
645
645
646
655
661
632
637
660
650
647
668
654
649
641
663
643
652
663
646
642
641
640
637
657
660
663
668
665
667
663
673
670
658
642
666
663
668
669
669
682
667
667
670
670
664
679
664
667
663
675
650
693
673
677
688
695
662
661
670
682
680
672
675
711
677
708
697
683
699
707
725
698
679
728
700
718
744
701
730
702
730
718
703
757
732
754
725
773
745
742
800
762
783
787
782
763
794
794
782
816
805
801
825
829
798
859
871
872
874
857
883
928
944
974
949
946
938
968
965
960
1040
1059
1061
1074
1075
1100
1107
1142
1109
1142
1182
1234
1228
1294
1243
1320
1396
1376
1379
1407
1413
1469
1491
1543
1523
1537
1637
1754
1735
1801
1834
1929
1926
2013
1962
2108
2171
2298
2314
2278
2360
2451
2535
2537
2679
2835
2829
2949
3040
3179
3280
3265
3484
3656
3808
3868
4071
4166
4123
4335
4648
4717
5020
5190
5298
5337
5604
5924
6041
6436
6685
6778
6941
7254
7552
7812
8027
8349
8663
8911
9174
9468
9831
10167
10366
10772
11121
11530
11904
12203
12810
12935
13491
13684
14165
14621
15162
15051
15645
15799
16177
16638
16940
17219
17660
17953
18288
18409
18800
19141
19241
19929
20393
20318
20993
20729
21191
21440
21732
21783
21964
22203
22743
22325
22858
22556
23275
22983
23132
22977
23164
23126
23395
23283
23410
23871
23974
23677
23859
23855
23654
23653
23701
23617
22949
23120
23159
22728
22952
22541
22635
21928
21845
21981
21580
21323
21120
20957
20713
20616
20362
20164
19841
19263
19265
18692
18540
18423
18106
17859
17602
17424
17402
17005
16867
16840
16294
16231
15873
15868
15611
15589
15000
15059
14766
14939
14674
14446
14203
14027
13559
13768
13531
13304
13065
13015
12687
12406
12442
12542
12678
12380
12229
12314
12232
11816
11932
11869
11794
11517
11171
11244
11238
10949
11039
10685
10655
10741
10170
10157
10605
10179
10027
10198
9974
9898
9779
9810
9884
9451
9238
9513
9256
9127
8838
8909
8908
8829
8455
8407
8337
8181
8220
8143
8106
7944
8092
7826
8005
7618
7432
7520
7441
7266
7306
7084
6988
6868
6888
6771
6706
6630
6646
6420
6387
6280
6163
5938
5999
6117
6064
6038
5809
5655
5726
5539
5567
5401
5389
5381
5189
5183
4993
4972
4988
4833
4820
4780
4711
4742
4690
4377
4638
4389
4316
4467
4250
4338
4190
4126
4203
4079
4064
3963
3885
3882
3856
3686
3767
3704
3548
3612
3633
3384
3508
3404
3263
3390
3433
3344
3163
3139
3151
3073
3203
3074
2963
3006
2950
2935
2861
2802
2835
2793
2806
2714
2686
2785
2675
2579
2676
2596
2536
2511
2494
2440
2434
2468
2394
2364
2412
2305
2299
2219
2218
2226
2178
2178
2138
2108
2161
2064
2019
2074
2051
2024
1915
1936
1913
1968
1898
1981
1954
1819
1945
1913
1887
1825
1772
1807
1775
1794
1757
1647
1772
1723
1687
1685
1631
1661
1683
1664
1661
1691
1591
1603
1573
1594
1566
1523
1545
1456
1589
1514
1468
1499
1431
1434
1454
1429
1403
1406
1395
1385
1401
1402
1365
1383
1437
1313
1363
1334
1355
1356
1337
1318
1306
1286
1281
1231
1211
1270
1273
1239
1219
1214
1202
1203
1199
1225
1214
1184
1222
1196
1148
1208
1168
1201
1181
1141
1158
1183
1113
1175
1083
1109
1061
1155
1122
1095
1127
1087
1095
1098
1079
1061
1050
1045
1025
1088
1026
1080
1041
1078
1044
1050
1058
1030
991
1059
984
1028
1006
976
975
969
983
967
952
940
972
971
914
959
954
960
931
978
942
906
965
926
937
886
850
907
934
896
939
913
905
887
878
886
908
885
895
839
873
890
876
887
880
865
839
870
839
854
870
837
860
844
831
842
865
827
814
858
842
816
849
813
860
807
821
829
804
772
788
809
790
796
786
831
794
786
786
803
807
763
767
778
801
773
777
792
776
809
777
789
787
804
779
745
761
751
734
740
762
747
755
748
725
769
737
729
742
744
739
744
730
740
736
732
737
715
738
719
722
719
729
744
741
748
728
694
703
725
723
731
701
719
753
720
732
717
723
713
697
714
731
713
686
701
707
700
674
678
704
711
705
724
710
701
694
674
701
689
688
671
680
682
690
675
713
689
694
669
677
683
691
691
686
657
681
683
685
665
663
699
662
677
691
645
684
674
686
665
684
689
671
684
667
674
672
668
682
660
661
666
654
651
654
663
665
653
646
668
658
658
660
660
660
664
648
654
678
663
659
664
639
662
641
643
672
650
642
651
650
668
649
645
643
637
634
643
643
639
655
652
640
647
629
642
649
660
644
628
636
640
637
630
632
639
634
634
641
640
630
637
626
645
637
636
644
644
627
630
634
640
624
637
631
649
635
626
624
636
632
634
619
640
632
621
637
624
643
615
633
640
627
635
623
620
628
609
609
628
618
624
629
636
630
639
627
629
630
615
624
636
620
613
615
635
617
625
618
628
616
630
630
624
625
622
620
624
617
632
611
601
617
619
624
615
629
618
620
617
621
611
623
611
622
624
635
620
632
610
607
614
598
609
614
612
629
614
611
619
617
619
612
602
617
616
614
607
621
608
618
621
613
613
614
610
614
598
608
623
607
614
616
612
602
619
608
604
617
607
599
616
603
605
610
612
609
608
612
612
614
608
602
608
605
615
611
608
612
601
594
609
597
603
608
598
608
614
610
621
601
605
610
599
600
601
611
613
612
613
619
616
615
604
592
600
611
605
600
600
592
605
610
596
608
611
604
608
606
612
606
604
600
618
600
606
611
601
602
606
602
601
601
606
611
608
609
608
601
606
602
607
604
602
614
597
607
613
613
613
609
609
604
601
608
609
601
607
608
596
604
604
609
596
606
612
602
610
607
602
