616
617
604
604
614
611
600
621
604
618
616
605
609
614
615
613
609
610
628
602
610
604
616
604
616
618
611
612
605
622
614
603
610
608
602
614
606
610
608
614
609
602
615
607
611
608
615
611
604
609
621
597
609
612
608
616
611
615
620
621
613
608
607
604
615
613
613
609
605
606
621
615
619
619
611
607
606
613
613
613
606
611
619
606
606
612
611
614
615
616
612
617
604
619
622
607
624
615
602
626
616
615
615
609
616
611
630
618
620
616
623
626
620
611
615
621
605
607
611
608
611
624
620
628
618
614
622
621
614
612
602
617
618
634
616
601
614
621
616
631
621
612
632
624
631
628
617
620
621
631
632
629
624
620
613
633
616
619
628
626
635
613
630
625
615
632
627
620
638
634
622
640
625
626
639
628
620
635
632
623
634
638
625
623
625
629
631
629
641
635
649
638
622
638
625
624
633
647
638
632
628
635
636
651
637
630
653
629
635
656
643
632
643
645
644
635
637
641
637
640
640
637
663
652
634
645
645
659
630
653
672
653
671
653
672
660
651
632
653
654
664
655
651
656
672
662
663
674
667
682
653
664
662
669
637
674
666
678
672
681
689
668
682
662
656
678
678
686
678
672
683
685
686
669
686
682
692
688
693
698
685
682
673
693
681
674
682
694
693
705
732
713
691
713
706
701
713
718
691
708
710
698
698
705
707
719
706
737
775
716
728
738
770
747
730
711
734
730
749
775
769
769
789
798
780
791
782
815
794
797
791
819
826
825
807
839
865
861
889
893
879
878
889
926
873
905
967
966
936
986
987
1019
997
986
1006
1082
1065
1085
1098
1120
1123
1098
1146
1154
1177
1199
1229
1263
1283
1296
1382
1365
1392
1430
1460
1456
1532
1553
1598
1686
1713
1688
1730
1891
1854
1860
1883
1986
2086
2148
2212
2235
2245
2308
2447
2598
2606
2679
2726
2855
2802
3044
3147
3188
3297
3369
3598
3779
3859
3961
4080
4166
4243
4526
4803
5008
5052
5188
5409
5695
5951
5954
6302
6367
6792
6959
7092
7453
7807
8053
8325
8873
8868
9270
9533
10148
10412
10800
11289
11790
12016
12543
12795
13308
13719
14202
14790
15149
15412
16023
16572
17013
17882
18271
18909
19331
19934
20431
21035
21229
22170
22802
23084
23925
23982
24309
24898
25251
25653
25954
26295
27320
27605
27814
28291
29200
29338
29747
30270
30182
30413
31053
30830
31410
31680
31295
31779
31728
31764
31990
31933
31523
32359
32525
32291
32694
32800
32494
32553
32822
32682
32756
32326
32155
32260
32211
31454
31291
31203
31180
30909
30160
30205
29754
29392
29155
28523
28554
28115
28344
27924
27308
27053
26384
26227
25539
25057
24767
24544
24108
24019
24083
22875
22759
22770
22159
22044
21026
21388
21185
21232
20590
20535
20152
19810
19738
19331
19388
18779
19004
18441
18158
17631
17760
17427
17187
17488
16837
16403
16449
16414
16072
16176
15933
15957
15748
15347
15546
15529
15212
14884
14823
14732
14588
14447
14191
13882
14015
13636
13734
13430
13412
13324
13305
13016
13129
12848
12795
12641
12549
12252
12211
12231
12100
12052
11832
11754
11488
11274
11138
11073
10829
10802
10525
10469
10392
10392
10093
10067
10065
9886
9970
9696
9661
9463
9274
9215
9128
8959
8833
8815
8613
8691
8456
8350
7970
8192
7943
7850
7730
7782
7547
7456
7577
7323
7294
7189
6987
6895
7021
6815
6827
6636
6465
6392
6384
6338
6202
6208
6026
6030
5870
5829
5617
5775
5609
5502
5449
5410
5412
5169
5153
5181
5178
4858
4909
4847
4859
4733
4716
4520
4639
4590
4486
4419
4346
4339
4203
4173
4190
3986
4215
3976
4091
4116
3891
3880
4005
3751
3680
3737
3713
3445
3690
3504
3462
3411
3316
3337
3170
3258
3184
3169
3198
3175
3155
3109
3066
2997
3050
2950
2968
2761
2919
2915
2784
2802
2734
2667
2642
2607
2645
2499
2563
2513
2541
2508
2434
2545
2352
2389
2380
2471
2316
2283
2356
2203
2241
2206
2180
2180
2186
2152
2041
2102
2027
2071
2115
2006
2006
2044
1930
1990
1951
1991
1938
1895
1930
1969
1858
1874
1822
1843
1870
1756
1772
1707
1784
1694
1730
1709
1747
1731
1702
1640
1711
1672
1551
1623
1592
1646
1557
1548
1590
1560
1543
1532
1518
1499
1462
1505
1511
1516
1561
1439
1383
1457
1418
1436
1412
1348
1382
1300
1389
1351
1343
1393
1365
1326
1315
1360
1317
1329
1255
1295
1253
1263
1246
1245
1260
1244
1270
1200
1210
1188
1200
1142
1212
1202
1147
1207
1197
1150
1191
1163
1183
1122
1181
1124
1142
1095
1150
1096
1108
1130
1078
1104
1073
1110
1100
1065
1106
1069
1116
1057
1081
1102
1096
1063
1052
1025
1068
1043
1029
1051
1072
974
1048
1012
981
1012
990
992
996
968
997
986
1008
925
980
954
952
991
932
934
901
924
956
943
932
970
957
956
954
909
910
921
938
938
908
915
913
899
921
909
889
901
869
928
849
846
872
866
875
886
897
850
826
860
858
848
857
828
839
855
837
834
826
837
811
821
840
831
802
807
846
788
828
817
806
835
802
803
793
802
840
813
775
807
799
808
781
777
813
787
783
803
773
785
777
784
814
758
742
787
782
745
750
749
751
759
779
773
754
773
747
760
741
749
760
744
714
756
735
754
745
729
704
720
743
732
753
745
718
715
726
749
722
712
741
730
735
730
731
717
705
720
729
697
717
709
695
723
692
733
690
678
705
692
706
709
707
689
699
672
690
727
704
694
695
690
679
692
678
676
696
703
700
693
684
688
676
676
665
673
681
689
692
665
665
692
689
680
669
661
689
698
674
699
665
675
676
676
670
681
685
671
676
677
679
665
689
668
670
646
658
666
653
665
664
665
667
669
665
649
653
662
655
649
666
670
677
669
666
640
664
650
638
650
659
655
643
644
658
652
642
647
639
654
649
657
659
649
639
639
666
653
631
645
634
638
635
626
648
647
657
631
643
633
635
633
654
627
640
634
623
640
636
629
635
630
607
638
626
628
631
631
636
639
627
628
634
629
632
636
636
632
637
635
628
640
633
620
636
634
626
616
628
628
628
613
625
625
612
627
630
612
631
618
629
626
620
628
631
629
621
617
642
625
622
621
625
622
614
623
632
620
612
624
609
624
614
622
625
618
629
613
601
616
607
615
624
621
631
610
619
624
612
612
619
605
621
611
602
617
611
617
605
618
612
610
618
609
620
625
614
623
607
613
601
614
611
613
620
603
614
609
617
613
607
618
613
605
608
617
612
607
611
609
605
618
613
616
606
611
612
609
608
602
602
613
616
601
611
621
589
604
602
611
612
616
606
605
611
615
610
610
606
599
610
610
602
601
602
598
613
600
622
608
613
611
612
598
620
606
604
609
599
608
607
609
610
604
614
611
608
607
610
608
609
612
613
607
606
606
607
606
604
607
598
610
606
617
602
612
599
603
605
605
616
