632
612
613
614
607
613
615
622
624
613
623
617
630
620
617
621
622
621
617
612
629
617
606
626
629
612
603
615
616
615
623
608
609
618
603
620
620
621
616
622
626
612
607
605
615
610
618
627
612
624
622
609
613
598
605
614
621
617
615
610
618
613
620
602
612
627
616
611
623
610
617
621
627
615
611
606
609
615
627
619
623
624
630
617
626
621
617
613
605
623
615
614
610
617
620
620
621
623
620
625
623
624
629
628
624
618
624
626
623
620
618
621
615
617
628
619
625
614
639
628
619
630
623
632
631
627
639
625
634
626
632
621
644
638
641
640
636
622
622
621
628
631
625
632
637
634
627
621
639
638
636
615
637
628
636
627
630
633
636
635
638
646
642
641
637
635
639
632
650
631
647
642
655
637
653
642
649
651
635
658
632
637
650
643
646
665
647
647
651
639
637
655
660
662
644
639
653
668
673
660
661
665
672
655
644
634
656
663
640
665
653
662
680
671
668
641
669
674
660
660
679
676
666
660
681
658
690
656
679
677
685
686
682
667
680
689
723
671
681
686
695
676
700
684
703
689
688
695
686
693
715
703
692
704
709
702
706
710
723
706
726
706
691
721
727
732
702
735
728
736
716
709
740
710
727
723
726
759
754
699
723
739
726
750
722
737
722
724
728
709
753
762
746
769
765
744
747
773
773
774
744
776
791
792
784
796
797
757
767
796
796
824
792
816
818
829
812
824
837
886
845
853
867
879
907
893
895
891
869
904
904
894
916
907
922
966
981
990
991
1021
970
997
1061
1046
1061
1021
1109
1090
1090
1110
1174
1188
1211
1145
1209
1254
1253
1245
1267
1399
1380
1414
1397
1410
1475
1462
1480
1566
1603
1642
1642
1686
1759
1785
1832
1856
1844
2013
1946
2059
2208
2192
2188
2349
2354
2378
2470
2592
2668
2764
2804
2840
3081
3185
3240
3288
3360
3421
3597
3717
3792
4061
4082
4256
4286
4654
4657
4804
5001
5309
5413
5588
5890
6121
6089
6361
6624
7039
7302
7366
7830
7870
8206
8743
8716
9358
9580
10104
10303
10898
11225
11513
11959
12790
13035
13540
13677
14609
15449
15782
16109
17029
17251
17830
18501
18781
19897
20459
21313
21558
22477
23207
24027
24814
25648
26052
27074
27970
28712
29075
29910
31125
31501
32004
32875
33380
33856
34693
35463
35895
36509
37177
37944
38384
38742
39556
40310
41074
41255
42612
42073
42772
43197
43675
43819
44014
44347
43948
44580
44680
45561
45319
46334
46068
45770
45574
45649
46433
46615
46646
46556
46413
46543
46533
46752
46480
46126
45490
45241
45401
44652
44263
43800
43708
43420
43343
42409
42047
41396
41159
40765
40466
40065
39087
38735
38048
37566
37220
36457
35843
35864
35125
34296
33591
33662
32913
33295
32316
31656
31188
30700
30675
30543
30145
29294
29158
29084
28288
28169
27715
27197
27060
26839
26318
25453
25418
25388
25141
24641
24510
24607
24239
23766
23120
23258
22904
22900
22513
22786
22299
22006
22090
21635
21703
21045
21083
20838
20469
20320
19821
19626
19454
19576
19510
19190
18962
18935
18895
18409
18128
18226
17779
18185
17727
17546
17332
17209
16987
16810
16199
16241
15982
15750
15799
15521
15116
15445
14852
15066
14492
14490
14520
14246
14112
13822
13871
13638
13367
13286
12688
12851
12647
12363
12416
11967
11876
12055
11551
11566
11247
11075
10887
11064
11103
10835
10560
10492
10410
10248
10213
9985
9886
9613
9600
9491
9331
9175
8930
8964
8922
8757
8567
8438
8386
8090
8241
8009
7969
7783
7770
7673
7299
7568
7420
7146
7163
6951
6855
6951
6789
6596
6509
6537
6230
6443
6267
6290
6117
6079
6104
6002
5892
5955
5726
5614
5583
5528
5372
5445
5258
5330
5110
5062
5087
5004
5023
4863
4815
4771
4668
4578
4564
4591
4486
4377
4438
4396
4273
4225
4233
4135
4033
3976
4009
3982
3829
3884
3791
3730
3752
3690
3671
3565
3631
3485
3388
3451
3500
3329
3334
3331
3209
3292
3151
3188
3174
3023
3186
3130
2995
3013
3019
2985
2898
2889
2863
2814
2675
2717
2671
2706
2843
2809
2611
2592
2554
2614
2574
2423
2532
2445
2435
2481
2425
2356
2404
2413
2354
2334
2183
2281
2308
2205
2216
2166
2238
2132
2142
2100
2112
2086
2109
2107
2094
2018
2044
2011
1997
1955
1928
2005
1868
1906
1879
1861
1920
1846
1870
1851
1858
1781
1801
1834
1817
1761
1740
1717
1695
1747
1698
1727
1661
1655
1698
1617
1694
1636
1596
1581
1603
1512
1598
1505
1516
1471
1531
1464
1544
1514
1485
1483
1526
1530
1412
1429
1424
1408
1465
1439
1398
1409
1397
1347
1395
1400
1321
1393
1336
1320
1328
1328
1273
1365
1331
1286
1348
1263
1248
1263
1261
1250
1228
1211
1245
1217
1256
1274
1227
1224
1223
1219
1212
1200
1122
1091
1167
1134
1178
1155
1126
1147
1120
1131
1168
1096
1061
1109
1088
1096
1047
1103
1106
1030
1043
1075
1042
1028
1020
1033
1079
1074
1014
1029
1064
1025
1052
1046
1040
1031
1009
973
1018
1049
1022
1028
1027
966
1000
982
957
1014
986
966
983
940
937
971
947
962
930
954
938
942
894
912
950
938
907
922
897
905
881
908
911
930
874
892
868
913
893
887
893
853
862
850
865
873
874
906
861
886
842
862
879
869
820
830
852
847
836
843
818
855
848
828
816
828
836
790
818
811
835
788
829
811
840
827
822
778
815
797
827
860
793
770
795
788
798
788
773
785
779
802
784
794
783
756
805
760
755
813
785
745
742
798
781
778
767
762
748
750
766
746
736
756
741
727
740
736
743
761
762
737
750
718
744
764
731
744
725
717
733
728
732
741
717
725
721
705
710
709
727
705
722
735
704
705
700
741
684
740
688
707
695
693
713
719
696
677
718
706
693
699
696
703
707
680
697
707
682
711
695
667
713
688
687
673
686
683
688
686
681
673
673
681
695
675
696
702
686
666
676
670
687
697
671
685
668
670
674
679
669
666
661
671
677
667
669
668
658
660
679
665
683
663
655
655
650
655
645
646
648
663
662
658
653
654
651
643
641
671
635
635
655
658
653
652
649
650
639
637
646
637
661
633
641
656
645
623
626
639
638
634
636
640
644
648
640
634
636
653
648
639
637
634
644
628
621
629
638
638
635
637
623
623
616
634
631
639
624
633
644
643
626
621
634
632
636
631
630
622
631
629
632
624
624
625
625
617
621
636
639
621
618
627
627
615
622
625
632
624
622
629
623
621
615
623
626
624
617
624
620
626
628
620
633
611
622
616
624
606
612
609
620
623
609
619
622
621
633
609
632
623
613
607
618
611
608
603
616
605
609
621
614
605
618
617
614
614
613
614
619
610
617
606
618
618
626
605
628
610
606
609
608
615
604
609
606
614
621
615
621
617
621
608
607
606
618
609
615
611
606
619
607
617
614
615
618
609
622
614
615
613
609
603
604
612
613
601
619
606
611
609
597
615
606
605
615
605
600
614
607
618
610
601
606
604
611
607
620
