608
617
628
616
607
630
610
629
623
617
619
628
612
621
619
610
617
605
624
620
616
614
614
615
614
617
616
619
617
623
627
619
622
623
617
614
619
633
603
617
618
623
625
622
625
621
622
613
629
616
611
615
624
613
607
630
614
612
636
622
624
610
619
623
639
624
622
634
624
621
628
621
628
613
611
636
630
611
620
618
619
614
619
626
617
622
630
616
624
626
622
618
629
612
632
616
618
624
623
629
627
617
625
626
627
625
623
625
629
627
630
629
630
628
622
633
631
632
632
635
643
627
644
612
619
629
619
647
637
636
630
636
630
620
636
633
619
642
627
631
630
647
628
632
634
635
635
640
629
630
644
650
634
640
659
651
630
639
636
648
636
619
649
641
628
646
643
649
670
642
646
648
656
647
666
657
643
645
651
644
671
646
648
640
656
656
656
652
666
654
653
666
664
677
643
670
655
644
690
651
658
674
660
672
669
680
675
677
677
669
682
643
674
650
678
680
688
673
689
684
685
671
692
689
709
683
690
666
664
691
689
674
696
690
674
694
691
687
696
690
704
692
696
707
683
710
722
733
705
718
712
715
711
710
705
710
717
679
723
736
724
697
728
707
724
745
721
714
738
718
728
733
756
762
744
738
735
743
721
745
779
724
737
749
728
733
765
763
758
754
744
780
767
773
760
785
773
739
770
752
803
795
814
781
803
816
843
809
791
822
822
818
839
827
817
852
848
846
848
859
836
869
868
886
899
925
907
933
897
919
960
929
944
1035
1005
966
985
1008
1002
1057
1025
1069
1022
1073
1095
1104
1166
1173
1102
1183
1210
1181
1239
1216
1233
1269
1369
1295
1362
1401
1424
1482
1443
1441
1618
1606
1554
1628
1656
1711
1656
1712
1873
1935
1920
1980
1937
2030
2159
2134
2291
2341
2347
2398
2443
2605
2623
2662
2784
2872
2919
3080
3145
3173
3334
3496
3439
3755
3980
3933
4083
4231
4326
4462
4645
4845
4972
5130
5371
5410
5746
5990
6056
6494
6701
6863
7234
7399
7708
8072
8400
8514
8958
9346
9600
10010
10333
10654
11010
11662
12029
12399
12732
13403
14102
13990
14723
15624
16220
16679
17181
17622
18253
19116
20047
20397
21030
21738
22678
23066
23937
24693
25545
26486
27208
28184
28453
29729
30547
31231
31885
33012
33324
34375
35347
35780
36377
37198
37898
38453
39148
40082
40300
41044
42189
42696
43660
44283
44884
45503
45828
46485
46936
47010
47597
47607
48298
48179
48271
48236
48983
49049
50119
49609
50159
49816
50226
50052
50523
50781
51016
50699
50715
50954
50496
49834
50105
49708
49935
48824
48715
47944
47426
47375
47441
47490
46264
46258
45455
44922
44794
43907
43506
43011
42170
41556
41176
40499
40234
39045
39081
38201
37783
36757
36810
35977
35745
35145
34339
34591
34187
33764
32945
32867
32316
32185
31646
31366
30656
30347
29853
29764
28867
28666
28137
27830
27681
27456
27268
26673
26436
26215
26138
26022
25580
25539
25201
25339
24763
24755
24216
23808
23920
23751
23363
22956
22509
22317
22313
22018
21587
21765
21369
21751
21193
20991
21065
20184
20597
20413
19903
19843
19803
19506
19334
18971
18446
18456
18426
18000
17835
17874
17865
17168
16724
17027
16864
16648
16411
16324
15950
15645
15953
15435
15238
15315
14755
14951
14281
14292
14291
14105
13865
13505
13537
13092
12901
12806
12703
12390
12408
12359
12139
12118
11928
11675
11482
11514
11288
11314
10907
11001
10996
10594
10436
10411
10011
9948
9767
9693
9386
9324
9468
9292
9316
8867
8695
8905
8820
8599
8425
8194
8339
8022
8034
7898
7862
7547
7648
7711
7473
7168
7065
7091
6954
6940
6908
6918
6446
6700
6424
6472
6406
6363
6334
6074
6069
6011
5950
5801
5638
5678
5665
5795
5383
5453
5356
5318
5322
5250
5127
5119
4958
5055
4960
4805
4827
4805
4729
4632
4542
4475
4362
4277
4304
4171
4181
4122
3924
4056
3990
3908
3903
4001
3868
3728
3703
3704
3749
3714
3756
3719
3598
3583
3542
3433
3432
3355
3331
3204
3162
3172
3269
3155
3101
3030
3064
3015
2981
2971
2887
2966
2876
2923
2875
2879
2888
2831
2775
2754
2679
2625
2614
2597
2653
2507
2543
2519
2541
2378
2351
2396
2465
2350
2275
2372
2350
2352
2274
2324
2291
2156
2313
2310
2217
2228
2119
2089
2084
2111
2122
2099
2034
2098
2022
2073
2065
1953
1950
1982
1895
2011
1950
1884
1816
1928
1875
1821
1808
1790
1803
1810
1799
1786
1739
1727
1682
1722
1688
1612
1624
1746
1692
1645
1604
1622
1621
1672
1523
1572
1578
1578
1556
1562
1572
1539
1511
1515
1515
1484
1435
1447
1421
1468
1474
1458
1445
1425
1454
1404
1372
1452
1352
1391
1374
1337
1343
1345
1341
1361
1294
1280
1379
1278
1324
1301
1266
1309
1225
1252
1276
1282
1239
1262
1205
1189
1213
1254
1187
1203
1161
1159
1195
1173
1178
1210
1143
1182
1106
1143
1163
1137
1171
1142
1108
1136
1115
1119
1096
1088
1063
1080
1116
1107
1068
1073
1100
1056
1107
1009
1069
1071
1020
1097
998
1041
1044
1020
1038
1014
1013
1045
1011
1003
991
969
973
973
986
967
943
928
969
940
980
947
980
979
953
921
964
959
896
873
978
969
947
908
906
915
902
909
899
919
896
877
895
901
906
892
865
872
900
927
864
913
870
888
818
860
840
861
848
854
822
812
839
849
827
833
854
870
831
820
809
847
842
815
842
800
821
823
846
814
842
815
827
798
795
812
782
800
794
791
830
786
831
797
780
787
794
804
773
793
792
787
795
799
768
773
753
748
775
772
773
746
747
773
779
765
781
734
765
757
746
775
739
742
730
755
752
751
756
749
749
735
720
717
728
728
712
773
731
718
750
704
733
749
738
716
701
726
735
730
697
727
711
699
707
707
724
697
705
713
685
714
685
690
696
685
690
690
690
680
707
685
682
701
709
706
696
693
696
675
682
679
695
690
671
673
662
667
678
666
697
674
685
670
675
661
664
692
678
663
668
657
675
664
671
662
689
660
661
670
677
666
683
650
646
646
659
660
677
651
673
660
655
643
662
661
665
656
669
644
640
655
672
653
643
657
642
663
645
646
642
642
656
668
644
657
655
650
637
658
647
621
645
650
668
644
646
661
631
654
652
642
640
656
639
634
625
640
624
632
639
637
639
632
637
631
625
623
655
628
622
635
630
621
643
633
632
648
632
629
635
635
632
621
615
627
620
631
616
622
622
626
615
630
620
622
608
640
624
626
618
626
613
625
624
617
625
607
629
619
617
627
626
620
614
607
636
612
626
623
619
613
624
636
609
621
619
623
607
619
610
619
620
629
621
613
614
615
611
621
612
618
615
620
625
616
612
617
609
619
618
618
615
619
620
617
630
615
614
604
620
617
620
606
619
619
617
610
607
624
616
613
606
619
612
601
614
614
603
611
596
612
612
608
598
615
617
621
606
624
609
619
617
615
606
613
613
608
609
606
614
623
610
601
604
610
606
605
596
611
597
613
615
590
606
604
