617
615
614
615
627
611
632
619
621
616
614
616
611
623
606
625
618
618
618
610
617
623
624
598
627
617
616
616
616
601
601
620
623
625
617
620
620
618
621
618
622
611
615
615
618
611
612
631
622
613
616
623
615
633
624
615
623
620
619
612
612
621
614
614
617
620
621
628
620
637
626
630
625
620
620
610
619
600
633
627
613
616
604
625
613
605
624
615
621
619
625
611
629
610
618
629
611
622
632
621
639
618
618
627
630
629
621
624
620
642
619
627
627
632
612
631
632
618
627
637
628
620
633
622
632
620
630
620
628
627
633
626
626
630
627
639
644
635
637
632
634
629
636
628
637
636
620
629
644
640
641
645
651
639
641
632
640
645
639
649
647
653
645
639
650
650
639
650
641
653
655
659
641
638
656
653
636
641
636
646
651
642
649
668
649
656
660
662
658
656
654
667
660
654
660
645
657
649
675
662
696
662
651
657
655
657
671
666
664
676
644
674
669
666
674
678
677
673
668
665
674
673
673
669
678
679
696
683
680
692
677
703
684
690
693
687
688
663
672
691
710
686
693
705
697
687
708
689
726
716
707
711
707
724
701
692
684
728
717
695
730
712
731
726
728
719
724
716
748
739
741
722
738
722
718
724
760
737
727
734
756
770
758
748
747
749
771
752
789
744
747
762
795
751
767
772
782
800
779
793
787
802
783
799
786
784
834
773
792
817
817
814
808
857
780
818
881
865
842
840
842
880
875
855
878
919
911
878
903
899
924
959
966
995
915
1006
1025
965
1003
1018
1034
1038
1050
1060
1090
1110
1088
1179
1095
1173
1179
1183
1202
1245
1255
1271
1211
1312
1281
1403
1391
1432
1493
1481
1523
1598
1560
1550
1544
1718
1637
1747
1775
1885
1907
1954
2014
2098
2110
2104
2195
2373
2269
2266
2354
2494
2575
2617
2659
2757
2874
3063
3133
3216
3209
3392
3515
3617
3768
3767
4136
4301
4289
4381
4508
4719
4793
5055
5219
5442
5670
5960
6107
6349
6670
6802
7048
7199
7732
7940
8127
8525
8683
9197
9454
9871
10001
10548
10829
11341
11640
12265
12405
13076
13555
14020
14565
15001
15732
16154
16933
17656
17921
18621
19408
19905
20896
21241
22305
22574
23259
23918
24867
26101
26810
27475
28201
28758
30055
30688
31573
32636
32546
33448
34397
34769
35903
36526
36875
37662
38186
39027
39560
40168
40904
41772
42071
43080
43498
44294
44582
44940
45405
46120
46043
46307
47086
46765
47544
47618
47997
47827
48923
48635
48128
48470
49250
49546
49474
49890
49577
49615
49457
49694
49755
48930
48745
48689
48963
47598
47686
47610
46432
46492
46547
45703
45898
45002
44948
44046
44205
43418
43007
42358
42041
40992
40687
39848
39119
39059
38443
38273
37257
37086
36560
35533
34984
34822
34665
33747
33702
33246
33185
32321
31762
31782
31417
30944
30138
30252
29981
29020
28544
28295
27876
27595
27352
27246
26613
26382
26230
26189
25896
25452
25193
25093
25034
24557
24774
24381
23679
23621
23441
23180
23339
22645
22430
22379
22045
21429
21794
21096
21005
21134
20959
20519
20727
20098
20197
20195
19989
19443
19624
19098
18868
18787
18596
18111
18220
18023
17626
17245
17192
17013
16710
16601
16550
16159
16153
15746
15917
15463
15560
15251
15149
14843
14732
14593
14051
13947
13745
13760
13667
13615
13212
13203
13079
12767
12378
12233
12437
11984
12088
11661
11542
11410
11298
11261
11050
11143
10817
10581
10558
10420
10303
10146
10000
9898
9823
9755
9331
9459
9266
8973
9062
8953
8769
8680
8637
8377
8122
8281
8136
7949
7933
7756
7556
7723
7516
7362
7253
7227
7157
6992
6897
6983
6766
6715
6471
6462
6346
6331
6287
6154
6304
6063
5951
6004
5761
5772
5561
5433
5466
5583
5332
5409
5217
5233
5050
5187
5066
4950
4870
4888
4872
4838
4671
4494
4553
4481
4415
4430
4369
4312
4204
4120
4127
4045
4026
3981
3998
3780
3752
3730
3806
3594
3656
3705
3687
3641
3582
3502
3487
3451
3448
3402
3409
3410
3197
3243
3242
3104
3199
3082
2960
3018
3035
2957
2946
2848
2948
2831
2849
2948
2836
2796
2789
2685
2777
2708
2585
2642
2691
2590
2600
2483
2519
2468
2503
2460
2419
2425
2433
2329
2401
2375
2392
2310
2258
2232
2197
2200
2179
2160
2133
2121
2178
2108
2097
2120
2042
2037
2068
1984
1977
1932
1919
1938
1925
1983
1912
1927
1992
1876
1966
1813
1874
1785
1815
1850
1815
1736
1816
1761
1723
1737
1693
1678
1708
1658
1678
1625
1606
1629
1536
1601
1596
1576
1602
1543
1600
1613
1590
1526
1523
1566
1475
1508
1506
1503
1474
1537
1433
1510
1414
1434
1388
1443
1374
1386
1386
1388
1367
1315
1349
1374
1389
1268
1325
1346
1313
1342
1352
1333
1310
1273
1252
1294
1334
1274
1302
1179
1226
1233
1236
1263
1227
1179
1217
1214
1184
1154
1219
1192
1228
1150
1148
1191
1130
1134
1137
1166
1112
1139
1126
1179
1121
1160
1102
1110
1072
1133
1108
1039
1106
1116
1037
1067
1046
1030
1055
1056
1042
1052
1056
1051
1067
1043
1007
997
1046
987
991
1017
1009
987
1005
974
997
960
940
952
984
982
977
966
931
971
960
959
946
927
903
943
932
944
960
908
922
936
916
922
924
933
908
924
942
909
868
882
902
892
903
883
847
876
900
881
869
857
852
830
839
844
863
874
864
862
843
831
818
846
838
838
808
837
817
853
878
828
812
805
804
826
843
820
811
791
814
826
774
808
805
791
813
827
800
784
790
787
794
773
833
753
779
763
796
764
777
752
761
750
734
764
769
755
738
783
763
764
751
742
731
758
746
769
739
750
741
752
739
751
757
726
759
729
725
729
696
698
711
729
732
709
715
741
707
737
747
711
736
724
720
706
705
701
722
730
708
698
695
717
706
706
720
711
732
708
706
695
692
711
689
688
687
710
697
683
707
690
686
673
701
690
683
696
671
703
667
659
691
699
695
663
682
708
690
674
669
680
700
668
667
689
661
672
666
655
670
665
668
672
669
670
646
678
682
668
669
667
656
660
648
670
632
664
665
680
644
650
658
660
648
648
685
650
657
663
639
653
651
643
651
650
637
654
650
644
648
645
637
657
649
662
658
639
649
651
652
641
641
636
641
626
626
636
641
661
634
623
650
639
629
636
638
633
627
648
620
636
622
640
634
625
632
632
633
625
615
638
630
615
619
635
627
628
635
622
624
618
621
642
635
640
615
623
632
638
598
617
627
622
630
627
623
622
632
628
633
629
629
632
626
629
622
623
635
615
625
621
619
611
613
613
618
612
620
640
612
623
621
620
623
620
611
615
612
623
603
624
615
611
618
613
610
625
635
620
618
617
631
625
624
626
612
609
614
618
621
609
624
625
632
601
610
616
616
620
611
616
623
617
618
619
620
613
618
601
614
606
610
618
623
629
608
624
606
608
617
608
608
615
617
620
608
617
611
610
614
612
605
615
620
613
606
622
594
605
616
618
607
601
609
608
614
609
613
611
608
616
