612
630
605
620
620
617
629
618
612
614
610
610
623
617
623
619
607
620
625
621
616
623
624
620
606
602
620
622
610
627
614
615
631
616
609
610
610
613
609
621
611
614
620
624
618
619
620
609
610
620
619
625
620
621
614
612
623
607
612
606
606
621
614
612
612
620
623
624
618
624
632
616
629
622
623
627
613
639
615
628
636
618
622
611
624
608
611
625
636
624
619
618
606
616
626
614
609
622
613
611
611
604
615
619
613
618
619
619
620
619
618
610
630
616
632
607
612
626
614
623
617
609
619
620
621
622
630
616
627
626
614
628
620
616
613
617
632
612
613
624
621
619
617
626
607
608
619
627
603
614
620
606
623
630
618
619
628
614
619
612
616
613
607
625
611
639
615
610
630
626
617
610
616
624
616
627
628
632
629
608
629
622
636
614
614
614
612
630
626
618
623
620
626
630
620
621
627
623
615
627
614
625
629
627
623
624
628
627
623
628
621
615
616
610
620
624
634
625
622
627
624
613
625
623
621
626
625
627
629
609
610
623
622
620
618
625
626
628
622
615
627
627
625
617
624
615
623
632
626
639
612
628
615
630
635
637
622
626
625
640
640
614
633
631
623
619
620
622
622
626
624
622
615
614
619
629
634
635
630
630
626
620
626
639
622
627
617
619
631
637
635
632
622
622
629
619
620
626
632
633
635
629
626
637
636
626
616
633
630
630
626
638
633
626
624
622
637
624
627
635
642
639
660
629
629
630
622
632
629
640
626
635
638
640
645
655
633
650
653
635
651
651
640
659
641
650
671
648
665
654
655
655
656
643
645
669
650
664
670
659
666
660
661
669
674
677
673
664
681
674
687
672
691
692
701
674
719
714
693
719
716
748
713
747
753
723
754
754
752
759
741
741
774
796
806
815
764
811
817
833
793
835
838
869
826
842
871
872
888
915
910
921
976
961
1004
990
972
1034
1067
1046
1139
1134
1140
1127
1185
1150
1197
1280
1291
1312
1305
1288
1357
1390
1459
1386
1440
1505
1641
1611
1685
1681
1712
1820
1814
1855
1818
1915
1908
2009
2052
2079
2124
2182
2171
2226
2320
2337
2352
2463
2569
2584
2522
2735
2639
2638
2710
2689
2784
2808
2852
2911
2910
2897
2972
2952
2980
2887
3086
3091
3067
3084
3145
3177
3043
3123
3178
3098
3149
3155
3048
3060
3089
3067
2922
3127
3135
3092
3041
3102
2926
3060
2991
3061
2932
2921
2982
2855
2865
2923
2731
2692
2763
2865
2646
2637
2545
2634
2460
2584
2477
2459
2435
2334
2267
2308
2243
2171
2276
2162
2125
2098
2042
1958
2008
1991
2006
1887
1927
1913
1816
1834
1838
1826
1805
1762
1656
1722
1637
1675
1666
1594
1586
1542
1591
1526
1494
1495
1500
1475
1426
1537
1422
1372
1357
1347
1325
1321
1353
1304
1309
1269
1266
1311
1249
1288
1307
1275
1247
1251
1226
1227
1182
1243
1169
1163
1140
1157
1080
1113
1141
1137
1133
1074
1071
1096
1117
1056
1060
1041
1025
1078
1039
1055
1064
1030
1035
1020
1006
998
1051
940
977
995
955
982
956
969
957
937
911
940
921
927
918
928
959
913
905
937
936
895
910
887
924
878
859
872
871
904
862
847
856
870
860
828
823
829
835
836
847
815
855
807
832
829
865
848
821
808
813
800
803
818
796
774
818
782
802
799
782
794
791
745
784
739
801
769
774
790
761
765
782
779
743
775
757
735
759
741
773
773
733
769
737
747
768
729
729
735
748
726
717
748
724
726
746
732
725
738
753
723
729
702
716
708
724
730
747
716
713
712
715
737
716
695
701
730
706
725
699
692
719
723
700
712
703
680
689
687
687
702
710
697
695
690
694
690
688
697
686
689
689
689
702
686
695
672
687
709
656
684
670
708
678
681
689
693
674
675
667
664
659
687
667
659
673
656
692
672
674
683
679
662
698
657
674
664
673
674
672
671
668
666
675
652
654
677
660
656
663
664
665
665
659
683
662
651
680
656
652
671
683
666
661
657
645
632
648
662
657
666
657
653
657
639
665
643
661
649
653
645
643
662
640
651
640
641
645
662
647
650
639
652
662
643
645
652
669
648
650
665
644
638
663
645
650
644
645
654
644
644
647
653
642
641
643
643
653
653
635
643
657
650
655
636
654
646
640
650
649
644
638
657
649
645
640
635
663
638
650
636
646
638
647
649
653
647
635
639
660
641
640
665
626
635
644
654
623
661
653
641
638
636
633
643
648
639
639
632
636
624
649
640
635
653
644
638
627
644
631
618
633
641
631
640
628
639
627
630
634
649
622
638
635
644
632
638
632
628
645
629
623
635
643
619
639
643
634
640
642
637
639
637
631
630
630
634
633
628
630
636
639
624
634
618
627
631
636
629
620
638
633
632
640
636
635
638
637
635
624
637
626
635
626
628
635
649
654
635
632
639
630
625
638
627
627
643
628
635
633
637
626
618
633
637
632
624
635
634
635
612
634
622
629
623
632
636
643
629
653
635
623
635
620
621
635
629
627
623
618
638
636
627
638
629
634
621
629
628
631
625
621
629
620
622
630
634
633
633
616
636
620
623
622
621
622
619
625
616
635
617
619
630
633
630
616
636
622
619
630
632
631
615
622
618
619
609
624
629
619
624
632
620
620
618
636
620
628
631
619
621
629
616
612
628
625
627
628
624
617
629
625
627
632
616
626
629
623
620
618
625
624
626
611
624
621
626
612
627
630
615
619
617
631
626
628
604
634
611
628
626
628
615
626
613
629
611
622
616
633
627
621
614
619
626
623
629
612
629
631
628
621
622
617
614
625
631
623
634
617
619
624
613
628
624
610
617
636
622
614
621
616
619
620
620
607
610
619
609
610
617
619
619
611
619
630
616
614
615
619
624
621
611
628
629
615
618
617
620
623
610
622
621
617
618
626
613
610
621
616
628
620
615
615
619
618
618
622
618
616
614
607
612
616
610
609
630
626
617
616
618
613
611
612
616
621
603
609
616
617
612
614
612
611
616
622
602
611
624
619
612
607
610
609
609
616
613
613
626
603
605
621
603
614
616
614
619
619
604
624
626
613
618
589
598
613
610
595
605
611
607
620
601
617
613
612
628
620
602
614
618
612
612
607
605
613
618
615
615
617
617
620
615
617
622
594
611
614
610
605
607
608
611
601
607
610
600
614
612
604
612
601
604
610
618
600
616
607
601
