603
613
607
613
616
618
608
613
614
621
618
613
619
608
620
607
618
615
621
631
615
616
611
617
620
613
602
609
613
620
618
618
619
621
630
620
602
620
618
623
629
630
625
620
615
619
619
618
618
619
608
609
614
619
619
620
618
615
623
616
615
618
607
609
619
620
617
616
619
608
631
629
611
619
624
618
611
617
614
616
618
615
615
627
630
618
624
625
613
623
634
613
611
616
611
613
621
612
632
633
617
622
626
629
623
616
617
617
619
598
624
614
622
613
626
617
617
621
615
610
623
616
615
623
629
620
617
615
614
631
620
629
613
616
616
632
610
610
629
618
624
627
624
623
617
631
618
620
622
621
628
617
610
644
631
622
629
623
632
618
618
630
618
627
613
622
616
625
629
626
615
614
611
636
613
624
618
618
618
639
626
610
625
622
624
618
623
614
615
625
634
612
613
616
618
610
615
621
631
626
636
618
621
622
633
618
628
639
612
629
614
621
628
610
618
614
618
616
618
627
627
614
629
631
619
636
636
624
625
633
622
627
618
622
611
615
620
619
615
634
635
635
632
628
619
629
626
632
623
624
626
635
624
624
616
624
618
634
628
617
618
614
622
611
612
628
622
634
611
624
619
629
618
616
615
633
623
632
628
622
638
624
631
628
637
614
629
640
623
622
624
642
632
636
633
639
624
625
638
625
634
629
625
627
635
634
631
625
633
640
636
623
635
632
659
641
631
641
639
630
631
636
631
626
627
635
630
638
646
629
636
655
646
641
629
639
650
629
636
650
669
638
647
655
650
657
641
635
655
641
654
643
663
648
636
658
669
649
651
645
655
678
689
666
663
671
674
643
673
674
657
694
689
679
681
685
690
718
702
699
701
682
700
699
711
711
724
727
740
732
724
755
751
747
778
732
754
751
776
810
802
796
830
829
816
896
876
843
878
851
838
919
904
913
936
906
968
955
995
971
1036
1025
1080
1067
1065
1114
1111
1137
1149
1198
1203
1214
1151
1253
1271
1311
1393
1363
1373
1420
1473
1521
1492
1556
1621
1560
1606
1624
1738
1667
1700
1779
1791
1849
1830
1919
1912
2029
2088
1988
2065
2058
2033
2040
2069
2134
2119
2139
2228
2248
2229
2204
2190
2191
2202
2227
2274
2314
2288
2259
2251
2260
2231
2237
2361
2291
2293
2274
2230
2243
2215
2231
2152
2139
2209
2168
2238
2131
2178
2200
2107
2059
2156
2100
2109
2008
1946
1905
2008
1969
2032
1883
1896
1906
1820
1860
1764
1749
1753
1822
1831
1750
1637
1688
1615
1616
1664
1630
1547
1651
1634
1485
1497
1516
1458
1430
1444
1360
1382
1429
1456
1384
1351
1422
1363
1367
1331
1309
1347
1285
1292
1249
1276
1240
1188
1217
1186
1198
1236
1199
1173
1174
1225
1149
1169
1157
1151
1166
1150
1044
1111
1117
1094
1109
1068
1085
1059
1038
1060
1059
1024
1029
1011
1051
1006
1012
1021
980
986
954
999
981
1009
960
995
993
952
916
914
924
911
943
924
952
952
888
930
978
941
890
905
924
901
920
908
882
907
895
859
879
848
833
883
872
840
873
838
830
829
871
807
823
821
797
809
805
802
818
793
835
799
778
811
788
802
815
786
813
784
797
781
836
744
787
783
780
779
755
757
779
760
790
757
758
792
739
753
771
744
741
734
764
731
785
741
742
742
751
754
737
743
760
729
727
744
723
739
729
716
716
719
723
724
715
704
714
728
716
714
709
725
684
708
709
713
736
717
732
730
704
698
707
723
711
702
695
695
708
715
703
694
716
697
684
701
692
700
698
701
688
674
676
680
691
702
684
684
684
684
669
692
704
680
687
686
687
683
694
676
669
683
673
697
683
674
691
688
665
668
667
671
688
669
664
676
661
677
666
655
671
666
662
678
660
656
670
677
664
670
656
662
667
656
661
657
664
666
670
673
667
667
662
677
668
649
654
661
661
665
671
664
645
638
657
647
653
647
650
664
655
637
642
656
668
662
674
641
650
664
649
651
668
666
642
657
658
645
651
640
670
648
646
643
640
659
645
650
663
642
636
640
636
641
653
634
643
644
655
650
656
647
636
659
646
643
628
637
643
636
638
638
649
652
637
635
634
642
643
637
656
637
652
630
627
634
624
656
640
648
629
630
654
627
640
634
650
627
653
645
637
631
633
641
634
649
626
634
648
635
637
630
647
630
653
624
630
642
654
637
656
632
651
646
645
626
632
657
649
627
638
638
646
622
638
640
625
639
631
618
638
641
634
615
646
634
631
627
640
644
646
637
628
641
624
628
642
644
634
629
631
635
618
637
623
627
637
632
637
630
642
637
624
635
624
629
635
626
632
624
633
629
632
632
638
632
628
625
648
616
629
640
626
642
630
626
630
622
630
623
646
622
628
634
640
622
620
630
634
642
640
613
618
635
641
628
639
630
625
615
626
633
623
619
620
617
628
634
621
632
633
628
635
621
627
614
623
629
626
625
626
626
618
617
645
630
619
630
633
629
630
613
617
629
613
630
627
620
632
621
620
629
620
639
629
618
628
622
611
628
625
632
627
632
643
619
631
627
626
622
625
625
628
644
627
639
623
621
622
630
605
626
642
620
619
615
626
623
630
630
628
629
627
618
622
618
631
618
622
623
616
628
616
617
623
632
614
632
627
620
635
619
621
623
609
626
615
613
630
627
630
623
617
626
615
623
619
623
612
613
623
617
626
610
621
631
620
610
631
619
611
638
619
619
627
617
623
623
618
618
619
610
629
628
636
622
625
617
624
610
621
615
612
624
631
620
625
612
620
633
613
619
615
624
622
621
624
614
614
612
625
622
613
613
626
626
614
619
618
626
621
626
620
619
614
609
615
619
618
626
611
624
606
632
612
619
614
619
625
611
618
610
627
614
611
624
615
616
615
609
609
620
621
609
609
624
618
621
617
627
618
615
618
610
607
606
618
616
604
610
606
608
619
622
620
608
617
613
607
613
619
619
612
613
611
617
618
619
614
612
617
600
615
611
611
605
608
620
610
613
611
615
609
613
618
626
619
610
616
616
609
614
626
620
618
618
612
613
603
621
615
629
609
627
604
605
606
612
611
625
612
611
603
597
614
607
602
606
615
616
614
622
606
608
607
606
615
610
611
609
607
608
610
611
608
608
605
607
611
609
608
605
599
613
604
617
612
605
608
601
608
