605
614
618
620
627
613
623
624
625
602
617
624
621
619
615
610
617
613
624
614
608
619
614
632
624
613
625
619
610
619
616
615
620
620
617
616
618
619
618
608
607
617
618
609
615
622
612
619
624
614
618
618
615
602
630
613
611
633
622
607
603
619
617
624
624
626
616
627
622
621
609
626
622
625
622
599
619
609
619
619
619
619
623
611
622
618
618
608
619
620
620
616
607
615
610
612
622
618
613
627
623
620
614
617
607
629
615
611
636
620
606
621
615
613
630
610
612
624
615
631
630
615
628
617
604
616
614
614
629
613
631
628
612
627
616
627
639
624
619
624
604
622
629
618
624
626
617
609
614
637
615
614
620
615
612
614
626
632
600
625
618
615
614
624
630
623
608
620
621
616
616
624
618
625
634
636
616
623
613
617
611
628
618
616
616
622
620
638
599
614
626
611
638
627
621
611
625
619
613
640
615
622
614
619
617
615
624
640
631
627
631
624
616
613
621
636
637
617
628
624
625
626
619
635
630
637
628
621
626
614
634
626
626
630
628
624
626
632
622
615
632
629
615
616
621
640
625
622
630
645
622
637
630
636
618
629
624
642
637
636
624
624
639
638
645
629
628
625
629
633
616
640
615
627
638
639
614
626
635
626
636
623
628
619
623
615
623
636
632
618
623
614
626
639
627
639
629
647
636
637
629
636
640
624
631
620
623
635
637
633
638
638
629
624
635
634
643
629
642
642
639
634
627
634
641
637
632
657
635
640
635
644
660
649
628
642
664
649
640
649
654
641
652
645
666
657
655
650
641
657
661
677
685
677
671
660
657
667
675
667
681
693
672
688
695
698
678
671
699
675
692
718
687
711
709
726
706
733
738
726
762
772
730
767
762
769
748
786
753
795
773
804
818
820
810
845
842
830
875
863
876
849
880
955
898
946
957
952
1002
1003
986
1021
1029
1039
1085
1094
1089
1121
1099
1182
1181
1221
1263
1276
1299
1351
1376
1399
1407
1480
1465
1488
1571
1578
1636
1657
1729
1731
1752
1765
1917
1912
1983
2058
1999
2079
2159
2082
2260
2270
2314
2346
2443
2443
2513
2507
2558
2622
2665
2714
2683
2726
2762
2831
2863
2975
2924
2953
2914
2956
2981
3071
2978
3130
3099
3145
3151
3201
3121
3211
3174
3114
3217
3053
3047
3165
2987
3039
3187
3064
3042
3027
3108
2941
3082
3088
2962
2964
3041
2938
2894
2948
2869
2866
2764
2790
2729
2748
2663
2662
2624
2611
2573
2461
2467
2529
2533
2448
2389
2284
2274
2374
2256
2257
2164
2159
2127
2148
2066
2163
2078
2021
2036
1988
1842
1897
1887
1997
1932
1841
1818
1800
1756
1783
1742
1762
1679
1711
1587
1641
1618
1718
1657
1587
1522
1540
1545
1565
1513
1456
1519
1460
1515
1495
1459
1420
1446
1379
1364
1406
1353
1375
1305
1333
1252
1344
1305
1235
1356
1235
1192
1257
1254
1264
1276
1211
1245
1192
1196
1256
1197
1199
1159
1130
1170
1148
1115
1141
1099
1087
1074
1107
1068
1064
1102
1088
1078
1078
1062
1026
1067
997
1048
1024
1058
1028
1016
1001
1004
974
989
956
994
953
1030
970
937
949
954
981
918
964
977
965
937
938
925
926
925
894
903
909
917
905
909
878
866
864
870
859
863
895
900
874
878
854
830
882
833
872
823
821
852
846
814
808
804
826
814
828
817
797
789
797
819
808
810
827
773
809
803
797
804
774
796
775
775
796
784
785
775
762
764
762
745
758
766
774
792
780
796
773
786
769
733
741
729
777
749
742
720
764
744
699
741
740
730
714
730
714
726
722
697
718
731
694
721
713
700
728
735
701
709
714
697
720
721
708
697
736
710
725
710
702
694
688
722
721
700
700
690
685
683
700
702
687
694
722
676
721
700
663
701
695
694
711
708
685
673
693
677
712
680
688
679
709
659
709
692
693
675
694
682
678
665
676
672
680
688
673
678
672
670
695
681
666
680
659
681
648
676
682
671
658
679
671
668
653
668
668
667
645
671
673
658
673
652
668
672
671
652
675
652
658
681
653
672
671
651
647
653
666
658
660
647
654
658
661
661
663
658
650
647
644
675
642
662
651
665
652
660
641
655
647
649
657
641
651
677
655
664
645
657
651
666
644
657
665
652
655
652
639
646
642
637
640
650
637
650
648
638
649
636
645
639
652
645
632
652
665
648
632
656
628
646
639
662
634
654
640
646
637
663
624
659
650
642
638
647
630
641
640
650
636
646
655
643
634
662
655
634
635
647
644
650
640
623
646
636
634
641
641
644
632
637
646
643
643
632
626
640
643
638
638
629
637
637
628
623
629
642
634
648
627
625
636
647
638
643
620
652
636
636
622
645
632
621
634
619
633
653
637
628
625
623
638
635
642
631
637
629
641
629
632
614
656
636
639
637
621
645
640
634
636
641
638
627
646
631
618
629
643
647
620
638
629
627
647
616
639
620
645
609
626
633
639
634
633
629
626
635
637
630
631
621
637
622
632
627
643
633
624
632
633
630
644
633
642
630
636
639
639
627
633
635
632
637
630
614
631
622
631
630
628
630
621
623
628
641
623
632
627
635
628
620
614
616
617
623
622
619
616
634
631
635
632
625
636
624
621
622
630
613
619
638
618
614
622
617
628
618
628
615
617
625
613
629
621
617
617
613
632
620
635
625
622
629
627
629
627
635
632
630
630
613
623
634
620
625
630
633
623
632
621
627
620
614
626
620
617
625
614
610
631
624
615
618
627
617
632
630
628
620
623
637
606
624
628
616
626
619
623
626
616
632
635
636
625
617
625
608
619
615
608
625
625
614
616
621
622
625
620
628
612
622
616
619
616
618
630
600
622
610
606
623
626
628
628
635
607
619
622
618
616
612
622
620
612
606
612
610
633
611
623
617
620
625
606
624
619
625
616
602
623
615
609
611
621
613
614
624
613
611
610
630
617
621
615
616
614
608
606
618
626
608
613
617
620
616
621
617
627
614
602
617
613
620
605
615
607
607
604
620
616
614
602
624
605
598
619
611
614
619
609
615
607
611
617
615
615
619
618
622
631
612
619
609
621
620
603
620
618
612
615
607
609
615
605
617
616
607
605
602
625
609
608
609
614
602
615
616
611
617
615
603
610
603
616
613
609
616
619
615
617
608
609
605
618
613
607
629
618
603
611
604
610
607
602
602
615
603
618
601
615
607
591
610
626
602
606
