624
603
613
623
624
606
621
614
619
611
615
628
619
622
614
622
607
617
625
613
622
613
605
609
613
618
618
613
631
615
626
628
612
628
617
616
615
615
609
627
627
630
619
627
600
620
619
621
613
620
612
624
620
623
617
618
634
615
618
620
621
623
613
616
607
616
617
625
620
627
629
610
610
622
609
617
612
617
628
610
621
613
615
625
639
618
627
616
625
628
630
615
617
627
610
621
617
617
622
620
615
623
619
622
630
617
618
619
619
602
619
637
621
620
622
621
624
610
626
622
619
608
629
631
624
622
629
626
622
630
625
632
614
624
622
615
621
620
613
622
624
620
626
620
627
625
630
618
613
611
621
618
611
627
616
619
620
617
621
624
622
624
628
623
618
614
618
615
615
610
625
616
620
627
620
617
619
620
635
623
620
608
622
631
618
618
636
633
620
624
629
628
631
629
632
629
631
629
609
624
619
622
610
601
615
615
631
635
630
643
645
643
639
616
632
633
622
629
617
633
608
629
638
627
632
626
623
627
629
616
614
628
638
637
623
625
628
637
632
623
625
633
638
637
624
622
628
619
615
619
629
621
634
629
641
631
633
626
639
629
630
638
621
633
633
628
617
624
638
632
639
644
629
632
627
643
628
634
638
626
622
644
643
629
653
643
661
644
649
656
648
638
655
628
633
638
645
643
649
641
650
650
641
638
652
630
635
649
652
656
648
647
633
664
648
657
654
643
641
646
673
661
659
646
666
671
672
662
658
663
667
679
669
676
672
672
669
683
702
688
676
708
704
700
689
689
713
726
713
708
708
717
720
710
705
745
732
735
731
755
753
741
745
746
769
789
815
772
792
819
803
835
844
839
824
844
853
864
885
881
899
908
935
948
957
952
954
1020
971
1015
1030
1041
1039
1113
1093
1112
1171
1186
1167
1281
1235
1263
1286
1382
1378
1416
1429
1399
1441
1531
1518
1625
1659
1730
1699
1724
1764
1903
2025
2001
2052
2182
2173
2288
2284
2351
2426
2557
2617
2713
2802
2899
3050
3059
3272
3247
3316
3610
3658
3725
3714
3942
4073
4088
4253
4372
4532
4682
4911
4762
5084
5053
5309
5615
5577
5640
5885
6036
6098
6136
6400
6434
6443
6556
6728
6917
6958
7049
7083
7061
7074
7408
7440
7613
7657
7762
7821
7797
7997
7858
8064
8078
8102
7947
8365
8011
7952
7911
7976
8016
8066
7969
8174
7911
7906
7847
7960
7945
7727
7729
7888
7866
7608
7465
7555
7448
7318
7349
7490
7183
7119
6869
6713
6847
6577
6736
6438
6635
6250
6229
6150
6024
5995
6076
5739
5646
5527
5550
5387
5182
5280
5142
4930
4812
4901
4664
4683
4620
4535
4483
4369
4236
4386
4286
4138
4142
3933
3858
3911
3793
3639
3795
3615
3480
3449
3383
3420
3377
3302
3270
3137
3151
3178
3043
3171
3005
3085
2849
2919
2886
2790
2915
2692
2740
2653
2601
2615
2610
2547
2388
2411
2403
2505
2418
2270
2345
2385
2317
2339
2265
2200
2205
2210
2214
2264
2119
2090
1968
1968
2065
1906
1987
1996
1949
1927
1892
1941
1874
1862
1819
1876
1852
1837
1842
1791
1760
1729
1736
1687
1688
1639
1611
1680
1608
1670
1596
1610
1600
1588
1553
1523
1514
1489
1485
1498
1483
1471
1413
1398
1444
1388
1399
1349
1375
1380
1399
1338
1322
1271
1266
1267
1320
1316
1281
1220
1302
1249
1264
1274
1260
1338
1229
1235
1199
1192
1172
1235
1186
1116
1133
1148
1151
1143
1174
1139
1116
1143
1132
1102
1104
1084
1079
1022
1085
1070
1099
1054
1065
1021
1014
1026
1028
1006
1010
977
970
997
1025
1002
976
968
990
971
973
977
1006
937
966
935
904
919
908
935
948
927
890
907
939
886
937
873
915
852
908
925
883
848
878
879
877
861
844
860
874
871
891
868
854
842
845
851
830
821
817
830
852
805
831
822
816
837
820
839
831
807
765
834
809
827
818
777
812
816
799
799
777
788
753
799
780
794
792
785
792
755
758
792
756
765
789
753
753
774
752
776
767
781
769
729
771
738
772
750
745
763
748
756
761
751
738
749
736
715
747
706
752
740
739
745
748
732
743
731
712
719
762
699
743
736
738
697
739
726
722
751
734
707
708
700
727
706
702
721
672
721
712
717
692
720
724
701
728
696
706
706
696
715
713
695
710
693
672
703
674
703
678
682
698
679
712
685
688
680
696
706
684
680
700
682
690
679
703
674
665
699
677
696
677
708
679
685
696
681
667
668
685
667
684
677
680
660
655
658
667
704
669
671
684
675
681
661
683
666
674
664
657
666
689
671
668
659
675
648
674
673
670
655
667
684
677
672
671
655
661
663
658
660
683
651
667
667
661
669
660
662
640
649
645
665
678
651
645
679
642
663
655
668
650
672
658
646
668
655
636
658
646
642
658
630
650
655
651
644
638
652
643
652
635
652
640
669
637
639
652
653
648
650
646
646
664
654
627
654
658
644
650
636
657
641
641
652
647
663
640
652
653
639
644
640
641
656
654
665
632
644
642
645
627
639
633
648
638
637
639
643
659
658
631
647
619
651
635
624
634
630
636
646
631
646
646
632
636
640
635
639
652
634
638
637
643
647
650
635
635
623
624
647
629
635
641
638
628
636
630
624
639
644
631
616
630
632
642
639
647
639
628
635
632
636
651
631
640
641
629
628
633
631
615
618
631
634
624
627
629
629
641
620
632
630
629
648
636
635
625
617
636
629
631
638
629
629
628
636
644
627
621
628
628
623
627
627
628
615
635
637
628
621
635
630
630
632
626
615
636
622
627
631
618
631
630
628
623
629
628
621
626
614
628
615
629
635
618
631
625
627
619
624
632
610
627
629
620
624
619
626
614
624
624
626
626
619
618
629
619
622
617
617
608
624
633
628
621
635
612
630
620
631
630
627
615
619
632
626
623
611
613
620
603
626
612
614
620
624
626
614
604
610
628
611
631
619
623
615
630
621
626
619
613
629
618
618
622
623
607
621
613
606
613
602
629
627
610
616
622
621
613
616
610
621
625
626
620
625
627
637
625
618
612
606
629
622
627
617
627
623
621
611
614
624
610
611
612
630
624
600
611
617
610
602
619
615
624
614
617
618
614
620
611
607
609
605
618
619
623
613
614
609
623
612
614
621
619
614
602
617
615
620
610
605
621
616
614
614
614
607
607
608
610
617
613
626
613
613
612
628
604
610
619
607
630
616
620
603
615
604
607
616
616
607
611
619
618
618
601
608
600
612
606
612
606
610
606
614
612
608
615
612
606
599
603
