620
624
615
623
623
622
628
615
614
617
615
624
612
625
633
633
628
619
621
618
614
608
623
619
618
614
624
630
617
628
612
622
608
618
628
623
610
613
624
614
623
622
613
616
619
626
610
618
617
625
615
622
608
618
618
618
624
623
616
620
610
617
616
621
619
625
618
627
624
613
610
626
614
619
628
624
615
615
623
616
620
618
623
621
614
619
614
627
623
626
632
617
602
607
612
629
623
622
616
615
627
621
618
627
629
627
622
616
611
620
627
610
620
630
619
631
619
631
624
625
614
627
629
624
626
620
618
613
615
609
629
628
627
625
605
626
631
607
628
632
618
624
611
611
619
614
619
625
626
629
613
612
622
627
614
621
622
615
620
615
615
615
614
619
623
614
622
625
620
620
614
628
607
621
632
624
616
614
628
623
631
629
632
618
624
635
618
622
639
634
619
637
627
618
635
631
624
644
627
630
634
611
627
633
626
632
617
619
642
622
623
638
628
621
616
620
631
615
621
621
619
630
621
623
622
640
624
621
624
628
633
624
618
624
631
621
626
628
628
629
625
627
636
634
633
633
627
631
636
639
627
635
629
622
624
626
631
628
638
627
614
623
620
628
615
627
623
636
624
635
628
631
633
647
634
643
642
634
623
629
637
637
633
641
625
638
636
631
643
636
630
628
630
644
641
653
640
627
634
628
627
650
636
638
641
634
635
641
650
646
649
647
653
648
640
648
644
642
676
648
647
663
655
667
649
674
641
654
668
659
673
664
654
661
676
676
673
681
686
681
688
682
693
682
678
693
698
707
678
710
728
718
719
717
725
716
727
730
739
717
742
731
742
751
746
756
750
750
788
759
793
788
814
805
818
824
827
834
860
851
840
891
868
921
901
890
956
944
917
960
993
956
998
1022
1032
1095
1080
1073
1148
1181
1145
1175
1202
1275
1234
1288
1331
1306
1405
1339
1441
1531
1563
1589
1625
1706
1669
1712
1712
1784
1884
1852
2034
1976
2130
2124
2194
2281
2379
2372
2522
2553
2713
2691
2898
2943
3022
3247
3201
3213
3363
3454
3551
3664
3770
3851
3910
4034
4160
4317
4355
4454
4590
4749
4898
4901
5031
5126
5409
5321
5549
5595
5573
5646
5812
5894
5791
6044
6057
5899
6068
6337
6247
6173
6385
6406
6267
6530
6611
6750
6783
6502
6549
6503
6648
6744
6688
6491
6542
6645
6440
6472
6457
6578
6356
6445
6352
6382
6366
6325
6250
6240
6301
6087
6165
6043
5938
5886
5850
5789
5551
5735
5434
5367
5330
5313
5218
5323
5212
5044
4993
4982
4887
4757
4706
4651
4543
4379
4338
4278
4271
4030
4017
4035
3966
3781
3959
3750
3687
3722
3509
3564
3452
3493
3524
3420
3357
3258
3146
3138
3147
3148
3098
3032
2931
2819
2903
2931
2767
2818
2634
2708
2670
2649
2712
2531
2575
2510
2434
2413
2477
2473
2363
2362
2374
2286
2244
2201
2352
2212
2214
2123
2146
2131
2106
2012
2137
2015
2004
2045
1960
1886
2000
1953
1929
1920
1815
1813
1873
1861
1805
1802
1756
1746
1772
1780
1737
1629
1689
1687
1618
1637
1666
1622
1598
1574
1583
1555
1614
1464
1496
1476
1465
1460
1476
1500
1445
1425
1368
1398
1397
1408
1457
1438
1322
1350
1311
1322
1318
1339
1349
1298
1268
1289
1236
1250
1252
1204
1274
1208
1191
1248
1203
1197
1195
1200
1206
1146
1183
1152
1125
1135
1117
1139
1077
1075
1090
1114
1071
1065
1068
1069
1076
1049
995
1025
1023
1054
1039
1067
1026
979
1026
1044
979
1008
998
978
974
989
949
958
988
972
981
923
964
959
969
932
926
879
892
938
927
915
894
908
913
935
914
912
912
870
883
876
886
883
900
865
847
861
851
839
875
857
821
832
828
872
820
877
842
834
810
840
820
813
822
808
795
824
789
820
802
796
808
804
806
811
780
787
805
763
766
825
749
773
802
788
757
784
772
777
767
762
765
747
798
770
758
752
760
736
757
731
744
758
734
752
733
759
726
747
740
743
736
768
743
735
722
723
751
745
738
721
742
755
759
726
732
723
738
718
722
698
717
721
722
719
719
715
700
716
727
715
720
711
714
725
725
728
681
723
713
706
705
713
687
682
713
715
726
700
705
706
697
707
696
690
706
707
679
674
694
701
691
659
686
678
691
683
690
667
686
695
679
687
699
673
688
675
693
685
657
672
672
674
681
670
674
655
679
671
662
687
672
686
667
664
673
671
688
692
690
682
665
672
667
684
663
671
662
680
668
667
663
662
666
663
669
666
663
674
656
668
670
677
651
681
655
667
664
654
666
678
657
646
633
633
672
656
650
666
659
661
662
665
665
647
660
682
684
667
638
659
656
663
663
659
655
653
651
644
650
661
638
652
645
658
632
658
653
646
632
654
669
651
645
648
657
645
641
633
674
645
645
656
631
648
673
645
657
631
643
649
659
656
653
627
637
670
655
637
635
639
639
635
650
641
635
633
644
654
620
647
660
651
639
656
643
630
641
647
639
649
653
640
631
626
637
631
631
634
640
631
657
646
627
632
631
637
639
645
652
633
647
631
633
641
652
644
633
638
625
640
632
636
627
621
625
632
644
642
639
636
643
637
639
637
637
636
630
647
629
639
625
624
642
623
631
640
627
638
632
640
637
637
644
627
641
626
627
632
632
632
623
628
622
618
632
629
647
623
624
632
631
627
615
641
636
607
636
630
626
643
624
626
617
616
637
622
626
630
628
626
638
615
625
619
625
630
637
621
630
629
630
630
624
626
620
624
631
630
623
618
630
625
624
615
621
609
633
624
637
610
618
630
615
628
640
629
636
622
616
624
627
623
611
611
626
625
618
618
629
627
620
618
625
626
633
623
614
624
619
615
622
615
620
616
633
630
630
633
625
625
611
622
622
618
629
615
618
616
618
614
617
626
623
626
617
611
623
624
621
617
614
614
619
619
608
620
611
621
622
613
619
631
618
614
615
615
616
617
606
614
630
611
621
623
614
613
613
624
611
618
619
628
624
619
604
622
615
613
612
610
614
609
612
614
612
602
617
625
616
607
614
616
622
619
611
626
624
617
624
601
622
608
615
617
612
615
613
603
621
616
609
620
626
613
618
603
614
608
619
619
625
614
619
605
622
616
606
613
612
606
610
607
608
614
616
621
616
614
617
620
615
617
617
621
610
623
618
613
615
607
610
623
612
602
609
606
607
604
614
606
620
614
599
601
613
603
619
604
623
617
612
616
614
618
606
610
624
616
612
608
621
602
623
608
