624
623
609
624
617
614
615
619
625
626
616
620
630
630
617
614
613
627
622
619
615
610
613
621
615
625
611
624
615
627
647
619
629
606
608
617
615
616
620
618
624
615
612
610
613
614
626
604
618
619
618
629
611
617
618
623
618
623
623
627
617
622
612
615
596
628
621
611
613
617
610
615
615
623
622
617
619
617
620
626
610
622
612
608
619
615
623
619
631
620
619
625
623
604
607
623
624
614
616
619
616
610
629
634
621
628
619
623
619
617
612
625
619
624
630
612
620
635
615
630
628
624
635
636
614
624
613
623
634
626
621
637
622
604
626
630
632
637
635
617
624
620
618
633
620
619
632
627
621
617
640
615
605
618
628
617
632
616
630
620
630
633
615
612
636
627
614
629
618
617
640
626
623
633
621
615
612
613
623
617
618
625
628
618
616
632
612
626
633
599
624
611
624
624
620
624
631
635
624
621
616
626
623
629
628
624
621
634
616
620
626
631
619
628
625
627
628
619
631
625
626
633
632
622
621
617
615
635
636
622
633
631
634
628
619
621
628
637
620
632
629
625
629
629
621
629
624
621
634
617
624
640
637
635
622
639
636
625
628
635
645
641
636
636
640
629
644
644
645
640
632
635
631
636
641
627
649
656
636
645
635
643
618
638
641
652
644
640
645
644
640
626
625
646
648
635
637
647
639
646
661
637
650
647
648
632
646
643
652
654
654
641
648
651
654
643
671
645
658
651
661
668
667
667
668
662
664
655
675
678
676
677
689
668
665
676
687
672
690
704
677
690
697
716
693
702
700
715
715
711
711
737
752
740
749
730
761
780
769
761
750
767
799
796
761
798
794
805
812
837
848
863
844
859
851
917
883
902
906
901
881
951
953
929
972
1012
972
1022
1004
1013
1044
1102
1116
1118
1158
1152
1258
1279
1290
1273
1324
1349
1407
1415
1424
1514
1493
1522
1611
1666
1644
1655
1747
1820
1898
1923
1962
2104
2157
2179
2191
2322
2367
2491
2502
2621
2735
2703
2895
2924
3044
3039
3150
3276
3462
3575
3687
3756
3921
4098
4114
4350
4417
4490
4580
4763
5071
5257
5353
5277
5578
5707
5788
6057
6122
6348
6265
6566
6631
6730
6910
7160
7182
7117
7310
7572
7596
7654
7563
7733
7974
8069
7939
8082
8307
8242
8312
8712
8555
8595
8701
8566
8738
8833
8648
8598
8764
8521
8813
8597
8754
8505
8741
8557
8360
8623
8416
8559
8387
8528
8485
8258
8149
8200
8026
7940
7971
7770
7615
7604
7539
7354
7425
7308
7046
7175
6942
6985
6801
6774
6785
6463
6412
6387
6272
6120
5955
5960
5912
5684
5672
5541
5337
5363
5072
5163
5141
5104
4897
4771
4630
4607
4555
4461
4364
4526
4222
4076
4279
4213
4174
4058
3893
3959
3764
3782
3683
3668
3585
3556
3507
3431
3267
3213
3403
3178
3260
3175
3098
3057
3034
2982
2951
2930
2879
2828
2838
2731
2765
2692
2753
2667
2608
2587
2611
2505
2589
2502
2434
2573
2412
2359
2346
2351
2263
2242
2236
2197
2194
2193
2255
2211
2097
2066
2065
2005
2105
1973
2025
2015
1971
1939
1902
1869
1929
1848
1866
1868
1813
1864
1827
1784
1721
1789
1726
1669
1650
1637
1674
1732
1623
1662
1650
1570
1642
1498
1527
1533
1504
1505
1473
1451
1491
1399
1493
1496
1394
1398
1402
1420
1442
1359
1348
1334
1319
1346
1347
1328
1357
1288
1320
1287
1363
1262
1225
1266
1233
1229
1216
1233
1215
1198
1151
1194
1171
1168
1180
1160
1159
1124
1138
1151
1111
1121
1108
1138
1104
1125
1083
1069
1116
1049
1016
1069
1028
1072
1057
1052
973
992
1040
1010
1020
1005
1034
970
982
999
970
970
973
965
987
969
948
966
979
981
974
938
986
933
945
932
907
922
909
929
905
906
878
925
869
881
897
914
876
888
852
878
870
887
881
861
859
837
829
861
867
845
873
822
801
848
852
818
820
813
805
819
845
815
833
821
824
832
805
807
802
830
815
795
816
782
788
777
774
803
803
789
795
781
768
766
772
785
777
749
770
780
773
738
770
735
758
742
751
774
729
780
736
742
759
726
761
762
767
748
734
753
750
750
749
766
736
757
734
755
729
741
720
740
727
724
753
716
734
735
705
734
725
725
751
708
713
742
709
707
731
732
723
684
704
729
715
709
714
706
703
693
703
723
737
718
708
702
713
712
725
682
715
706
688
693
705
689
702
676
710
701
686
712
681
706
692
666
704
671
669
690
681
669
700
680
690
675
680
699
661
666
694
707
687
675
684
663
680
680
653
666
692
686
673
665
674
671
662
661
672
676
675
660
667
646
665
684
670
682
670
663
667
673
659
664
669
660
666
654
654
670
660
660
645
664
669
664
670
660
674
672
652
680
644
655
653
662
661
655
658
663
657
642
665
653
655
659
642
661
653
647
662
663
645
635
672
656
659
643
663
653
670
637
653
639
650
651
649
644
661
658
658
664
644
657
663
648
646
652
643
655
643
639
642
646
647
644
661
648
649
650
638
650
654
644
646
654
647
628
630
646
636
640
660
631
632
654
652
647
637
653
657
634
638
647
635
643
653
643
664
641
651
645
632
630
636
653
643
637
628
641
639
645
639
648
633
639
623
646
652
635
619
650
639
642
640
643
645
636
641
629
635
631
638
632
639
629
624
637
647
633
628
622
641
642
632
643
629
629
633
627
631
635
629
651
634
623
636
639
627
620
623
635
626
626
621
634
645
635
621
633
637
644
634
627
621
630
641
632
634
620
636
628
619
622
632
640
625
625
620
632
623
620
632
621
629
632
611
633
640
632
635
626
624
627
623
637
630
628
619
623
622
623
631
624
627
611
623
633
611
632
632
641
619
623
642
622
611
627
627
634
620
617
618
632
618
626
617
628
620
628
613
607
632
623
623
629
625
623
617
622
611
610
636
636
631
629
620
619
612
611
616
617
630
618
629
624
629
622
611
630
622
620
621
633
627
629
629
627
620
618
621
624
613
616
616
621
612
621
618
626
621
614
619
617
619
618
613
618
611
622
629
609
617
613
616
614
631
623
614
610
614
613
622
621
607
621
613
615
629
627
606
616
604
612
616
611
620
622
618
619
614
621
620
607
612
614
618
607
603
621
608
609
618
612
617
614
603
614
622
619
614
608
614
618
614
617
611
629
615
609
614
617
607
612
618
596
614
613
614
608
619
616
621
613
616
608
613
610
607
623
620
618
608
609
615
621
615
618
616
610
606
606
616
599
611
609
613
615
613
618
615
617
604
604
604
617
611
611
618
611
