611
606
611
606
614
604
603
611
602
602
607
604
607
599
605
594
591
601
596
608
603
606
599
601
594
599
606
614
597
599
607
602
595
607
600
600
599
602
605
608
604
603
604
606
607
602
602
601
596
609
602
601
604
599
606
602
598
600
605
602
610
602
601
605
600
596
596
604
600
594
608
599
611
595
595
607
597
602
597
604
603
607
606
599
602
600
607
608
601
601
605
603
602
599
605
599
607
593
595
602
598
598
600
611
601
594
597
598
591
609
602
606
600
606
601
601
606
607
602
602
602
588
596
601
585
604
603
607
602
602
600
606
609
603
612
605
609
603
594
604
595
612
608
599
607
605
594
607
611
598
596
602
603
598
607
610
609
592
612
594
615
600
614
599
602
605
608
606
606
603
602
618
605
602
615
592
609
610
600
601
597
603
600
602
601
608
602
598
602
606
608
609
609
609
607
603
612
602
598
603
610
602
611
598
614
601
611
606
602
602
604
607
604
605
604
604
606
604
598
618
610
611
605
611
609
604
609
613
607
611
605
601
607
610
606
615
607
601
619
619
597
607
598
604
610
600
594
613
618
600
595
603
609
611
614
597
611
618
601
607
613
614
607
611
612
613
605
609
616
607
610
596
612
606
615
612
616
610
615
609
607
622
615
609
612
613
615
614
615
618
608
604
603
610
626
607
619
608
613
618
622
619
628
620
631
615
621
618
627
625
641
629
633
620
620
632
627
633
623
628
635
628
652
639
656
642
641
655
645
655
651
642
652
672
669
664
666
679
670
653
657
696
680
676
672
679
689
684
677
693
699
694
701
699
699
738
716
721
703
747
733
767
743
749
761
797
789
797
817
835
827
819
833
833
863
838
849
927
919
934
913
923
930
1017
1001
1011
973
1025
1036
1032
1088
1156
1198
1103
1200
1169
1251
1240
1288
1393
1336
1406
1451
1462
1440
1499
1529
1758
1651
1729
1742
1789
1834
1910
2008
2056
2131
2247
2253
2355
2326
2450
2581
2584
2665
2853
2828
2985
3088
3169
3238
3434
3536
3638
3783
3852
4124
4172
4306
4433
4661
4704
4891
4930
5062
5224
5434
5432
5617
6065
5843
6106
6387
6583
6650
6751
6873
7081
7175
7285
7431
7379
7578
7670
7692
7671
7966
8057
8059
7960
8081
8325
8134
8371
8409
8589
8403
8175
8293
8616
8426
8685
8270
8301
8366
8052
8168
8199
8197
7895
7782
7853
7811
7768
7658
7660
7560
7515
7378
7430
7456
7443
7263
7083
7184
6978
6898
6742
6666
6482
6518
6298
6389
6143
6259
6020
5819
5884
5918
5792
5781
5594
5523
5267
5448
5156
5174
5067
5086
4817
4876
4831
4712
4686
4641
4386
4315
4494
4352
4456
4277
4197
4199
4286
4038
3983
4022
3844
3768
3741
3692
3703
3615
3612
3431
3550
3446
3450
3460
3404
3293
3291
3203
3198
3199
3134
3229
3052
3192
3087
3039
2910
3027
2954
2877
2952
2851
2740
2788
2642
2761
2748
2653
2684
2675
2556
2536
2514
2612
2496
2421
2448
2414
2364
2370
2418
2280
2353
2230
2275
2304
2146
2191
2231
2153
2198
2124
2102
2050
1990
2077
2075
1985
2055
2012
1963
1913
1894
1866
1882
1893
1832
1801
1821
1743
1703
1740
1777
1643
1751
1777
1628
1601
1647
1667
1618
1640
1573
1565
1645
1556
1515
1601
1518
1498
1477
1552
1488
1486
1409
1447
1447
1391
1388
1395
1431
1386
1339
1363
1326
1395
1267
1286
1378
1295
1293
1249
1212
1245
1250
1246
1191
1197
1189
1188
1222
1242
1253
1240
1124
1220
1149
1181
1172
1163
1133
1121
1148
1137
1086
1085
1103
1086
1110
1100
1034
1047
1061
1011
1061
1040
1070
1025
1050
1023
953
987
944
964
1017
989
982
975
1003
964
954
916
932
942
913
914
955
935
931
941
890
932
925
882
846
895
894
903
877
873
897
874
895
861
862
853
847
884
836
835
845
847
817
842
842
820
837
820
824
857
815
867
823
813
825
818
808
822
813
776
797
767
800
793
814
795
810
807
783
790
761
764
786
767
743
751
752
773
779
744
763
747
778
729
757
741
757
758
760
751
751
752
740
737
737
733
747
744
730
722
728
755
754
725
744
748
725
730
732
724
736
723
717
741
734
727
726
711
714
690
702
711
713
707
699
706
714
694
707
689
659
685
700
688
709
695
693
695
679
697
697
708
687
678
690
690
652
676
688
692
708
680
681
662
677
691
667
689
678
671
686
687
686
678
693
679
679
665
660
667
677
654
666
679
662
668
668
658
651
672
647
673
650
679
654
665
658
655
663
658
651
663
650
677
644
653
652
644
648
655
639
649
657
644
637
641
655
661
637
647
637
652
637
638
647
641
618
651
669
660
641
634
628
629
642
635
656
646
618
643
639
629
627
652
649
633
624
636
629
618
635
633
634
638
628
630
631
637
641
634
610
627
641
613
644
626
619
634
624
614
627
635
624
637
640
641
631
639
623
631
631
618
626
619
624
627
630
633
636
622
625
636
627
614
636
641
629
617
621
621
613
624
629
627
627
615
613
636
611
610
627
638
625
613
624
620
613
606
618
623
630
616
620
605
637
628
613
608
618
615
610
622
622
617
620
620
615
634
620
619
626
623
622
612
623
620
610
626
612
621
630
625
607
617
605
608
622
608
622
612
612
624
619
621
615
606
614
609
611
611
615
617
615
621
607
614
607
626
608
614
611
619
605
607
615
605
612
613
602
612
611
610
614
616
614
609
605
616
619
609
614
604
598
618
616
609
613
606
610
612
618
612
601
601
608
606
604
604
601
604
606
606
608
615
598
617
610
610
618
609
623
603
602
604
606
605
613
604
610
605
618
606
606
600
601
610
610
605
608
604
607
600
604
610
610
590
608
602
600
609
605
606
599
602
603
606
604
599
602
610
606
604
604
598
608
609
608
604
604
613
600
605
616
604
602
603
607
596
610
596
599
602
604
606
608
603
600
606
604
598
607
601
601
604
607
607
600
601
607
599
603
606
595
599
598
607
605
601
621
607
603
603
603
608
602
605
603
600
608
597
598
601
608
604
601
589
596
594
602
604
598
598
609
596
604
596
609
607
604
602
598
603
609
620
607
606
595
600
601
609
600
599
608
596
594
612
608
600
601
592
603
596
594
601
606
593
607
595
602
598
609
601
601
601
604
595
598
595
594
609
598
599
599
606
603
601
602
602
601
610
590
613
604
597
609
605
599
613
602
603
592
597
606
600
601
609
595
594
603
595
596
607
604
605
594
595
605
597
606
608
596
606
604
604
599
602
606
593
606
601
599
610
600
602
598
