599
604
605
605
611
601
601
610
605
601
606
606
598
605
604
604
603
605
601
608
598
608
607
603
610
603
596
603
593
605
601
599
600
593
603
593
601
599
598
604
604
604
606
598
608
595
601
600
603
600
600
609
605
609
610
603
608
603
598
597
605
593
602
607
603
601
602
603
605
601
602
603
608
599
599
608
606
595
610
606
606
613
602
599
604
590
604
593
601
601
594
598
606
601
606
603
599
596
600
599
595
597
598
601
606
597
607
599
609
595
609
592
598
608
604
601
606
612
597
619
604
604
602
601
598
593
597
607
593
603
613
606
603
605
601
605
600
598
605
605
604
602
602
606
606
598
612
606
600
597
606
600
600
616
598
609
600
601
604
602
607
606
599
605
596
603
603
606
598
603
610
604
612
607
600
614
607
606
598
611
592
603
599
608
601
613
610
596
606
607
598
605
611
609
609
613
592
614
611
618
602
605
619
610
604
599
609
617
610
605
608
608
608
612
599
611
620
610
609
608
616
610
606
616
614
613
610
610
611
610
616
606
610
611
604
608
605
610
607
608
608
614
609
616
600
625
622
620
611
621
611
615
618
617
613
610
605
609
613
621
602
624
612
625
615
616
619
621
618
612
608
617
618
623
618
624
625
611
618
609
623
614
612
611
616
630
627
616
626
619
609
620
630
630
638
614
625
626
618
630
625
636
636
637
634
630
623
630
614
629
633
636
631
619
638
626
653
629
629
650
632
621
634
644
644
645
640
648
655
662
661
662
654
658
663
665
652
679
668
706
661
676
677
683
681
696
686
690
688
706
729
704
705
719
720
751
747
744
740
751
735
774
773
749
729
774
768
793
773
810
812
849
841
852
834
895
874
876
885
920
971
955
981
974
1003
1005
1020
1046
1022
1052
1054
1122
1129
1179
1183
1202
1252
1280
1320
1297
1336
1463
1453
1407
1428
1498
1525
1573
1640
1682
1754
1821
1793
1872
1905
2022
1976
2038
2162
2292
2288
2429
2423
2566
2680
2700
2767
2839
3004
2999
3053
3222
3411
3409
3648
3762
3821
3943
4050
4284
4391
4516
4446
4571
4797
4870
5078
5169
5271
5524
5589
5795
5793
6072
6297
6223
6483
6484
6796
6668
6972
7045
6881
7190
7368
7466
7434
7648
7632
7456
7914
8032
7889
7839
8003
7799
8046
8298
8026
8290
8182
8353
8210
8212
7977
8032
8335
7948
8119
7885
7905
7886
7927
7916
7787
7869
7626
7801
7805
7682
7579
7739
7505
7384
7412
7206
7197
7117
7107
7022
6954
6956
6868
6482
6684
6549
6508
6404
6341
6247
6016
6300
6029
5932
5889
5814
5812
5583
5640
5298
5486
5514
5332
5115
5185
5064
5096
4930
4940
4755
4768
4808
4845
4750
4590
4792
4570
4629
4519
4460
4377
4204
4244
4189
4116
4057
4008
4093
3970
3918
3941
3873
3828
3865
3898
3775
3800
3657
3721
3546
3645
3602
3602
3501
3452
3523
3336
3386
3403
3362
3329
3356
3302
3255
3258
3090
3184
3341
3102
3124
3013
2886
2925
2960
2895
2936
2869
2768
2779
2834
2858
2792
2753
2740
2657
2652
2693
2594
2511
2656
2469
2502
2440
2418
2357
2433
2332
2261
2402
2336
2235
2214
2187
2134
2218
2111
2161
2122
2116
2137
2004
2075
2063
2045
1962
1953
1974
1998
1934
1846
1837
1892
1861
1913
1788
1837
1770
1771
1729
1664
1657
1685
1665
1656
1670
1662
1580
1622
1522
1524
1607
1489
1551
1512
1530
1451
1541
1485
1429
1513
1461
1449
1477
1382
1405
1409
1384
1343
1389
1385
1271
1359
1278
1310
1280
1299
1250
1236
1227
1251
1223
1234
1216
1192
1196
1191
1210
1220
1164
1150
1213
1185
1157
1114
1102
1113
1124
1129
1129
1076
1098
1074
1005
1061
1012
1040
1063
1068
1048
1018
1030
1025
1006
976
995
1016
977
992
978
968
971
1000
977
943
960
977
971
957
947
938
955
934
896
954
951
907
905
881
907
879
908
867
869
920
914
864
906
882
905
873
870
876
870
845
869
851
850
866
839
833
858
821
849
837
812
848
850
819
803
825
800
848
822
783
811
796
782
799
807
775
795
788
812
812
788
777
764
752
769
791
740
791
763
757
753
750
726
740
770
724
757
735
754
750
745
749
724
749
731
766
750
722
742
723
716
750
756
724
726
742
721
719
727
732
729
716
712
714
734
729
720
718
693
723
716
701
705
709
684
709
692
711
704
684
719
715
701
721
733
693
690
709
682
699
683
703
686
688
702
681
674
699
691
679
671
686
707
650
678
684
683
688
675
694
678
686
658
687
668
694
689
685
670
691
673
662
671
659
655
671
666
661
681
662
654
663
659
645
655
681
655
639
658
669
684
662
645
651
658
672
660
654
665
656
662
663
650
656
656
645
652
654
657
632
672
655
658
653
636
659
650
644
647
641
641
648
652
640
637
647
637
644
636
641
637
651
640
636
640
642
636
652
644
628
643
652
647
653
627
638
634
620
636
628
636
638
650
615
628
637
627
621
627
631
630
637
610
647
627
633
628
620
635
641
632
633
628
647
629
647
637
622
621
622
626
627
623
630
619
642
616
632
627
622
621
621
620
619
629
613
613
618
627
636
626
618
615
619
640
618
616
626
610
621
623
629
623
618
620
628
632
615
622
627
614
621
614
622
608
615
614
623
615
613
610
619
615
604
605
607
617
611
603
615
616
615
619
613
623
613
606
615
613
618
617
614
619
598
621
612
608
614
623
619
609
620
600
609
610
619
612
602
608
612
606
613
605
609
611
616
617
619
615
605
614
613
611
613
609
613
619
610
613
591
600
609
615
606
608
605
605
612
620
606
613
616
608
604
602
612
611
615
614
610
613
613
607
601
609
602
610
611
608
604
600
609
612
611
602
604
607
609
603
600
600
607
610
612
602
608
602
611
609
619
608
604
608
598
609
600
610
615
598
605
601
608
605
606
600
609
606
612
609
606
601
602
607
604
612
611
599
593
604
605
607
600
608
604
595
596
609
605
599
610
609
600
592
597
602
608
599
605
606
601
604
609
599
609
620
608
606
604
608
600
599
601
594
598
605
599
594
594
605
599
608
595
599
611
608
597
601
606
606
609
599
597
610
596
608
606
606
604
607
596
601
605
594
603
590
613
604
603
606
594
604
611
596
595
599
599
599
608
598
604
599
606
601
609
593
602
605
594
605
600
595
598
601
609
602
599
604
600
604
600
606
599
608
600
597
612
607
594
598
603
602
598
604
599
598
596
602
601
595
599
601
602
598
600
602
602
597
596
602
598
594
595
598
604
597
595
603
598
601
599
603
603
604
601
600
607
