600
609
613
606
605
610
606
608
602
613
613
596
602
612
606
611
604
602
603
603
600
604
604
594
603
605
611
603
603
603
610
594
604
601
604
606
607
610
612
610
606
607
605
611
608
602
616
601
604
614
598
607
602
612
611
600
612
604
598
608
606
607
605
600
614
603
597
604
600
600
602
603
598
609
610
605
603
616
605
603
602
608
598
595
612
599
600
599
611
601
603
613
596
604
595
605
607
597
605
610
613
594
608
605
599
603
601
602
604
605
603
609
609
609
600
607
599
607
611
605
604
609
615
604
600
607
613
602
601
604
602
608
611
604
604
615
602
614
612
607
598
612
609
611
616
615
597
608
606
605
610
609
605
601
595
604
596
609
597
597
607
610
602
605
603
603
612
602
606
623
601
603
609
604
615
610
603
614
606
611
616
606
608
600
609
609
611
607
599
613
613
605
614
614
606
608
605
620
611
611
617
613
616
607
612
608
613
613
618
617
616
610
612
621
603
608
617
604
610
624
608
610
618
623
622
620
614
602
630
620
622
623
617
633
615
619
619
622
631
617
605
617
624
607
611
623
619
618
627
635
610
619
623
618
623
617
626
619
620
626
632
619
622
623
616
630
621
628
626
635
631
626
626
617
627
626
620
634
617
629
630
630
630
626
625
623
622
623
620
620
615
621
625
639
628
626
626
620
633
638
630
632
633
635
632
651
653
650
633
632
646
653
644
653
653
652
640
669
662
652
658
659
654
669
687
657
661
681
662
673
659
681
696
696
679
687
683
701
683
712
689
723
711
739
725
735
728
738
743
758
727
752
750
762
771
763
790
783
764
809
829
837
828
779
846
869
837
854
869
939
897
933
954
982
973
1000
991
1018
1026
1041
1103
1050
1121
1089
1119
1171
1209
1203
1168
1278
1312
1317
1367
1378
1404
1500
1460
1520
1568
1589
1613
1700
1732
1770
1751
1800
1873
1968
2084
2029
2099
2291
2361
2346
2420
2518
2577
2667
2923
2816
3019
3106
3187
3327
3344
3536
3583
3855
3693
3869
4010
4192
4434
4535
4600
4935
5023
5172
5305
5520
5617
5890
5933
6096
6388
6556
6715
6954
7283
7243
7499
7750
8028
8196
8259
8448
8867
9049
9075
9296
9343
9651
9754
9746
9775
10092
10120
10254
10283
10349
10543
10601
10590
10995
10946
10851
10933
11059
11185
11167
11080
11225
11178
11269
11100
10787
10911
11006
11025
10721
10643
10695
10779
10554
10574
10578
10544
10481
10356
10469
10272
10213
10100
10471
10079
9989
9777
9893
9856
9359
9206
9267
9193
8995
8909
9084
8600
8849
8554
8678
8371
8520
8347
8053
7979
7891
7611
7586
7640
7589
7557
7279
7132
7275
7135
6728
6814
6600
6799
6552
6724
6518
6489
6462
6236
6310
6032
6173
6032
5982
5890
5983
5720
5764
5624
5443
5463
5362
5410
5316
5305
5302
5363
5213
5222
5169
5205
4889
5056
4923
4764
4845
4891
4687
4684
4700
4519
4432
4600
4457
4369
4314
4301
4303
4355
4145
4304
4160
4143
4098
3903
3930
4010
3969
3778
3909
3835
3718
3735
3644
3632
3549
3609
3422
3461
3415
3440
3477
3265
3319
3274
3245
3283
3145
3170
3185
3169
3177
2951
2940
2989
2828
2880
2810
2849
2863
2703
2689
2580
2754
2706
2612
2596
2621
2563
2424
2481
2450
2384
2504
2326
2519
2289
2220
2314
2237
2240
2199
2216
2154
2125
2200
2059
2124
2051
2055
2060
1973
1952
1963
1987
1927
1881
1850
1906
1930
1857
1830
1811
1807
1734
1716
1668
1728
1711
1727
1664
1657
1629
1656
1501
1708
1579
1593
1539
1537
1559
1539
1537
1505
1547
1436
1465
1440
1423
1435
1474
1455
1352
1374
1340
1357
1356
1347
1335
1370
1296
1291
1292
1220
1311
1308
1295
1284
1298
1288
1258
1169
1254
1275
1222
1115
1136
1170
1145
1175
1166
1164
1146
1121
1108
1095
1180
1102
1132
1116
1098
1081
1067
1121
1050
1082
1045
1042
1076
1038
1076
973
1049
1045
1029
1076
963
1016
1003
1032
1002
1016
974
1000
936
950
978
964
993
950
976
941
925
969
956
964
918
923
929
919
927
905
903
900
896
884
904
891
877
891
896
924
871
872
871
866
870
905
828
858
834
841
831
858
826
846
826
850
870
822
842
845
813
823
811
812
824
837
834
802
845
816
794
788
787
808
800
792
820
786
805
799
785
758
799
796
793
748
782
763
741
755
779
774
777
756
742
769
761
737
738
736
757
748
756
759
739
745
753
719
752
711
728
746
758
736
715
719
760
760
724
737
729
713
706
725
721
730
711
722
711
719
738
737
714
704
708
706
722
693
715
695
690
690
697
703
701
697
709
704
671
699
697
689
691
685
696
689
706
688
678
689
690
680
661
690
683
691
684
679
668
695
680
662
688
675
654
695
682
702
672
679
676
652
661
668
684
664
668
660
676
659
665
668
675
662
658
648
656
681
674
667
669
670
648
659
674
676
654
645
650
647
661
649
673
654
653
650
654
657
663
647
654
653
644
659
658
656
650
651
646
647
651
660
655
648
644
633
643
644
635
636
652
626
637
629
632
640
621
639
639
635
647
658
658
628
638
647
626
641
636
621
643
639
641
625
648
639
643
636
652
645
632
632
627
639
624
636
633
634
639
639
631
617
629
629
624
626
627
621
627
621
628
633
646
625
637
612
629
633
627
631
637
630
617
620
625
624
633
631
621
624
627
618
615
617
618
628
617
639
640
614
627
601
628
622
626
615
614
609
629
617
617
618
611
618
620
625
621
613
616
618
600
619
614
619
614
621
622
615
619
623
618
615
617
604
604
614
627
606
603
617
609
618
623
616
615
607
618
612
602
609
603
615
616
604
609
608
612
611
610
620
623
611
614
620
615
616
610
612
611
611
605
620
611
606
615
622
614
610
625
614
603
605
601
606
603
620
603
609
611
615
616
609
608
613
619
605
624
612
610
605
616
595
606
615
605
611
615
613
609
614
613
610
601
603
612
611
609
601
604
595
602
602
596
615
611
601
607
614
600
606
607
598
602
613
605
610
610
611
603
599
614
607
613
613
607
609
605
603
606
610
604
598
597
604
601
609
608
607
601
604
603
596
600
607
600
602
606
601
599
606
604
603
595
601
604
597
604
612
605
601
612
608
604
595
606
593
596
602
608
600
606
610
607
606
602
599
607
616
603
607
605
602
597
601
617
600
602
610
605
598
604
607
607
599
606
601
611
593
603
596
587
598
602
594
595
599
604
609
592
592
602
601
608
601
593
600
604
615
602
593
602
609
606
604
606
606
610
605
603
602
598
603
598
603
594
607
594
598
598
597
602
599
599
601
601
610
602
603
601
608
600
603
