607
613
606
610
605
612
606
603
601
607
599
608
610
607
602
606
611
611
602
606
612
608
603
602
602
610
611
599
602
603
601
606
605
613
601
602
612
606
606
597
599
600
615
604
603
606
605
604
612
604
592
602
600
607
595
606
609
610
605
598
597
610
601
607
609
609
601
599
603
594
607
605
607
609
601
619
606
608
604
609
604
609
598
600
604
615
605
599
601
608
609
599
609
611
610
605
600
607
610
613
602
598
610
609
598
610
605
603
605
609
596
602
604
603
603
607
615
604
607
596
617
613
616
613
600
621
612
610
614
605
608
610
601
604
603
610
602
598
598
608
612
604
617
614
605
606
596
602
598
604
615
607
610
613
604
610
606
616
605
618
613
612
608
603
600
611
622
620
612
619
609
618
609
612
614
608
610
610
607
615
627
613
616
609
616
615
615
607
618
628
618
617
624
612
608
619
614
617
618
618
624
615
634
611
631
614
623
613
605
622
620
616
613
634
626
623
617
632
623
626
624
627
613
618
621
628
624
629
609
617
614
618
629
621
632
637
635
626
617
629
636
628
641
629
627
628
631
637
630
642
631
640
634
640
625
633
631
637
629
638
621
648
644
645
628
642
627
642
659
657
639
637
634
642
651
642
629
640
628
652
638
665
643
660
655
678
655
652
643
667
653
667
648
664
664
655
653
674
643
640
657
665
676
661
686
671
662
671
666
687
680
688
723
689
705
716
685
687
691
698
699
749
725
713
718
721
729
728
752
727
759
757
756
739
763
739
793
808
794
817
800
808
828
833
811
821
843
879
865
875
861
931
890
925
977
938
972
982
947
1003
1015
993
1021
1112
1099
1146
1150
1129
1180
1174
1203
1253
1251
1382
1335
1388
1422
1488
1445
1505
1556
1593
1633
1624
1716
1785
1781
1838
1895
1927
1935
2053
2119
2214
2268
2465
2389
2476
2653
2706
2767
2811
2907
2887
3183
3300
3306
3563
3593
3719
3827
3992
4239
4170
4428
4605
4882
4959
5193
5501
5700
5789
5934
6221
6356
6659
7105
7416
7618
7726
7937
8345
8694
9075
9534
10031
10111
10387
10959
11370
11405
11917
12283
12858
13376
13425
13888
14320
14767
15070
15783
15973
16598
17219
17373
18028
18291
18817
18934
19614
19839
20114
19937
20566
20779
20800
21253
21686
21639
21873
22193
22668
22633
22532
22943
22836
23420
23135
23285
23696
23099
23244
23194
23204
23289
22830
23256
22745
22757
22052
22213
22165
22364
21913
22196
22040
21186
21700
21565
21435
21119
21051
20709
20480
20311
20347
19581
19412
19362
18502
18523
18512
18209
18007
18101
17576
17355
17099
16600
16418
16157
16472
15917
15805
15149
15212
14975
14496
14336
14432
13945
13672
13491
13263
13092
12933
12904
12624
12463
12356
11999
11770
11860
11626
11596
11592
10959
10985
10868
10868
10659
10332
10310
10211
10313
9935
9872
9653
9413
9424
9591
9610
9326
9151
8910
8893
8858
8834
8676
8631
8315
8430
8293
8279
7919
7905
7758
7555
7916
7598
7555
7439
7288
7178
7495
7225
7220
7085
6970
6954
6904
6773
6717
6484
6610
6472
6268
6233
6130
6184
5953
6035
5883
5804
5943
5626
5630
5540
5667
5522
5642
5397
5255
5192
5134
5032
5117
5017
4912
4888
4727
4657
4621
4622
4390
4581
4525
4309
4460
4354
4238
4162
4253
4130
4020
4109
3966
4034
3883
3894
3814
3814
3742
3729
3621
3619
3494
3530
3516
3401
3315
3308
3296
3245
3395
3157
3135
3103
3064
3090
3116
3031
2939
3089
2854
2943
2692
2817
2679
2702
2682
2664
2598
2623
2649
2606
2500
2556
2571
2511
2542
2321
2458
2413
2378
2380
2399
2308
2266
2253
2155
2174
2127
2128
2078
2084
2079
2126
2031
2081
2012
2004
2051
1943
1913
1962
1952
1902
1909
1820
1854
1833
1770
1769
1790
1752
1724
1708
1771
1653
1722
1614
1632
1596
1634
1591
1646
1601
1613
1547
1558
1547
1561
1475
1563
1606
1452
1499
1584
1479
1423
1430
1450
1470
1391
1346
1408
1406
1404
1332
1326
1388
1322
1394
1327
1328
1337
1288
1350
1308
1202
1326
1285
1248
1251
1231
1217
1259
1261
1204
1206
1183
1258
1181
1225
1269
1193
1179
1162
1201
1114
1175
1166
1126
1177
1108
1099
1147
1060
1129
1114
1076
1133
1061
1095
1092
1071
1081
1084
1069
1033
1068
1058
1058
1045
1069
997
1056
1011
988
1009
989
1044
986
984
976
974
935
952
955
1031
983
940
931
953
931
941
960
915
914
963
901
948
896
921
954
934
935
907
894
909
931
903
879
893
897
886
902
909
869
877
884
874
895
856
851
837
880
870
873
853
852
817
830
824
828
862
827
847
817
842
823
831
816
827
825
803
804
833
805
822
810
821
817
818
801
786
787
784
827
748
792
787
788
771
750
770
782
741
781
781
774
781
768
776
771
750
750
740
765
757
765
794
762
756
733
753
734
750
743
737
731
729
743
758
735
726
739
747
745
705
712
708
744
730
737
737
742
732
739
735
725
733
708
718
709
722
706
696
725
704
698
724
698
710
702
693
707
712
693
708
691
709
722
672
705
686
684
685
710
711
708
705
690
679
686
685
678
704
688
688
658
688
671
683
677
663
663
672
682
690
683
699
697
685
679
680
669
671
680
698
647
658
668
671
667
677
649
668
682
673
664
666
674
679
654
658
667
657
666
649
655
676
672
667
656
655
665
644
656
673
651
661
639
660
653
640
657
658
652
653
664
647
650
651
650
654
650
645
646
655
651
652
645
649
637
642
640
640
638
654
646
631
662
638
640
630
652
640
650
630
638
644
634
635
647
634
647
644
644
623
651
632
641
639
644
634
644
626
637
623
635
637
648
634
628
638
619
640
650
637
640
630
632
648
640
630
636
616
625
629
634
627
625
626
628
627
619
609
629
626
617
614
620
625
626
624
627
628
612
635
607
634
609
609
636
626
629
618
615
632
620
635
614
615
618
636
633
607
630
609
632
615
619
621
618
634
624
615
611
626
606
615
625
615
610
629
613
615
618
606
621
619
616
621
620
610
617
623
614
625
619
616
599
605
609
621
611
614
610
623
612
603
609
608
609
622
617
622
608
612
601
615
617
623
609
605
609
610
615
611
604
600
606
612
615
600
605
613
616
607
611
605
616
601
614
615
612
610
612
607
607
607
610
602
602
605
621
606
604
607
609
614
608
612
607
613
610
599
598
606
608
610
615
602
605
604
600
610
609
603
608
616
606
609
601
604
610
602
614
609
604
610
601
614
607
614
599
605
600
606
608
606
597
602
598
603
614
608
608
600
593
610
601
605
601
600
608
604
607
614
606
598
598
611
600
596
600
598
602
599
606
609
604
607
606
600
602
602
598
593
601
598
602
611
601
613
596
618
611
609
605
605
608
606
600
602
601
601
599
