600
615
614
611
602
601
612
607
611
613
606
602
623
607
613
610
600
611
609
607
611
599
615
615
604
603
613
591
606
607
608
598
601
602
600
607
611
608
604
600
604
602
606
609
613
604
603
616
605
609
604
605
612
598
603
606
616
605
606
607
605
605
616
608
612
611
611
609
600
609
615
595
625
608
605
608
613
613
615
609
613
615
615
601
610
607
614
601
596
602
605
607
606
605
603
604
608
607
611
614
610
613
609
609
604
610
612
611
611
600
604
603
606
604
602
612
606
607
612
612
613
612
606
612
619
605
598
597
604
608
612
611
614
608
613
617
616
603
612
626
616
600
613
607
619
611
608
611
611
609
617
606
615
603
615
624
614
610
610
622
611
618
607
619
631
616
619
614
620
617
626
611
617
618
612
618
624
616
609
618
605
611
607
608
625
623
610
615
618
607
621
621
626
623
633
640
625
614
630
615
617
625
628
620
629
632
626
625
618
613
624
639
624
625
637
632
627
630
637
629
634
627
637
619
636
624
629
626
632
639
630
637
638
644
625
637
641
651
638
634
631
630
645
645
626
644
615
637
639
628
638
648
627
653
638
638
635
649
630
641
650
658
642
651
644
644
647
640
659
649
649
664
663
655
657
664
666
637
645
636
663
659
662
657
652
665
672
656
679
664
655
652
658
671
667
674
659
683
680
681
674
664
669
657
673
682
687
690
690
674
688
682
697
699
692
696
697
707
702
732
736
707
741
717
735
724
758
736
741
733
768
757
745
748
777
775
808
772
817
799
796
784
855
819
867
859
858
875
908
873
895
912
875
949
923
917
964
975
975
996
1027
1094
1023
1090
1092
1079
1126
1133
1161
1200
1193
1192
1219
1267
1329
1346
1349
1417
1396
1440
1429
1522
1552
1614
1674
1672
1737
1805
1853
1837
1919
1933
2080
2078
2144
2190
2301
2326
2495
2469
2508
2731
2783
2765
2864
3072
3143
3216
3343
3459
3539
3738
3765
3953
4104
4409
4400
4923
4912
5023
5126
5345
5563
5684
5896
6021
6472
6552
6789
7163
7501
7636
8039
8297
8470
9054
8950
9405
9863
10093
10413
10765
11113
11348
11678
11950
12654
12801
13410
13594
13834
14369
14718
15373
15355
15950
16153
16667
17083
17283
17778
18047
18091
18452
18644
19316
18972
19558
19595
19437
19919
20047
20384
20293
20592
20904
21121
21037
21414
21431
21090
21807
21540
21392
21376
21303
21338
21074
21258
21347
20947
20563
20669
20260
20845
20461
20656
20835
20260
20435
20171
20268
20058
19812
19669
19499
18982
18870
18938
18413
18333
18188
17940
17610
17328
17426
17309
17143
16845
16394
16522
16517
16063
15531
15647
15153
15253
14895
14741
14384
14311
14076
13720
13983
13660
13436
13420
13046
13156
12662
12964
12664
12495
12202
12012
11904
11983
11922
11621
11434
11355
11022
10903
10711
10699
10738
10425
10358
10139
10146
10231
9829
10059
9880
9707
9893
9693
9543
9591
9469
9026
9097
9052
9081
8817
8692
8630
8715
8519
8436
8377
8324
8144
8020
8097
7788
7782
7819
7711
7665
7644
7508
7458
7357
7117
7071
6937
7044
6864
7040
6795
6616
6614
6690
6506
6343
6233
6186
6160
5987
6140
5937
6072
5868
5728
5682
5643
5551
5387
5400
5164
5187
5327
5082
5120
5083
5021
4814
4839
4846
4809
4683
4590
4610
4535
4585
4473
4330
4403
4356
4256
4202
4136
3940
4029
4135
3972
3832
3752
3753
3680
3751
3682
3665
3649
3573
3550
3459
3461
3406
3412
3330
3249
3184
3283
3065
3157
3058
3130
3102
2937
2917
2894
2861
2914
2754
2727
2849
2636
2652
2616
2721
2692
2622
2601
2567
2544
2424
2416
2503
2378
2337
2343
2338
2248
2313
2312
2134
2164
2171
2178
2153
2221
2165
2096
2124
2047
2014
1963
2036
2001
2069
2028
1851
1880
1918
1933
1824
1804
1786
1837
1816
1806
1703
1742
1652
1732
1658
1616
1649
1795
1690
1729
1581
1634
1627
1599
1519
1600
1595
1522
1530
1511
1471
1520
1491
1514
1502
1463
1445
1418
1472
1374
1406
1404
1370
1371
1372
1359
1335
1349
1364
1376
1334
1263
1321
1310
1279
1305
1251
1250
1249
1328
1254
1200
1224
1218
1212
1276
1232
1188
1208
1184
1181
1199
1208
1191
1201
1158
1102
1175
1151
1130
1075
1119
1159
1114
1122
1093
1047
1119
1103
1130
1081
1070
1031
1071
1075
1065
1063
1033
1062
1041
1030
1012
1003
1014
987
976
1002
992
993
1012
994
993
999
978
1005
993
964
985
974
945
944
992
971
954
988
914
888
938
947
895
881
922
924
883
890
929
911
875
867
871
918
913
861
926
917
850
874
892
867
842
905
845
867
844
851
844
839
845
841
815
828
835
842
871
815
803
801
830
846
843
818
863
800
796
804
851
858
800
808
840
797
789
772
794
809
813
775
764
781
811
778
796
801
802
797
767
766
779
784
771
764
774
754
757
783
750
766
752
787
724
758
766
723
731
748
743
749
766
736
749
710
717
721
737
751
737
720
723
726
720
716
730
724
716
722
718
717
722
708
695
715
707
732
716
706
732
690
692
721
692
717
698
705
696
706
702
700
706
695
702
725
706
686
693
695
716
719
675
697
706
707
682
685
682
685
704
687
693
684
674
669
705
691
673
677
674
662
691
683
669
678
659
686
667
666
676
668
659
675
662
663
670
666
659
657
663
666
659
660
652
659
673
658
656
637
659
676
653
662
693
678
657
657
652
671
658
652
643
636
670
635
638
636
642
647
642
657
648
657
630
657
635
646
652
657
629
652
639
649
655
636
648
648
640
638
666
639
642
638
646
645
645
634
646
640
645
632
654
643
650
626
635
644
642
623
634
628
638
627
631
628
632
636
641
647
623
651
635
644
635
637
642
623
619
635
628
647
632
633
625
628
637
635
639
636
631
629
626
618
629
623
632
620
633
632
633
625
623
627
609
628
637
620
635
645
624
629
622
616
623
619
620
618
625
599
617
625
613
630
607
622
619
622
617
631
608
621
616
617
626
634
617
634
608
610
631
607
626
610
615
606
623
618
615
610
608
619
614
612
603
621
622
619
612
612
623
606
620
614
611
615
613
614
609
604
609
621
606
618
609
610
603
625
614
618
613
607
612
611
620
621
616
601
601
615
615
607
608
609
612
595
615
609
608
617
598
618
615
611
619
610
609
606
611
610
600
610
606
610
607
604
603
611
609
611
601
610
605
605
616
610
606
611
602
601
606
606
602
614
611
618
604
605
598
610
601
598
599
605
607
602
611
612
605
603
604
602
605
604
607
601
608
602
612
598
611
608
609
606
597
608
609
607
596
617
602
603
606
606
617
611
605
612
608
605
611
610
615
611
610
594
594
602
601
598
594
602
612
606
598
612
602
596
603
606
603
590
596
604
598
604
607
592
606
603
610
602
