610
616
604
601
605
610
606
612
604
599
605
610
606
614
614
605
613
608
603
609
615
599
600
602
611
609
614
611
606
611
622
600
604
613
602
620
616
605
605
603
600
605
607
609
610
614
607
612
596
613
607
606
602
606
607
603
612
600
600
607
613
604
600
603
602
603
615
605
596
609
607
608
623
613
610
604
607
608
602
609
597
601
610
605
600
604
605
598
615
618
611
598
614
619
613
609
611
615
615
606
611
613
621
606
616
610
609
609
611
610
612
620
603
618
610
615
614
607
623
611
613
610
617
609
606
613
613
621
615
600
613
607
609
617
606
616
619
607
620
592
623
611
617
613
622
604
614
613
612
609
620
612
611
611
612
601
617
607
614
607
618
619
612
604
617
624
610
619
613
632
617
627
624
612
619
608
613
607
615
616
635
618
623
622
615
624
625
619
617
624
610
628
627
638
629
632
629
623
631
613
637
627
635
625
623
624
622
642
632
619
630
630
629
631
629
628
623
637
622
651
635
634
629
616
615
631
628
652
639
632
636
655
645
622
645
635
649
644
629
628
654
644
641
643
644
645
631
639
643
648
656
648
636
653
659
635
661
656
644
651
645
635
641
648
649
642
648
665
661
649
650
643
644
662
650
662
657
649
658
658
662
668
652
644
664
670
659
680
676
666
657
660
674
673
687
688
679
669
676
706
693
691
687
676
686
707
705
700
694
692
712
702
705
711
729
716
720
727
721
731
723
736
729
753
742
756
764
748
792
770
738
772
776
784
790
824
812
843
801
864
813
832
817
852
880
863
843
897
923
905
924
967
953
926
970
987
996
1038
1038
1047
1080
1133
1101
1151
1138
1149
1199
1164
1226
1268
1276
1287
1423
1332
1421
1391
1483
1472
1518
1585
1632
1665
1735
1753
1739
1834
1841
1969
1943
1965
2134
2144
2147
2322
2341
2437
2534
2585
2743
2818
2801
2864
3165
3147
3179
3298
3449
3605
3755
3928
4089
4126
4304
4550
4615
4868
5096
5135
5430
5625
5830
5978
6192
6425
6581
6764
7066
7407
7647
7947
8278
8617
8850
9086
9390
9984
10362
10684
11047
11278
11877
12163
12935
12750
13288
13773
14063
14535
15021
15213
15978
16418
17039
17040
17718
17758
18507
18886
18967
19839
20153
20675
20976
20909
21232
21699
21554
21686
21926
22112
22816
23027
23246
23068
23473
23626
24013
23752
23921
24304
24147
24445
24381
24145
24404
24524
24346
23721
23966
23839
23606
23418
23613
23407
23802
23524
23238
23318
23342
22958
22772
22604
22667
22193
22472
21743
21554
21570
21545
21188
20692
20471
20299
19615
19935
19821
19489
19074
19125
18908
18849
18313
17939
18027
17959
17151
17427
16980
16806
16498
16542
15965
15871
15590
15569
15408
15105
15046
14747
14849
14507
14480
14079
14186
14073
13688
13350
13625
13064
13078
12878
12617
12498
12154
12127
11950
11702
11968
11758
11699
11310
11384
11384
11146
11237
10865
10690
10649
10717
10481
10408
10472
10375
9988
9850
9885
9952
9659
9678
9468
9472
9384
9530
8998
9341
9020
8933
8817
8618
8630
8759
8316
8390
8307
8288
8058
8084
7752
7918
7658
7638
7612
7561
7349
7321
7063
7202
6956
6972
6750
6816
6775
6756
6594
6560
6563
6344
6498
6253
6158
6058
5824
5845
5770
5700
5685
5678
5438
5464
5453
5347
5352
5155
5323
5103
5090
5100
4994
4884
4753
4751
4813
4702
4408
4480
4336
4309
4225
4352
4175
4290
4208
4121
3998
3846
3903
3888
3853
3809
3734
3845
3692
3578
3681
3710
3542
3378
3382
3515
3364
3220
3247
3312
3193
3162
3258
3111
3008
2992
3124
3024
2939
2856
2971
2942
2779
2760
2706
2725
2740
2648
2597
2632
2597
2515
2516
2573
2525
2556
2467
2439
2478
2400
2319
2301
2430
2273
2363
2219
2180
2244
2277
2179
2193
2105
2030
1990
2014
2045
2033
1980
2006
1904
1917
1918
1952
1816
1888
1831
1843
1760
1753
1810
1799
1698
1734
1735
1741
1681
1769
1685
1696
1695
1750
1690
1678
1637
1558
1595
1533
1567
1578
1520
1569
1575
1531
1533
1537
1542
1511
1438
1458
1437
1368
1478
1398
1373
1406
1446
1363
1381
1328
1357
1344
1369
1291
1293
1338
1300
1281
1335
1299
1210
1226
1234
1217
1208
1300
1196
1231
1211
1238
1163
1146
1177
1231
1135
1155
1184
1210
1192
1200
1167
1189
1116
1182
1121
1106
1148
1110
1123
1130
1050
1060
1061
1102
1074
1059
1097
1076
1041
1045
1042
1017
1016
989
1019
1062
996
951
1021
1058
1055
1011
1004
991
997
1000
958
1028
970
1001
998
948
1005
956
968
938
906
959
926
922
948
944
942
947
906
957
950
923
910
934
942
915
898
866
901
866
891
877
889
915
872
849
860
894
846
886
815
873
865
816
875
873
835
820
845
856
814
862
839
803
830
827
845
830
812
836
800
785
817
825
823
818
825
794
812
783
776
785
806
802
810
805
773
803
774
802
774
756
757
772
760
754
772
772
800
782
760
749
763
762
752
757
760
753
746
751
771
742
771
713
765
729
747
743
756
749
742
739
753
719
724
746
725
724
753
710
726
747
717
732
740
722
729
696
709
742
704
714
709
746
704
710
734
706
725
705
700
704
712
702
696
723
684
704
693
687
680
686
694
691
683
705
696
671
690
687
695
673
697
698
683
706
673
709
697
687
693
689
677
687
684
660
673
678
687
663
682
680
674
660
670
667
666
696
665
667
661
674
662
673
661
672
657
673
675
664
643
669
652
666
661
650
666
658
649
658
664
653
658
674
653
678
646
684
641
630
646
661
660
654
653
650
649
651
662
648
648
639
641
634
645
644
659
646
657
643
655
653
649
638
634
644
648
649
632
634
634
635
632
640
642
646
648
640
641
636
643
642
631
635
629
650
647
644
632
629
624
635
633
619
634
633
634
625
635
645
640
624
621
624
622
629
623
640
615
623
637
626
639
622
620
626
632
604
618
628
634
630
627
618
630
618
615
628
630
621
615
621
621
625
623
622
617
624
620
618
611
621
633
622
618
613
611
624
628
629
631
632
613
622
622
618
632
614
619
623
621
620
610
615
615
614
627
612
620
613
613
611
613
627
612
610
613
616
611
608
614
617
613
613
606
614
620
610
627
609
605
614
609
608
616
607
606
602
601
617
619
610
628
614
615
599
600
607
616
603
621
617
603
595
619
614
616
608
608
614
610
618
601
620
610
605
610
608
604
612
610
606
609
605
609
601
606
602
610
611
610
606
607
610
611
600
600
607
605
606
609
606
601
603
603
606
608
598
611
611
613
620
596
609
611
607
601
603
602
610
605
607
609
608
604
605
601
607
609
606
617
614
604
604
619
613
609
603
602
619
601
605
610
602
600
601
603
598
606
616
612
606
612
603
606
598
601
603
597
613
597
604
616
593
595
605
601
598
603
602
608
603
