614
607
610
613
604
608
611
604
605
615
619
608
597
615
612
613
600
601
615
614
606
608
609
612
606
605
611
608
614
607
610
614
594
610
605
620
614
610
601
606
606
608
614
606
612
616
600
610
605
603
609
605
607
610
617
600
612
616
599
612
603
620
611
607
606
620
607
613
613
606
610
604
607
607
610
613
610
605
612
604
615
607
611
619
612
595
603
616
620
601
606
604
604
610
609
625
619
612
614
621
610
602
601
609
611
612
600
608
615
605
618
618
617
613
608
617
610
613
607
610
609
626
628
606
625
612
606
623
604
619
626
618
609
605
618
607
626
613
623
624
614
614
610
615
626
617
618
616
609
617
619
620
618
617
613
614
623
612
620
620
620
615
618
619
623
628
620
618
608
634
624
628
612
617
623
621
626
618
629
623
622
625
617
615
614
622
641
629
629
627
621
622
655
638
640
635
620
622
627
635
621
631
627
625
621
629
637
639
613
637
648
635
624
634
636
644
637
632
633
635
635
632
635
621
642
644
643
630
642
657
650
646
638
649
653
641
658
647
646
646
636
669
651
645
652
634
646
668
649
632
650
660
657
654
671
643
640
645
646
641
656
661
670
658
656
670
649
666
651
664
654
659
661
662
671
695
669
687
663
664
669
675
677
684
670
681
679
687
687
674
689
674
685
674
686
695
697
716
693
681
711
699
685
692
686
691
726
711
713
736
726
702
721
728
713
725
742
748
747
775
732
734
756
749
741
749
770
783
798
781
786
762
811
814
810
804
846
822
891
842
861
891
944
883
917
938
941
900
940
980
975
998
1012
983
1048
1077
1024
1116
1090
1131
1080
1158
1179
1201
1196
1181
1249
1284
1335
1362
1319
1418
1496
1473
1503
1487
1639
1598
1674
1768
1748
1805
1791
1900
1908
1920
2031
2048
2110
2257
2253
2412
2426
2492
2542
2761
2766
2837
2952
3133
3069
3308
3414
3357
3632
3762
3741
3922
4130
4246
4496
4532
4785
4827
5202
5384
5644
5694
5907
6155
6325
6450
6871
7125
7435
7802
7967
8321
8615
8801
9136
9299
9819
10154
10516
11310
11578
11795
12227
12566
13371
13915
13959
14586
14968
15346
15782
16472
16880
17019
17828
17812
18729
19263
19745
19765
20603
21140
21266
21709
22328
22826
23146
23486
23707
24215
24480
24470
24915
25241
25250
25673
25659
26093
26455
26653
26568
26898
27356
27550
27293
27461
27182
27416
27647
27266
27819
26977
27267
26604
26860
26714
26586
26627
26646
26481
26680
26266
26304
26226
25906
26017
25646
25739
25611
25179
24795
24450
24277
24061
23822
23231
23123
22843
22951
22595
22667
22276
21278
21617
21507
20933
20942
20590
20274
19989
19553
19566
18932
18796
18420
18134
17615
17659
17407
17023
16782
17113
16833
16302
16511
16140
15811
15886
15655
15565
15296
15284
14905
14680
14748
14436
13890
13978
13864
13608
13440
13124
13247
13160
12885
12799
12925
12648
12660
12235
12176
12015
12009
12117
11754
11691
11524
11590
11190
11277
11020
10837
10868
10663
10637
10569
10229
10165
10206
10035
10035
9880
9593
9659
9755
9480
9437
9302
9182
8978
8880
9027
8792
8617
8530
8576
8440
8013
8277
8147
7841
7912
7735
7749
7605
7449
7479
7605
7346
7100
6973
6962
7207
6858
6766
6820
6506
6494
6402
6394
6447
6388
5956
6081
5931
5747
5714
5795
5770
5596
5659
5694
5537
5417
5399
5193
5234
5048
5038
5180
4981
4843
4687
4867
4597
4499
4564
4420
4402
4438
4383
4343
4330
4316
4195
4209
3989
4110
3948
3871
3777
3811
3751
3694
3694
3582
3664
3517
3452
3469
3502
3434
3442
3328
3273
3269
3337
3253
3202
3167
3191
3113
3033
3101
2958
2903
2858
2952
2903
2789
2742
2736
2735
2754
2610
2651
2621
2576
2564
2591
2466
2546
2447
2425
2434
2381
2388
2304
2325
2290
2183
2168
2242
2217
2186
2258
2141
2138
2079
2100
2078
2099
2146
2026
1930
1994
2054
1912
1856
2004
1803
1883
1926
1831
1810
1755
1783
1763
1787
1728
1736
1755
1678
1658
1712
1633
1694
1702
1684
1575
1643
1591
1673
1583
1565
1573
1522
1536
1565
1531
1528
1480
1520
1491
1493
1467
1488
1443
1404
1428
1454
1385
1494
1388
1374
1397
1370
1304
1315
1315
1349
1363
1341
1297
1287
1295
1261
1289
1285
1268
1287
1250
1225
1291
1261
1201
1258
1193
1185
1222
1175
1208
1229
1251
1121
1160
1124
1135
1127
1172
1140
1101
1124
1135
1096
1078
1181
1052
1090
1119
1104
1063
1117
1093
1118
1056
1049
1078
1023
1086
1125
1020
1005
1032
1022
1056
999
1048
989
1001
1004
971
1013
959
1005
975
1001
987
1020
989
947
954
1005
979
945
954
905
971
916
942
924
932
943
899
925
958
954
904
868
911
879
916
899
877
875
878
898
881
841
874
885
887
887
858
880
869
866
859
847
836
851
873
827
846
852
853
855
826
834
849
874
805
847
779
819
836
814
812
834
786
831
824
827
822
793
802
817
795
795
800
766
773
773
778
796
776
794
788
815
762
773
761
779
762
781
771
774
783
775
770
766
766
766
768
764
766
764
756
748
739
763
751
748
756
757
742
757
740
746
736
723
743
765
751
719
760
722
738
720
738
717
739
738
720
720
704
720
736
724
716
734
698
734
714
705
719
707
697
714
715
698
713
696
710
702
704
697
719
701
697
710
714
675
692
699
707
698
681
693
701
693
689
693
688
695
662
679
693
689
684
687
661
683
675
666
680
665
671
675
658
683
688
672
661
665
681
670
683
676
682
657
666
666
655
670
667
658
665
666
677
662
664
659
661
650
664
651
646
655
657
655
641
666
636
654
651
652
657
639
640
644
644
634
637
655
636
650
667
637
652
645
652
645
641
651
645
645
651
647
641
636
640
638
634
645
635
637
648
638
644
627
649
642
640
622
619
639
644
630
636
627
634
641
641
643
629
627
652
634
627
634
633
634
639
630
628
630
637
637
653
635
617
645
649
619
633
623
625
623
627
619
627
620
630
629
623
631
629
629
615
634
621
609
626
624
621
614
608
628
628
615
623
623
617
606
632
617
622
629
624
623
611
623
617
610
618
622
612
631
614
627
620
619
633
609
612
617
618
623
619
615
629
618
614
615
619
605
621
615
625
608
606
619
614
617
606
613
609
619
607
614
612
618
620
607
628
613
617
615
606
612
612
611
611
606
622
607
613
607
610
614
621
613
612
605
605
617
603
611
608
600
619
611
605
613
607
612
607
606
603
618
624
610
608
607
603
614
609
612
606
597
611
610
606
602
606
615
603
613
597
609
609
611
609
608
598
608
609
605
608
613
610
611
608
611
617
615
609
603
614
602
617
598
598
599
601
596
609
601
617
605
613
610
609
599
594
610
593
611
611
603
607
609
600
610
606
600
607
609
604
611
604
606
599
601
604
603
611
604
605
603
600
609
609
