607
609
618
609
605
624
617
617
621
607
607
606
610
618
609
615
604
614
602
618
608
606
622
599
611
612
615
611
611
618
615
611
598
619
605
610
598
606
613
611
616
601
606
599
606
607
603
601
603
609
614
607
599
600
605
597
613
608
609
609
611
619
615
604
614
604
613
606
604
614
599
623
615
617
612
614
612
612
605
605
610
610
607
601
601
605
604
605
611
604
612
605
608
616
606
621
606
605
612
607
618
616
611
616
612
618
622
609
616
601
607
615
616
621
610
615
621
624
608
608
610
632
611
609
613
611
612
606
613
625
619
617
617
618
614
623
626
621
612
614
624
623
618
621
621
619
617
622
619
632
635
628
628
625
636
624
634
621
622
616
616
626
630
636
624
626
629
635
623
635
622
641
627
620
621
630
620
617
617
630
632
624
631
629
622
628
651
625
626
634
624
650
627
630
641
630
637
620
626
625
638
646
633
644
642
632
633
641
649
629
652
621
649
649
648
638
646
636
659
645
643
616
631
630
648
648
640
655
650
645
641
636
662
674
658
665
660
649
660
646
656
653
658
659
663
658
661
667
670
663
654
659
686
667
661
660
670
664
659
683
671
671
681
672
696
661
666
654
656
688
654
677
701
680
677
684
685
673
681
688
678
696
679
690
690
678
683
689
683
696
702
714
705
709
685
693
730
685
729
724
719
712
726
714
711
715
748
742
724
743
735
740
720
758
723
736
782
811
759
766
785
805
800
784
778
823
837
792
806
828
835
842
856
870
875
860
864
926
913
895
939
950
949
962
963
986
1018
1035
1042
1068
1043
1046
1089
1159
1107
1105
1191
1212
1139
1204
1234
1229
1308
1332
1359
1493
1482
1431
1425
1506
1538
1579
1591
1657
1660
1746
1832
1820
1914
1897
2076
2150
2109
2214
2267
2235
2324
2387
2542
2579
2820
2800
2840
2956
3102
3232
3256
3377
3575
3677
3752
4059
3937
4208
4391
4399
4579
4738
5079
5315
5399
5590
5851
6094
6190
6633
6821
7178
7337
7591
7961
8188
8648
8638
9281
9521
9766
10075
10536
11065
11382
11783
12281
12827
13242
13760
14583
14864
15589
15844
16607
17234
17581
17999
18812
19070
19813
20432
21496
21702
22355
22704
23315
24299
24946
25614
26433
26689
27486
27962
28336
29355
29272
30133
30604
30283
31122
31382
31844
31861
32040
32729
32741
32942
33635
34054
34057
34329
34118
34989
34667
34888
34716
34720
34395
34992
34691
34118
34176
34038
34099
33747
33629
33858
33716
33360
33450
33123
33258
32826
32817
32624
32186
31850
31704
31018
30526
30573
30123
29776
29511
28915
28964
28455
28109
28056
27637
26932
27033
26442
26388
26057
25395
25104
24445
24202
24322
23707
23403
22735
22612
22502
21742
21783
21095
20927
20854
20594
20160
20351
20010
19830
19505
19224
18977
18737
18790
18619
17951
17840
17592
17472
16857
17304
16740
16192
16570
16245
15804
15580
15827
15343
15507
15083
14974
15056
14893
14451
14617
14174
14110
13938
13791
13790
13698
13524
13313
13058
12881
12741
12594
12547
12331
12381
12252
12240
11962
12065
11716
11786
11772
11487
11426
11103
10972
10843
10816
10519
10478
10393
10326
9888
10011
9871
9719
9839
9658
9227
9425
9210
9207
9230
9005
8663
8855
8705
8609
8388
8282
8092
7954
7905
7955
7800
7569
7492
7548
7271
7334
7240
7240
7035
6851
6978
6767
6879
6674
6726
6372
6529
6414
6332
6259
6014
5878
5942
5976
5832
5752
5563
5602
5425
5436
5221
5465
5259
5212
5011
5033
5104
5076
4873
4839
4802
4714
4665
4539
4589
4455
4495
4485
4266
4257
4182
4145
4123
4090
3967
3958
4005
3983
3878
3893
3875
3643
3778
3699
3561
3545
3530
3553
3324
3392
3233
3225
3218
3348
3291
3228
3073
3170
3040
2960
2990
2969
3012
2897
2867
2814
2902
2785
2754
2753
2617
2692
2646
2656
2642
2576
2556
2457
2470
2520
2448
2350
2354
2376
2369
2340
2409
2336
2282
2288
2294
2199
2376
2199
2166
2132
2119
2140
1961
2126
2124
2020
1922
2061
1955
1937
1960
1924
1943
1941
1959
1859
1851
1809
1810
1864
1820
1770
1792
1716
1745
1743
1745
1694
1707
1671
1657
1718
1596
1649
1652
1660
1638
1543
1608
1578
1467
1614
1579
1509
1517
1532
1467
1517
1521
1496
1470
1474
1442
1407
1456
1427
1418
1470
1342
1357
1378
1408
1371
1351
1320
1300
1362
1345
1315
1290
1315
1228
1272
1347
1299
1295
1303
1267
1227
1231
1244
1276
1202
1243
1181
1194
1212
1197
1179
1160
1111
1178
1163
1132
1123
1182
1123
1150
1131
1145
1143
1123
1140
1094
1108
1111
1066
1065
1102
1065
1064
1066
1061
1027
1042
1028
1047
1038
1052
1074
1023
1041
987
1003
1042
999
1011
998
932
1000
1007
1018
1011
968
987
944
977
961
982
950
979
976
970
944
941
955
918
933
956
939
920
967
912
917
936
894
883
889
897
896
884
901
862
863
855
874
904
886
867
922
875
856
864
828
859
835
842
830
839
826
824
885
860
843
838
839
814
822
832
839
809
830
810
812
806
817
784
787
830
805
800
787
790
813
808
810
821
814
797
797
810
808
775
807
804
834
781
758
795
790
759
785
796
762
779
759
743
767
761
750
756
758
776
755
775
738
786
760
741
739
728
726
736
725
750
717
730
752
724
740
723
741
726
745
741
743
736
729
705
704
717
751
736
697
728
707
710
730
732
721
736
721
706
724
713
711
713
721
710
681
693
700
710
718
717
731
696
702
719
694
701
691
683
690
707
684
703
692
692
691
690
671
679
691
682
680
669
679
668
676
687
661
670
658
690
651
670
682
671
671
670
660
674
680
677
670
655
658
665
681
673
675
672
654
677
666
665
650
668
658
672
648
661
665
662
650
671
658
678
658
672
644
664
650
669
660
662
655
637
648
653
664
632
623
645
644
633
643
656
657
651
653
648
647
657
660
630
652
640
630
649
640
638
640
650
643
650
635
643
631
636
643
647
646
631
634
646
630
649
636
639
631
632
634
633
631
635
640
636
637
649
629
623
634
638
638
620
641
635
628
635
629
631
634
610
639
620
621
624
622
628
649
628
628
638
633
618
621
609
612
629
623
623
621
617
618
626
629
633
632
612
613
619
617
624
627
630
613
622
619
638
618
628
623
629
614
620
614
610
629
611
620
617
611
625
608
616
620
626
614
623
623
613
618
616
611
617
599
622
604
606
611
609
622
606
612
611
601
614
620
605
634
610
621
611
608
613
619
609
609
609
610
605
623
611
620
615
614
601
614
611
603
609
614
611
609
607
607
610
623
623
606
604
614
606
602
614
606
617
604
616
600
624
604
619
605
613
616
613
606
606
610
608
614
601
603
611
609
604
607
600
609
610
607
604
611
603
612
600
602
601
612
607
610
616
613
595
613
608
605
610
601
605
607
609
602
605
612
605
600
604
606
607
609
604
605
606
603
606
603
608
