615
616
624
617
610
612
616
618
616
621
607
620
604
612
612
608
617
612
617
608
620
604
610
619
612
614
615
605
618
610
618
598
619
616
617
594
612
611
607
600
607
616
614
606
601
611
610
608
613
610
615
612
609
620
611
610
611
613
604
624
597
604
618
612
612
607
630
617
607
612
609
618
614
611
609
622
610
613
616
609
606
612
614
603
618
615
625
619
601
619
613
617
607
604
621
625
608
615
610
617
609
617
619
609
622
609
618
620
609
603
612
622
614
619
621
610
612
616
604
613
614
619
614
613
609
606
624
629
619
630
616
619
618
614
622
618
626
622
629
615
627
629
619
613
611
616
623
617
608
630
612
637
620
622
618
630
606
610
621
617
629
620
632
628
617
622
623
624
630
631
640
628
622
625
618
625
630
626
626
636
622
623
626
626
631
617
627
628
631
615
625
646
641
655
615
648
630
633
639
635
632
645
630
644
646
639
648
650
659
643
629
638
641
641
652
651
650
648
653
644
655
648
652
655
656
642
667
643
640
672
651
666
649
664
642
643
671
645
662
657
661
663
653
662
684
661
662
663
650
667
645
667
665
661
687
699
672
664
652
697
670
665
662
668
671
686
675
667
681
682
673
661
680
707
673
679
704
681
681
699
680
693
697
678
684
688
693
708
706
717
722
699
703
705
688
709
712
710
712
719
721
748
726
713
733
751
743
738
733
732
773
751
729
772
753
761
787
769
796
793
810
774
833
821
794
809
857
804
820
867
863
887
868
880
888
964
942
915
929
950
912
935
942
1016
992
961
1004
1024
1068
1062
1060
1123
1134
1104
1144
1134
1199
1173
1270
1246
1270
1298
1341
1379
1394
1435
1433
1471
1458
1535
1547
1619
1727
1706
1790
1808
1955
1851
1996
2001
2074
2158
2105
2179
2336
2359
2374
2566
2495
2669
2720
2879
2970
3054
3150
3299
3349
3592
3677
3768
3857
4098
4292
4282
4473
4571
4565
5022
5206
5257
5483
5734
6008
6283
6523
6725
7080
7331
7511
7658
8140
8448
8740
9129
9249
9786
9971
10501
10817
11232
11643
12334
12645
13214
13735
14285
14839
15526
15805
16240
16679
17204
18362
18735
19405
19582
19922
20913
21675
22438
23164
23424
24083
24817
25563
26440
26770
27105
27902
28376
29248
29851
30218
30291
30776
31243
31538
31865
32188
32534
33008
33791
33632
33974
34798
34807
34638
35573
34983
35745
35536
36062
35647
36312
35800
35751
35374
35344
35073
35478
34802
34769
35124
34398
34393
34615
34754
34258
33825
34304
34005
33721
33091
33390
33226
32702
32127
31616
31211
31082
30964
30004
30121
29782
29564
29326
28818
28183
28003
27837
27841
27216
26724
26554
26135
25861
25234
24991
24290
24336
24172
23670
23444
23179
22525
22379
22057
21968
21726
21157
21257
20958
20656
20262
20321
20350
19895
19901
19443
19328
18581
18265
18164
17949
17885
17518
17332
16978
16812
16823
16571
16479
16296
16344
15740
15587
15746
15496
15575
15066
14797
14756
14986
14413
14556
14343
14283
13886
13639
13549
13339
13354
13143
13073
12836
12845
12844
12812
12822
12508
12492
12087
12041
12039
11825
11461
11588
11194
11199
11123
10966
10694
10510
10474
10309
10246
10187
10112
9975
9820
9733
9731
9376
9435
9264
9068
9282
8945
8792
8837
8460
8639
8169
8276
8052
8071
7820
7679
7789
7656
7569
7495
7389
7247
7360
7057
7107
7053
6953
6747
6766
6547
6591
6604
6426
6402
6336
6149
6240
5856
5897
5893
5837
5619
5745
5654
5551
5302
5332
5333
5335
5259
4985
4933
4988
4987
4753
4839
4684
4665
4624
4595
4549
4460
4242
4274
4287
4241
4387
4210
4014
4022
3933
3940
3953
3891
3859
3840
3925
3826
3686
3679
3604
3585
3437
3421
3368
3447
3342
3273
3169
3172
3193
3312
3049
3090
3072
3059
3035
3001
2865
2902
2884
2854
2983
2699
2779
2817
2624
2580
2531
2655
2652
2569
2659
2547
2564
2420
2430
2348
2432
2348
2362
2321
2259
2247
2263
2251
2169
2154
2225
2196
2169
2181
2085
2119
2059
2018
1990
2048
1965
2030
2037
1936
1961
1965
1820
1938
1964
1887
1932
1907
1854
1806
1848
1711
1816
1765
1750
1771
1763
1737
1692
1688
1723
1765
1608
1709
1668
1673
1578
1570
1659
1579
1567
1531
1571
1571
1507
1491
1545
1527
1430
1480
1443
1444
1408
1456
1423
1380
1399
1384
1421
1423
1398
1401
1387
1409
1397
1297
1305
1432
1321
1281
1252
1245
1322
1302
1344
1254
1257
1189
1264
1196
1261
1224
1225
1223
1257
1187
1222
1201
1208
1193
1180
1142
1154
1204
1160
1189
1164
1176
1205
1208
1134
1110
1104
1102
1121
1105
1145
1091
1041
1073
1085
1091
1066
1059
1065
1087
1084
1070
1035
1027
983
1039
1005
1003
1042
1061
1006
1041
1013
1016
973
982
1004
1005
970
973
985
1010
981
1000
998
946
925
948
980
922
985
953
947
933
930
931
915
879
920
924
905
891
911
867
906
916
966
875
881
899
901
894
900
892
862
886
873
839
863
905
897
837
791
829
846
835
871
841
887
797
861
874
825
831
836
864
805
832
809
828
806
827
825
810
858
787
817
822
832
807
794
778
801
819
795
820
792
768
785
799
777
760
784
753
764
762
763
764
774
745
747
760
777
774
752
775
743
763
750
755
767
759
765
752
759
745
731
741
747
724
728
740
727
761
723
723
705
740
688
716
742
729
719
723
723
743
740
709
724
726
720
728
748
720
731
710
689
725
683
698
714
725
702
731
705
700
686
698
688
703
700
703
677
716
700
698
681
693
674
697
689
691
690
662
671
689
671
682
700
691
698
685
690
675
686
678
685
671
690
684
664
688
684
678
677
658
674
686
663
675
676
681
689
678
670
672
678
673
648
667
674
688
655
654
655
659
660
658
647
662
656
654
645
662
657
655
665
649
653
647
663
666
655
659
659
639
651
642
658
643
648
660
671
637
641
649
658
653
641
638
651
649
628
632
655
640
636
656
647
634
643
644
636
655
635
616
646
617
653
631
636
614
618
617
610
626
631
618
633
645
632
628
646
632
630
629
626
632
629
622
644
633
639
641
637
644
614
631
633
624
630
633
633
632
627
633
628
620
620
641
619
630
629
626
622
630
635
629
629
636
630
623
639
630
629
626
626
613
628
632
607
619
618
620
624
613
631
613
612
612
608
622
625
614
615
615
616
607
612
611
626
619
611
623
613
624
616
609
619
613
611
626
619
609
620
612
615
612
608
620
619
609
614
614
620
600
617
607
620
614
617
615
618
616
623
622
618
610
619
617
619
613
608
608
606
611
613
602
618
607
599
611
610
610
603
605
606
616
614
600
619
612
609
604
602
605
611
611
619
610
589
612
605
605
606
606
598
597
609
611
596
599
615
606
611
615
605
616
608
605
598
604
612
601
598
616
608
606
602
604
616
597
610
604
613
603
607
604
614
610
604
611
604
601
621
610
608
596
610
608
