602
604
599
602
606
594
603
604
594
602
609
605
598
596
605
601
595
605
608
604
609
600
598
614
600
602
602
608
617
610
611
608
604
618
609
609
609
602
603
614
611
605
608
614
598
606
610
614
600
611
601
607
601
596
600
605
600
613
594
604
599
606
602
601
593
615
608
598
604
604
604
601
603
610
601
605
600
605
606
604
608
605
601
602
603
601
598
602
601
603
600
599
595
600
603
603
603
603
607
605
603
600
603
595
599
606
605
603
599
607
603
604
605
610
604
596
596
608
606
603
598
606
599
603
599
607
606
603
602
608
601
604
603
596
607
606
601
609
608
607
594
609
600
602
604
601
596
602
595
603
602
599
598
594
602
608
598
602
599
604
602
613
604
607
603
596
603
601
601
594
602
596
607
595
598
603
598
609
603
604
600
607
603
600
610
605
603
610
604
605
601
602
600
600
606
598
598
604
600
596
615
602
592
602
607
597
608
607
603
605
607
597
598
598
618
602
604
600
598
602
609
596
593
598
600
593
602
600
603
602
600
603
601
599
601
600
606
592
599
603
596
596
604
599
613
600
596
591
605
601
605
606
599
618
604
609
607
611
597
603
599
603
610
597
598
603
601
605
600
603
606
617
605
603
601
603
609
610
603
604
592
606
609
608
605
614
600
605
616
606
614
613
604
604
595
597
606
611
608
593
609
604
602
607
601
600
610
604
604
613
605
604
602
618
615
615
605
605
606
614
617
603
604
613
605
607
618
604
613
607
604
607
609
602
601
611
612
614
628
610
612
610
622
611
609
617
612
609
611
613
605
606
625
617
623
607
622
627
624
624
618
617
619
629
623
626
608
626
625
618
622
621
626
622
624
651
633
624
633
628
613
627
627
636
638
616
638
635
627
627
641
650
638
658
641
645
629
633
648
657
646
673
652
675
657
656
663
686
651
658
672
688
667
684
692
691
685
689
679
695
686
679
712
700
705
711
733
726
720
724
738
735
706
757
755
774
765
757
765
789
769
796
773
790
800
821
838
802
858
857
829
840
854
894
840
909
885
895
924
902
979
924
968
945
961
974
1012
1036
1037
1022
1079
1059
1037
1099
1113
1101
1113
1178
1150
1182
1255
1203
1185
1264
1245
1305
1269
1278
1297
1296
1372
1302
1345
1387
1455
1449
1478
1548
1546
1502
1619
1548
1544
1687
1628
1673
1698
1728
1702
1758
1723
1719
1883
1806
1893
1891
1870
1966
1941
1977
1934
2025
1923
2124
2068
2054
2161
2206
2266
2217
2293
2359
2304
2436
2386
2471
2373
2401
2521
2595
2490
2636
2604
2644
2583
2732
2771
2870
2869
2858
2848
2871
2780
2932
3051
3008
3090
3106
3130
3170
3191
3226
3301
3298
3353
3407
3498
3430
3375
3467
3471
3453
3515
3671
3689
3707
3651
3674
3666
3876
3794
3733
3824
3877
3825
3887
4085
3898
4089
3932
3951
4049
4063
4110
4265
4180
4069
4144
4136
4385
4128
4153
4254
4405
4289
4268
4283
4357
4466
4476
4481
4480
4630
4616
4583
4568
4608
4547
4552
4618
4519
4643
4581
4546
4530
4706
4583
4553
4639
4498
4823
4505
4844
4704
4721
4673
4901
4915
4657
4762
4845
4708
4747
4893
4744
4681
4709
4758
4796
4706
4600
4754
4781
4735
4829
4743
4801
4694
4790
4731
4698
4764
4846
4643
4774
4789
4692
4746
4703
4702
4778
4633
4799
4657
4543
4807
4614
4597
4675
4781
4510
4524
4681
4685
4610
4563
4614
4517
4602
4708
4577
4598
4586
4600
4502
4514
4443
4622
4409
4485
4372
4407
4432
4411
4343
4377
4415
4332
4414
4291
4359
4265
4357
4092
4418
4215
4230
4290
4120
4153
4041
4114
3897
3993
3998
4207
3967
4004
3955
3836
4008
3928
3843
3896
3962
3985
3821
3844
3863
3781
3870
3735
3735
3726
3730
3563
3688
3597
3565
3624
3525
3477
3536
3488
3466
3412
3473
3452
3422
3422
3286
3343
3187
3273
3243
3052
3190
3038
3125
3238
2995
3056
3039
2941
3022
2983
2846
2925
3020
2725
2956
2878
2839
2646
2806
2769
2631
2749
2628
2642
2556
2591
2559
2562
2612
2594
2501
2482
2375
2489
2419
2412
2408
2229
2394
2258
2329
2209
2302
2216
2200
2294
2168
2181
2099
2043
2158
2084
2035
1955
1988
1998
1922
1892
1960
1881
1923
1818
1812
1849
1798
1749
1816
1769
1772
1696
1688
1690
1693
1703
1667
1685
1676
1608
1597
1602
1522
1585
1532
1459
1490
1454
1480
1480
1451
1473
1436
1391
1406
1396
1380
1395
1366
1357
1281
1305
1324
1293
1298
1285
1237
1228
1299
1235
1201
1201
1278
1176
1196
1158
1130
1144
1121
1125
1096
1108
1127
1089
1155
1082
1110
1093
1021
1087
1036
1050
1023
1042
1018
1034
1046
1006
1023
978
986
968
946
938
995
957
950
948
902
921
909
956
891
935
912
876
923
895
903
898
897
867
843
886
896
860
847
849
871
815
829
836
825
849
832
816
827
825
843
809
842
818
819
809
783
780
787
776
788
766
766
769
781
765
801
815
761
756
774
747
748
774
793
768
756
772
737
758
754
753
750
736
731
718
731
735
750
718
744
730
748
719
721
697
720
702
711
721
687
709
695
714
740
699
696
693
695
690
722
689
692
690
699
692
701
695
669
670
692
691
682
667
687
678
667
695
669
664
671
688
673
669
674
673
684
657
686
670
684
673
667
665
647
675
658
660
660
647
658
656
663
659
669
651
656
642
658
653
645
645
646
649
656
648
644
628
654
665
641
655
647
648
641
628
635
644
647
638
655
638
641
643
634
639
653
637
630
630
648
635
631
637
630
634
644
628
629
639
644
631
633
628
637
640
623
638
635
622
641
631
638
614
629
629
631
633
622
623
624
634
622
617
620
615
617
608
631
621
613
625
633
623
613
621
619
621
620
622
608
608
615
628
624
624
624
617
611
620
613
627
618
619
630
619
618
623
607
623
623
622
612
624
606
607
617
606
621
618
608
614
607
613
616
623
615
623
608
602
629
610
614
627
613
621
619
622
615
622
619
615
595
610
615
609
608
615
611
612
618
599
607
611
609
601
610
605
608
605
615
609
603
608
609
605
610
603
610
614
611
613
635
624
641
663
641
662
656
640
625
616
610
612
616
608
605
600
605
604
595
610
601
599
612
609
609
606
607
603
598
605
604
606
608
616
604
600
608
607
600
608
604
602
608
606
620
606
601
601
602
606
613
598
602
599
603
600
594
602
595
607
603
617
605
606
597
606
603
603
598
605
594
594
609
615
596
604
602
602
597
601
603
609
609
610
598
604
610
611
593
595
597
601
602
604
595
615
611
610
597
593
609
597
611
616
607
600
605
603
604
599
605
600
605
601
608
596
608
600
609
603
598
590
597
602
603
611
