619
604
609
604
609
605
601
606
609
610
601
609
598
607
605
617
613
606
612
613
608
613
597
596
608
605
609
611
609
600
608
607
610
596
603
614
609
598
606
601
611
615
616
603
602
609
608
607
610
602
606
602
611
604
605
606
603
604
609
604
607
607
603
600
598
605
605
605
605
611
603
603
608
605
605
598
601
600
605
606
610
599
603
608
605
602
600
613
597
601
595
598
607
608
605
605
598
604
593
609
604
616
606
603
601
604
609
596
615
613
609
611
608
606
607
603
608
601
604
610
600
606
603
605
601
601
601
603
595
601
605
600
598
604
606
601
602
600
600
605
611
603
602
613
609
604
600
604
608
605
605
606
605
606
603
609
601
606
609
604
609
608
596
595
603
596
607
606
596
595
597
604
606
600
601
598
599
609
617
604
604
600
601
602
603
605
610
601
603
607
598
614
598
612
604
604
601
598
602
599
609
607
601
610
603
600
608
604
615
611
605
606
605
612
604
604
605
601
610
621
605
607
606
605
604
605
608
603
601
600
606
605
590
605
606
599
600
614
604
608
615
601
606
600
609
615
606
601
613
614
603
601
605
606
606
601
605
606
607
599
610
603
606
613
603
609
611
598
604
602
598
607
605
601
613
606
611
607
615
599
602
606
604
610
597
605
602
610
606
600
602
616
608
603
606
614
615
614
614
607
602
608
613
618
603
618
603
607
610
609
608
612
605
615
607
618
609
616
621
609
599
616
618
616
620
617
610
620
613
608
627
627
607
626
624
617
614
604
628
624
612
623
627
622
628
630
618
623
624
625
614
630
641
622
629
630
615
625
626
615
625
638
638
624
630
644
643
623
633
629
636
642
653
637
643
657
635
635
652
661
654
665
657
645
662
648
662
662
680
667
682
660
682
666
656
666
669
662
692
689
688
698
688
685
696
696
676
711
700
723
708
696
737
735
706
725
739
720
750
741
772
773
761
783
774
781
766
782
788
798
771
810
816
821
837
817
854
833
869
868
885
913
940
881
904
937
928
942
941
930
990
930
993
988
1021
1062
1039
1040
1086
1052
1113
1064
1138
1093
1148
1143
1165
1162
1216
1190
1251
1260
1239
1325
1288
1380
1303
1339
1390
1389
1414
1539
1560
1521
1488
1519
1562
1586
1592
1657
1699
1712
1714
1816
1791
1832
1781
1891
1896
1895
1975
1995
2078
2061
2049
2091
2122
2180
2215
2189
2233
2212
2361
2391
2405
2445
2442
2522
2521
2620
2566
2653
2713
2864
2778
2839
2924
2914
2936
3013
2935
3078
3051
3113
3224
3244
3225
3410
3254
3478
3584
3648
3605
3720
3773
3731
3842
3972
3923
3909
4042
4025
3951
4162
4101
4310
4252
4184
4429
4374
4454
4565
4599
4640
4691
4857
4907
4874
5045
5015
5040
4958
5083
5109
4979
5226
5384
5232
5507
5489
5424
5552
5620
5670
5729
5751
5842
5757
5865
6000
6079
6142
6031
6198
6181
6278
6186
6210
6222
6203
6278
6326
6326
6473
6348
6651
6566
6474
6700
6644
6666
6721
6851
6647
6854
6864
6898
6626
6889
7025
6695
6848
6757
6849
7050
7132
6948
7108
7115
6955
6909
7163
6979
7155
7305
7292
7383
7204
7203
7244
7137
7046
7409
7174
7356
7145
7289
7233
7173
7214
7001
7153
7008
7051
7170
7294
7061
7003
7100
7231
7098
7214
7124
7045
7190
7345
7082
7188
7296
7031
7048
7149
7063
7132
7023
6915
7125
7059
6991
7180
7159
7018
6844
7091
7005
6897
6900
6863
6784
6827
6756
7001
6936
6897
6810
6611
6539
6612
6699
6756
6607
6761
6573
6669
6598
6500
6524
6510
6454
6491
6418
6535
6362
6301
6529
6327
6417
6299
6076
6056
6183
6284
6209
5995
6136
6238
5867
5964
5936
5991
5957
5903
5896
5886
5843
5722
5763
5615
5667
5569
5556
5560
5563
5649
5466
5386
5289
5465
5444
5306
5290
5392
5383
5382
5252
5225
5149
5079
5040
5084
4922
4860
4988
4937
4897
4816
4749
4644
4687
4789
4723
4615
4525
4472
4593
4449
4533
4421
4384
4356
4181
4395
4302
4205
4074
4204
4163
4067
4110
4113
3897
4004
3879
3845
3899
3722
3683
3788
3680
3627
3624
3588
3476
3515
3503
3452
3467
3395
3286
3290
3267
3252
3302
3193
3237
3069
2945
3084
3053
2962
2958
2888
2830
2865
2845
2827
2816
2651
2643
2774
2637
2678
2485
2615
2517
2447
2470
2506
2471
2501
2262
2349
2452
2431
2316
2335
2260
2279
2235
2139
2057
2188
2069
2053
2044
2012
2096
2094
1970
1937
1990
1926
1932
1817
1842
1877
1813
1848
1800
1802
1728
1685
1695
1684
1625
1664
1648
1583
1601
1549
1566
1589
1607
1526
1557
1465
1512
1490
1455
1501
1460
1471
1404
1417
1430
1367
1332
1379
1319
1326
1318
1344
1247
1286
1293
1275
1226
1242
1243
1208
1197
1204
1258
1180
1168
1168
1195
1131
1156
1145
1125
1101
1133
1136
1088
1089
1122
1036
1050
1104
1059
1061
1041
1065
1054
1022
990
989
990
984
1006
994
992
993
986
957
976
916
968
996
938
928
954
956
924
942
889
932
901
896
891
870
880
853
899
847
867
840
885
852
852
918
878
833
822
874
815
836
861
830
841
836
808
818
791
829
817
788
825
799
786
802
763
806
787
785
787
769
803
766
801
791
758
762
792
753
775
771
759
737
757
767
768
782
765
748
725
734
741
744
729
721
717
744
726
722
733
736
727
710
720
686
727
721
714
731
706
708
716
723
692
705
695
706
698
710
701
699
713
708
695
676
701
671
719
698
691
656
679
674
656
696
689
682
690
662
672
688
678
705
689
680
683
674
660
662
688
658
669
657
685
664
668
671
657
663
658
660
634
667
646
667
671
658
637
651
646
654
672
649
671
660
647
663
664
650
649
661
658
651
637
654
650
651
647
647
647
652
637
652
654
642
637
649
633
636
630
641
634
640
641
631
636
631
628
639
636
630
630
639
630
622
624
616
632
616
637
640
629
621
625
631
621
634
638
630
631
639
614
642
624
632
631
636
630
617
629
635
631
623
638
627
631
627
602
625
630
621
628
614
631
618
626
631
623
614
634
617
618
613
615
623
615
621
621
609
615
615
614
608
616
629
615
624
615
619
606
604
614
625
616
615
613
611
612
619
614
605
615
615
622
612
623
609
613
607
606
609
622
614
612
622
613
611
618
611
612
625
606
619
615
614
611
619
604
604
611
610
613
618
603
608
614
608
607
606
613
617
613
614
612
615
616
619
609
626
614
604
615
603
613
612
602
603
615
610
603
612
610
612
608
611
617
603
602
603
611
605
612
604
609
612
596
602
613
605
602
607
607
613
597
602
612
603
604
609
601
597
602
599
604
611
602
612
603
604
603
611
609
605
604
604
603
598
604
600
610
602
609
605
607
605
602
606
600
594
604
601
606
613
