602
604
606
603
607
600
601
608
594
607
606
608
606
609
608
610
611
604
603
594
599
609
603
613
608
609
606
604
612
605
598
612
613
614
604
605
610
614
612
614
608
606
605
610
608
607
603
602
598
607
597
605
615
606
603
609
604
609
608
605
600
602
601
613
605
606
611
602
604
606
599
606
604
612
601
607
610
607
596
608
611
600
602
604
606
596
599
607
606
605
602
611
606
612
611
605
610
606
612
603
610
597
604
607
609
605
608
598
608
609
609
601
599
612
598
607
602
592
602
602
594
607
611
606
614
603
616
598
600
604
611
610
599
607
605
611
607
608
602
606
599
611
609
608
607
606
609
606
606
607
602
610
607
597
602
609
603
605
611
609
606
598
607
608
605
598
596
602
609
610
602
610
611
604
602
607
598
595
607
595
591
603
605
608
605
606
601
605
605
610
596
608
610
610
600
613
605
603
603
609
603
608
595
604
602
605
611
604
604
615
606
613
609
616
602
607
614
606
603
602
600
605
603
608
606
614
606
603
602
621
602
599
603
604
604
609
606
602
610
606
617
600
611
604
598
609
610
598
603
604
598
605
611
606
616
621
604
614
605
615
601
601
602
624
603
616
603
605
607
615
595
610
597
606
611
616
607
609
603
611
608
597
607
610
603
606
609
598
614
604
607
613
606
610
616
603
608
619
610
618
619
620
616
614
610
611
617
618
622
608
618
620
615
609
610
606
618
613
612
608
617
619
619
610
629
620
616
619
616
613
627
617
624
623
607
637
626
620
628
622
613
634
612
637
630
626
636
625
627
622
614
642
633
632
652
634
635
639
640
651
644
649
632
641
654
631
649
641
667
629
649
635
654
643
648
661
631
657
687
667
655
661
661
655
668
670
675
669
674
665
671
686
679
685
682
713
696
709
694
711
717
712
700
725
687
734
719
721
725
723
741
765
758
731
771
755
765
783
780
788
794
824
795
786
804
800
810
781
835
828
856
845
841
900
917
916
914
902
920
962
967
932
957
965
1000
974
1021
997
1046
999
1054
1075
1098
1048
1089
1148
1168
1197
1191
1170
1208
1201
1259
1213
1285
1329
1308
1346
1341
1392
1414
1445
1456
1451
1495
1531
1555
1616
1615
1673
1715
1681
1663
1816
1775
1815
1892
1928
1854
1906
2069
1934
2010
2050
2071
2062
2179
2195
2313
2309
2297
2421
2368
2395
2491
2584
2500
2538
2676
2724
2714
2772
2821
2796
2951
2931
2918
2959
2998
3102
3101
3232
3148
3283
3278
3354
3595
3443
3507
3610
3671
3665
3760
3681
3860
4016
3884
3948
4028
4074
4171
4175
4267
4282
4365
4619
4483
4604
4628
4593
4801
4617
4756
4846
4963
5063
4845
5171
5198
5166
5326
5330
5292
5445
5613
5636
5707
5640
5898
5719
5718
5945
5908
5990
6102
6028
6014
6289
6228
6103
6263
6430
6473
6584
6448
6582
6752
6630
6652
6774
6822
6874
7171
6984
7122
6949
7272
7147
7150
7320
7313
7285
7221
7250
7485
7502
7583
7461
7525
7549
7882
7581
7765
7668
7879
7893
7764
7870
7796
7955
7959
7742
7853
7790
7879
7883
7995
8025
7926
8031
8081
7965
8157
8067
8122
8172
8291
8181
8097
8221
8326
8214
8200
8190
8089
8048
8167
8254
8105
8210
8262
8036
8323
8386
8081
8292
8262
8226
8424
8332
8168
8138
8122
8294
8076
8280
7992
7981
8268
8082
8118
8016
8041
8043
8147
8080
8193
8030
8239
8199
8135
8052
8139
8130
8251
7624
7863
7894
7900
7998
7777
7842
7571
7785
7831
7817
7708
7711
7708
7775
7557
7458
7611
7742
7582
7685
7509
7503
7462
7330
7413
7413
7287
7290
7193
7198
7166
6947
7030
7144
6816
7057
7031
6996
6923
6811
6960
6981
6732
6799
6848
6898
6743
6865
6733
6579
6658
6692
6436
6496
6239
6275
6416
6301
6221
6303
6216
6204
6223
5958
6200
5907
5831
5828
5946
5891
5892
5735
5667
5693
5540
5657
5591
5486
5368
5493
5311
5304
5300
5288
5219
5200
5072
4970
5122
5017
5132
4911
5009
4774
4787
4788
4819
4841
4707
4599
4514
4494
4493
4366
4481
4417
4229
4193
4183
4253
4117
4207
4063
3951
3984
3957
3909
3931
3796
3760
3871
3705
3695
3637
3615
3639
3412
3564
3506
3371
3418
3377
3237
3197
3166
3136
3045
3127
3041
3116
3053
2886
2893
2917
2840
2966
2830
2777
2795
2691
2634
2632
2656
2557
2474
2575
2527
2451
2515
2492
2522
2309
2306
2334
2276
2346
2266
2168
2177
2169
2253
2114
2159
2091
2052
2058
2034
1998
1960
1932
1925
1926
2001
1793
1842
1788
1837
1731
1819
1805
1788
1729
1632
1656
1660
1645
1666
1581
1583
1657
1615
1591
1571
1566
1528
1493
1535
1477
1460
1473
1404
1453
1408
1421
1396
1362
1401
1368
1317
1318
1281
1323
1293
1294
1330
1262
1253
1237
1215
1239
1231
1256
1212
1203
1169
1193
1171
1125
1147
1183
1131
1104
1119
1139
1127
1074
1066
1059
1088
1077
1100
994
1048
1042
1063
1024
999
967
1042
936
1008
989
949
968
1012
979
955
957
944
943
941
919
959
960
926
891
916
924
921
927
902
888
895
887
900
886
901
878
887
826
815
860
886
823
855
831
825
850
839
829
873
783
827
792
820
817
819
837
828
782
830
833
804
786
799
793
815
779
804
807
780
776
768
770
768
781
784
755
756
772
745
750
774
752
756
761
730
785
749
731
754
752
741
704
722
724
720
729
749
698
732
713
727
716
711
701
732
724
686
698
717
705
703
703
708
694
703
720
674
715
701
697
702
698
675
687
675
683
682
679
689
672
680
681
672
673
673
692
692
657
654
670
687
673
675
670
659
681
656
658
669
666
668
662
675
647
667
665
645
674
667
657
655
677
665
676
655
670
655
656
664
642
654
649
657
656
656
651
656
651
653
638
654
645
648
644
647
667
653
645
647
647
645
647
650
631
649
659
632
645
631
629
633
624
636
638
639
635
648
634
636
636
634
627
637
623
624
622
637
625
628
630
630
620
631
621
626
630
633
639
627
624
625
623
630
631
629
610
619
622
633
619
616
631
609
621
618
619
610
618
624
616
613
621
632
621
630
617
622
619
625
620
625
626
615
623
618
609
617
623
625
614
618
617
613
613
616
625
616
608
606
617
622
612
630
601
624
608
609
624
619
626
623
609
613
617
608
610
620
610
617
616
611
609
623
616
619
607
616
613
615
609
609
608
615
610
612
611
605
610
610
608
599
611
615
616
620
629
605
612
601
615
606
610
601
612
608
614
608
605
611
604
602
607
602
617
614
607
611
607
606
603
606
609
605
614
616
611
602
601
607
601
615
608
610
606
614
611
607
618
601
608
610
608
613
609
602
611
607
610
600
617
611
613
601
608
604
602
612
614
613
604
599
607
605
608
596
601
597
604
604
612
606
607
