606
608
606
607
614
610
609
604
605
603
608
598
597
607
617
602
621
604
607
608
603
608
613
619
614
612
613
615
610
607
608
601
606
610
602
601
612
602
601
612
607
603
607
604
607
610
594
608
605
602
611
603
609
606
596
603
603
612
617
613
608
613
611
596
610
609
594
611
604
607
609
605
600
600
602
602
605
609
606
606
608
607
603
611
608
610
601
609
610
607
603
610
598
606
611
609
604
600
611
607
603
620
600
604
603
611
606
603
600
614
597
599
609
603
605
603
604
601
603
596
610
604
608
614
605
605
604
593
602
613
609
605
604
602
603
600
600
611
607
602
606
600
605
612
600
604
604
604
613
613
600
593
604
599
605
598
603
614
604
606
614
609
599
610
606
609
603
606
606
605
606
613
602
602
598
606
595
603
603
606
610
597
606
607
604
604
609
606
607
601
604
602
601
592
602
604
600
610
609
614
612
600
610
601
597
608
594
602
608
601
616
597
603
600
604
605
612
602
598
607
599
609
600
603
615
614
607
612
609
606
611
599
612
600
606
602
598
601
602
612
605
609
608
598
604
611
605
596
614
604
613
609
599
604
605
610
609
599
617
617
606
612
611
613
615
611
606
609
603
613
605
611
623
610
603
613
617
609
611
608
609
617
610
605
620
610
623
622
624
604
604
617
609
612
618
612
599
608
612
618
622
621
632
624
623
622
628
616
612
618
620
627
619
603
609
614
632
626
614
623
621
618
617
622
618
628
610
624
623
628
623
633
636
623
627
631
630
623
630
622
624
660
632
631
622
647
654
644
645
637
643
646
638
639
649
664
650
659
671
658
648
642
642
658
653
660
663
659
667
669
658
680
651
685
683
674
677
692
699
672
678
686
711
690
684
706
694
715
700
698
729
732
721
709
733
714
738
721
744
744
745
752
754
744
753
749
758
769
774
796
783
840
829
814
783
790
822
794
870
835
834
839
891
872
873
882
883
954
903
967
947
955
987
977
960
1015
1009
1002
1050
1052
1057
1109
1094
1139
1138
1118
1166
1152
1208
1174
1241
1290
1319
1288
1319
1369
1362
1399
1387
1458
1482
1488
1471
1489
1515
1527
1597
1605
1715
1672
1683
1750
1777
1751
1849
1846
1883
1976
2001
2070
2083
2096
2171
2117
2310
2267
2202
2307
2335
2446
2440
2548
2516
2617
2705
2748
2781
2832
2861
2842
2991
2993
3026
3092
3104
3270
3262
3287
3404
3526
3541
3434
3582
3833
3725
3892
3866
3960
3925
4010
4166
4010
4290
4287
4393
4474
4409
4590
4686
4711
4766
4871
5058
4972
5015
5118
5196
5151
5251
5422
5396
5454
5705
5774
5805
5964
5916
5959
6069
6316
6233
6509
6478
6498
6581
6628
6779
6857
6963
6975
7045
7265
7438
7533
7327
7517
7706
7645
7894
7648
7852
8004
8142
7966
8232
8261
8416
8590
8676
8488
8579
8611
8704
8788
8877
8836
9017
9209
9211
9353
9359
9213
9497
9549
9529
9691
9538
9769
9806
10066
9893
9860
9834
9728
10034
10074
10195
10402
10315
10424
10500
10508
10661
10535
10678
10831
10581
10520
10352
10552
10723
10759
10498
10652
10597
10606
10684
10831
10850
10817
10801
11079
10757
10943
11163
10971
11250
11129
11151
11121
11097
11154
11379
10921
11085
11201
11041
11251
10985
11379
11140
11189
11174
11146
11364
11405
11366
11294
11022
11141
11198
11486
11333
11426
11035
11128
11184
11325
11000
10894
11130
10988
11061
11254
10890
11030
10863
10907
11131
11106
11053
11103
10803
10858
10775
10788
10881
10906
10863
10703
10682
10698
10532
10697
10382
10655
10538
10420
10336
10543
10234
10530
10399
10480
10554
10461
10398
10358
10409
10081
10270
10164
10006
10054
10059
9861
9970
9553
9636
9659
9518
9661
9551
9590
9679
9507
9438
9477
9339
9407
9431
9193
9250
9101
9254
9169
9168
8924
8826
9027
8885
8745
8738
8630
8479
8573
8224
8334
8169
8366
8176
8204
8241
8158
8085
8086
7886
7808
7917
7629
7844
7610
7635
7548
7458
7308
7367
7216
7188
7245
7123
6900
6939
7011
6980
6690
6678
6765
6602
6613
6559
6497
6515
6384
6416
6298
6231
6211
6232
6166
5969
5924
5820
5916
5865
5600
5626
5541
5478
5450
5450
5429
5284
5265
5407
5236
5185
5082
4899
4978
4762
4838
4708
4765
4727
4580
4609
4504
4518
4311
4403
4226
4305
4106
4147
4173
4128
4119
3898
3920
3773
3815
3823
3644
3717
3709
3705
3683
3532
3639
3511
3461
3383
3334
3347
3190
3213
3134
3061
3088
3103
3045
3079
2914
2905
2874
2926
2837
2746
2849
2823
2792
2685
2628
2613
2598
2633
2515
2410
2326
2423
2374
2330
2290
2253
2357
2313
2270
2142
2112
2257
2091
2184
2167
2105
2138
2082
2052
2067
1967
1935
1933
1943
1851
1900
1836
1827
1746
1759
1777
1721
1753
1741
1618
1623
1656
1721
1672
1546
1621
1547
1646
1560
1556
1482
1523
1483
1474
1479
1471
1465
1414
1383
1473
1410
1408
1323
1383
1376
1318
1370
1308
1376
1303
1309
1284
1291
1233
1210
1257
1221
1229
1229
1203
1236
1182
1252
1222
1153
1188
1089
1102
1214
1147
1156
1102
1138
1117
1133
1095
1096
1112
1021
1051
1108
1119
1051
1007
1017
1030
1030
999
987
999
1000
1016
1002
966
994
946
956
969
932
943
898
926
909
973
921
897
937
929
916
934
895
909
916
915
866
923
847
870
894
880
878
845
830
859
871
839
850
867
871
880
856
813
814
827
818
816
805
803
801
807
800
809
834
779
775
821
824
782
772
796
770
798
778
793
795
774
775
770
751
769
743
762
730
768
752
752
756
760
717
770
755
745
727
729
735
720
729
736
719
718
708
709
726
693
726
740
741
702
701
729
714
696
691
704
702
682
712
696
687
703
704
712
684
681
695
668
705
694
686
695
680
708
692
689
689
682
692
682
686
672
685
674
678
699
674
686
676
681
675
665
683
668
674
673
659
661
676
668
672
672
670
658
676
664
669
646
663
654
675
655
652
661
649
660
661
640
649
659
661
649
639
649
640
645
639
645
654
650
636
642
640
643
661
649
639
659
632
648
644
639
644
642
645
657
650
644
637
640
641
638
640
635
621
628
628
633
635
632
631
625
626
628
634
628
633
632
632
623
626
622
613
632
626
635
629
634
631
630
634
629
634
640
616
620
627
632
623
641
623
635
621
618
639
624
613
630
622
630
616
616
621
621
622
621
634
617
621
615
614
615
610
622
616
612
617
611
627
619
603
622
625
620
601
617
620
609
613
612
623
626
627
608
615
629
619
609
625
614
629
620
614
607
613
615
607
598
611
600
609
605
626
614
617
617
609
614
622
627
605
603
613
607
614
611
612
594
606
602
610
605
611
623
605
611
618
608
618
600
612
611
604
616
597
599
615
603
611
604
623
611
609
610
596
612
609
612
607
611
610
607
607
606
611
617
604
600
612
606
603
601
613
607
608
600
608
607
