616
613
618
612
605
609
605
604
614
612
614
596
615
605
606
609
610
618
611
607
605
609
606
607
618
598
608
604
611
607
597
606
612
603
594
620
608
604
610
615
596
608
611
613
605
611
611
610
608
613
609
610
602
604
609
610
602
607
615
605
607
607
602
618
602
605
606
615
607
603
606
615
612
606
601
608
623
604
611
619
616
604
602
601
599
595
608
605
610
608
600
602
606
606
602
609
614
609
609
607
611
603
608
607
606
606
607
604
607
606
598
606
605
602
613
602
610
610
604
600
612
607
615
610
607
605
616
613
613
603
608
606
616
597
607
599
600
601
609
604
596
597
610
605
609
604
601
604
603
603
600
612
604
609
614
608
602
609
613
608
608
592
611
612
609
607
609
607
606
600
603
619
613
612
612
618
607
598
604
609
608
609
611
607
602
608
608
611
608
606
613
619
612
614
613
608
608
610
596
618
603
609
602
601
613
601
602
598
591
603
604
603
604
609
606
613
607
608
611
611
609
603
606
611
605
608
609
610
612
611
614
606
605
602
609
606
612
610
601
610
607
602
610
614
606
606
595
608
613
611
622
610
602
614
600
603
618
604
618
601
614
612
607
613
625
610
617
621
608
607
605
616
624
619
614
617
612
626
612
614
621
615
627
614
624
614
609
614
605
629
617
618
620
628
624
616
621
616
635
609
621
617
613
614
620
614
617
613
625
614
615
620
623
629
608
629
622
638
636
631
620
632
623
626
632
623
631
622
628
617
646
636
638
647
633
628
629
653
643
633
638
652
644
655
653
646
647
643
641
652
652
658
656
635
642
655
647
657
655
645
645
662
644
662
661
672
650
693
683
692
687
681
668
680
685
704
701
696
705
691
701
713
712
712
743
706
708
715
743
721
746
748
725
732
760
750
719
742
759
771
794
782
778
766
782
762
801
773
765
836
813
819
858
850
846
855
875
883
879
910
870
892
881
908
881
928
918
923
979
952
1012
1012
1039
1065
1039
1051
1071
1050
1085
1078
1091
1124
1101
1136
1190
1203
1221
1222
1194
1238
1317
1312
1324
1375
1372
1375
1407
1456
1486
1511
1544
1470
1590
1577
1573
1643
1654
1665
1687
1783
1837
1868
1941
1897
1996
1894
2025
2018
2122
2108
2161
2220
2252
2174
2335
2292
2353
2434
2468
2521
2660
2623
2698
2746
2855
2832
2907
2861
3090
3013
3262
3205
3288
3421
3398
3445
3510
3473
3643
3682
3748
3730
3801
4009
3948
4118
4112
4215
4095
4354
4449
4562
4667
4621
4919
4682
4903
4870
5031
5017
5214
5206
5329
5376
5447
5510
5658
5742
5717
6119
6149
6059
6168
6280
6489
6519
6619
6823
6640
6729
6744
7054
7170
7235
7218
7259
7424
7526
7701
7725
7931
7918
8295
8198
8300
8527
8505
8512
8668
8910
8930
8832
9032
9213
9103
9392
9486
9248
9508
9488
9743
9739
9950
10057
10100
10266
10305
10405
10474
10583
10605
10733
10826
10947
10731
11008
11269
11210
11043
11270
11307
11450
11350
11350
11494
11349
11762
11831
11731
11777
12070
11946
11978
12206
12353
12401
12237
12356
12187
12487
12500
12310
12473
12412
12296
12425
12422
12620
12509
12696
12473
12609
12883
12978
12982
12768
13058
13027
12587
12997
12921
13130
13159
12973
13039
13092
12822
13179
12981
12975
12959
12792
13152
12793
13117
13155
12868
13103
13271
13047
12904
12808
13358
12964
12741
13176
12771
13013
12815
12797
12775
12658
12792
12828
12866
12887
12705
12828
12691
12813
12620
12380
12509
12740
12691
12483
12566
12535
12681
12707
12195
12558
12325
12356
12278
12140
12167
12321
11966
11989
12089
11877
12186
12333
11879
11970
12087
11792
11883
11825
11750
11719
11871
11590
11696
11559
11352
11250
11223
11368
11205
11243
11068
11129
10838
10982
11105
10996
10962
10790
11123
10818
10852
10751
10729
10743
10632
10493
10486
10341
10048
10268
10102
10132
9987
10093
9776
9878
9905
9559
9711
9751
9550
9678
9444
9556
9406
9187
9345
9306
9275
8931
9108
8728
8809
8623
8759
8414
8454
8534
8476
8611
8326
8227
8053
7994
7825
7870
8067
7849
7866
7885
7758
7654
7522
7497
7433
7250
7284
7250
7124
7277
6921
6878
6681
6715
6733
6733
6561
6466
6419
6435
6406
6319
6461
6286
6077
6057
5854
5944
5752
5853
5832
5666
5643
5524
5642
5321
5514
5296
5233
5052
5145
4880
5027
5063
4957
4834
4775
4760
4780
4553
4706
4516
4459
4547
4396
4348
4441
4184
4126
4103
4144
4011
4060
3880
3872
3748
3680
3717
3720
3569
3606
3493
3577
3627
3477
3449
3387
3264
3250
3387
3281
3250
3189
3214
3134
3070
3062
3025
2784
2920
2883
2780
2825
2707
2753
2619
2640
2582
2638
2511
2608
2480
2465
2460
2462
2474
2343
2365
2345
2346
2312
2255
2276
2167
2234
2183
2141
2108
2147
2091
2033
1949
2004
1914
1980
1935
1936
1890
1900
1832
1923
1776
1848
1770
1749
1758
1820
1738
1693
1717
1627
1671
1643
1645
1580
1613
1533
1519
1616
1508
1487
1417
1458
1482
1430
1426
1423
1417
1390
1399
1420
1381
1362
1427
1329
1319
1359
1331
1341
1316
1225
1273
1221
1218
1211
1231
1197
1153
1245
1192
1195
1167
1185
1156
1117
1145
1166
1128
1165
1113
1084
1127
1118
1099
1138
1100
1115
1063
1072
1031
1062
1027
1034
1045
974
1016
985
1001
1022
1030
1019
982
983
972
978
963
924
924
982
923
930
935
938
932
951
914
942
912
919
924
916
918
922
873
890
905
887
893
889
897
842
870
913
863
873
853
848
826
820
812
837
829
828
842
842
822
796
822
800
825
783
771
843
801
816
792
834
775
798
793
810
794
791
773
777
769
791
807
772
765
764
762
755
748
778
791
793
762
754
737
726
748
744
735
731
743
730
783
724
738
727
732
730
723
715
691
734
730
715
715
700
726
713
717
717
727
716
713
723
728
719
687
715
700
701
673
699
690
698
706
698
713
678
677
697
707
694
678
698
700
691
669
680
685
669
670
673
674
679
681
666
679
676
647
671
684
657
668
657
659
667
675
680
670
657
660
658
664
666
650
657
652
683
661
670
655
659
660
637
649
656
660
658
685
652
655
670
650
645
645
644
653
641
657
631
652
667
646
640
639
646
649
639
646
654
632
654
630
633
629
641
652
629
657
637
637
625
618
652
629
643
624
623
633
627
627
632
631
637
627
642
638
630
626
630
621
635
619
627
628
618
632
629
629
620
636
620
623
624
623
630
615
631
626
607
620
624
613
629
623
632
623
630
623
637
620
636
623
619
624
622
620
620
611
622
626
635
615
621
628
625
624
615
618
627
618
626
619
623
616
618
608
626
618
628
612
617
627
616
616
616
616
609
611
604
615
611
612
620
613
604
616
617
628
614
625
612
619
614
606
604
608
619
603
613
617
614
601
616
616
605
612
607
612
611
607
615
602
609
612
596
619
609
614
606
609
617
599
598
607
625
614
604
611
608
617
611
613
