612
596
607
621
608
610
620
606
607
624
610
617
610
607
609
617
611
604
610
617
608
606
607
605
606
606
618
610
615
620
603
615
611
608
600
607
606
605
603
607
610
610
606
621
600
616
609
625
613
612
613
619
615
613
607
605
604
607
620
615
613
607
614
593
595
611
609
607
612
610
611
605
614
606
614
611
600
615
610
608
616
604
596
603
619
615
610
604
611
607
620
606
604
620
610
611
613
615
605
604
616
596
610
600
608
604
608
606
602
597
608
611
615
609
608
602
603
607
617
608
611
601
610
612
615
608
609
610
612
600
616
612
607
602
613
602
614
606
610
606
604
613
615
607
613
610
611
616
617
609
613
607
605
614
612
607
609
598
614
603
601
601
610
604
610
608
603
606
600
607
614
615
604
610
607
609
614
590
616
620
607
609
610
608
605
611
600
618
609
605
607
606
621
602
614
621
621
607
611
616
602
609
621
603
609
611
606
613
611
617
609
618
610
613
618
620
607
611
611
614
617
609
613
615
601
614
606
601
613
619
610
615
604
611
605
620
605
616
615
609
625
610
610
606
595
611
620
612
621
614
609
627
609
618
617
622
606
608
605
613
607
623
604
624
609
616
618
619
615
617
622
615
622
612
630
616
617
607
621
616
615
620
627
627
617
632
627
637
617
633
619
617
637
619
628
627
625
620
627
630
632
636
624
631
632
631
631
634
626
626
617
633
636
627
632
631
636
641
617
630
650
640
656
643
644
649
650
636
660
658
647
655
645
650
653
662
646
657
666
671
661
677
689
667
670
646
685
682
702
679
696
682
669
689
670
704
696
697
687
698
654
695
715
723
719
691
678
717
719
698
699
707
761
717
733
724
726
741
735
755
765
754
748
765
768
763
761
771
793
755
806
799
805
807
832
792
797
834
849
827
846
871
860
836
852
881
887
883
905
911
957
949
886
947
957
967
1027
979
954
1003
997
1041
1037
1091
1078
1083
1097
1110
1125
1157
1172
1178
1216
1225
1253
1298
1311
1301
1260
1312
1285
1353
1374
1404
1483
1484
1461
1440
1531
1522
1500
1636
1708
1626
1699
1710
1745
1855
1879
1806
1972
1983
1959
1970
2047
2098
2161
2216
2171
2219
2332
2337
2452
2437
2458
2612
2713
2720
2667
2830
2852
2843
2923
2953
2927
3121
3295
3145
3273
3378
3460
3466
3580
3495
3582
3633
3874
3999
4046
4075
4288
4210
4472
4417
4473
4421
4735
4664
4824
4916
4961
5017
5258
5153
5481
5428
5675
5645
5834
5869
6137
6184
6238
6389
6331
6363
6508
6854
6848
6776
6998
7135
7376
7287
7482
7688
7779
7817
8168
8144
8296
8562
8466
8672
8709
8928
9182
9347
9190
9538
9573
9671
9734
9829
10158
10158
10258
10470
10466
10457
10982
10969
11134
11208
11551
11485
11814
11864
12201
12131
12194
12499
12643
12863
12910
12983
13044
12936
13307
13325
13559
13449
13803
13763
13869
14504
14414
14608
14546
14627
14923
14766
14855
15123
15030
15142
15253
15131
15580
15598
15825
15564
15732
15823
15972
16328
16283
16063
16519
16715
16878
16310
16830
17226
17086
16993
17133
17249
17184
17318
16744
17091
17155
17262
17549
17541
17579
17836
17568
17558
17501
17711
18017
17878
17956
17695
18267
18062
18022
18176
17940
18042
18103
18055
17948
18121
17956
18142
17904
18223
18018
18288
18170
18257
17836
18313
18394
18168
18576
18397
18231
18392
18491
18040
18485
18110
17965
18366
17832
18061
18047
17935
17890
18152
17658
18028
18089
17967
17769
17876
17880
17862
17798
18106
17823
17751
17920
17819
17612
17465
17364
17046
17432
17286
17296
16983
17230
16985
17071
17058
17021
17390
17058
16755
16822
16730
16797
16892
16595
16664
16727
16712
16601
16488
16401
16044
16267
16168
16020
15965
16020
15837
15834
15630
15508
15252
15480
15612
15432
15263
15529
15028
15013
14928
14979
15128
14955
14828
14725
14477
14258
14378
14304
14409
14266
14258
13924
13909
13937
13585
13657
13594
13499
13715
13337
13351
13407
13123
13120
13032
12829
13084
12611
12486
12406
12230
12275
12323
11981
12175
11925
11682
12068
11684
11675
11449
11403
11284
11562
11108
11095
11071
10863
10737
10849
10712
10598
10504
10495
10221
9980
10049
9816
9970
9666
9603
9540
9488
9617
9216
9054
9141
9060
8937
8946
8754
8753
8623
8591
8475
8459
8380
8344
8119
8135
7787
7777
7796
7742
7718
7562
7426
7164
7275
7049
6991
6974
7023
6694
6750
6587
6675
6644
6401
6351
6379
6161
6191
6138
6266
5894
5795
5942
5801
5731
5607
5557
5502
5290
5412
5198
5242
5107
5142
5131
4947
4909
4880
4746
4744
4607
4655
4501
4444
4459
4453
4351
4468
4294
4177
4119
4020
4071
3844
3889
3920
3833
3873
3719
3599
3682
3643
3486
3519
3494
3393
3429
3345
3483
3207
3100
3184
3135
3058
3182
3041
3066
2982
2887
2899
2844
2888
2721
2687
2732
2707
2697
2549
2557
2534
2570
2517
2499
2444
2490
2404
2448
2375
2388
2274
2262
2310
2177
2149
2201
2087
2204
2101
2171
2056
2049
2053
1969
1974
1984
1928
1907
1947
1952
1839
1821
1788
1857
1764
1700
1774
1736
1733
1695
1674
1657
1672
1636
1650
1678
1642
1501
1595
1589
1576
1538
1483
1509
1544
1548
1459
1457
1478
1456
1456
1447
1390
1378
1372
1362
1414
1362
1364
1402
1277
1320
1329
1313
1318
1267
1222
1250
1280
1228
1297
1210
1253
1207
1217
1234
1184
1215
1147
1193
1128
1103
1175
1133
1133
1130
1133
1067
1106
1117
1154
1051
1062
1037
1092
1070
1038
991
1024
1079
1018
1014
1025
990
982
1004
1003
984
975
1010
1016
1022
970
982
958
960
978
978
959
961
966
941
924
938
916
915
939
912
881
892
890
885
873
895
879
864
862
857
887
883
825
859
880
890
823
853
849
856
858
875
832
843
847
865
839
828
818
844
813
802
788
787
766
779
791
779
788
790
806
797
787
771
805
792
747
782
773
776
780
786
760
761
742
779
776
760
769
742
754
780
743
743
740
758
718
736
759
749
714
734
715
708
712
725
723
723
738
707
719
712
733
682
722
719
711
715
714
732
715
698
694
710
699
695
708
714
688
694
692
705
690
700
691
684
694
681
680
683
671
683
673
696
693
678
668
666
686
663
683
691
690
680
665
672
682
682
646
677
683
678
664
659
667
664
673
646
667
671
666
670
678
657
657
660
677
638
661
655
652
650
668
639
657
662
663
654
649
639
645
643
670
648
649
639
645
642
647
650
645
660
643
656
648
641
643
653
632
639
651
630
655
649
645
642
627
648
639
645
634
642
630
633
635
628
646
643
640
626
636
628
631
627
634
628
632
627
628
633
635
612
632
630
627
640
618
632
624
626
641
620
628
624
633
643
642
624
620
632
633
638
631
614
614
620
623
612
620
623
624
621
620
631
618
623
618
619
620
615
611
614
611
617
608
619
627
623
607
624
622
624
621
629
625
616
613
604
611
611
612
618
631
626
606
615
622
613
631
613
613
617
620
619
614
624
619
611
618
616
621
616
615
