605
613
602
606
595
614
605
608
598
601
601
597
610
600
612
600
608
601
612
598
605
598
605
597
599
602
604
603
602
594
596
612
610
597
602
598
603
603
606
600
611
600
602
599
597
600
605
595
604
594
600
598
598
595
606
601
602
599
590
603
599
603
604
606
608
598
602
603
601
593
607
601
602
603
595
605
600
598
607
600
604
612
609
598
608
606
590
600
601
596
603
595
598
606
600
603
601
604
611
605
607
600
599
605
602
600
609
592
600
611
598
594
597
602
597
606
601
599
601
602
605
610
596
606
598
604
598
600
594
603
609
598
602
605
603
604
598
604
597
604
597
600
600
613
604
597
601
597
599
602
606
599
601
610
599
611
604
608
594
598
599
596
602
596
595
602
597
602
597
601
595
599
602
601
604
602
605
600
604
602
605
599
602
602
593
605
606
596
596
602
601
607
600
604
600
606
601
606
601
605
602
604
602
588
606
601
598
607
594
605
606
607
597
604
596
608
605
596
595
600
606
600
603
595
604
601
607
601
605
604
603
605
594
609
600
600
597
601
607
601
596
602
598
605
600
595
598
608
597
605
605
597
606
595
601
603
590
601
607
593
596
604
601
605
606
601
598
601
601
605
601
600
601
605
602
605
597
609
610
600
603
603
606
595
601
599
604
611
610
607
599
611
609
609
602
603
596
608
599
602
614
600
600
609
600
612
609
594
603
611
603
614
603
609
607
605
612
617
617
608
605
620
613
613
609
604
598
608
616
612
607
614
618
609
616
614
622
605
617
626
627
623
617
611
623
620
612
612
599
616
612
621
626
633
623
624
629
621
639
626
641
629
620
638
630
647
657
658
643
651
642
648
652
661
678
667
648
679
666
667
701
692
686
669
694
712
707
697
717
723
722
734
732
749
739
771
769
771
772
800
790
809
785
807
829
866
830
850
837
855
891
933
933
935
964
934
989
1024
1009
1030
986
1039
1058
1114
1131
1128
1160
1187
1216
1245
1283
1269
1308
1363
1358
1457
1480
1479
1517
1585
1580
1591
1624
1759
1722
1802
1781
1913
1903
1907
1858
2092
1996
2108
2093
2179
2210
2315
2203
2239
2304
2377
2424
2389
2431
2521
2408
2529
2488
2529
2526
2531
2613
2622
2643
2560
2637
2622
2683
2573
2614
2539
2732
2673
2645
2618
2610
2559
2569
2600
2491
2562
2512
2475
2420
2490
2387
2398
2416
2282
2334
2342
2359
2341
2259
2322
2235
2264
2211
2098
2052
2117
2083
2100
1994
2038
1991
1967
2014
1953
1951
1884
1832
1808
1806
1771
1733
1724
1736
1645
1667
1635
1606
1503
1596
1498
1501
1539
1499
1500
1427
1460
1449
1532
1455
1342
1362
1354
1342
1339
1385
1299
1286
1321
1245
1224
1270
1294
1205
1258
1162
1209
1215
1177
1176
1099
1136
1158
1139
1166
1163
1131
1107
1136
1063
1120
1123
1058
1068
1065
1069
1040
1031
1002
1053
1043
1043
1072
989
979
992
968
996
959
991
913
951
988
954
996
981
897
901
923
934
888
913
912
919
901
890
884
878
907
880
873
867
879
893
827
845
837
840
823
848
840
842
827
843
813
834
808
803
804
809
798
768
806
789
786
780
805
812
770
805
774
762
792
771
756
774
822
770
756
764
763
772
786
766
763
752
770
733
736
765
751
727
735
720
733
744
723
724
724
725
746
734
730
744
718
721
718
717
700
721
687
716
743
687
713
729
731
694
690
710
690
715
680
657
703
690
690
684
698
691
686
686
708
690
698
665
683
683
683
673
665
667
659
671
652
678
651
674
663
659
683
663
685
676
675
681
669
663
673
687
655
670
666
662
669
659
666
661
654
648
652
656
651
662
625
654
640
639
670
666
640
641
639
641
649
646
650
655
650
637
642
624
655
640
638
652
638
633
652
639
627
638
639
642
629
638
643
629
654
640
641
635
628
631
646
629
646
638
630
635
639
640
642
632
623
612
627
635
614
639
629
617
627
627
632
639
634
624
626
645
629
626
628
614
628
625
637
621
634
629
623
629
618
616
632
635
619
628
628
627
622
622
614
622
609
605
620
623
635
621
613
632
618
630
628
622
617
610
622
625
613
616
611
620
612
617
620
616
631
613
628
622
614
615
613
619
626
627
616
610
621
615
612
613
611
613
618
607
611
617
620
618
610
614
610
606
606
618
604
617
612
609
611
609
621
607
602
621
610
611
606
622
609
618
613
606
607
611
604
610
609
605
614
617
604
606
608
603
610
602
612
613
594
605
614
606
610
606
606
616
617
597
610
620
611
614
608
602
614
602
616
604
614
609
617
610
610
609
610
606
612
606
605
605
621
614
609
614
607
611
614
602
610
599
610
615
613
604
612
605
602
603
607
605
607
616
611
605
603
604
609
605
608
600
609
603
605
603
615
612
605
604
602
608
610
600
604
599
602
610
612
610
611
610
608
605
614
611
607
600
608
612
600
609
599
601
598
607
612
610
608
603
610
606
604
602
602
611
601
605
605
605
604
595
600
606
598
597
591
599
607
598
605
598
600
611
597
604
592
605
602
598
600
594
606
612
595
603
601
601
599
605
605
604
596
606
604
602
597
609
595
603
607
601
606
607
601
602
610
603
604
600
602
603
604
606
599
602
603
605
595
609
602
598
603
607
600
598
602
605
602
594
602
613
594
611
596
598
602
609
604
604
604
604
609
604
605
609
603
597
596
601
604
607
599
606
599
609
606
602
603
595
599
608
608
604
606
601
605
606
604
606
600
603
600
606
603
605
597
599
609
608
602
599
612
597
602
600
603
593
605
598
598
593
601
594
604
602
597
599
592
598
603
598
601
596
600
601
604
605
599
598
604
600
597
609
607
590
600
605
603
603
603
598
606
605
601
602
592
603
600
609
597
601
606
596
600
599
597
600
605
596
603
610
607
605
605
595
606
601
607
595
596
597
604
607
600
601
604
608
601
602
612
601
604
607
607
597
604
603
607
602
606
610
596
604
599
598
594
600
605
603
601
599
601
597
603
596
590
602
603
601
610
602
597
606
602
608
604
600
606
607
596
597
609
604
598
604
602
609
604
603
592
603
600
601
589
595
606
592
596
602
596
604
595
595
604
603
606
598
603
602
607
604
603
610
596
604
596
598
606
600
610
604
596
597
587
594
593
602
593
597
601
602
603
592
605
605
597
598
603
603
605
607
598
