603
606
606
593
616
600
602
611
605
598
602
598
608
605
604
612
601
593
596
600
598
608
596
589
600
599
602
596
600
600
606
595
598
604
601
598
601
593
598
600
601
598
608
607
602
601
608
595
607
592
597
604
602
609
597
601
596
598
605
601
598
599
605
601
596
602
600
597
592
598
605
597
602
603
598
598
600
604
603
594
600
605
603
599
609
592
603
596
602
608
604
608
599
608
597
595
604
605
602
601
599
613
601
594
603
601
597
601
599
605
601
602
598
596
596
606
601
600
597
602
607
601
601
594
611
596
596
603
602
600
600
600
600
598
594
596
596
600
602
601
601
604
598
595
592
602
601
604
601
597
601
598
604
602
597
596
597
600
608
601
594
595
602
602
607
596
599
592
594
605
605
602
592
596
596
604
600
593
604
595
604
607
602
608
595
595
606
598
595
600
598
589
599
592
607
601
605
606
595
598
611
606
597
606
605
603
606
599
600
609
601
599
594
601
601
599
600
593
601
604
601
606
590
595
604
604
598
594
594
599
600
597
598
598
601
599
598
599
606
598
598
609
602
608
596
598
602
599
597
600
601
600
615
598
598
600
603
604
612
604
610
608
599
604
607
606
602
603
597
594
608
602
607
597
602
604
600
602
610
610
606
598
605
602
601
605
603
596
609
604
604
612
606
608
609
603
612
605
608
602
609
608
615
609
607
603
615
614
618
617
610
608
611
614
611
612
610
621
614
619
613
614
619
638
616
613
620
627
624
626
612
615
612
623
650
625
617
626
632
626
635
618
643
638
635
645
622
626
628
648
638
648
641
652
653
653
664
678
665
655
656
648
662
679
666
683
676
698
695
683
713
705
710
693
723
726
723
774
776
721
726
754
768
761
784
793
789
804
794
848
881
842
825
875
843
902
918
943
951
931
987
983
995
1043
1047
1052
1055
1072
1112
1118
1092
1130
1173
1248
1245
1320
1283
1338
1409
1479
1452
1527
1499
1535
1660
1677
1753
1849
1784
1879
1943
1979
1990
2041
2135
2160
2240
2327
2414
2485
2505
2581
2640
2782
2887
2854
2878
3040
3074
3018
3217
3277
3310
3511
3518
3636
3735
3678
3813
3838
3956
3979
4041
4107
4147
4176
4121
4260
4505
4246
4434
4173
4352
4365
4476
4325
4596
4671
4743
4723
4747
4635
4645
4469
4568
4598
4575
4484
4568
4544
4483
4455
4350
4464
4479
4370
4361
4330
4353
4442
4288
4263
4366
4192
4170
4097
4096
4003
3867
3765
3838
3801
3782
3803
3643
3612
3590
3531
3389
3339
3435
3252
3230
3168
3089
3001
3174
2892
2926
2895
2797
2744
2668
2699
2564
2672
2545
2566
2491
2377
2431
2373
2446
2356
2326
2271
2255
2212
2134
2189
2097
2057
1993
2006
2017
1908
1941
1879
1849
1792
1906
1847
1830
1809
1840
1744
1679
1676
1712
1711
1605
1611
1562
1543
1600
1490
1534
1508
1484
1480
1478
1406
1442
1453
1459
1373
1372
1450
1394
1345
1361
1351
1366
1374
1320
1303
1307
1345
1233
1193
1218
1248
1244
1250
1190
1170
1227
1148
1155
1195
1170
1157
1173
1116
1145
1148
1153
1082
1023
1084
1105
1097
1018
1066
1122
1083
1069
993
1060
1023
1002
1053
1007
1012
1004
1009
953
965
975
942
937
934
955
973
980
920
983
876
897
923
951
924
919
954
916
887
873
901
885
903
914
850
896
857
865
881
882
887
851
864
867
863
835
847
848
864
814
855
839
819
824
833
825
801
816
793
814
797
793
835
777
761
775
812
776
763
801
780
750
767
770
761
793
759
762
753
785
767
740
755
753
758
756
748
747
751
726
724
756
741
731
754
741
736
711
735
722
729
716
722
710
713
710
715
723
691
729
699
717
706
696
699
705
707
702
690
705
703
699
687
691
682
708
682
718
670
699
706
677
679
687
682
672
689
667
688
687
657
686
663
673
686
682
686
655
669
671
659
659
683
672
657
660
679
661
667
682
666
664
678
653
658
665
640
656
664
659
652
648
645
681
669
655
663
648
641
657
656
649
645
647
655
641
665
660
646
653
650
651
643
645
637
649
638
655
637
647
643
645
647
633
651
636
658
644
640
621
641
645
634
626
628
645
640
630
649
646
631
640
638
645
645
636
617
631
629
638
638
625
628
628
632
611
635
636
628
626
634
631
630
637
630
640
640
613
623
640
629
631
628
621
626
616
628
625
631
621
613
630
631
622
621
623
614
619
645
615
621
633
628
621
616
616
627
620
618
614
620
617
631
630
625
622
627
618
611
621
624
620
618
615
631
610
625
618
612
621
630
620
611
622
612
610
624
617
613
610
619
605
601
613
606
612
612
606
606
611
606
603
613
621
614
618
606
611
627
607
612
613
599
612
614
617
621
603
620
607
610
616
613
618
604
627
613
605
628
608
618
606
605
608
610
611
615
609
615
610
621
612
605
610
611
611
614
611
606
601
613
603
619
618
610
618
605
609
610
609
604
621
605
596
608
604
598
617
600
605
612
610
605
606
602
605
597
599
610
603
613
605
618
608
608
605
613
607
607
601
614
612
617
599
602
609
612
602
601
601
609
604
614
609
612
607
606
612
605
602
605
602
600
611
609
606
612
601
605
604
609
595
600
608
611
608
605
611
601
606
610
606
605
602
611
601
615
597
601
605
598
607
615
603
605
604
611
608
603
593
598
599
603
603
612
603
606
598
608
603
604
602
603
600
605
605
611
602
607
596
606
602
609
607
597
594
608
605
599
610
602
610
603
600
608
601
594
608
599
595
604
607
596
610
601
606
604
609
601
601
604
603
600
603
605
610
591
598
594
605
603
609
600
606
596
605
605
602
605
608
603
605
607
596
594
603
599
598
603
596
602
599
598
601
602
608
600
600
597
598
602
612
606
598
602
605
600
606
601
602
603
596
598
603
601
604
603
606
603
606
600
596
605
601
596
602
593
601
603
607
610
600
598
587
603
604
594
602
597
601
603
606
601
598
607
603
593
610
598
600
602
601
601
605
606
599
596
598
598
606
598
600
598
594
603
606
602
607
600
594
601
604
600
610
593
593
597
597
600
600
606
607
601
599
600
606
597
601
594
612
606
601
601
599
600
603
600
596
591
595
602
595
594
600
605
595
596
601
606
598
608
600
598
592
596
601
590
595
604
592
595
598
595
600
602
605
602
597
595
607
605
593
595
605
600
599
598
599
597
599
598
597
608
600
596
601
599
606
595
592
607
602
599
