599
600
602
599
607
606
598
610
609
610
612
602
609
616
603
602
607
607
605
605
603
602
603
608
602
607
601
604
603
599
596
612
605
608
612
602
606
600
600
603
595
602
607
599
604
603
594
600
600
601
603
598
601
595
602
608
602
615
607
601
609
593
599
599
599
594
598
597
609
608
607
605
605
603
610
600
600
611
606
604
596
596
602
605
594
598
604
603
608
602
608
608
598
598
603
593
602
603
598
612
609
603
608
596
599
604
607
601
607
602
598
605
599
606
598
605
602
602
611
602
603
603
612
595
605
606
601
596
604
602
602
592
606
608
599
599
599
600
598
596
594
605
601
607
603
595
607
602
603
596
608
611
609
610
602
604
598
596
599
602
599
601
604
608
602
597
599
598
598
595
607
590
601
608
596
607
605
607
593
599
604
608
601
606
606
606
607
600
605
598
605
612
605
594
603
603
599
605
607
606
605
606
597
598
601
599
607
602
603
603
596
604
607
602
608
601
601
604
606
604
603
602
601
605
606
598
606
604
607
602
601
609
606
604
602
604
594
618
605
606
608
602
615
593
601
606
612
605
601
595
603
593
602
605
593
613
608
606
593
603
608
612
605
610
605
602
610
600
604
600
613
615
601
602
600
595
605
601
601
606
610
609
620
610
614
603
607
609
610
601
612
606
604
603
610
609
608
607
603
603
604
599
607
595
616
605
596
612
602
602
608
616
606
615
617
598
614
599
609
611
622
636
620
609
633
622
618
617
619
615
617
622
616
623
630
624
628
625
620
619
639
651
617
627
636
632
638
637
630
633
639
625
656
650
648
658
644
642
643
649
676
650
669
654
673
655
688
667
698
688
689
703
673
716
715
708
717
731
737
726
753
729
753
735
773
769
785
797
785
759
810
843
829
826
861
878
871
865
888
874
933
943
970
952
991
1029
1056
993
1000
1073
1080
1132
1141
1131
1166
1180
1234
1295
1258
1348
1307
1439
1369
1471
1502
1508
1588
1586
1583
1656
1771
1791
1754
1792
1848
1959
1925
2002
2142
2200
2324
2357
2298
2453
2489
2614
2626
2667
2811
2778
2847
2890
2952
3063
3078
3284
3246
3355
3282
3369
3550
3561
3522
3663
3617
3722
3711
3754
3762
3900
3785
3742
3867
3978
3875
3987
3897
4019
4023
3996
4000
4056
3987
3993
3915
3934
3917
4014
3783
3960
3912
3868
3812
3813
3703
3687
3679
3561
3768
3682
3605
3488
3541
3511
3483
3325
3203
3299
3269
3258
3031
3161
3032
3076
3028
3070
3041
2879
2982
2911
2883
2788
2759
2706
2657
2525
2590
2553
2330
2407
2281
2331
2287
2328
2209
2195
2217
2136
2150
2124
2110
2091
2048
1983
2000
1999
1990
1889
1850
1833
1843
1893
1808
1817
1745
1745
1802
1699
1681
1630
1666
1677
1649
1603
1582
1494
1529
1557
1574
1529
1461
1498
1501
1420
1462
1392
1440
1354
1364
1305
1381
1357
1377
1336
1361
1343
1332
1346
1281
1310
1250
1226
1277
1227
1254
1245
1177
1230
1204
1189
1177
1179
1158
1210
1137
1158
1139
1097
1088
1097
1130
1095
1068
1048
1100
1038
1023
1050
1065
1043
1058
1012
973
1069
1026
1018
957
1011
949
976
955
979
992
986
976
934
954
966
968
948
967
935
931
888
894
902
866
909
873
898
888
882
896
881
908
881
867
840
872
859
880
841
852
892
836
822
836
844
830
840
806
833
811
816
801
823
796
863
809
779
817
793
794
807
783
792
780
765
769
817
767
793
800
795
757
733
775
792
737
754
764
753
766
736
737
759
730
733
725
746
731
724
742
747
746
718
732
725
743
720
721
723
728
712
722
729
720
712
711
722
731
698
710
711
695
723
751
722
701
720
693
695
713
703
705
694
686
709
689
689
685
690
693
699
684
690
677
688
684
690
679
677
681
677
680
670
693
679
672
681
680
667
665
680
669
670
666
677
666
652
662
680
663
683
652
658
659
654
649
670
683
649
651
656
656
653
682
651
659
666
654
659
655
663
641
662
664
668
660
654
667
662
659
649
647
644
647
657
650
641
645
652
641
652
636
640
661
645
634
654
635
636
644
635
635
628
636
640
628
639
642
629
640
629
630
648
632
627
643
640
626
631
631
633
637
635
628
631
639
636
625
635
644
620
640
633
639
619
643
626
626
626
629
622
633
621
637
630
627
629
634
622
630
610
631
621
637
621
647
632
615
623
624
629
625
611
629
619
624
625
604
627
618
611
620
618
625
626
617
622
618
612
612
615
617
623
617
616
622
625
606
627
622
620
623
620
622
612
627
621
623
619
619
626
608
614
619
607
612
617
619
620
618
620
608
614
616
621
619
612
607
622
613
616
613
622
619
603
613
615
618
614
605
613
609
621
612
612
616
617
615
603
617
608
611
602
608
614
599
610
616
615
608
609
603
615
607
605
608
614
601
614
604
610
610
601
605
606
615
609
610
613
612
611
606
611
608
614
609
607
605
605
607
615
615
610
615
606
606
622
620
614
607
608
606
616
610
603
607
613
602
621
607
610
605
605
609
607
601
602
617
615
608
604
605
606
604
610
609
613
612
603
602
610
612
605
612
602
607
609
603
603
607
615
604
598
602
599
614
609
610
604
601
610
599
609
614
600
604
606
608
612
609
605
600
608
602
608
610
609
602
613
603
594
604
605
604
598
599
601
607
611
597
604
598
607
599
598
607
605
606
603
596
599
599
600
599
605
604
610
595
608
601
607
599
606
602
607
614
605
610
605
608
588
604
605
596
601
598
597
610
599
603
603
614
608
597
611
604
606
603
613
604
600
605
600
604
608
602
610
605
596
604
594
605
604
603
603
595
606
610
597
598
596
607
606
612
595
608
611
597
608
605
598
598
604
597
603
606
606
596
603
601
597
607
605
616
602
601
600
589
604
601
599
607
601
601
601
597
588
604
597
606
606
601
596
607
596
608
605
601
596
607
600
611
599
609
601
602
599
604
602
599
603
602
599
601
602
601
603
604
601
603
605
604
600
604
601
603
598
606
597
602
598
602
606
602
605
603
593
599
599
606
604
597
610
602
607
601
597
603
598
602
602
603
602
598
604
592
596
603
590
595
605
592
597
601
599
596
602
597
598
593
598
601
601
607
600
601
605
600
599
605
607
607
603
608
607
604
601
604
599
602
601
607
598
598
601
604
604
589
601
604
595
607
604
601
602
604
604
609
603
608
604
601
599
595
613
598
599
