598
614
604
603
610
602
606
605
612
598
597
607
612
601
606
605
608
607
603
595
609
605
601
608
596
610
608
602
596
605
602
604
604
592
607
597
608
604
604
604
605
598
605
603
606
606
609
597
603
599
609
606
607
598
607
597
599
603
604
602
601
598
604
604
605
607
610
601
605
592
595
599
598
596
604
603
604
601
604
603
601
608
603
604
609
601
595
601
605
603
602
607
610
607
602
600
606
605
598
602
594
606
601
594
596
590
603
597
600
606
599
603
599
597
610
606
600
597
599
599
601
613
604
601
603
596
600
599
609
600
602
606
602
596
602
602
595
600
603
603
596
598
597
602
599
602
598
601
605
606
607
601
600
602
601
604
605
603
606
601
603
598
595
595
605
602
604
607
603
604
599
601
601
606
603
599
597
606
599
601
603
604
601
610
604
596
593
598
604
600
596
603
608
605
603
603
604
603
614
608
595
602
605
598
613
605
599
597
599
590
603
603
606
597
597
598
608
599
602
595
598
605
606
600
606
599
609
605
608
607
596
606
598
597
604
602
603
601
605
598
606
606
609
598
591
598
612
611
604
601
610
607
608
607
602
608
604
595
611
599
604
605
603
602
600
595
605
604
614
605
601
615
607
599
602
609
606
613
601
614
608
609
604
613
608
603
607
617
606
605
613
602
607
613
609
607
607
610
616
616
612
613
623
614
613
601
606
605
617
607
607
623
609
608
614
618
613
606
609
625
625
623
620
623
623
637
630
626
622
628
618
620
649
630
623
635
646
621
619
640
645
646
650
653
643
653
639
655
645
649
661
686
684
659
668
692
684
671
688
691
683
673
683
699
713
706
706
723
718
721
752
716
754
752
734
739
765
784
803
800
791
826
810
800
867
821
855
899
859
885
945
953
936
969
940
950
987
1013
1008
1067
1081
1089
1092
1145
1210
1241
1259
1274
1256
1304
1327
1380
1361
1453
1532
1542
1613
1623
1644
1691
1684
1757
1859
1921
1931
2020
2056
2083
2090
2198
2358
2415
2551
2549
2512
2732
2858
2819
2922
3087
3187
3309
3290
3462
3543
3584
3740
3781
3862
3772
3964
4205
4262
4387
4405
4543
4598
4730
4775
4823
5056
5071
5098
5146
5244
5288
5304
5368
5497
5471
5587
5576
5640
5456
5643
5556
5701
5768
5755
5756
5826
5707
5750
5954
5614
5712
5747
5603
5685
5598
5364
5467
5623
5471
5343
5309
5403
5176
5373
5452
5064
5174
5169
5072
5049
5020
4827
4689
4622
4601
4520
4476
4379
4341
4339
4207
4022
4144
4038
4009
4012
3946
3866
3829
3735
3733
3567
3507
3387
3442
3403
3208
3306
3235
3191
3043
3038
3043
2981
3014
2929
2862
2826
2792
2767
2856
2635
2650
2660
2553
2502
2435
2383
2443
2286
2314
2275
2275
2229
2222
2218
2197
2192
2151
2115
2058
2155
2084
1985
1983
2032
2042
1917
1865
1958
1806
1811
1866
1827
1785
1777
1828
1696
1701
1670
1669
1694
1656
1622
1639
1641
1652
1634
1565
1626
1527
1542
1496
1511
1475
1466
1468
1451
1455
1405
1386
1444
1403
1479
1356
1377
1377
1381
1359
1343
1281
1283
1359
1298
1273
1283
1244
1288
1263
1181
1245
1264
1161
1217
1209
1230
1154
1178
1247
1133
1148
1162
1164
1144
1183
1122
1109
1130
1076
1135
1060
1062
1054
1090
1096
1100
1056
1063
1040
1055
1037
1042
1046
1069
1043
1011
994
980
982
978
1032
939
984
957
940
951
955
955
923
920
975
936
950
953
905
918
896
889
901
873
890
883
880
877
875
862
866
862
876
845
865
878
850
845
880
864
839
847
846
874
839
838
835
837
814
824
821
796
834
802
843
812
779
774
808
797
805
789
794
780
747
776
786
768
812
779
774
803
764
785
778
796
777
780
761
764
749
729
743
745
743
754
739
724
717
706
713
740
740
734
747
742
727
727
733
725
733
718
706
713
696
724
731
705
717
727
718
732
715
696
697
711
702
688
722
701
711
701
727
695
682
701
708
697
683
688
695
692
681
681
669
697
693
691
673
698
702
685
689
687
676
663
681
689
693
676
701
691
675
676
661
675
658
675
645
663
672
682
667
655
671
658
687
656
677
642
665
663
660
660
666
649
662
667
660
639
659
638
655
650
647
673
662
649
672
653
647
653
656
645
645
666
660
659
627
644
650
641
637
660
645
637
675
665
647
638
638
646
650
646
627
644
638
635
642
637
625
641
631
637
623
623
625
642
637
629
639
644
646
647
639
629
636
626
623
632
634
639
631
635
640
621
635
623
617
633
625
630
637
630
621
625
621
631
631
636
622
643
623
632
603
624
631
606
610
641
635
622
632
615
616
604
604
629
625
620
621
619
624
616
629
623
620
619
632
611
623
623
616
619
620
625
625
625
618
623
613
623
622
623
616
623
623
610
614
621
616
619
609
612
627
618
628
625
625
619
617
611
618
615
618
609
616
616
611
616
617
616
620
618
627
620
610
614
619
622
627
622
618
625
616
619
623
618
622
614
616
609
617
623
616
605
608
616
621
607
609
609
618
610
613
615
604
608
606
607
608
609
604
602
604
614
615
608
621
614
606
612
606
610
610
609
613
604
616
613
600
613
616
615
613
608
619
611
616
607
615
606
611
604
607
611
604
604
612
603
606
614
616
608
614
596
608
612
605
617
610
600
607
608
612
606
608
602
606
608
608
605
604
607
612
601
597
612
604
606
598
618
607
613
593
613
608
611
610
608
603
608
609
601
609
604
602
597
604
609
599
604
599
597
613
609
603
605
606
603
607
604
604
608
598
604
608
595
604
606
594
611
606
602
601
601
606
603
597
609
611
594
607
603
602
606
598
602
599
596
600
598
612
604
610
598
606
605
606
612
601
599
615
604
595
604
601
596
605
603
602
601
599
603
595
594
602
603
603
612
603
598
620
601
596
604
607
602
609
604
605
605
595
611
613
608
608
601
604
601
604
611
597
602
594
605
602
603
603
603
592
605
599
602
593
597
604
596
601
601
601
609
596
602
598
609
604
609
603
597
605
600
606
603
613
608
597
603
600
597
597
598
597
603
596
603
612
598
594
604
602
603
597
614
598
604
605
597
598
595
601
600
603
603
610
597
601
598
600
605
602
608
592
603
602
611
602
600
590
603
602
601
605
592
597
600
599
599
599
602
604
605
608
600
599
603
603
598
597
615
602
595
594
596
597
603
610
601
599
599
601
602
604
606
602
597
590
592
601
596
594
602
616
599
602
602
603
602
603
