596
613
607
608
601
608
597
604
605
607
605
604
600
606
591
600
609
601
607
605
606
606
608
593
608
603
606
595
607
605
605
605
610
612
606
597
612
606
605
602
605
609
604
609
606
601
609
601
605
602
604
601
602
613
599
605
605
599
595
601
600
610
601
607
602
605
602
604
603
604
612
592
602
608
606
601
604
606
603
596
602
596
598
607
606
599
600
596
594
604
606
601
600
612
599
603
602
609
600
601
605
602
600
610
599
597
597
599
597
602
612
603
594
597
604
604
595
599
596
602
602
601
599
601
596
607
602
602
601
604
601
598
599
602
605
599
607
606
597
600
610
601
599
606
609
596
610
604
599
599
599
597
607
597
605
592
600
605
600
603
595
601
608
601
603
608
600
604
599
596
597
596
590
597
598
598
604
599
599
612
606
603
605
610
601
605
604
595
596
599
603
605
601
601
616
593
609
614
602
604
602
604
595
601
613
606
613
604
604
607
611
608
604
606
607
605
615
603
607
608
600
599
612
606
607
607
609
595
609
607
611
608
603
596
597
606
605
605
607
604
602
596
606
608
610
601
605
601
606
601
613
603
601
603
607
613
609
610
611
606
603
606
604
615
616
611
610
593
616
604
616
623
602
600
612
619
617
616
608
612
608
606
611
607
598
614
614
603
599
610
615
613
604
623
614
611
622
612
618
621
613
625
619
609
618
618
623
624
621
626
611
633
637
624
624
633
622
615
634
622
635
634
649
637
640
633
643
650
655
641
653
648
660
654
662
642
649
671
651
662
673
676
690
673
689
663
681
676
690
705
689
702
736
709
708
713
730
747
772
750
733
759
787
782
803
786
786
813
805
825
851
841
852
859
871
873
893
919
884
980
922
970
981
981
1042
1032
1059
1117
1058
1114
1090
1214
1148
1213
1242
1272
1323
1348
1397
1397
1437
1471
1578
1566
1615
1581
1662
1726
1851
1852
1894
1925
1921
2058
2069
2305
2312
2304
2469
2459
2577
2699
2715
2821
2881
3040
3185
3258
3344
3395
3571
3874
3883
3994
4105
4288
4372
4673
4748
5024
4952
5267
5345
5512
5681
5749
5934
6256
6283
6511
6585
6806
7007
7015
7259
7532
7714
7874
8130
8085
8429
8435
8487
8764
8863
8847
8749
8924
9159
9218
9147
9452
9311
9440
9654
9538
9662
9504
9719
9877
9827
9710
9518
9844
9807
9723
9589
9887
9607
9503
9466
9401
9440
9134
9254
9239
9105
9381
9125
9312
9082
8841
8708
8568
8520
8502
8366
8185
8219
8082
7918
8027
7822
7708
7465
7420
7121
7230
6991
6979
6699
6783
6554
6413
6378
6427
6108
5991
5959
5756
5799
5637
5425
5460
5230
5171
5223
4939
4827
4715
4811
4696
4617
4636
4442
4428
4202
4281
4198
4071
4121
3998
3905
3965
3746
3704
3624
3520
3458
3495
3452
3479
3339
3143
3324
3322
3219
3174
2985
3034
2942
2938
2970
2860
2854
2746
2724
2696
2734
2674
2702
2532
2678
2578
2485
2537
2510
2439
2386
2419
2368
2325
2337
2334
2303
2310
2236
2132
2059
2129
2020
2037
2125
2076
2078
1896
1933
1967
1937
1981
1880
1881
1839
1885
1857
1773
1754
1851
1797
1737
1792
1740
1737
1674
1658
1653
1649
1625
1622
1639
1607
1485
1570
1531
1545
1482
1548
1542
1485
1485
1450
1471
1489
1478
1405
1385
1357
1337
1396
1403
1374
1335
1376
1305
1353
1303
1355
1331
1320
1222
1285
1196
1179
1294
1229
1259
1255
1300
1201
1184
1155
1183
1182
1192
1157
1155
1120
1155
1164
1142
1107
1116
1010
1128
1145
1080
1114
1058
1064
1031
1036
1090
993
1046
1076
1027
1001
1019
1014
982
1004
1000
979
951
967
959
953
981
967
993
952
933
935
935
916
924
966
919
932
895
907
876
917
911
964
873
873
859
910
875
926
893
863
854
861
855
845
856
855
843
859
844
849
835
872
825
836
869
852
811
814
854
821
809
814
834
816
841
774
797
808
805
810
797
798
782
786
783
770
782
775
779
772
776
788
783
755
766
791
775
761
789
775
760
746
756
747
758
764
747
796
748
743
721
741
743
739
770
746
730
775
711
738
717
732
707
727
771
726
728
735
720
691
737
720
699
714
704
691
705
714
701
715
691
705
699
690
703
702
694
703
694
709
710
688
683
687
697
701
709
689
683
695
690
707
678
671
702
684
688
659
678
680
659
663
685
683
663
677
694
682
674
696
680
681
661
674
671
681
650
663
676
694
687
688
684
679
660
661
660
663
665
653
655
668
681
653
677
663
666
648
679
663
651
663
633
664
658
661
663
644
661
649
648
640
642
650
647
631
647
646
646
654
644
650
662
664
646
646
645
657
635
647
651
654
653
635
642
653
648
638
638
656
629
642
632
637
640
638
642
649
636
631
643
630
648
643
652
630
628
637
627
635
639
638
636
622
634
655
640
623
645
622
635
632
631
628
622
639
643
625
639
640
629
634
632
638
618
630
625
628
644
637
635
639
624
628
625
627
622
628
615
625
621
629
628
623
624
627
609
622
627
615
631
634
636
625
628
646
618
637
627
616
601
619
619
621
616
614
619
611
613
623
621
623
613
630
623
627
623
620
612
615
621
618
613
622
631
622
622
622
615
616
611
612
608
616
614
621
616
621
608
626
608
625
612
621
606
615
604
615
629
619
612
614
605
603
612
614
627
614
615
613
616
611
614
610
622
610
623
602
613
619
616
608
613
619
614
603
606
604
617
621
610
608
620
610
608
609
602
622
598
618
608
606
614
607
602
608
609
610
606
610
606
606
613
611
611
612
606
602
607
610
605
613
618
619
603
602
609
607
614
604
612
601
606
597
604
608
620
603
615
619
609
611
604
603
601
604
605
606
610
603
607
612
605
609
607
609
600
603
605
602
591
606
604
604
603
602
599
599
609
610
599
603
611
613
606
604
614
603
603
615
606
601
610
606
605
607
604
602
605
599
596
611
599
605
603
609
611
612
608
612
603
602
602
607
599
610
597
601
620
590
602
600
609
600
604
611
604
607
607
608
608
598
602
604
602
598
599
601
604
602
604
605
597
605
610
603
601
599
603
605
609
606
607
602
613
606
599
602
605
598
603
602
599
605
607
599
590
599
601
605
599
604
598
612
606
595
601
595
603
601
602
605
607
600
603
596
599
604
605
595
609
598
594
604
603
597
604
602
601
596
606
602
601
603
604
606
598
605
600
609
600
594
600
611
612
604
603
600
595
598
610
593
597
602
601
597
600
599
603
595
605
605
596
595
602
604
608
598
606
593
588
600
603
596
596
602
597
