614
616
596
595
605
608
605
591
608
605
604
607
613
614
596
603
601
604
598
601
603
600
604
597
598
601
594
600
600
603
595
603
609
602
600
602
595
601
596
601
602
598
608
602
602
609
604
598
606
603
600
602
600
597
599
607
604
594
602
601
604
610
599
602
603
607
611
599
604
596
599
603
597
602
602
599
605
601
605
603
598
600
600
603
599
607
606
606
600
603
606
596
600
609
604
596
607
605
607
601
603
612
603
593
598
599
598
603
611
613
605
598
600
604
598
601
598
600
603
600
605
595
600
594
596
601
601
604
596
602
600
604
600
600
606
605
601
607
600
620
608
594
600
598
607
596
598
603
599
604
605
606
609
601
607
603
605
603
610
605
612
605
602
604
601
602
602
605
603
605
596
601
589
603
603
607
608
618
599
603
610
594
607
612
608
599
612
604
604
596
600
598
606
602
605
604
603
610
607
608
614
589
606
611
600
609
596
602
606
600
607
607
604
600
606
610
605
605
610
612
611
612
604
601
601
602
606
602
611
609
608
597
590
603
600
607
605
611
618
612
605
605
595
604
600
612
603
611
601
598
613
606
605
611
608
613
605
611
619
602
612
598
606
614
612
611
616
605
618
612
624
611
614
606
615
611
601
610
614
609
610
615
611
603
619
618
603
608
603
598
613
610
633
613
615
607
620
614
623
618
611
618
626
615
623
619
628
622
626
619
623
628
631
633
629
649
644
631
634
637
636
645
652
640
654
654
650
646
640
659
654
676
654
647
657
666
681
682
672
667
671
684
687
671
702
709
698
694
732
717
712
736
743
716
748
718
765
771
789
776
763
811
762
777
813
817
820
816
800
856
866
852
855
866
886
931
948
973
929
973
1005
1020
1074
1039
1075
1122
1147
1190
1081
1199
1153
1210
1262
1331
1313
1371
1360
1425
1432
1497
1562
1572
1605
1741
1724
1798
1735
1824
1840
1999
2031
2085
2210
2218
2280
2323
2457
2609
2543
2804
2835
2974
3005
3126
3252
3317
3471
3492
3621
3883
3977
3991
4180
4294
4435
4891
4925
4938
5160
5372
5461
5676
5820
5940
6141
6331
6596
6713
7109
6960
7320
7431
7934
7901
8151
8394
8430
8678
9016
8961
9228
9619
9455
9701
9771
9829
9907
10080
10237
10052
10510
10349
10378
10419
10705
10645
10566
10847
10859
10792
10677
10720
11002
10765
11042
10453
10529
10489
10502
10603
10547
10200
10215
10154
10207
10307
10032
10005
9873
9955
9767
9802
9750
9434
9263
8992
9155
8831
8928
8783
8590
8490
8299
8144
8058
8040
7802
7603
7538
7636
7611
7193
7148
6993
6895
6928
6587
6425
6501
6299
6200
6160
6078
5887
5841
5672
5704
5364
5263
5321
5257
5107
5130
5015
5019
4855
4865
4726
4575
4576
4542
4417
4277
4254
4172
4140
4070
3989
3931
3945
3898
3723
3839
3717
3659
3740
3645
3635
3519
3470
3401
3387
3426
3213
3228
3067
3043
3009
3031
3019
3013
2995
2826
2895
2828
2803
2800
2836
2844
2718
2603
2575
2699
2598
2534
2418
2503
2416
2329
2358
2374
2379
2382
2334
2208
2236
2237
2189
2227
2173
2222
2117
2149
2139
1996
2188
2015
2014
1957
1951
1937
1969
1944
1811
1860
1955
1849
1809
1814
1770
1850
1773
1759
1757
1741
1699
1697
1730
1646
1635
1683
1715
1648
1597
1642
1576
1563
1545
1508
1449
1540
1499
1549
1452
1503
1514
1459
1434
1452
1396
1396
1500
1381
1394
1298
1375
1345
1299
1357
1352
1321
1282
1296
1302
1279
1266
1322
1289
1235
1214
1174
1241
1173
1261
1147
1197
1198
1169
1159
1157
1186
1134
1129
1119
1115
1129
1093
1079
1090
1165
1068
1104
1108
1083
1063
1061
1099
1097
1023
1068
1016
1055
988
1059
1032
1003
1001
986
1000
987
960
1025
936
992
994
970
950
998
944
971
933
918
963
967
907
906
935
939
918
912
885
865
885
920
893
890
926
862
914
920
895
850
883
843
834
868
860
862
824
857
865
861
864
868
815
826
856
847
820
848
772
828
845
831
828
823
831
836
792
801
821
821
799
815
785
792
814
815
788
796
802
790
764
782
752
789
759
763
766
757
775
781
758
760
766
761
753
750
730
735
773
752
763
740
754
733
718
743
744
734
756
733
727
731
711
717
755
705
718
746
733
696
709
726
752
731
747
737
719
716
725
716
694
701
721
698
707
701
697
689
715
694
689
718
716
694
711
692
683
710
673
692
684
651
690
685
657
691
686
709
679
689
670
683
697
669
673
684
671
670
687
687
677
682
696
675
668
695
693
666
651
690
659
666
677
649
669
665
651
657
668
668
667
664
655
674
669
672
690
657
649
665
649
656
643
666
658
635
654
642
656
654
633
649
652
653
644
659
652
647
657
642
651
661
645
644
644
642
642
641
648
623
648
638
646
648
636
644
646
640
642
627
653
636
641
634
657
638
641
636
641
638
645
634
641
623
640
630
631
647
634
636
629
650
644
642
626
638
629
633
639
639
648
633
631
627
626
622
637
640
633
624
637
615
622
624
624
629
640
627
617
617
622
630
623
622
611
623
630
623
616
633
629
621
619
622
630
619
626
614
619
618
633
628
617
626
612
623
625
629
611
618
617
612
626
624
624
626
622
608
616
623
619
609
616
628
620
615
610
620
611
615
627
626
616
624
632
616
620
619
620
620
608
621
620
612
614
616
623
621
612
612
627
630
616
613
614
615
621
609
616
608
613
619
604
614
617
609
615
621
615
611
614
616
606
621
607
604
604
605
616
628
603
603
616
618
618
620
613
617
604
619
611
616
608
611
621
614
611
606
612
617
602
622
609
610
603
610
614
615
618
603
608
605
607
607
614
604
601
606
613
616
607
613
601
599
601
599
607
614
602
604
612
617
600
611
610
604
606
610
604
597
610
611
599
604
611
602
600
597
611
606
613
602
602
603
607
612
604
603
595
609
614
594
605
605
606
597
618
595
604
598
609
598
605
604
602
601
604
610
605
603
606
603
609
612
606
606
599
607
603
610
594
598
604
606
606
602
604
604
597
603
602
607
602
596
604
599
603
605
609
606
600
604
603
597
615
606
602
609
606
605
612
603
595
596
613
596
603
603
608
599
610
590
608
611
606
601
603
602
602
605
607
604
607
595
607
592
601
596
600
606
596
606
603
601
601
606
607
600
604
590
601
609
598
595
599
601
606
605
609
605
602
598
607
597
605
595
604
608
611
601
597
608
607
600
603
610
604
615
595
598
606
600
598
590
606
606
597
605
601
595
605
607
605
597
597
598
601
595
600
598
593
600
600
595
597
602
602
599
