602
612
610
598
604
603
596
608
610
604
604
606
606
602
603
616
601
612
612
604
604
604
607
609
601
608
605
598
601
613
605
599
597
607
611
608
607
606
607
602
606
600
613
611
601
611
609
598
607
597
605
599
605
610
596
607
598
604
605
603
604
603
599
602
606
606
601
598
608
593
603
602
596
597
604
600
602
596
601
607
613
602
600
602
605
613
603
596
600
601
594
603
597
601
610
599
596
605
594
602
603
605
609
606
610
603
595
610
602
605
599
604
602
603
603
598
599
590
604
607
592
605
603
603
603
611
610
604
605
601
599
602
604
599
598
598
596
602
610
605
597
610
598
599
601
604
602
604
593
604
605
608
607
601
606
609
599
598
603
605
599
609
599
598
601
604
602
602
609
603
607
608
610
611
599
596
597
612
615
602
608
601
602
603
605
609
603
616
600
605
594
607
600
600
612
605
607
607
602
619
605
612
603
604
598
610
622
605
610
605
604
609
604
607
614
606
604
606
598
603
602
604
611
612
610
605
603
603
613
610
606
606
614
602
605
601
618
606
608
617
609
611
605
611
609
611
604
611
605
608
608
605
603
610
606
603
616
603
615
611
607
612
614
614
612
605
614
607
614
606
604
601
616
601
623
618
615
613
619
601
614
613
613
612
626
620
608
625
622
616
616
610
611
615
621
621
627
629
625
619
612
631
632
632
633
634
623
621
634
628
622
623
645
621
659
640
641
647
634
647
653
650
639
655
648
651
649
641
673
652
668
671
667
663
680
683
671
678
687
689
676
698
705
700
715
724
700
721
728
698
746
738
778
771
757
783
742
806
795
798
805
808
791
831
822
882
862
864
862
879
891
884
915
944
950
976
994
1022
1013
1044
1074
1083
1048
1183
1091
1126
1167
1210
1162
1299
1327
1356
1379
1420
1432
1484
1469
1450
1588
1664
1667
1707
1700
1770
1818
1989
1934
2083
2058
2013
2185
2196
2492
2457
2515
2667
2740
2787
2913
2971
3146
3246
3270
3340
3611
3736
3718
3958
4033
4217
4344
4519
4801
4865
5057
5183
5417
5599
5811
5887
6161
6342
6512
6850
7080
7154
7383
7694
7721
7773
8027
8300
8770
8740
9357
9390
9814
9539
9996
10003
10427
10364
10650
10742
10873
10976
11223
11264
11411
11269
11664
11821
11897
11631
11925
11838
11912
12094
12110
12228
12206
12175
11991
12247
12051
11963
12087
11827
11841
11967
11698
11627
11831
11621
11576
11425
11275
11130
11077
11396
10888
10800
10805
10804
10612
10460
10255
9994
9632
10043
9556
9554
9042
9220
9321
8951
8899
8767
8524
8508
8400
8266
8052
8128
7806
7560
7539
7517
7223
7140
7242
6847
6812
6507
6478
6437
6434
6185
6144
5895
5814
5857
5852
5707
5538
5549
5279
5270
5085
5099
4911
4895
4892
4799
4775
4515
4536
4446
4478
4492
4359
4285
4218
4156
4012
4074
4002
3897
3985
3736
3784
3751
3587
3651
3575
3485
3350
3496
3405
3333
3305
3314
3174
3192
3037
3038
3097
3104
2979
3037
3017
2897
3050
2861
2807
2807
2769
2731
2728
2646
2580
2659
2507
2552
2504
2410
2580
2416
2280
2444
2316
2363
2352
2293
2266
2252
2249
2218
2167
2143
2149
2161
1966
2227
2048
2036
2010
1963
1956
1998
1973
1934
1934
1909
1872
1890
1920
1828
1813
1869
1764
1758
1793
1830
1686
1725
1704
1674
1715
1703
1629
1629
1581
1613
1626
1594
1556
1518
1557
1568
1496
1532
1502
1455
1457
1498
1423
1493
1417
1438
1417
1406
1367
1409
1399
1406
1379
1339
1317
1365
1324
1286
1296
1310
1292
1272
1293
1265
1265
1229
1238
1251
1235
1201
1197
1200
1194
1185
1199
1116
1178
1193
1125
1145
1150
1115
1080
1116
1114
1120
1065
1083
1075
1069
1080
1037
1028
1049
1051
1019
1058
992
1035
982
1063
1000
993
1081
1037
969
996
1004
989
958
972
969
1011
955
966
974
961
902
945
945
931
954
916
930
939
893
930
873
918
956
916
890
903
891
930
911
906
873
864
881
902
828
873
875
873
839
829
867
883
858
840
852
832
814
840
835
819
847
805
819
806
800
824
765
834
838
797
825
827
788
795
805
801
804
811
790
788
789
800
781
765
801
762
806
768
776
791
776
752
741
747
746
781
736
785
766
758
763
758
766
723
751
745
763
733
733
733
774
734
729
728
732
710
741
743
730
723
693
723
738
724
728
744
737
706
726
722
714
735
719
708
719
724
704
702
743
697
700
673
720
700
688
709
706
711
688
718
680
716
711
671
704
683
696
718
701
671
697
692
692
678
694
691
674
659
671
683
706
688
702
668
666
685
690
683
671
652
660
693
661
661
676
661
666
669
648
669
657
670
660
677
678
677
672
682
655
660
656
674
664
659
645
656
645
655
659
647
663
664
647
660
678
637
648
648
648
675
655
653
652
657
640
657
655
663
650
653
646
656
656
657
660
668
640
649
629
631
631
630
641
643
652
641
643
659
632
641
652
640
627
636
634
641
645
639
626
635
651
628
639
634
661
636
638
631
643
636
632
632
638
627
637
638
635
645
643
636
642
625
633
648
632
632
631
628
626
626
624
625
629
623
623
631
623
607
628
621
632
613
620
630
616
617
630
626
644
629
608
619
628
622
616
614
644
623
615
617
639
622
616
618
622
617
625
621
630
631
626
628
618
616
616
611
624
612
619
626
628
618
620
615
612
617
640
622
628
624
620
612
617
631
628
618
612
622
614
616
612
624
625
620
621
620
612
625
624
610
609
607
618
625
618
612
612
611
610
614
607
605
619
617
612
612
610
617
630
624
620
615
621
603
605
611
612
611
615
622
621
611
614
610
616
612
611
615
611
620
618
610
617
614
605
616
620
603
611
608
605
611
613
610
603
604
611
614
601
616
608
608
608
606
608
612
605
605
604
605
602
612
611
605
606
607
597
613
613
604
597
608
610
612
604
618
613
611
612
605
594
612
607
607
598
606
615
601
605
612
601
604
603
611
607
603
603
609
598
601
601
604
608
598
596
623
611
608
605
598
603
608
601
614
608
604
604
609
599
605
611
608
606
607
614
605
604
617
601
615
607
607
599
608
607
601
598
603
600
601
603
607
599
608
608
602
602
598
603
600
594
601
604
611
597
605
597
595
604
606
609
611
603
605
605
600
602
601
598
605
602
600
602
604
599
602
599
600
605
600
602
600
601
606
609
606
603
598
599
602
601
594
606
598
611
603
589
600
592
604
604
593
607
607
596
610
594
607
600
601
594
602
601
594
597
599
600
600
599
608
605
597
603
611
601
611
611
606
604
598
607
604
603
603
611
598
599
602
599
