606
598
600
607
594
604
610
601
605
607
610
604
597
603
608
610
612
609
598
605
608
605
604
608
600
606
607
601
609
603
611
612
605
597
599
610
605
603
602
612
605
598
606
604
598
601
602
600
603
601
608
607
608
611
608
607
603
600
599
615
606
601
605
608
599
607
591
598
603
610
598
601
603
602
605
602
597
598
597
604
599
604
607
610
607
604
611
601
603
604
615
609
606
610
607
605
608
601
604
603
598
610
599
597
599
608
604
605
612
605
606
602
602
602
601
600
604
607
608
612
607
606
598
607
606
606
607
607
605
595
607
605
598
606
596
602
607
596
604
602
607
605
606
598
608
598
602
602
604
587
609
602
605
610
595
606
604
598
608
599
605
609
604
603
602
590
607
606
603
610
598
604
602
604
608
593
607
607
593
608
606
606
608
607
604
596
609
608
604
610
604
604
605
612
603
603
614
609
602
610
605
607
595
602
605
611
616
611
603
604
611
607
616
606
603
614
610
608
610
612
605
614
602
606
604
608
614
607
604
603
602
597
611
613
617
613
605
610
617
608
608
608
598
620
598
618
613
616
606
616
607
615
608
608
613
613
623
615
619
615
615
616
616
616
610
607
626
617
614
622
607
611
611
615
629
610
619
615
617
610
609
628
617
623
629
616
616
627
623
621
628
627
626
623
636
633
619
622
630
634
630
634
633
637
630
638
627
639
636
648
637
636
639
642
658
647
666
658
667
650
657
660
662
674
662
669
676
659
662
663
671
695
698
692
688
701
689
722
705
724
690
716
724
731
743
733
742
740
761
763
779
775
792
797
813
805
814
813
802
847
821
856
869
848
946
909
899
1002
918
976
951
1015
1043
1051
1004
1031
1060
1114
1141
1135
1171
1160
1243
1266
1259
1253
1331
1439
1413
1498
1374
1463
1602
1565
1657
1686
1652
1818
1870
1825
1921
1991
2016
2097
2274
2293
2275
2309
2491
2445
2602
2686
2864
2905
3090
3132
3386
3341
3578
3651
3825
3888
4013
4340
4225
4461
4647
4834
4971
5098
5362
5472
5631
5969
6275
6380
6628
6865
7327
7414
7658
7999
8056
8422
8613
8803
9200
9466
9844
9902
10292
10645
10681
11192
11381
11385
11750
12005
12263
12625
12981
13123
13045
13217
13750
13595
13746
13945
13974
14173
14341
14695
14600
14533
14787
14850
14919
14972
15211
15259
15311
15184
15113
15156
14951
15210
14917
14775
15085
14628
14722
14505
14454
14655
14328
14174
14382
14104
13960
13889
13644
13494
13519
13427
13201
13279
12720
12854
12339
12056
12201
11826
11987
11533
11608
11067
11026
10956
10808
10599
10286
10328
9837
9860
9790
9483
9355
9230
9015
8857
8529
8505
8234
8142
8001
7938
7932
7609
7477
7576
7380
7310
7139
6968
6716
6946
6693
6601
6321
6343
6081
5976
5924
5886
5640
5431
5498
5439
5133
5353
5308
5064
5055
5051
5075
4737
4897
4761
4791
4665
4547
4523
4469
4337
4286
4258
4175
4070
4026
3896
3890
3927
3824
3764
3757
3792
3724
3556
3625
3462
3637
3508
3319
3394
3216
3272
3353
3241
3163
3148
3103
3082
2998
2944
2789
2930
2908
2841
2881
2782
2731
2611
2736
2688
2645
2634
2577
2553
2586
2479
2479
2407
2393
2246
2347
2400
2349
2331
2232
2229
2261
2203
2281
2148
2225
2129
2104
2152
2072
2005
2042
2002
1971
2025
1929
1977
1957
1936
1943
1931
1873
1803
1779
1823
1856
1810
1779
1739
1689
1784
1685
1738
1667
1690
1681
1696
1592
1569
1577
1648
1638
1543
1594
1538
1468
1513
1467
1509
1419
1441
1466
1444
1376
1453
1421
1369
1337
1405
1375
1354
1401
1363
1373
1336
1290
1297
1306
1317
1288
1271
1232
1252
1218
1268
1288
1202
1230
1241
1264
1241
1235
1182
1204
1181
1165
1161
1147
1129
1143
1158
1161
1107
1151
1164
1065
1102
1154
1058
1092
1074
1045
1050
1089
1050
1012
1038
1046
1045
1043
989
1042
992
1008
1005
994
988
1041
991
959
972
960
979
986
989
1013
950
984
952
971
958
928
913
962
917
961
918
930
923
922
928
892
907
896
906
926
869
893
890
917
862
899
863
857
879
861
886
871
851
835
891
868
870
851
864
859
855
851
813
821
851
817
836
859
803
823
832
822
847
800
794
811
816
801
791
809
771
798
764
821
759
770
772
763
781
767
774
759
778
768
794
776
787
743
802
758
742
755
768
731
772
750
743
762
736
742
745
763
726
705
739
752
733
748
744
723
734
749
731
735
734
737
739
729
723
744
713
694
733
687
727
725
720
691
710
718
729
740
727
709
693
690
684
692
704
683
700
719
688
680
713
705
696
721
685
696
691
727
697
683
720
677
685
681
688
671
682
685
683
678
682
697
681
680
674
656
673
690
663
678
678
687
673
677
686
680
678
677
672
664
645
659
675
661
667
651
662
671
651
651
662
654
674
665
680
662
642
657
661
668
673
684
657
656
665
643
649
650
665
656
641
662
654
654
652
643
641
647
666
654
639
660
656
644
655
648
634
658
653
647
655
643
659
669
644
658
643
644
627
649
642
641
636
636
649
632
633
629
638
628
639
639
641
636
647
651
649
636
631
640
638
637
638
633
633
635
629
636
637
638
634
631
638
628
635
639
638
637
629
625
624
638
634
639
631
630
632
636
634
631
628
624
631
618
625
619
623
630
631
638
632
632
625
622
634
629
605
626
623
631
633
615
622
618
624
617
625
623
607
620
628
629
624
621
617
612
619
624
622
618
627
620
620
623
624
634
613
623
619
616
630
632
616
620
624
616
620
625
604
606
616
620
631
611
624
621
612
626
624
610
614
610
616
618
617
619
616
597
616
620
608
611
619
614
606
629
606
623
613
602
618
606
623
610
606
621
613
617
620
603
612
624
620
611
612
606
609
610
614
607
634
606
609
611
617
609
612
604
607
605
609
610
619
615
617
614
612
605
605
610
606
608
606
605
600
605
614
606
610
612
615
605
604
622
599
617
602
615
601
611
610
603
603
610
603
610
608
605
608
611
607
609
606
610
615
611
605
606
599
605
603
601
601
611
603
605
615
599
607
603
597
606
609
607
611
604
601
608
606
602
607
604
603
619
612
611
614
606
605
596
605
609
609
610
603
606
601
610
610
601
608
618
604
611
602
600
602
607
607
609
603
599
610
613
608
600
608
611
613
589
596
614
609
598
604
610
601
608
601
611
606
606
594
601
606
601
599
596
602
606
605
601
604
599
604
611
605
606
602
612
603
607
614
604
605
599
609
601
602
604
604
603
598
608
603
609
599
603
605
595
601
605
601
593
600
604
608
599
599
604
601
607
601
604
604
603
603
601
602
606
607
