600
605
604
608
611
611
609
600
598
595
598
606
599
598
599
596
599
602
606
601
606
598
603
611
602
609
602
603
606
605
602
599
597
604
600
601
606
598
605
604
604
606
614
602
610
597
609
601
601
603
595
604
603
601
597
603
600
599
605
610
604
598
599
601
606
599
607
599
597
597
603
604
606
607
599
602
605
605
601
600
594
612
601
602
607
603
598
602
596
602
605
602
600
596
602
604
600
603
604
605
602
603
591
609
601
599
599
599
602
611
599
602
601
605
606
605
605
599
604
595
607
598
601
598
602
600
605
612
605
605
605
603
597
608
597
608
612
604
610
598
601
605
602
608
597
612
599
606
602
602
601
596
599
607
605
607
597
607
600
610
605
598
592
601
604
601
607
602
602
604
594
606
594
604
605
601
594
619
606
609
598
603
610
603
607
606
600
600
615
601
604
612
597
609
610
601
603
606
600
609
598
609
603
606
612
607
613
606
612
613
602
603
611
617
604
603
603
601
617
603
609
607
602
596
602
602
613
609
609
600
617
603
604
600
610
597
613
620
601
611
610
613
605
605
609
610
611
613
603
618
628
614
602
610
609
617
608
615
612
612
611
619
619
617
611
605
629
610
620
615
612
600
614
613
616
621
607
606
624
612
614
609
617
620
618
602
620
617
621
632
617
625
621
617
634
618
622
615
634
622
633
635
637
633
637
634
640
644
646
628
649
646
652
623
632
647
648
658
658
646
631
663
661
672
663
677
671
688
698
680
670
688
692
701
680
709
694
713
701
727
708
713
725
760
746
727
768
771
751
765
771
771
802
769
791
795
813
841
807
878
859
895
905
891
886
904
929
966
945
955
955
1003
1038
1024
1078
1082
1122
1160
1138
1134
1189
1229
1211
1296
1274
1327
1312
1375
1434
1484
1545
1524
1548
1615
1617
1724
1799
1820
1776
1987
1906
2038
2161
2160
2127
2304
2369
2412
2398
2646
2651
2819
2897
2983
3205
3214
3268
3449
3613
3757
3885
4065
4183
4110
4459
4522
4870
4923
5144
5364
5544
5756
5805
6182
6480
6482
6985
7211
7534
7744
8009
8088
8324
8691
8985
9201
9367
9534
9984
10230
10419
10861
11170
11316
11725
11853
12256
12596
12839
13022
13235
13561
13836
13764
14320
14311
14257
14513
14554
14764
14734
15040
15298
15132
15619
15462
15529
15538
15559
16061
15745
15812
15953
15977
15850
15489
15682
15341
15530
15406
15380
15162
15099
14812
14664
14840
14685
14704
14480
14378
14370
13978
13972
14022
13869
13474
13269
13204
12840
12808
12589
12619
12367
11880
11868
11703
11452
11404
11103
11182
10721
10653
10536
10229
9996
9708
9800
9394
9432
9046
9337
8951
8720
8471
8420
8097
8139
7822
7892
7612
7873
7622
7461
7225
7182
6997
6898
6864
6704
6500
6419
6313
6187
6086
6079
5873
5634
5745
5543
5405
5437
5380
5338
5283
5021
5197
4925
4924
4816
4962
4611
4683
4619
4411
4485
4400
4329
4196
4282
4250
4078
3976
3998
3949
3856
3857
3777
3684
3741
3625
3676
3653
3631
3595
3493
3400
3365
3355
3460
3243
3130
3205
3211
3062
3128
3005
2966
2863
2890
2981
2919
2877
2787
2786
2768
2771
2686
2694
2711
2716
2656
2597
2586
2464
2566
2523
2377
2406
2276
2439
2393
2286
2354
2213
2256
2264
2255
2154
2165
2141
2122
2071
2070
2117
2099
2050
2060
1994
1888
2021
1842
1951
1914
1850
1893
1837
1799
1750
1838
1776
1759
1760
1787
1749
1733
1639
1655
1743
1637
1638
1610
1599
1588
1605
1583
1548
1590
1508
1525
1569
1496
1475
1535
1382
1471
1463
1444
1424
1438
1449
1415
1477
1405
1332
1333
1307
1397
1388
1286
1332
1322
1311
1298
1302
1299
1322
1283
1266
1279
1215
1249
1205
1229
1182
1240
1206
1155
1154
1117
1190
1141
1170
1143
1145
1164
1105
1106
1130
1067
1076
1068
1103
1101
1069
1093
1055
1058
1104
1040
1067
1040
1027
1028
1045
1027
1019
996
972
1023
1015
979
1029
997
1006
1000
972
975
969
945
960
944
941
928
963
927
951
920
942
968
942
906
954
957
918
906
921
900
909
882
882
901
917
852
881
872
870
851
878
859
821
871
892
853
889
853
787
848
853
832
833
859
837
784
839
846
828
802
804
809
795
839
841
825
845
803
810
834
807
795
810
797
797
792
773
800
796
782
769
777
783
743
788
781
776
776
782
766
771
771
740
764
762
818
741
769
741
748
741
774
744
754
727
756
715
758
748
737
756
737
757
721
741
728
763
727
740
713
752
712
763
758
721
715
724
721
747
708
700
724
701
707
701
699
698
712
703
695
710
718
698
673
695
694
690
700
693
691
699
671
689
681
705
694
675
684
694
680
689
690
689
691
676
716
677
680
678
681
696
670
693
656
681
681
698
674
667
666
667
667
664
673
669
678
673
686
665
665
667
687
666
657
673
670
687
662
680
645
669
652
682
665
649
653
667
657
659
670
643
658
653
650
653
647
665
652
664
641
656
656
652
663
628
652
648
650
653
631
633
663
655
655
636
648
647
655
649
639
654
641
655
643
638
632
630
638
638
632
649
635
630
636
646
639
638
638
636
643
642
641
647
645
643
648
650
631
644
641
625
630
633
629
640
641
647
638
632
621
640
645
634
620
649
635
638
623
628
623
644
633
628
633
633
620
632
626
620
630
643
629
632
626
621
625
620
640
624
624
618
633
621
637
622
621
624
627
613
627
628
625
608
624
621
627
605
627
615
624
621
618
619
627
623
622
613
608
605
619
618
624
612
614
609
622
617
622
623
626
615
607
619
621
607
621
606
617
618
618
610
619
622
604
611
607
608
615
616
617
608
617
610
613
615
602
624
607
613
604
610
620
605
627
619
618
602
611
595
622
604
613
615
617
605
612
609
613
616
623
612
611
617
610
612
609
613
609
606
611
608
611
619
606
614
608
604
608
612
604
603
604
605
605
608
616
616
603
606
607
605
613
614
615
602
604
610
609
597
600
622
604
612
614
610
608
613
613
609
605
610
600
605
606
612
609
608
610
603
602
603
606
606
608
612
605
608
611
611
601
602
601
606
603
604
612
601
608
601
602
607
609
600
600
602
606
598
600
596
598
601
609
607
597
601
604
612
605
609
605
603
610
613
595
604
600
609
602
605
601
603
608
600
599
609
610
607
604
598
608
598
605
597
604
611
606
608
604
603
598
603
602
603
613
598
600
605
609
603
610
601
596
611
609
608
599
605
605
605
606
606
610
605
603
600
606
604
604
600
602
599
598
603
593
604
602
602
614
601
608
604
603
604
598
600
601
602
594
600
598
590
603
599
598
600
598
601
599
594
598
602
603
599
