604
603
610
602
612
602
604
607
601
611
609
609
607
606
605
602
604
601
604
611
599
602
598
606
610
608
596
598
602
601
608
607
605
604
601
612
604
600
603
602
605
605
603
597
603
609
601
615
590
594
605
607
596
609
598
605
605
603
604
603
600
601
601
602
612
598
597
599
602
605
598
604
600
598
610
603
604
597
595
593
607
606
603
601
597
603
600
599
606
602
597
605
600
592
598
602
599
595
602
603
606
606
590
600
598
601
603
601
606
602
606
608
596
604
609
604
595
601
601
602
612
608
608
605
602
609
607
600
599
611
605
606
614
614
607
604
606
597
605
610
607
597
593
600
587
601
615
595
599
598
596
609
591
607
595
601
602
598
603
615
605
606
606
600
611
605
607
606
604
613
608
596
606
607
596
606
614
597
602
605
608
607
603
606
606
610
594
606
601
602
610
602
603
609
609
599
603
604
602
611
607
606
611
600
614
605
596
600
603
610
599
606
604
599
605
606
601
611
607
607
614
605
608
603
597
600
604
608
598
605
599
604
607
614
606
609
610
610
620
614
608
622
611
605
619
607
610
621
602
602
608
609
619
613
616
622
608
614
616
615
615
623
612
611
616
609
612
614
616
615
617
610
612
614
623
615
604
614
609
623
616
613
615
615
618
611
623
620
616
628
617
630
611
618
618
622
616
641
613
634
633
630
620
622
614
630
630
630
639
641
635
648
654
652
650
641
656
645
666
641
642
644
663
650
674
664
659
654
675
662
644
664
667
676
691
690
670
674
693
686
710
706
711
691
707
723
730
729
757
730
751
761
781
821
775
781
773
817
817
817
791
835
867
832
860
880
885
855
906
922
932
937
989
974
993
1027
1017
1025
1057
1048
1138
1181
1130
1171
1230
1220
1274
1327
1269
1317
1342
1421
1449
1514
1529
1560
1641
1647
1719
1719
1753
1792
1870
2002
2043
2026
2195
2159
2241
2319
2364
2539
2502
2740
2775
2943
3020
3004
3139
3262
3405
3561
3701
3846
3822
3990
4150
4353
4575
4700
4889
5087
5232
5553
5591
5781
5902
6243
6480
6846
7005
6976
7451
7365
7774
8121
8188
8421
8602
8928
9052
9400
9631
9828
10327
10218
10705
11083
11195
11231
11547
11716
12054
12137
12337
12561
12283
12556
12638
12627
13169
13166
13143
13578
13628
13548
13544
13417
13804
13713
13998
13671
13760
13735
13534
13376
13421
13295
13487
13357
13072
12969
13080
12980
12758
13062
12719
12690
12333
12504
12254
12113
11765
11751
11844
11680
11743
11357
11239
11011
10939
10883
10578
10486
10402
10003
9804
9912
9721
9358
9508
9249
8999
8985
8782
8452
8458
8464
8099
7874
7852
7751
7580
7380
7175
6863
7112
6962
6845
6833
6595
6509
6465
6384
6125
6243
5951
5989
5694
5670
5577
5601
5227
5286
5242
5244
4984
5042
4884
4873
4853
4580
4651
4423
4600
4447
4414
4383
4381
4219
4079
4097
4145
4123
4063
3811
3677
3705
3710
3634
3670
3567
3562
3501
3581
3301
3535
3483
3466
3188
3198
3101
3330
3072
3122
3000
3039
3016
2967
2849
2884
2861
2840
2735
2704
2690
2638
2701
2693
2718
2473
2677
2520
2479
2485
2453
2420
2413
2307
2384
2277
2234
2293
2314
2342
2297
2200
2198
2154
2047
2093
2106
2126
2124
2018
2070
2055
2082
1929
1995
1955
1998
1951
1873
1837
1823
1841
1766
1806
1807
1757
1755
1765
1817
1682
1660
1573
1668
1669
1687
1677
1659
1625
1574
1545
1558
1589
1619
1538
1512
1466
1485
1474
1521
1493
1480
1439
1468
1339
1396
1408
1371
1372
1368
1427
1404
1326
1259
1364
1309
1336
1284
1341
1278
1261
1238
1294
1286
1259
1251
1210
1207
1162
1176
1154
1163
1190
1195
1152
1193
1188
1173
1110
1129
1155
1139
1093
1120
1122
1112
1086
1118
1062
1104
1050
1095
1099
1064
1072
1040
1044
1048
1068
1029
988
1028
987
1057
1001
1012
996
1009
1003
1022
1012
958
945
951
966
941
966
920
947
963
955
926
923
932
939
922
900
917
951
889
921
950
927
905
893
884
908
881
896
907
903
859
877
843
874
865
844
878
860
841
851
860
864
841
834
820
827
835
797
838
821
818
828
820
827
820
807
806
809
794
790
809
788
800
807
776
794
784
759
779
796
770
751
777
763
758
782
743
752
751
759
762
747
788
757
783
765
773
774
769
766
742
753
743
750
747
771
751
743
720
776
736
713
731
750
735
733
747
714
737
729
724
724
723
727
709
699
739
706
684
733
710
724
706
709
710
715
712
687
699
700
674
699
692
701
701
661
707
691
675
670
697
683
668
673
685
698
707
675
698
686
685
688
686
677
680
695
680
661
681
682
674
696
678
699
653
669
674
670
705
679
671
681
655
674
669
674
648
656
665
672
657
665
674
672
659
650
653
684
662
649
663
665
662
668
648
676
630
648
676
654
650
660
650
656
648
643
665
663
649
651
662
654
644
645
645
646
649
662
667
639
653
646
639
644
645
641
660
644
634
636
632
645
650
644
639
624
635
642
646
646
643
638
641
649
649
644
648
637
643
646
627
632
640
647
630
618
640
615
626
632
632
622
637
620
635
633
626
630
623
634
638
628
633
630
646
635
623
638
647
632
635
639
633
630
636
641
631
612
636
642
632
635
626
616
641
617
618
622
627
641
635
624
619
614
625
616
620
624
612
626
618
624
617
617
643
626
618
617
630
622
607
615
623
607
612
621
618
633
624
638
630
631
617
633
632
629
624
616
629
622
627
609
620
611
622
616
615
619
616
612
619
620
609
627
625
616
619
618
612
617
609
610
613
619
612
611
614
614
615
614
611
606
613
616
607
610
604
615
607
605
607
627
625
616
619
618
603
606
610
620
606
611
609
601
622
605
614
623
606
604
608
608
606
610
602
609
614
605
606
608
605
605
615
607
609
614
611
608
609
619
604
605
605
604
596
618
597
603
601
607
614
604
601
607
603
604
601
611
611
609
605
605
607
612
601
606
607
606
602
596
606
610
606
617
610
605
608
602
611
607
610
609
604
604
601
609
616
611
608
612
598
593
601
603
591
613
604
597
607
602
609
609
603
612
606
607
617
609
607
602
606
601
607
600
603
610
606
600
617
607
612
603
601
609
603
605
617
601
607
606
601
608
598
600
597
603
604
604
605
606
606
607
601
605
599
588
611
608
594
602
607
595
603
598
601
603
595
606
604
598
601
600
597
612
600
608
606
598
607
602
601
602
601
603
596
605
601
594
601
603
602
602
593
601
600
602
597
599
612
602
589
600
612
607
601
600
599
604
603
595
604
603
602
600
604
605
600
605
613
603
595
607
603
598
603
