601
605
600
604
599
606
600
607
595
599
605
610
603
606
599
607
608
605
610
607
598
605
607
605
600
597
606
608
597
604
602
604
603
600
607
597
598
604
599
601
600
603
595
614
601
600
611
596
605
608
607
600
595
604
610
599
603
600
612
607
616
598
600
601
603
602
606
613
594
604
596
599
587
606
595
603
598
597
607
594
602
604
605
603
610
611
603
608
600
604
603
603
598
600
601
598
606
603
603
598
595
605
605
600
601
598
602
605
604
599
605
602
604
609
598
596
601
601
601
606
601
599
601
600
612
600
602
605
600
597
605
604
593
603
599
603
610
599
599
608
596
604
601
604
612
600
611
596
606
603
595
604
608
603
603
604
604
611
596
611
598
603
608
596
611
603
609
612
612
600
609
605
614
611
603
602
605
605
613
606
609
609
602
610
606
606
601
610
607
605
606
606
614
614
611
603
607
603
611
605
606
609
594
601
601
615
603
606
606
600
603
604
603
604
609
613
600
614
614
604
599
611
613
620
604
613
598
609
613
607
607
609
593
609
618
597
614
611
621
609
605
607
612
613
608
619
606
609
617
610
625
616
606
609
613
614
616
603
610
620
611
618
616
598
617
624
608
616
608
615
606
611
624
607
612
619
612
623
617
622
624
608
606
624
619
612
616
610
626
624
631
620
626
628
633
614
622
619
627
629
632
630
627
641
643
651
642
633
629
644
651
632
653
647
645
654
649
662
637
656
676
652
669
658
666
706
679
681
662
666
689
688
681
679
695
694
702
702
699
695
705
721
705
737
728
739
763
761
745
747
773
791
758
830
808
828
844
821
833
844
860
852
905
908
908
905
930
954
945
977
960
1006
1043
1053
1063
1083
1127
1080
1139
1170
1189
1209
1226
1188
1212
1274
1336
1354
1364
1492
1487
1522
1591
1691
1609
1679
1662
1745
1916
1900
1944
1994
2079
2102
2161
2220
2300
2390
2514
2496
2686
2693
2747
3043
3109
3167
3238
3431
3575
3679
3830
3926
4107
4260
4287
4485
4664
4825
4949
5313
5496
5723
5959
5899
6328
6294
6806
7175
7202
7323
7794
7954
8340
8315
8589
8983
9256
9232
9836
9751
10334
10588
10967
11205
11454
11658
12044
12384
12691
12815
12926
13508
13394
13450
13791
14126
14095
14101
14379
14454
14553
14631
14742
14799
15146
15244
15133
15483
15245
15451
15385
15468
15437
15377
15472
15251
15136
15087
15004
15094
14778
14782
14555
14537
14712
14569
14206
14373
14109
14112
13886
13783
13694
13343
13385
13151
12896
12513
12700
12662
12274
12049
11899
11685
11642
11343
11181
11010
10693
10643
10430
10360
10237
9780
9757
9391
9605
9375
9003
9075
9039
8610
8509
8247
8140
8028
7965
7621
7591
7491
7357
7444
7135
7157
6819
6822
6752
6766
6339
6411
6144
6115
6021
6030
5731
5664
5528
5494
5432
5402
5374
5219
5313
5117
5157
5160
4882
4712
4751
4689
4526
4680
4599
4345
4283
4268
4247
4280
4110
4058
4153
4010
3826
3853
3886
3818
3819
3742
3736
3610
3612
3628
3517
3461
3536
3399
3394
3348
3376
3146
3293
3213
3093
3067
2925
2919
2982
2909
2899
2922
2790
2879
2864
2737
2740
2742
2644
2603
2643
2615
2523
2504
2533
2528
2537
2493
2347
2350
2344
2329
2343
2270
2232
2261
2264
2295
2278
2211
2111
2167
2148
2153
2111
2085
2014
1966
1958
1895
1941
1935
1888
1935
1938
1942
1889
1915
1709
1820
1852
1798
1776
1703
1721
1813
1695
1703
1570
1741
1656
1623
1699
1615
1550
1580
1584
1573
1528
1480
1539
1531
1512
1487
1512
1442
1447
1505
1456
1403
1416
1463
1346
1301
1373
1415
1348
1327
1344
1348
1326
1374
1282
1297
1259
1297
1280
1283
1302
1275
1270
1288
1173
1242
1234
1237
1148
1167
1182
1172
1177
1172
1140
1172
1101
1141
1177
1089
1136
1166
1130
1111
1043
1116
1121
1086
1036
1119
1087
1048
1025
1011
1043
1059
1055
1046
1044
1055
1002
994
1018
1012
1005
1000
981
963
956
972
959
970
956
969
935
956
919
925
977
941
963
891
919
931
909
941
954
933
890
943
899
919
918
891
882
926
890
870
911
901
891
867
854
829
857
844
874
873
871
812
819
852
849
855
853
840
838
830
834
821
810
830
786
793
813
812
810
790
799
794
770
791
804
810
821
773
781
799
782
762
814
794
768
799
801
770
780
765
753
791
763
796
788
783
779
779
756
756
782
760
730
751
743
724
732
743
756
765
718
769
766
736
739
734
745
722
716
711
713
718
748
704
721
714
707
715
696
728
728
706
714
696
719
705
717
735
705
693
728
716
684
708
699
726
709
684
724
689
707
684
700
698
709
724
699
671
698
695
709
685
676
720
705
688
687
692
680
680
689
702
679
680
681
687
675
664
679
696
674
657
697
679
672
672
679
660
654
669
698
691
659
672
652
689
687
669
675
664
665
678
654
657
650
657
656
670
662
661
663
644
660
648
663
667
646
656
650
655
650
653
644
638
655
637
644
650
651
640
639
633
645
641
659
655
670
656
650
635
642
639
654
637
635
635
641
650
644
641
637
636
655
648
635
647
629
637
627
626
644
648
640
646
648
635
635
631
633
638
634
627
627
635
637
628
643
623
635
644
626
643
633
620
632
632
637
634
636
627
636
621
633
621
642
622
615
633
611
637
633
617
616
621
623
635
617
627
627
625
625
632
632
613
640
632
615
626
610
623
615
616
632
624
627
627
634
628
622
615
617
627
616
639
613
621
632
615
621
618
604
641
625
614
626
622
610
615
613
607
620
626
614
622
617
609
611
613
605
607
619
603
621
621
619
610
614
616
621
619
630
608
613
625
615
618
618
614
615
620
604
608
608
606
614
618
621
619
606
620
616
616
617
606
616
620
604
606
607
609
616
608
601
610
610
617
604
604
620
610
610
609
610
613
607
609
605
622
614
604
610
613
606
613
609
607
605
612
611
612
610
607
615
610
611
605
606
607
603
607
602
608
604
608
596
606
605
598
613
595
607
609
614
608
606
603
606
611
608
605
614
605
606
605
610
611
600
601
613
600
616
611
602
608
602
622
607
603
589
617
601
610
614
603
605
601
599
609
606
602
597
620
599
605
605
604
609
598
608
603
605
611
603
604
598
607
604
597
616
595
601
604
600
605
598
609
600
601
605
604
602
604
603
604
605
610
604
606
605
586
598
603
608
600
596
605
603
607
604
598
592
606
596
601
604
595
601
595
595
597
606
604
599
600
599
599
597
606
598
599
604
600
605
608
594
591
594
595
605
605
599
607
595
594
600
599
607
602
597
603
600
602
602
607
609
602
597
597
603
598
602
600
598
606
601
603
