607
605
602
605
602
601
603
606
603
603
602
610
595
600
594
605
601
604
597
610
601
606
610
600
605
607
596
594
602
593
609
600
605
591
602
600
592
598
600
605
605
602
609
606
612
601
591
600
597
597
598
604
601
604
607
595
602
606
602
606
600
604
601
598
603
600
598
597
602
606
610
603
597
602
602
604
596
594
598
601
598
601
607
593
601
598
598
593
609
601
602
602
597
600
601
596
603
607
594
601
600
601
599
607
607
606
599
601
600
601
602
604
593
588
594
601
604
598
607
596
599
601
604
597
602
604
602
599
602
601
599
598
602
596
599
595
594
604
601
600
605
596
598
601
607
604
607
595
596
605
599
599
597
595
605
607
601
600
599
603
605
592
603
601
602
595
598
601
595
597
602
600
598
598
594
589
601
598
599
605
600
604
600
597
598
599
598
604
596
601
593
597
585
595
596
593
605
596
599
600
600
588
599
591
603
603
599
609
603
603
592
598
593
598
601
597
595
607
603
600
604
605
609
602
591
600
595
599
602
605
599
598
602
598
597
601
598
600
607
599
608
609
603
601
611
606
602
604
605
598
598
590
602
595
597
593
599
604
611
614
608
597
600
598
598
614
596
597
614
608
608
608
604
603
602
597
606
596
608
604
604
601
604
602
597
609
609
605
603
595
600
610
601
604
599
597
608
607
606
599
605
612
601
608
603
599
613
610
617
600
617
606
608
603
606
612
605
614
602
604
599
614
604
616
606
618
616
615
611
605
607
624
609
617
605
609
603
613
612
623
614
610
626
615
619
619
622
620
620
616
621
634
622
620
632
633
635
623
632
629
634
631
638
663
655
617
649
631
654
648
660
664
657
675
647
678
670
669
666
658
665
664
692
691
693
691
708
695
699
704
721
698
704
740
757
748
752
749
776
796
758
791
774
805
805
820
822
809
851
822
882
916
920
884
914
929
920
970
1044
999
1030
1065
1064
1101
1082
1114
1157
1174
1131
1214
1204
1257
1299
1352
1342
1386
1419
1366
1565
1529
1612
1621
1702
1700
1732
1795
1851
1812
1927
2022
2061
2111
2109
2200
2175
2324
2333
2400
2547
2527
2502
2616
2728
2683
2817
2955
2916
3068
3073
3112
3218
3235
3311
3200
3414
3444
3532
3696
3675
3685
3848
3764
3796
3929
3893
3917
4055
3975
3915
4094
4050
3995
3988
4373
4174
4165
4271
4115
4173
4237
4333
4242
4386
4284
4157
4226
4099
4087
4081
3943
4071
3833
3922
3825
3752
3601
3686
3589
3585
3662
3505
3493
3386
3365
3284
3236
3135
3133
3067
3028
2977
2948
2754
2758
2722
2533
2646
2538
2552
2466
2436
2373
2360
2231
2340
2269
2179
2161
2047
2037
1981
2050
1979
2030
1896
1912
1890
1788
1827
1794
1749
1758
1724
1730
1740
1727
1660
1713
1559
1573
1600
1556
1490
1514
1528
1521
1428
1402
1404
1460
1445
1332
1346
1378
1389
1343
1315
1325
1340
1354
1296
1226
1293
1242
1259
1309
1283
1187
1249
1203
1179
1192
1186
1157
1124
1140
1228
1173
1132
1131
1099
1112
1090
1089
1065
1126
1047
1011
1042
1046
1013
1087
983
1049
1014
1031
1038
1022
1041
990
968
1005
921
944
974
954
955
944
930
947
950
936
909
893
872
922
899
915
940
873
897
883
880
889
887
869
875
857
839
854
875
877
820
830
817
830
832
833
844
810
808
851
794
803
795
783
817
822
812
804
792
757
807
770
785
784
803
750
773
761
767
776
773
771
772
750
753
744
789
747
772
742
753
744
743
723
725
734
727
709
721
740
738
710
719
727
721
722
700
725
709
721
713
720
701
708
703
731
706
692
699
701
706
699
701
704
701
683
671
696
687
684
676
689
663
668
689
688
670
681
663
672
674
662
662
656
671
687
663
679
668
661
677
660
667
680
701
656
668
675
652
653
650
665
661
662
655
643
655
672
645
659
646
657
646
652
645
652
648
665
663
649
643
658
651
659
649
663
651
651
638
656
641
630
655
646
651
634
639
645
638
626
635
646
648
645
628
640
641
632
643
636
625
633
653
648
623
642
641
643
636
648
634
621
627
624
630
632
637
636
637
637
625
641
633
619
623
609
624
622
643
619
628
623
627
619
631
636
633
622
615
625
633
638
624
636
626
626
623
630
611
629
630
622
616
613
608
619
615
625
619
608
613
607
614
615
615
618
617
610
616
617
609
623
623
609
617
603
614
626
607
617
618
609
614
606
610
622
612
619
616
618
619
611
609
608
615
617
619
600
628
608
611
618
614
619
626
609
613
603
619
625
608
612
617
621
611
611
617
616
619
619
618
622
607
606
619
610
610
613
608
611
609
609
619
613
609
613
615
611
616
622
603
620
605
611
612
602
614
596
604
609
614
607
607
609
598
606
601
609
601
606
606
612
597
614
612
597
597
607
616
603
612
608
600
615
607
616
608
598
595
599
587
605
595
598
610
607
602
613
604
603
604
607
600
602
618
605
610
603
603
612
612
600
610
601
607
608
604
611
605
601
599
604
597
604
608
606
611
603
601
612
615
607
620
609
604
603
604
615
611
606
603
604
587
597
598
620
603
594
604
603
595
606
600
605
604
599
602
598
598
599
605
604
605
605
605
602
600
606
607
598
610
604
598
597
607
602
611
612
602
597
603
607
607
594
601
601
602
601
614
606
601
597
600
597
609
606
593
603
601
598
594
611
602
602
607
609
606
603
597
604
596
606
601
607
595
597
602
598
598
609
602
604
599
601
594
602
603
607
601
596
595
605
593
600
606
600
612
608
599
604
600
601
604
613
596
596
596
608
591
603
604
602
611
597
600
604
595
596
603
603
613
600
607
606
597
604
595
602
599
598
597
596
599
598
598
604
608
603
594
602
597
606
602
615
602
598
606
595
598
602
597
609
598
599
606
595
600
599
607
590
594
606
606
596
596
600
595
603
600
605
599
605
598
607
604
599
606
600
611
601
601
596
610
595
600
598
611
597
604
598
595
600
600
602
604
596
595
605
605
602
607
594
601
608
601
600
594
598
606
598
601
599
595
599
596
590
605
602
598
604
609
600
591
596
596
597
604
601
605
593
600
602
603
599
591
596
593
593
588
603
596
600
604
598
597
599
598
601
602
605
600
606
604
591
605
598
601
604
594
595
609
596
601
599
604
602
595
600
598
598
605
603
606
597
596
593
589
591
599
601
603
598
591
597
601
600
595
600
