610
599
605
605
603
605
598
608
605
603
604
609
605
602
612
597
612
609
600
600
607
597
600
595
602
603
595
603
610
604
611
606
604
604
602
602
606
606
606
599
608
603
598
601
603
585
612
606
602
602
600
599
593
598
599
602
604
600
602
595
602
605
604
596
608
601
596
599
597
600
597
598
601
597
599
603
600
604
593
604
598
604
609
599
603
607
597
597
597
598
602
605
596
603
605
607
601
606
608
606
601
598
597
603
605
605
595
603
598
601
601
592
605
591
596
600
596
597
602
602
599
604
597
599
604
601
599
603
600
600
599
600
604
598
596
605
601
600
611
599
610
602
595
603
603
605
601
600
609
608
604
601
590
595
603
595
602
601
605
600
604
591
597
603
597
599
603
601
609
590
604
598
598
609
604
604
606
606
596
599
598
604
603
589
602
603
610
599
601
604
607
604
600
599
609
597
605
596
600
592
601
606
597
602
599
607
598
601
605
597
594
605
603
598
606
600
609
606
598
601
608
599
601
598
598
607
591
601
599
604
592
600
608
604
602
604
609
595
595
600
605
605
611
606
602
604
597
604
606
602
601
612
606
604
604
595
611
606
609
607
605
615
612
604
603
616
607
615
605
609
620
610
613
607
598
605
602
620
596
605
605
608
608
607
603
608
604
609
612
617
611
621
601
614
612
608
607
610
611
613
605
601
613
621
616
616
609
617
606
606
610
607
615
618
614
605
609
620
617
614
609
616
608
611
614
624
621
617
621
621
615
619
616
633
607
621
640
622
619
643
630
627
636
618
637
642
652
646
639
655
646
639
656
638
642
651
646
651
650
655
663
672
680
684
680
683
700
684
724
690
690
688
701
716
712
718
719
723
710
752
724
758
751
749
757
781
792
824
800
815
823
816
825
858
865
900
879
898
890
930
895
970
1016
963
985
1063
1009
1065
1042
1098
1157
1131
1151
1142
1195
1204
1307
1344
1275
1379
1342
1380
1468
1505
1488
1528
1559
1633
1588
1739
1727
1806
1945
1896
2020
2024
2189
2234
2193
2325
2403
2490
2585
2601
2742
2690
2823
2913
2877
3188
3245
3386
3410
3478
3640
3740
3822
3865
4000
4185
4298
4295
4413
4546
4676
4757
4893
4836
4944
5179
5187
5314
5376
5402
5670
5712
5752
5886
5821
6109
6093
6340
6413
6430
6326
6316
6553
6588
6727
6521
6775
6718
6764
6700
6780
6850
6945
7046
6927
7012
6824
7015
7015
7042
6804
6859
6748
6826
6727
6688
6637
6436
6393
6209
6182
5988
6074
5925
5803
5942
5685
5652
5577
5522
5337
5221
5209
4999
4832
4873
4797
4691
4491
4369
4399
4112
4242
4211
3933
4009
3973
3734
3729
3660
3675
3496
3449
3471
3321
3230
3277
3089
3116
3034
3095
2975
2886
2904
2847
2779
2779
2701
2646
2633
2493
2578
2589
2504
2404
2433
2418
2305
2251
2323
2256
2280
2200
2164
2087
2086
2083
2141
2068
2078
2015
1964
1945
1976
1988
1913
1977
1869
1880
1852
1849
1859
1878
1798
1753
1710
1613
1782
1723
1707
1667
1671
1674
1612
1675
1610
1552
1603
1526
1529
1509
1481
1505
1520
1405
1426
1314
1394
1413
1421
1413
1392
1349
1341
1342
1280
1362
1289
1310
1215
1302
1292
1278
1254
1262
1226
1178
1248
1222
1179
1198
1144
1186
1146
1177
1137
1172
1135
1148
1134
1090
1130
1125
1105
1051
1097
1092
1055
1065
1035
1043
997
1051
979
991
1012
966
985
999
1019
955
1010
975
974
976
958
962
954
939
948
916
930
960
921
961
913
901
948
899
882
925
898
883
852
841
882
846
807
880
859
830
821
851
842
826
870
836
854
805
818
826
829
821
813
813
845
817
783
817
802
819
795
820
791
784
778
797
800
803
787
760
770
788
779
760
748
758
786
758
761
736
750
745
742
759
765
762
762
744
715
724
729
715
731
748
739
728
758
726
722
742
706
719
695
706
715
712
726
736
712
714
714
699
717
703
683
698
704
694
699
676
712
710
687
691
705
712
679
693
693
695
667
691
692
701
689
684
700
691
685
683
673
665
678
688
672
705
684
675
662
667
685
656
652
684
662
672
651
685
664
674
652
654
670
657
649
675
660
666
642
661
663
655
669
644
662
653
655
661
646
659
660
657
652
655
644
656
652
655
656
649
645
646
641
649
644
655
654
640
655
656
657
634
652
632
658
644
639
637
645
640
643
650
630
650
647
657
643
635
632
626
631
636
623
637
622
636
626
624
650
631
633
638
630
629
639
620
627
639
620
636
637
619
627
624
618
637
624
631
639
613
636
622
629
620
636
637
629
622
624
631
619
626
618
627
636
616
634
624
612
616
630
613
633
628
636
623
609
639
612
631
623
620
627
612
600
620
630
622
618
632
617
627
629
614
641
622
623
618
626
619
618
617
628
615
609
622
618
608
613
607
613
605
627
612
614
613
626
626
624
613
605
616
625
620
611
615
621
619
620
626
619
622
604
616
616
607
621
620
610
613
601
619
620
614
608
622
613
611
609
625
613
617
618
614
615
605
618
604
610
622
620
614
614
605
618
610
616
605
608
612
609
609
611
601
611
618
610
604
614
616
601
611
612
597
613
611
608
610
599
609
603
608
608
609
603
604
614
607
612
612
610
602
609
603
607
608
612
602
611
605
613
609
599
603
609
610
599
624
603
599
607
600
606
607
617
602
606
602
613
600
604
607
599
602
615
612
605
609
606
607
606
601
612
598
609
613
604
606
605
607
606
602
615
602
601
610
605
602
606
610
604
600
607
605
609
606
607
610
602
603
603
605
610
607
601
615
609
602
604
598
602
602
600
607
604
605
610
601
595
603
614
605
604
602
611
602
607
609
605
598
607
598
607
605
609
605
605
605
601
595
601
605
603
605
606
601
600
603
609
606
596
608
599
602
604
590
607
599
601
609
604
600
605
603
608
608
602
600
605
600
597
605
597
602
601
602
597
598
607
595
601
602
609
599
599
597
600
600
602
606
606
609
594
598
599
608
600
599
608
606
610
605
602
599
599
603
612
602
600
598
605
595
603
602
602
607
605
598
601
605
602
602
600
599
596
599
597
598
605
593
594
596
593
600
596
600
607
600
603
602
594
597
607
593
602
597
605
605
601
602
605
600
598
600
592
593
597
601
607
594
597
598
603
596
595
597
597
605
600
609
603
605
592
605
600
593
609
602
601
601
601
597
604
602
600
604
606
600
598
601
596
593
594
596
601
598
595
600
598
598
601
593
604
605
591
