599
604
601
603
607
600
594
605
601
600
600
596
611
605
600
599
601
603
595
590
598
610
605
599
605
604
597
598
598
596
600
598
601
603
598
609
605
605
615
605
600
605
602
597
598
591
605
603
596
600
599
600
607
599
596
606
607
601
594
596
599
599
592
608
604
600
605
603
598
612
602
599
600
601
600
597
597
600
603
592
597
600
596
611
602
606
606
604
598
603
598
602
603
596
591
603
600
597
600
607
595
608
605
600
599
601
598
604
600
600
606
600
595
595
598
599
597
601
600
600
602
608
593
603
598
598
595
590
603
597
606
593
590
601
601
595
610
599
597
608
604
606
602
605
600
608
601
607
603
602
600
595
600
596
600
597
601
602
601
603
598
609
604
603
603
604
602
590
603
600
608
603
607
604
600
598
601
605
607
603
605
606
600
596
606
602
597
603
606
605
604
601
607
605
602
611
599
601
609
596
597
600
599
608
600
597
595
607
610
606
601
614
617
601
608
603
604
604
605
602
600
614
603
606
607
604
610
610
606
606
605
609
611
610
603
613
599
605
605
604
600
606
600
609
597
599
608
602
607
603
593
600
601
605
607
609
607
597
608
606
604
604
614
604
610
610
601
601
605
595
606
607
606
603
612
608
609
618
611
615
620
607
611
601
610
608
608
609
606
608
611
621
614
613
604
613
612
606
609
610
614
597
621
607
611
621
615
612
618
607
617
627
619
618
615
612
606
615
621
620
625
631
615
633
624
621
626
624
628
639
619
645
639
619
629
640
634
642
646
654
652
640
650
651
645
647
653
651
666
656
665
640
654
653
670
656
685
655
656
674
671
687
692
694
700
701
698
721
719
747
716
754
755
751
743
752
745
789
796
773
776
820
815
831
843
821
836
853
842
884
906
932
921
919
927
1017
1029
1029
1041
1013
1052
1099
1097
1100
1121
1155
1139
1242
1263
1228
1284
1324
1381
1386
1394
1531
1494
1597
1559
1634
1665
1755
1755
1789
1917
1942
1992
1983
2074
2142
2159
2346
2407
2360
2578
2606
2634
2790
3025
2919
2931
3191
3225
3385
3482
3597
3741
3822
4016
4058
4106
4374
4381
4486
4801
4606
5040
5211
5275
5388
5440
5720
5755
6086
6062
6328
6309
6441
6335
6719
6788
7126
7077
7134
7554
7602
7749
7594
7901
7989
8195
8359
8440
8314
8474
8619
8775
8458
8626
8964
8685
8636
8984
8917
8779
9117
8987
9113
8926
8976
9066
9180
9068
9116
9135
9168
8862
8907
8726
8926
8467
8311
8464
8246
8279
8382
8046
7789
7660
7720
7508
7468
7366
7054
7174
6814
6640
6570
6521
6383
6158
6080
5833
6007
5856
5550
5531
5396
5373
5015
5070
5056
4960
4811
4773
4749
4682
4617
4369
4357
4228
4155
3987
4014
3918
3942
3769
3743
3743
3829
3716
3525
3441
3516
3530
3279
3368
3297
3262
3180
3104
3035
2923
2973
2956
2831
2884
2849
2903
2739
2759
2722
2596
2605
2532
2576
2500
2592
2459
2491
2271
2338
2435
2326
2350
2332
2321
2195
2268
2124
2151
2096
2117
2120
2086
2045
2092
1992
1981
1995
2009
1973
1987
1944
2034
1866
1912
1883
1766
1794
1774
1728
1818
1700
1669
1722
1688
1642
1649
1654
1658
1637
1658
1637
1558
1510
1512
1571
1510
1443
1482
1500
1430
1425
1397
1435
1470
1367
1421
1386
1391
1375
1396
1358
1301
1283
1310
1279
1301
1266
1280
1177
1232
1289
1266
1188
1222
1216
1235
1200
1255
1168
1136
1124
1157
1151
1138
1136
1103
1107
1101
1106
1105
1091
1121
1044
1047
1062
1064
1047
1051
1019
1017
1071
1008
1040
1038
990
1006
988
982
1016
952
965
953
994
944
960
929
923
929
914
935
941
882
916
916
895
891
883
886
906
936
888
883
884
894
868
878
881
831
851
878
859
842
829
825
858
837
811
828
824
838
850
841
813
821
797
783
812
789
785
804
792
824
818
804
807
764
753
778
795
775
795
760
744
770
766
776
740
757
784
762
745
746
751
752
753
716
759
739
737
760
740
754
747
759
737
732
730
721
744
724
715
736
711
715
726
729
726
720
726
722
725
731
744
716
730
744
732
725
714
734
706
719
706
707
709
678
716
692
687
691
681
689
682
679
680
672
683
681
705
712
676
676
683
651
675
689
691
680
681
672
681
664
668
684
678
682
667
667
671
670
672
685
669
664
658
671
654
676
652
656
673
662
668
666
677
663
671
644
666
665
655
663
665
672
656
651
660
658
635
661
658
639
654
630
660
662
641
661
650
628
655
647
654
643
636
647
663
650
653
651
637
649
644
638
645
630
658
643
642
640
648
645
636
659
627
633
638
629
639
630
628
626
641
643
642
653
623
645
631
626
630
628
638
654
629
622
641
632
626
636
630
636
623
628
620
626
632
640
624
634
644
637
624
619
654
625
631
632
622
618
620
621
630
638
649
634
631
629
625
623
624
626
624
624
616
629
625
609
625
630
617
623
632
619
625
620
613
620
613
612
619
608
623
629
628
617
618
617
619
607
626
608
614
610
614
618
616
629
625
616
610
625
622
612
613
628
612
628
611
619
608
623
623
607
620
612
613
614
621
613
620
609
615
600
612
627
606
620
614
608
617
615
611
608
600
610
611
610
613
601
606
615
604
619
621
608
617
611
616
606
606
605
610
606
618
612
615
611
615
604
603
600
620
608
613
611
605
604
607
612
612
604
606
611
612
607
614
611
614
620
604
610
603
602
604
615
609
613
602
597
614
610
605
606
612
611
607
601
609
611
601
604
603
614
614
600
611
602
600
606
612
607
609
608
599
608
600
600
604
605
603
606
601
593
608
599
606
607
597
594
609
600
605
598
608
593
599
611
612
596
604
605
602
595
601
601
596
601
605
600
605
596
610
602
611
604
602
615
606
599
615
598
597
603
604
610
597
607
602
601
598
603
608
606
606
603
603
613
602
602
604
600
608
604
606
608
603
609
608
597
617
611
607
598
598
600
604
603
596
613
601
603
608
603
603
599
599
598
600
596
601
601
603
604
598
594
607
595
596
605
606
597
599
607
606
601
604
616
609
599
603
606
600
607
592
604
597
601
606
600
608
592
597
597
604
593
602
598
600
597
599
602
592
606
602
604
594
598
599
595
600
597
602
604
600
597
596
597
598
593
598
595
593
598
589
598
599
603
605
603
609
603
605
602
594
601
606
597
598
593
603
600
605
596
592
596
596
604
604
594
605
598
589
596
600
601
605
585
598
604
593
605
598
605
609
598
593
598
596
603
599
603
596
594
595
608
603
