602
605
601
601
592
600
600
603
604
594
598
602
600
606
597
598
599
604
600
597
603
594
601
598
601
606
606
606
605
610
605
605
599
597
601
607
600
593
610
607
604
599
605
599
606
608
602
602
601
605
611
601
600
598
600
595
606
604
605
594
599
600
595
593
603
594
597
604
606
611
605
602
604
600
607
593
598
603
594
602
606
614
599
606
604
600
590
603
614
603
601
599
601
594
600
609
601
596
601
607
601
604
600
600
602
586
615
606
597
602
604
599
603
604
607
605
602
604
601
603
599
606
609
603
604
604
602
599
605
602
599
602
610
610
598
593
594
602
601
614
603
601
596
603
606
603
602
592
612
592
595
609
604
597
600
593
604
602
598
606
604
603
598
599
601
599
602
608
598
602
601
596
604
597
601
609
598
597
607
611
600
607
602
600
605
592
604
600
596
600
601
602
607
597
606
593
595
616
606
603
601
605
601
612
603
602
609
602
593
601
602
602
610
603
606
602
606
608
608
607
603
603
604
614
601
611
606
606
601
602
605
604
606
604
600
601
598
602
605
596
605
598
602
611
603
597
609
606
599
611
603
608
609
600
611
603
602
602
610
598
595
612
599
610
599
605
599
603
602
597
606
603
595
604
605
613
603
598
604
610
611
610
610
615
609
624
604
605
614
612
613
604
605
612
615
608
611
606
618
616
621
606
600
607
615
602
601
611
620
608
624
613
609
617
619
620
622
612
618
610
613
617
614
610
615
624
619
619
628
620
628
630
638
637
624
628
632
635
625
653
626
641
612
645
635
635
636
644
655
648
659
657
646
656
638
656
662
654
677
671
664
672
667
669
683
667
690
680
700
671
709
699
704
709
714
704
723
707
757
738
737
757
762
764
790
797
780
743
760
787
833
815
825
847
834
835
863
877
882
909
915
934
959
1009
991
1039
1013
1065
1013
1066
1079
1141
1130
1200
1175
1224
1270
1229
1304
1354
1295
1411
1362
1414
1434
1555
1565
1601
1572
1741
1756
1794
1874
1927
2003
1966
2109
2139
2132
2321
2347
2292
2445
2578
2594
2678
2777
2783
2903
2937
3077
3150
3293
3303
3267
3681
3673
3655
3806
3895
4078
4180
4064
4150
4323
4464
4386
4419
4656
4617
4934
4945
4927
4892
5100
5098
5245
5368
5427
5451
5396
5589
5763
5536
5571
5814
5593
5672
5859
5807
5734
5759
5666
5959
6009
5900
6012
6007
5990
5927
6075
6089
6102
6039
6062
5923
5767
5884
5776
5830
5821
5587
5515
5647
5476
5663
5368
5155
5260
5133
5153
5061
4991
4863
4777
4650
4628
4519
4449
4383
4364
4309
4007
4103
3999
3969
3951
3760
3731
3680
3750
3545
3456
3571
3411
3466
3214
3170
3043
3121
3120
3023
3051
2952
2895
2842
2767
2738
2705
2689
2667
2569
2639
2580
2521
2444
2544
2452
2470
2405
2354
2236
2341
2301
2231
2289
2185
2297
2251
2135
2002
2070
2106
2094
2073
1992
1981
2058
1997
1913
1990
1947
1906
1903
1839
1788
1815
1819
1785
1800
1754
1750
1815
1663
1677
1625
1733
1650
1588
1660
1633
1629
1616
1620
1563
1557
1532
1554
1479
1499
1511
1427
1573
1453
1363
1366
1394
1390
1329
1365
1404
1379
1320
1328
1332
1301
1341
1294
1304
1318
1272
1251
1285
1215
1231
1246
1195
1193
1234
1249
1191
1193
1110
1217
1131
1145
1101
1127
1144
1133
1050
1084
1093
1079
1073
1043
1023
1022
1046
978
1024
1048
985
981
1020
986
992
1012
942
995
1010
988
980
1003
921
935
989
948
966
937
895
896
903
950
910
869
905
898
884
909
921
883
886
874
884
908
883
865
867
869
826
869
838
844
808
830
817
860
773
797
786
814
809
843
793
807
784
802
795
792
794
792
815
799
768
769
786
767
784
756
774
778
755
749
752
800
782
742
774
772
770
768
761
745
726
734
791
743
760
736
726
747
741
708
737
729
711
721
719
702
707
718
715
711
713
747
726
716
701
702
702
713
709
691
710
681
688
693
705
694
686
696
697
680
717
712
693
713
698
677
698
699
680
689
686
670
667
681
676
688
664
663
678
659
673
673
671
679
670
669
680
666
679
665
678
666
663
669
641
672
657
665
654
661
657
668
651
652
647
661
654
667
643
650
649
637
665
656
656
649
668
671
645
654
647
650
644
641
646
641
650
645
650
647
640
639
643
669
636
638
643
640
631
627
647
637
640
648
639
649
631
641
633
641
634
644
639
644
649
637
637
638
628
639
645
641
646
643
632
635
621
621
636
631
620
639
634
656
633
637
623
630
621
639
624
616
618
633
638
616
630
628
632
626
612
635
623
631
641
611
618
633
637
629
631
628
630
621
623
631
613
629
626
608
626
621
629
617
613
619
621
618
614
618
633
628
619
614
615
630
610
607
613
607
615
614
612
620
608
619
620
616
617
622
625
636
616
618
619
614
619
627
605
607
606
597
618
622
617
619
609
617
617
615
612
619
623
610
607
620
616
619
619
614
607
604
628
619
612
619
615
611
609
609
622
620
610
603
607
611
610
612
611
610
612
612
608
609
617
618
599
615
610
609
615
607
608
609
610
613
606
605
603
607
608
604
613
613
611
600
613
619
616
613
608
611
618
613
605
603
612
617
608
608
612
614
603
609
609
603
601
601
616
597
616
599
604
611
612
613
605
610
607
609
612
603
610
611
601
599
613
613
616
609
607
602
611
613
609
601
609
607
604
600
611
612
613
610
607
606
608
598
615
597
606
610
604
605
604
593
612
602
607
605
604
596
600
606
601
605
605
609
608
606
611
602
598
599
606
603
604
602
599
604
605
607
596
610
603
601
605
608
598
603
610
600
604
606
602
607
604
600
599
602
595
602
596
604
606
599
601
607
604
604
589
603
617
601
604
594
602
604
601
602
604
607
601
596
599
604
602
601
606
609
598
594
608
600
609
599
605
607
592
604
607
600
603
604
600
605
602
601
611
598
605
606
607
602
603
604
600
594
602
602
595
610
602
598
594
598
602
602
596
605
595
606
598
601
597
594
603
601
598
600
599
597
600
595
602
601
596
602
600
595
598
603
601
598
602
608
599
600
593
605
607
601
600
590
590
600
600
606
603
599
605
600
610
601
597
603
606
595
607
602
598
595
598
593
603
607
603
599
599
588
603
599
596
603
596
603
607
602
605
603
595
611
605
597
603
598
601
595
596
604
600
597
601
602
598
598
602
595
614
604
597
608
598
602
606
606
603
608
600
609
610
602
597
606
605
596
