601
600
588
607
603
607
605
604
606
592
608
604
606
601
607
605
604
601
607
599
601
602
611
601
601
599
601
598
602
606
600
596
610
609
602
603
594
603
601
600
601
598
603
595
608
601
597
602
600
599
596
615
597
604
599
598
605
596
603
608
599
603
602
609
605
601
603
603
606
603
603
605
604
597
607
602
598
603
611
607
604
609
603
602
607
595
612
604
605
600
589
604
601
603
603
603
592
601
597
606
598
599
601
599
600
604
607
599
605
598
600
603
603
604
601
600
610
601
597
603
600
592
607
601
601
606
592
605
605
594
596
590
590
596
604
597
601
601
609
602
595
614
613
598
602
608
608
601
611
596
608
600
600
597
611
597
607
601
601
597
598
605
608
601
601
610
605
607
598
602
604
600
595
608
604
611
601
597
603
604
592
606
601
590
609
606
603
603
604
609
604
600
610
607
596
611
601
600
605
606
597
601
598
611
604
604
601
610
602
605
613
595
602
604
611
598
610
605
598
612
611
615
600
604
600
609
606
603
603
606
605
603
606
608
600
606
604
600
606
601
605
606
616
603
603
610
603
612
604
604
611
598
612
604
601
614
614
617
608
610
610
608
611
607
612
607
609
610
606
606
613
613
606
601
607
612
609
613
608
607
607
618
600
609
610
619
608
606
615
612
615
612
608
609
603
618
605
613
619
612
622
611
607
614
606
611
624
628
626
621
621
616
623
615
622
618
630
627
619
632
623
631
623
623
633
635
618
618
628
617
632
636
621
640
634
635
634
629
633
647
640
641
652
628
644
656
651
627
652
649
654
658
658
676
683
666
674
673
660
685
683
691
683
689
687
696
700
726
723
702
732
739
727
735
751
772
730
769
773
759
778
783
767
801
811
833
796
832
871
905
887
866
922
942
906
886
977
978
970
999
1046
1062
1062
1043
1137
1089
1145
1159
1193
1175
1216
1267
1233
1412
1370
1415
1356
1446
1502
1487
1596
1659
1666
1682
1734
1829
1821
1883
1977
2047
2053
2183
2224
2270
2365
2503
2472
2625
2662
2763
2894
2884
3028
3108
3107
3199
3314
3501
3697
3788
3808
3977
4090
4184
4328
4619
4611
4713
4848
4914
5095
5186
5250
5348
5501
5697
5805
5886
6044
6110
6055
6195
6363
6528
6680
6427
6665
6921
7057
7036
7061
7376
7278
7324
7476
7349
7473
7393
7562
7575
7554
7711
7731
7881
7697
7851
7711
7751
8213
7872
7814
7973
7992
7995
7799
7898
7576
7624
7705
7559
7401
7381
7489
7085
7002
7149
7096
6986
6873
6760
6630
6746
6546
6177
6350
6035
5998
5935
5577
5708
5697
5559
5409
5205
5374
5099
5117
5003
4820
4832
4706
4574
4570
4599
4254
4337
4144
4138
4188
4023
4001
3891
3815
3671
3637
3575
3641
3418
3510
3302
3332
3277
3231
3301
3213
3222
3162
3018
3051
2881
2900
3058
2923
2924
2823
2767
2731
2606
2682
2680
2642
2640
2603
2490
2664
2416
2508
2345
2547
2475
2380
2420
2353
2331
2346
2262
2292
2212
2217
2290
2174
2055
2077
2089
1967
2094
2083
1974
1960
1935
1911
1933
1916
2011
1932
1896
1848
1778
1765
1730
1769
1804
1733
1732
1681
1635
1655
1597
1689
1563
1704
1610
1702
1529
1537
1613
1578
1572
1505
1516
1456
1458
1535
1491
1375
1407
1435
1405
1404
1343
1289
1353
1351
1339
1369
1336
1316
1283
1283
1266
1280
1300
1281
1253
1244
1199
1194
1207
1198
1183
1191
1209
1159
1125
1172
1157
1145
1157
1121
1098
1041
1095
1081
1074
1041
1082
1081
1055
1059
1060
1053
1028
1070
1012
1009
987
1023
984
939
965
995
997
990
978
917
930
947
970
929
912
961
959
909
909
913
913
865
901
924
917
885
898
874
908
870
892
888
845
853
861
847
890
855
856
850
834
830
871
816
806
841
831
825
804
790
812
822
816
796
803
790
808
798
782
773
794
786
790
796
768
767
769
784
755
771
775
781
764
744
733
762
752
776
750
743
756
737
761
798
763
762
738
738
761
744
741
722
746
725
728
742
697
731
718
748
705
737
748
703
695
704
712
717
701
701
714
709
711
708
718
700
706
701
682
706
700
705
699
700
699
708
703
689
671
713
663
696
673
697
675
693
672
675
687
660
700
672
674
699
662
697
690
665
653
687
676
668
670
667
669
683
657
662
666
677
666
677
674
665
666
649
661
655
650
671
661
674
633
668
649
644
680
646
661
656
666
658
657
649
654
668
637
663
649
641
647
655
652
653
654
639
641
657
632
647
642
641
666
654
640
635
651
673
646
640
630
647
636
645
625
650
650
641
632
637
645
628
620
643
637
646
631
627
656
639
632
626
632
630
627
634
624
629
623
627
628
623
640
627
622
622
636
620
624
603
629
635
634
611
622
626
633
630
619
625
626
630
618
622
621
622
636
624
614
633
624
613
632
625
621
629
620
618
635
620
630
626
611
620
621
619
612
623
619
615
614
612
642
617
617
617
621
626
616
631
609
601
612
620
613
617
614
615
612
611
624
618
608
619
618
620
610
624
620
621
615
637
603
624
613
607
615
620
622
610
610
611
605
623
617
618
607
618
610
609
616
612
612
609
613
623
613
605
617
610
615
615
613
615
609
618
614
609
606
604
608
595
612
611
607
607
607
600
613
620
612
616
605
598
610
606
608
618
602
610
611
617
610
606
624
615
615
601
621
603
604
607
598
615
605
601
605
597
608
612
612
613
607
617
604
618
603
602
614
607
595
615
605
617
619
607
611
614
607
603
599
612
606
592
598
615
605
604
623
598
612
605
605
615
605
611
602
611
607
600
605
605
606
607
613
615
614
606
603
605
610
607
597
596
606
609
601
607
594
604
600
612
599
588
610
606
603
609
616
604
601
613
601
602
603
601
600
602
612
611
600
605
602
604
586
598
597
612
605
610
600
607
603
611
604
603
604
611
607
610
602
606
594
603
607
596
608
604
600
602
603
602
598
605
601
604
602
606
605
604
597
611
603
604
601
609
603
600
604
603
607
609
598
602
599
600
596
603
598
599
603
598
594
602
608
603
600
606
605
598
604
601
604
604
597
598
598
610
604
597
602
603
612
604
594
604
600
605
602
605
600
607
598
600
609
598
612
602
596
611
603
597
609
603
595
605
597
610
602
589
589
600
592
607
597
598
600
605
597
601
603
598
600
599
603
597
605
602
606
595
602
607
595
610
605
602
599
597
610
605
608
598
598
604
601
601
602
603
602
609
602
606
602
601
601
597
608
604
599
604
603
603
606
602
598
