605
609
607
604
597
600
602
604
601
601
602
613
606
598
596
605
602
603
601
603
601
603
602
603
605
603
605
605
601
604
606
603
602
598
596
600
594
605
599
599
601
592
594
603
597
607
603
598
602
596
605
603
597
604
601
600
590
599
598
595
596
601
603
600
599
601
603
605
606
603
596
601
592
600
600
599
589
606
598
602
597
603
599
602
597
602
600
600
595
596
599
605
607
606
609
602
603
608
596
601
602
602
607
596
604
606
606
606
596
595
598
596
602
600
604
595
602
595
602
598
601
597
603
604
601
603
599
606
605
604
603
599
602
603
603
598
609
601
600
592
596
598
599
594
607
603
602
593
601
601
598
601
597
605
597
603
598
602
608
603
605
605
609
600
608
605
603
595
595
600
600
597
604
605
602
609
599
607
604
609
600
601
600
606
601
601
601
598
604
601
611
602
608
598
613
602
603
602
603
602
594
605
610
610
601
607
606
604
590
609
609
616
595
601
610
610
605
603
605
601
609
607
606
601
608
599
609
609
611
599
604
615
605
606
610
608
607
606
604
604
608
604
594
603
610
600
615
607
614
606
605
604
618
599
609
610
603
611
605
611
619
617
602
615
596
596
610
608
608
612
602
605
608
602
603
601
601
601
613
601
620
600
600
614
615
609
605
620
619
612
602
609
605
615
618
625
613
622
612
608
610
616
619
627
609
611
618
635
617
628
626
623
622
612
614
629
610
609
629
619
625
634
638
632
629
635
619
641
616
620
630
638
635
641
649
653
635
636
640
642
634
651
636
667
647
655
675
666
656
666
661
671
665
688
662
695
689
684
697
703
683
723
721
705
723
732
714
739
748
753
732
744
765
773
779
785
798
825
803
798
816
846
885
884
834
865
852
880
875
919
940
917
942
983
1027
1014
1015
1099
1074
1111
1078
1158
1154
1197
1234
1218
1268
1253
1336
1383
1360
1434
1405
1469
1500
1561
1652
1659
1804
1728
1797
1884
1907
1944
2023
2149
2127
2159
2221
2401
2427
2614
2658
2709
2743
2880
2915
3086
3200
3234
3410
3561
3670
3736
3824
3897
4156
4125
4279
4451
4600
4744
4959
5017
5243
5329
5530
5760
5885
5926
6226
6469
6479
6334
6888
6877
7105
7165
7403
7580
7587
8032
7960
7962
8477
8378
8547
8677
8867
9044
9174
9104
9148
9373
9398
9682
9668
9671
9636
9897
9771
9745
9952
9823
10036
9927
9975
10088
10142
9980
10177
9762
9925
10226
10030
9715
9807
9840
9608
9744
9395
9507
9261
9045
9193
9177
8781
8806
8776
8456
8611
8375
8223
7989
7739
7738
7341
7294
7129
7141
7071
6640
6593
6493
6410
6314
6276
6125
5919
5851
5812
5700
5469
5600
5176
5276
5044
5154
4945
4783
4804
4636
4562
4466
4414
4392
4365
4081
4207
4132
4010
3942
3963
3849
3872
3724
3599
3608
3633
3522
3366
3514
3402
3316
3298
3206
3312
3051
3114
3124
3046
3007
2943
2961
2929
2873
2940
2776
2919
2738
2687
2703
2713
2649
2726
2592
2507
2527
2467
2496
2349
2378
2449
2301
2365
2305
2289
2198
2298
2187
2158
2234
2153
2049
2096
2175
2109
2048
1956
2003
1987
2011
1961
1858
1871
1893
1836
1795
1753
1886
1750
1786
1752
1752
1763
1718
1644
1671
1705
1611
1622
1682
1549
1599
1604
1557
1507
1555
1522
1499
1500
1558
1530
1457
1414
1430
1463
1436
1471
1408
1369
1397
1345
1346
1361
1373
1352
1350
1364
1298
1284
1247
1222
1312
1257
1178
1243
1225
1241
1214
1151
1160
1106
1118
1178
1152
1140
1120
1111
1161
1114
1101
1093
1074
1106
1104
1031
1072
1058
1097
1025
1052
1018
1000
1001
1016
1056
957
1017
1016
1012
1013
992
955
969
975
958
961
1016
954
943
923
921
916
922
951
913
890
907
909
923
906
908
893
876
894
885
862
883
860
897
854
860
857
848
880
850
836
890
832
815
845
807
802
839
846
790
812
795
812
814
786
807
816
803
791
833
799
822
780
817
800
771
798
794
749
778
753
805
767
756
776
744
766
748
752
758
737
762
762
768
767
769
781
748
767
739
736
739
759
753
731
758
714
732
747
755
727
731
733
723
746
741
723
716
736
727
708
739
712
718
718
715
708
698
723
733
721
706
697
707
693
698
687
716
698
695
697
715
688
706
703
687
688
694
685
705
668
696
701
677
700
679
695
695
672
693
694
691
701
692
648
687
664
680
664
672
679
682
673
659
664
664
667
654
657
656
670
648
668
657
678
660
655
666
648
666
646
643
649
655
673
632
658
635
647
660
662
657
646
656
647
644
640
653
645
648
651
633
652
666
630
637
652
639
648
649
622
655
662
625
645
630
625
646
656
637
643
618
642
638
634
630
642
630
643
625
632
652
631
636
651
635
637
635
645
645
625
650
635
647
632
626
621
648
635
630
629
627
630
638
639
637
625
646
625
628
624
631
621
620
636
628
625
643
626
623
622
611
618
637
631
619
619
612
627
621
616
623
621
625
638
622
606
622
620
618
630
622
618
620
614
623
621
614
616
623
611
625
622
621
627
622
615
621
619
615
629
622
619
624
613
612
612
621
614
612
610
618
618
608
621
621
617
630
620
612
617
608
611
614
608
618
615
603
615
623
611
613
613
613
612
612
613
619
611
609
610
613
611
604
612
610
619
609
612
613
606
617
603
617
602
609
622
614
614
606
605
615
611
603
601
613
605
610
613
611
600
607
609
614
602
613
621
606
609
606
608
610
613
605
605
613
610
610
614
604
601
613
591
617
598
607
598
614
605
610
598
608
609
612
596
607
602
602
607
597
603
606
598
602
596
597
598
604
608
599
603
611
589
603
603
601
612
602
604
599
607
605
602
615
615
606
598
609
602
612
613
608
603
603
608
600
610
599
593
598
605
603
611
611
599
609
606
604
605
594
607
602
601
604
611
594
599
609
601
605
601
604
595
597
602
607
598
603
602
604
606
606
597
602
613
601
603
608
604
605
602
596
599
605
605
601
604
604
598
610
604
602
606
603
604
601
603
599
604
606
596
601
606
609
610
598
600
597
592
599
599
599
597
597
596
599
587
605
603
602
597
595
602
594
598
605
599
600
600
599
597
600
608
605
599
595
605
611
606
600
599
602
592
598
612
608
597
606
601
606
599
602
606
601
601
610
604
601
606
600
603
599
608
602
602
607
604
601
599
602
600
600
603
604
595
596
604
596
602
598
597
598
602
597
601
602
593
593
605
597
607
601
606
595
597
601
599
601
605
602
596
599
608
606
604
601
601
598
594
595
600
596
596
