604
609
604
603
605
611
604
607
604
598
597
599
598
609
604
606
602
600
606
605
600
597
596
604
604
599
605
601
610
601
607
599
602
596
600
603
609
603
603
603
602
606
605
598
601
599
606
602
600
604
602
601
601
597
605
594
604
596
609
607
599
600
608
611
603
596
606
609
600
597
603
597
607
608
604
608
599
596
612
597
599
601
610
605
608
593
596
600
596
600
601
606
600
591
601
605
600
596
599
593
601
593
613
603
600
595
601
594
601
597
595
599
600
589
600
603
603
607
610
598
597
607
596
605
603
598
596
597
602
606
600
607
602
611
607
600
604
607
601
601
603
609
600
596
597
602
607
598
607
607
601
608
608
600
612
614
596
601
597
603
601
603
603
597
600
596
599
598
600
598
601
605
603
606
601
605
603
605
607
608
598
601
609
597
594
606
601
604
610
603
598
607
604
607
607
590
599
601
608
599
606
602
604
612
609
598
609
612
608
597
598
607
605
608
603
607
618
608
609
613
603
602
605
604
609
604
609
615
613
607
611
610
617
609
602
597
619
606
604
613
617
606
617
610
606
612
602
611
606
612
619
605
620
618
605
609
604
611
618
606
608
625
610
616
608
605
614
620
600
605
617
609
611
611
607
612
626
624
599
611
604
612
605
613
605
614
618
607
617
606
616
615
612
612
614
627
619
619
626
609
624
620
633
617
626
614
611
619
616
626
621
610
627
617
618
630
611
639
630
623
635
644
625
648
637
645
633
639
631
650
641
633
649
661
645
643
654
654
657
650
678
679
658
666
682
668
677
660
678
695
681
686
676
689
704
691
683
700
690
714
713
755
718
712
737
744
737
746
748
777
753
786
809
805
805
813
826
851
887
842
843
898
886
862
901
913
911
919
937
927
978
996
1061
1059
1025
1072
1078
1122
1182
1203
1177
1191
1243
1257
1320
1388
1400
1350
1412
1442
1447
1506
1542
1610
1730
1731
1674
1737
1782
1854
1940
2017
2072
2156
2245
2219
2322
2443
2455
2533
2628
2760
2740
2919
3066
3147
3280
3287
3437
3616
3689
3885
3999
3946
4147
4292
4381
4596
4872
4942
5034
5364
5401
5629
6036
5764
6127
6114
6548
6640
6970
7017
7167
7172
7478
7531
7769
7950
8018
8288
8368
8714
8514
8765
8911
9146
9160
9437
9572
9857
9849
9840
10019
10270
10514
10439
10343
10288
10627
10502
10448
10641
10623
10851
10984
10903
11038
11062
10956
10830
11090
10817
10948
10823
10987
10727
10831
10584
10588
10242
10620
10490
10366
9969
9882
9845
9702
9554
9403
9357
9195
8978
8884
8624
8627
8259
8416
7979
7942
7787
7809
7341
7315
7186
7074
6849
6750
6500
6494
6495
6287
6121
5994
6071
5796
5894
5631
5590
5482
5437
5276
5140
5179
4907
4941
4927
4696
4599
4549
4389
4482
4424
4277
4363
4201
4156
4179
4020
3978
3869
3828
3936
3729
3649
3640
3620
3425
3397
3560
3307
3303
3270
3122
3280
3316
3330
3267
3083
3135
3066
2981
3092
2949
2897
2896
2797
2872
2839
2702
2752
2758
2789
2659
2560
2569
2655
2539
2440
2515
2456
2383
2437
2338
2316
2322
2313
2332
2281
2222
2285
2238
2090
2153
2081
2053
2006
2044
1948
2015
1928
1945
1927
1920
1952
1871
1885
1953
1825
1870
1880
1721
1773
1834
1716
1801
1715
1753
1715
1657
1635
1614
1640
1626
1592
1599
1644
1561
1538
1599
1574
1531
1471
1509
1453
1396
1457
1386
1449
1399
1396
1382
1393
1334
1406
1339
1312
1345
1303
1267
1318
1249
1229
1271
1256
1246
1265
1221
1230
1198
1218
1190
1186
1174
1110
1129
1154
1161
1105
1123
1108
1117
1095
1119
1099
1057
1078
1082
1146
1120
1085
1066
1066
1007
1040
1073
1041
1034
1020
1045
1020
1005
993
1004
990
962
973
947
954
988
973
922
966
959
910
954
949
928
889
962
925
910
894
873
891
877
873
858
902
840
873
908
870
851
880
829
861
847
829
835
819
819
858
848
836
820
837
812
843
826
824
801
796
832
797
792
810
800
801
817
798
826
796
812
817
805
811
789
787
760
797
756
762
775
786
752
777
770
733
748
735
777
753
756
732
747
746
762
759
750
721
740
766
726
728
724
754
733
717
734
713
736
723
738
716
735
714
715
710
719
716
713
711
698
708
742
703
686
685
708
700
691
695
696
696
678
696
693
697
674
707
703
689
683
681
678
688
699
680
684
671
679
671
689
684
679
691
700
677
676
698
700
694
673
688
698
663
685
675
673
682
700
677
674
677
682
657
670
661
658
677
667
665
666
675
676
670
632
663
674
655
663
649
674
658
664
644
643
652
655
669
652
645
658
637
673
653
648
644
654
655
644
648
640
647
639
645
650
673
664
666
638
653
645
641
640
655
644
633
640
629
646
626
635
656
639
643
659
646
646
650
642
632
630
661
634
647
631
636
636
641
655
617
619
630
639
638
639
634
618
634
627
620
641
644
617
634
629
626
641
632
623
619
626
636
630
631
622
638
637
619
631
629
632
616
630
613
631
627
632
635
639
622
633
627
619
626
627
631
620
626
615
636
611
620
625
616
617
618
627
626
626
623
621
621
636
631
617
615
619
624
626
616
614
634
631
617
612
622
623
621
629
624
617
618
625
619
609
628
623
610
613
619
606
624
619
619
613
628
602
612
616
608
612
618
604
623
607
615
614
614
614
613
613
616
609
611
612
608
613
614
609
619
609
612
609
608
617
621
613
608
617
604
608
612
603
611
614
611
614
611
613
615
620
614
613
610
609
610
615
612
604
609
611
616
605
603
604
615
617
605
604
602
614
616
614
605
603
603
605
604
606
607
611
609
606
605
616
613
615
615
608
608
600
602
606
611
627
603
606
604
593
596
608
606
606
604
600
603
598
596
603
596
597
610
610
611
607
596
610
604
601
608
607
603
599
603
596
607
615
601
596
612
611
609
601
605
600
594
616
604
617
606
609
607
599
606
606
601
607
601
603
605
609
603
603
606
600
602
603
597
601
603
615
604
604
602
605
601
614
605
615
597
615
604
602
602
592
606
603
593
602
611
613
602
607
608
600
606
606
601
609
602
611
598
598
605
597
604
608
600
604
607
605
607
607
601
601
601
597
603
598
597
608
595
603
599
601
602
601
598
595
622
593
598
605
600
598
608
597
596
598
606
605
599
605
601
596
600
604
601
607
602
601
605
606
606
597
600
599
603
599
607
602
606
611
596
606
600
611
593
599
600
611
608
592
603
596
597
604
600
602
608
601
605
610
594
592
604
606
600
606
606
602
600
599
601
597
611
604
595
