600
607
612
602
601
599
597
602
606
605
609
602
602
609
600
598
600
604
602
600
594
605
602
610
603
604
612
593
607
604
605
602
603
606
605
601
599
609
601
597
609
603
601
606
608
602
597
602
608
605
603
603
602
597
600
602
601
602
597
600
605
596
605
603
602
601
602
605
604
596
604
606
604
601
611
607
607
599
607
612
593
602
601
603
598
601
602
601
601
597
600
606
602
603
597
601
597
601
600
606
600
596
610
608
598
603
599
604
597
600
601
589
601
604
604
602
606
607
596
603
610
599
608
606
602
608
602
596
600
601
599
602
606
604
598
593
606
603
602
601
597
593
596
607
609
600
603
600
596
595
607
610
605
605
597
602
613
595
605
607
599
597
602
601
601
598
596
598
602
598
605
607
600
594
611
602
611
608
601
606
607
605
601
595
609
606
596
612
592
605
606
598
598
600
610
603
601
598
600
602
608
602
604
617
604
594
611
609
603
605
604
605
604
598
602
607
602
604
608
597
610
614
610
606
608
611
607
607
613
616
594
606
612
614
618
610
609
609
613
613
618
609
612
629
602
620
609
605
613
603
609
601
604
605
606
605
607
606
599
627
620
610
604
614
613
624
612
613
612
610
604
612
619
619
621
610
615
607
617
608
611
611
597
613
607
618
615
613
622
620
619
610
617
619
611
615
605
615
617
614
620
605
616
609
618
610
614
620
629
617
612
621
625
613
619
624
628
624
625
626
617
623
642
637
623
619
626
624
619
637
636
649
642
635
654
654
642
636
661
652
662
648
647
654
672
671
652
677
660
679
670
668
668
685
689
703
691
694
699
719
709
724
713
729
697
712
737
757
757
758
757
790
768
785
814
785
805
809
826
804
823
839
886
871
849
873
907
921
960
949
951
1005
1036
960
999
1052
1026
1075
1094
1117
1121
1188
1158
1184
1243
1275
1317
1322
1329
1354
1372
1384
1443
1506
1591
1656
1649
1656
1764
1777
1860
1943
1930
2034
2071
2182
2206
2323
2294
2472
2493
2653
2761
2863
2932
2950
3075
3196
3344
3339
3487
3718
3694
3755
3949
4079
4199
4334
4435
4683
4709
4829
5110
5217
5339
5555
5779
5740
5928
6228
6499
6473
6723
6664
6958
6902
7223
7486
7385
7583
7836
8040
8073
8219
8231
8409
8543
8575
8921
8999
9192
9253
9386
9335
9406
9254
9759
9587
9465
9773
9662
9833
9794
9901
9921
9964
10225
10059
10188
9894
10108
10152
10205
10051
10098
10065
10086
9796
9750
9647
9617
9677
9383
9409
9360
8961
8793
8920
8785
8590
8668
8511
8182
8218
7943
7723
7657
7550
7394
7272
7035
7048
6963
6693
6524
6301
6123
6059
6068
5992
5876
5891
5626
5672
5444
5311
5420
5288
5036
5120
4794
4794
4793
4596
4622
4534
4459
4508
4274
4234
4219
4177
4064
4151
3894
3923
3817
3924
3754
3647
3774
3652
3618
3684
3364
3411
3437
3346
3242
3264
3330
3220
3087
3102
3107
3047
3015
2993
3099
3012
2936
2890
2968
2815
2796
2706
2708
2651
2694
2660
2534
2629
2605
2500
2466
2500
2403
2372
2383
2342
2278
2290
2373
2200
2302
2209
2291
2205
2209
2104
2088
2055
2006
2036
1979
1977
2032
1962
1986
1857
1923
1832
1885
1890
1812
1837
1771
1848
1836
1695
1656
1810
1686
1675
1674
1693
1555
1596
1638
1550
1621
1627
1626
1583
1582
1556
1432
1499
1499
1475
1450
1404
1463
1424
1393
1367
1320
1399
1328
1361
1341
1303
1252
1355
1317
1248
1230
1284
1250
1265
1237
1218
1174
1273
1235
1194
1175
1167
1181
1126
1130
1158
1096
1180
1163
1106
1100
1115
1105
1058
1117
1085
1074
1059
1086
1029
1042
1070
1042
1041
1004
1026
1075
1020
1014
992
1044
991
1000
980
982
977
951
962
969
928
946
932
920
893
947
908
912
891
934
915
912
883
911
892
916
871
897
881
839
875
881
836
865
869
837
894
873
825
832
844
809
829
803
808
854
851
829
817
815
801
784
830
813
803
783
775
807
797
810
799
788
815
764
789
797
796
767
764
780
747
760
772
765
756
756
768
754
753
757
750
730
750
740
752
770
755
751
741
751
735
727
744
756
752
736
716
722
751
748
724
744
707
698
737
699
722
733
708
728
695
720
707
687
704
683
716
692
715
708
724
697
717
719
721
716
691
685
711
687
697
692
690
691
706
695
686
679
671
703
687
690
687
669
675
678
676
672
690
671
683
691
670
688
664
668
666
669
670
684
672
673
673
641
663
661
656
664
656
669
672
641
677
671
678
664
661
674
652
670
666
660
669
654
662
651
668
674
660
669
641
630
670
663
662
648
630
665
641
639
632
657
660
650
648
648
648
655
653
630
641
641
628
643
632
644
651
668
656
645
640
635
636
632
635
633
639
630
624
647
645
642
631
639
648
633
628
636
636
632
643
640
642
632
636
634
635
640
653
624
627
621
632
631
620
619
635
630
627
618
638
627
622
599
649
635
633
628
635
633
635
631
617
630
646
631
604
627
626
629
627
613
628
623
632
622
622
625
629
620
624
625
621
627
635
612
630
624
614
631
619
623
624
628
623
624
614
615
627
617
617
616
604
621
623
618
622
614
620
629
621
619
620
629
631
622
609
609
616
616
608
622
619
606
603
618
620
610
624
620
616
614
630
615
624
613
611
603
629
612
617
615
608
616
611
608
617
612
610
613
613
604
604
615
604
614
608
621
610
613
609
626
619
617
603
613
614
615
611
606
615
619
608
605
611
612
608
603
616
598
610
609
621
612
603
610
602
605
604
599
601
602
609
605
604
597
602
607
607
613
607
611
613
602
596
604
604
610
605
595
607
602
603
604
610
609
609
607
601
612
602
610
602
605
614
596
600
611
601
606
600
607
598
602
602
603
607
600
599
603
594
598
610
609
613
596
597
604
598
611
606
604
609
596
601
603
603
612
601
600
604
598
608
601
605
605
598
609
597
606
600
605
614
605
607
611
606
605
607
607
608
607
599
598
606
604
617
604
607
598
610
605
607
600
601
606
601
601
609
601
596
605
604
611
595
597
617
601
605
594
607
601
608
593
602
593
597
603
601
595
607
594
601
598
601
605
598
598
605
605
605
604
606
589
610
610
595
601
608
606
598
605
605
604
596
610
605
609
607
606
596
600
596
599
601
601
595
600
598
597
599
598
603
609
601
605
603
599
602
593
598
599
599
598
602
609
601
604
605
608
607
589
601
599
604
591
598
606
594
595
594
600
593
596
597
607
599
600
606
596
604
599
601
592
604
605
601
601
600
603
607
596
608
607
596
