603
605
601
612
602
611
595
598
603
595
608
597
604
609
610
599
602
596
596
603
602
600
617
601
597
594
602
596
605
601
608
609
605
611
608
604
600
599
602
594
595
597
598
601
602
605
602
594
594
606
605
608
596
608
596
598
604
595
612
603
601
603
601
596
604
597
592
602
598
602
596
602
606
608
607
601
598
603
604
603
601
596
598
599
600
600
600
597
608
603
599
596
619
598
597
607
598
591
604
599
593
603
604
595
606
598
599
599
600
604
596
599
598
598
601
599
604
601
596
606
595
595
598
606
605
599
604
597
598
592
599
597
604
596
598
605
598
602
601
595
606
607
597
599
603
593
596
602
604
606
588
594
604
608
596
598
598
595
602
598
598
604
597
605
595
595
595
595
603
604
596
599
600
594
596
605
596
595
601
599
593
595
594
603
600
600
606
605
602
600
594
597
598
594
600
593
600
601
601
600
607
597
599
599
602
593
598
599
604
601
603
597
595
601
604
596
598
597
600
594
600
591
602
599
596
605
592
598
602
598
601
603
597
595
599
601
593
596
597
598
604
601
597
598
595
598
598
606
600
596
594
597
600
601
599
600
602
610
596
600
605
601
605
597
603
599
604
598
601
600
594
595
596
605
601
597
602
595
599
597
607
602
592
600
595
602
598
605
607
598
596
600
600
600
601
593
595
599
596
604
598
604
594
604
606
605
605
595
603
595
602
594
602
605
597
599
602
595
595
600
596
604
599
602
603
602
595
594
602
595
597
602
601
600
589
598
608
603
600
598
600
598
600
592
598
608
595
598
597
605
597
604
592
598
596
605
600
597
599
600
594
593
607
598
601
607
604
608
602
593
601
597
598
594
596
587
608
609
596
602
601
595
594
600
604
599
599
606
594
600
596
607
598
590
600
601
600
598
602
605
593
599
599
598
598
596
591
598
596
602
606
604
604
600
598
584
605
598
604
594
592
602
599
594
599
597
594
605
603
597
598
600
601
602
594
601
592
594
604
598
592
597
605
600
596
604
597
607
592
601
605
600
599
605
594
595
603
602
601
594
599
601
600
597
600
598
599
598
599
595
596
600
604
599
598
605
597
607
597
596
607
600
607
595
597
606
600
603
591
604
604
596
599
609
598
603
603
600
597
602
602
603
599
600
598
594
602
605
593
600
600
595
603
599
600
610
605
594
601
604
592
601
600
595
599
606
604
604
596
602
604
593
604
598
598
600
609
592
601
600
600
602
590
602
607
595
602
587
594
612
599
603
593
593
601
599
596
602
594
595
612
600
600
600
598
602
604
604
599
603
601
602
594
605
591
600
603
592
601
601
596
601
600
605
604
604
605
597
602
603
598
603
600
601
600
604
599
605
600
597
602
598
593
602
591
603
601
597
596
599
593
593
604
594
596
599
606
600
590
608
605
598
605
596
598
596
595
600
593
593
599
602
602
594
598
597
597
597
598
599
602
593
601
599
601
598
600
597
597
604
597
606
601
601
599
597
597
597
591
593
603
599
594
601
601
590
598
595
599
593
600
609
607
594
603
601
599
603
599
600
603
610
593
601
610
602
602
608
609
594
606
604
598
594
595
595
605
598
605
601
607
597
604
601
598
601
604
597
595
595
599
595
599
603
608
601
599
596
601
602
594
602
601
589
594
601
603
604
605
596
597
597
600
597
599
598
599
594
593
607
601
598
596
590
597
594
593
596
593
603
603
599
601
602
597
599
603
601
598
594
589
598
596
599
601
605
595
601
593
601
600
602
599
594
601
600
600
596
596
592
601
600
603
605
599
600
594
605
598
602
598
607
605
608
592
605
598
607
604
605
602
592
598
598
600
598
604
603
594
602
595
593
596
602
593
598
605
595
598
604
605
593
607
599
604
603
598
603
601
600
598
596
602
602
595
600
590
597
610
598
606
607
602
602
602
588
594
596
598
596
588
600
588
598
597
603
591
595
600
596
602
600
598
602
608
601
597
602
597
601
603
602
599
607
595
609
595
599
603
604
603
601
595
596
604
600
601
595
589
598
606
601
599
588
601
603
603
602
595
598
603
604
598
603
601
599
605
604
596
597
595
604
599
593
597
595
596
597
601
604
598
601
595
602
599
598
610
595
598
605
601
600
600
594
602
603
600
605
603
601
594
600
599
602
599
594
598
597
595
602
593
587
609
586
596
599
592
592
601
599
601
603
594
611
608
603
605
595
612
598
596
594
602
595
603
597
598
602
594
602
597
601
597
596
594
595
607
588
596
600
601
598
599
597
606
598
601
612
595
596
598
602
602
600
604
608
595
598
603
598
597
602
601
599
611
597
606
607
599
598
602
603
598
602
602
602
603
597
593
605
601
597
596
601
604
598
593
605
597
593
597
592
596
602
601
598
601
597
602
596
599
605
603
595
600
598
607
603
604
602
594
598
601
599
598
600
601
596
602
599
596
605
599
597
600
591
606
597
595
601
603
602
601
601
602
596
602
600
599
601
595
598
595
600
602
605
607
599
594
598
601
605
607
605
604
601
600
607
596
606
594
599
594
595
610
599
601
596
596
593
603
604
599
605
600
597
597
596
595
601
597
604
605
596
609
600
604
598
604
601
604
592
603
601
602
596
598
596
600
598
592
602
595
603
589
600
596
600
597
600
592
606
601
593
604
590
595
607
594
603
610
608
599
598
598
598
601
604
601
608
605
595
602
604
602
596
603
593
596
609
606
593
593
601
598
602
596
605
601
597
599
610
604
589
599
594
600
601
598
598
594
592
598
602
594
600
602
600
603
599
603
594
594
600
597
601
600
597
591
603
608
592
604
593
590
595
583
598
601
598
601
598
600
599
599
599
601
600
603
601
592
601
603
594
592
599
598
601
595
598
599
602
597
586
596
592
598
603
589
595
594
601
597
599
598
605
596
600
586
596
600
597
596
595
597
590
602
596
597
601
598
598
602
591
598
591
595
606
597
593
601
604
597
603
595
599
607
605
595
598
602
603
595
601
597
598
593
586
598
601
601
604
599
607
606
602
600
600
599
602
599
600
606
598
604
601
594
607
595
596
