606
600
603
600
601
601
602
598
610
602
603
605
600
599
605
602
606
602
592
601
600
602
610
597
604
605
595
603
602
590
587
604
589
594
603
592
608
592
607
596
593
595
594
597
600
608
603
590
608
601
600
597
595
601
599
600
605
598
591
607
590
600
607
602
598
602
596
598
605
600
600
603
599
606
596
602
598
603
606
603
596
600
606
601
605
602
598
597
598
598
597
606
605
594
601
600
596
596
596
606
602
602
606
604
595
604
603
600
600
597
611
601
598
604
603
598
604
603
595
601
601
598
605
602
601
597
605
605
605
604
608
604
609
603
599
604
604
598
598
602
594
611
594
597
598
610
607
599
599
600
605
593
605
606
608
598
594
604
599
596
602
604
600
605
605
606
600
605
595
598
596
595
605
598
600
594
605
595
608
594
604
606
602
602
602
599
599
590
602
595
598
596
603
596
594
595
592
598
593
598
595
602
598
595
599
598
603
593
606
592
598
595
599
594
604
594
597
593
605
598
596
598
603
597
595
599
597
603
595
599
602
597
596
594
612
594
602
592
616
606
602
602
593
605
604
604
600
598
598
604
596
609
599
601
601
599
592
598
600
602
603
594
600
602
593
596
598
602
596
593
595
605
604
604
592
595
603
596
600
601
599
600
598
604
594
606
606
599
601
606
606
605
596
591
617
594
595
597
596
603
595
601
605
600
597
597
601
601
598
594
591
602
598
607
606
600
601
606
610
600
606
601
603
606
603
598
604
598
598
588
594
602
598
595
595
599
594
595
607
597
596
598
602
605
601
600
597
593
605
595
600
598
604
601
600
598
605
605
597
592
601
596
597
597
596
604
601
600
604
601
598
599
595
600
603
599
602
584
603
605
602
603
606
601
595
603
600
606
602
604
589
598
594
602
601
601
606
612
595
596
602
593
598
600
601
596
593
594
596
604
589
608
602
600
599
604
603
595
602
601
597
599
600
599
603
601
605
602
606
606
598
592
604
606
602
603
600
598
593
603
593
599
593
601
609
596
601
597
603
598
592
600
608
594
597
597
602
600
597
604
594
607
602
599
597
596
599
606
602
595
605
595
603
604
603
605
598
603
605
597
596
603
603
599
601
597
601
604
597
595
599
596
604
599
605
595
596
597
609
595
598
601
601
604
601
598
600
605
606
610
596
610
604
596
598
601
598
599
600
592
600
596
597
608
606
595
605
603
601
599
606
605
601
597
602
604
597
598
601
597
598
606
596
600
605
601
595
594
594
599
599
599
602
598
590
601
594
594
596
601
600
598
596
601
598
600
594
598
598
590
597
597
611
598
600
599
603
601
599
598
600
595
596
605
600
601
593
608
600
593
596
607
605
603
605
599
597
598
601
595
605
598
598
592
601
597
601
604
598
595
609
602
597
603
602
597
600
601
600
593
592
596
613
595
590
605
596
597
606
597
600
597
598
600
602
603
598
603
600
604
601
597
593
606
596
596
597
601
604
600
595
598
594
607
598
601
602
600
595
598
607
603
596
603
602
605
596
603
607
596
608
607
603
607
605
604
607
604
592
604
594
595
598
590
599
600
596
604
599
595
599
602
603
599
606
595
600
597
595
599
600
601
599
594
598
595
600
593
601
605
596
592
597
607
602
602
598
602
598
603
601
590
598
597
600
606
596
602
595
594
603
599
604
610
599
599
605
603
607
591
596
596
600
602
607
605
599
599
602
602
604
609
597
606
600
594
600
598
605
601
603
597
596
596
601
599
592
601
599
602
601
598
595
596
593
596
607
594
594
603
598
601
602
601
605
602
601
595
597
598
601
595
600
603
599
596
596
593
611
598
606
602
602
599
602
592
601
600
607
601
599
605
594
601
600
602
595
597
603
604
598
600
611
605
597
602
598
600
599
609
602
592
600
611
605
601
597
591
600
600
601
590
597
598
593
609
605
600
602
595
602
600
598
599
597
602
603
596
607
599
600
594
606
593
601
606
605
593
596
599
595
601
600
603
601
599
603
600
603
592
601
599
599
609
602
608
604
602
605
597
600
608
604
601
599
596
594
608
616
598
596
606
594
593
592
592
595
597
597
596
598
600
604
595
602
599
600
596
600
598
603
598
601
602
605
603
599
594
597
601
601
600
596
607
597
590
599
595
592
601
590
593
594
601
597
604
602
601
600
604
605
611
604
605
603
594
603
607
597
607
604
595
601
596
591
599
601
589
595
596
602
599
594
598
599
598
600
594
596
599
599
600
595
600
597
597
595
599
605
600
609
601
597
593
602
594
594
592
604
596
600
606
603
596
599
597
594
598
606
598
598
598
598
604
603
605
606
602
596
609
602
598
602
591
588
602
596
590
592
597
603
605
600
600
606
602
595
600
602
597
600
602
600
602
596
592
603
610
598
604
599
601
604
607
605
607
596
600
600
595
601
609
606
596
604
597
604
598
598
602
608
597
600
598
601
596
599
600
600
601
597
604
602
601
598
600
603
600
604
604
604
597
600
600
596
595
593
599
596
603
600
604
606
597
601
594
600
599
599
605
603
597
603
600
602
592
600
603
601
594
599
600
607
599
599
604
607
607
601
599
600
593
599
602
604
588
601
603
597
602
602
598
597
598
598
601
606
598
596
598
601
595
602
594
603
599
599
600
600
596
605
600
602
605
600
599
596
601
591
600
597
603
606
600
601
602
596
596
602
600
598
603
602
595
606
596
600
604
597
598
603
601
595
600
599
598
597
603
603
593
595
595
599
602
602
601
591
588
604
597
603
597
595
606
604
612
592
601
601
611
608
602
601
605
601
596
595
599
597
600
596
595
594
594
599
602
593
595
601
604
606
601
600
607
596
598
604
604
602
600
596
598
606
596
601
594
605
598
603
598
595
604
605
597
595
605
610
603
602
600
601
592
602
600
603
595
598
601
596
600
599
599
596
602
590
602
600
594
603
602
600
595
605
601
599
590
605
597
599
606
596
600
603
594
600
601
595
600
596
595
605
592
598
601
608
600
603
610
602
598
603
603
595
601
602
596
594
601
604
607
598
598
600
609
612
598
594
602
602
604
