598
606
612
601
612
605
602
605
605
601
608
602
604
605
603
603
596
599
598
607
597
598
603
600
594
596
597
605
599
604
605
598
603
605
594
600
588
605
610
593
601
603
593
596
602
602
596
604
602
602
603
597
595
596
592
598
603
599
596
600
601
597
605
610
607
598
602
605
605
597
601
594
607
600
596
606
594
594
604
597
601
603
599
596
596
602
587
596
595
601
596
600
600
596
604
600
597
597
600
602
603
594
604
603
596
598
593
589
607
596
599
602
596
601
609
602
599
598
599
602
603
597
611
602
604
603
601
596
603
604
603
604
598
594
602
605
589
594
599
597
597
599
597
606
602
595
607
596
598
593
594
602
592
599
598
603
601
604
595
602
598
599
597
595
602
601
598
597
598
599
600
605
595
607
603
596
602
601
600
600
595
598
603
598
604
604
600
599
597
595
604
588
598
601
599
606
602
598
595
609
605
600
603
605
608
599
610
603
606
602
596
597
596
604
591
600
599
598
600
593
597
603
596
601
606
601
600
593
589
607
593
600
598
591
602
597
598
614
598
609
608
603
604
602
600
597
606
602
599
603
596
595
604
603
603
597
602
603
598
602
602
601
603
598
597
601
597
596
595
599
607
595
595
602
596
600
599
603
597
599
599
597
601
604
592
605
595
594
601
605
603
598
595
599
599
599
606
598
599
603
600
605
596
596
595
601
600
603
599
598
598
596
601
604
589
598
603
599
606
599
591
603
604
592
605
602
602
597
598
599
604
605
601
598
598
594
604
603
601
597
593
602
598
592
603
605
601
605
606
599
602
605
595
596
599
598
595
597
603
599
601
606
599
598
602
602
601
590
601
602
602
597
604
588
595
601
590
595
593
589
594
591
606
601
592
594
598
590
601
595
598
603
600
594
593
607
610
599
597
595
597
605
604
601
604
605
599
599
601
593
599
602
602
607
604
597
602
606
601
598
602
602
600
599
600
596
593
603
599
596
605
605
596
596
603
601
596
598
601
607
595
599
602
592
598
608
590
602
601
600
599
599
599
600
603
597
599
598
599
599
601
597
605
593
596
599
596
602
598
589
599
606
597
595
606
598
608
598
598
589
604
592
606
599
595
591
604
603
605
600
598
605
604
602
609
606
597
597
598
597
601
602
596
597
600
600
597
599
603
600
601
601
600
603
612
601
606
598
598
608
603
606
603
606
588
599
602
596
593
598
596
595
604
598
601
595
596
596
604
597
597
589
602
594
596
611
595
593
599
600
603
601
597
600
603
594
612
605
602
596
601
606
604
596
603
599
594
599
605
595
603
602
600
606
599
602
598
607
605
600
606
601
607
599
604
593
589
597
604
598
610
601
597
609
598
598
594
600
601
595
591
602
599
593
591
595
603
604
601
605
588
599
602
603
597
598
602
591
601
596
603
602
601
602
596
595
607
603
601
603
602
597
606
600
596
603
605
596
601
595
599
599
594
602
604
606
601
604
599
604
596
601
597
595
594
599
595
603
598
600
605
605
596
605
602
603
600
606
601
601
597
598
602
600
603
598
603
605
607
590
598
604
595
593
596
600
600
597
604
597
589
605
602
595
602
595
605
600
602
599
603
600
598
595
597
606
598
605
602
600
595
603
589
594
598
605
601
596
599
601
601
601
604
603
595
608
602
599
597
600
593
600
600
604
595
596
611
598
599
597
603
601
607
600
601
603
596
598
600
598
603
600
606
606
598
590
600
603
598
601
599
597
598
596
605
598
604
603
600
600
604
597
588
602
601
603
601
597
606
603
598
603
598
604
595
608
603
599
601
599
591
604
607
604
597
601
600
595
603
604
602
601
594
604
597
607
599
598
606
601
597
596
597
596
590
591
602
599
602
597
597
612
598
597
597
602
603
595
604
596
596
597
597
595
594
597
596
597
593
603
598
589
595
603
601
602
598
595
603
590
601
604
597
601
602
602
600
602
604
600
600
601
607
603
605
594
596
601
596
597
602
601
600
600
600
592
603
600
607
603
601
601
600
595
601
603
595
602
609
598
602
604
606
601
604
599
591
607
599
597
605
605
600
599
593
597
602
599
594
598
601
599
598
607
592
601
597
597
603
600
594
595
600
606
604
586
598
601
601
604
600
604
602
598
595
605
597
599
603
602
597
598
602
601
596
602
598
603
600
600
597
597
602
596
597
606
594
607
597
601
597
598
596
601
594
594
604
602
604
603
605
609
605
598
605
602
599
603
602
600
605
595
600
603
600
601
601
602
603
602
600
604
598
604
607
593
598
604
598
606
603
606
596
594
598
605
600
599
602
601
597
596
592
602
595
599
603
608
602
594
587
594
603
597
594
596
595
594
603
605
602
595
596
605
606
608
598
609
594
604
600
592
599
591
594
589
598
603
586
597
597
597
596
601
592
602
606
599
601
596
598
597
600
603
604
598
603
601
595
600
602
603
597
603
605
595
590
599
602
595
601
598
601
594
604
601
598
610
598
596
594
594
605
598
603
601
606
601
602
598
595
603
601
601
605
596
601
606
606
607
602
602
602
599
599
602
601
606
601
597
597
605
597
601
600
607
600
601
593
595
593
603
602
600
603
597
598
608
601
599
597
598
600
603
602
606
606
596
599
599
596
601
600
594
607
597
606
599
608
600
589
610
599
598
598
601
588
605
609
609
598
596
602
600
602
604
604
599
598
612
596
602
602
590
598
601
608
600
598
598
600
599
603
595
598
597
598
602
593
605
601
598
599
605
599
595
600
603
596
598
598
600
598
595
602
603
605
595
601
594
609
601
601
601
605
602
598
597
590
607
598
596
600
600
601
604
600
596
593
599
603
596
598
606
597
596
601
596
603
604
602
594
600
606
602
602
596
610
604
603
607
602
606
601
598
586
598
597
607
605
600
605
600
597
603
600
601
600
606
601
606
603
592
593
603
603
600
594
605
598
597
593
595
594
599
603
599
601
606
604
595
606
592
606
604
601
598
601
598
598
598
606
595
611
606
595
597
597
600
599
604
599
599
593
595
602
595
603
599
590
596
602
609
613
598
601
598
599
599
603
