609
598
603
597
608
608
603
601
593
603
602
601
596
602
598
603
600
602
603
600
595
601
585
601
604
590
606
600
592
599
602
598
595
591
603
605
598
604
596
611
603
593
599
602
600
598
607
603
595
612
598
604
595
599
599
595
593
598
600
600
602
597
598
597
591
593
598
601
596
603
598
602
597
601
604
600
597
592
595
595
611
598
593
604
600
606
603
602
605
601
592
603
601
600
604
595
598
604
602
597
599
594
588
601
600
599
603
600
603
603
598
607
599
596
601
601
596
595
605
610
604
600
600
603
589
604
600
600
604
602
597
603
606
587
603
598
602
603
596
601
599
596
596
599
595
600
604
601
595
597
602
599
605
606
598
603
596
594
600
598
600
602
600
603
597
599
596
597
600
589
596
602
604
595
597
603
607
594
600
596
597
595
596
598
607
605
600
598
600
600
603
616
602
598
599
602
603
600
598
595
599
596
603
592
598
598
611
592
593
594
608
599
592
596
611
594
599
603
593
602
602
598
600
599
597
597
593
597
605
597
608
604
602
601
599
597
604
595
612
611
600
598
589
599
594
607
601
605
602
601
598
607
600
595
608
605
609
595
592
605
600
599
612
594
593
593
596
592
608
599
593
598
596
598
597
598
601
597
587
595
596
599
599
598
600
597
593
593
601
602
604
595
599
597
604
599
600
598
592
605
601
600
597
594
601
602
597
606
593
596
594
604
603
604
604
596
603
594
595
601
601
599
592
601
607
595
600
595
595
597
597
602
597
599
595
589
599
594
602
597
609
608
597
591
599
600
594
595
603
602
599
595
609
605
597
595
595
603
601
603
599
599
599
589
600
593
594
605
596
606
604
599
599
602
600
601
599
600
599
601
592
596
594
593
604
596
597
589
600
604
596
598
592
598
600
605
601
601
602
595
593
600
601
599
605
598
602
601
602
592
605
598
600
597
602
596
597
608
602
602
597
600
603
593
602
605
608
592
592
601
599
604
595
600
598
602
598
602
603
607
606
600
598
598
594
591
603
607
605
604
605
601
606
593
598
599
594
592
598
601
597
596
605
601
610
602
595
601
594
591
599
595
602
601
594
596
594
605
599
602
603
604
601
599
601
602
600
602
602
604
601
603
588
598
594
598
601
596
596
600
598
605
596
601
596
597
595
602
596
595
596
593
597
587
599
599
602
602
589
603
600
598
598
602
599
607
602
598
599
601
599
598
606
600
600
600
599
589
594
603
596
592
601
590
593
605
598
607
598
597
600
598
603
607
597
603
599
604
602
605
601
601
598
605
596
597
595
596
605
602
601
598
600
602
599
599
606
600
590
590
598
594
600
593
599
593
593
598
595
597
610
599
598
600
598
595
600
590
599
596
598
613
605
593
591
592
606
598
597
601
606
599
603
601
600
595
601
603
601
597
597
594
593
591
603
594
596
604
594
607
599
586
600
601
593
603
606
593
601
600
594
597
596
602
608
601
597
600
597
596
600
600
602
609
599
601
599
595
595
602
607
601
601
601
597
597
591
592
594
607
600
596
602
594
601
605
589
600
600
600
603
605
600
599
601
596
601
599
592
602
603
596
609
595
592
598
600
603
606
603
604
603
602
604
601
607
604
593
601
601
607
603
605
602
600
601
604
604
601
600
606
606
591
605
594
588
603
600
594
602
604
607
603
602
590
600
597
604
601
600
601
601
602
604
599
599
603
597
598
600
595
605
587
595
597
605
586
595
597
604
604
598
603
599
601
606
597
598
600
601
597
596
593
598
597
600
594
596
598
601
600
591
599
596
595
599
595
599
602
601
600
594
591
599
600
601
599
600
600
603
595
600
600
602
594
597
596
598
595
601
602
598
589
594
598
592
600
597
602
603
598
604
608
595
593
594
597
595
598
596
596
601
602
603
600
593
603
596
606
603
600
599
595
597
598
601
594
607
609
597
596
601
605
601
605
597
603
605
603
596
601
608
600
597
595
600
599
603
598
599
604
598
600
600
596
599
605
595
593
594
606
599
602
602
601
595
597
595
593
596
606
601
601
601
607
603
596
598
600
593
593
597
597
587
594
603
611
598
594
597
601
601
605
603
595
600
599
596
600
597
600
600
604
594
597
594
598
606
600
596
604
598
598
602
601
598
596
594
598
602
604
596
601
603
586
600
596
603
602
605
599
598
608
603
601
599
600
600
603
600
601
600
602
600
596
594
605
602
592
601
603
601
600
599
593
596
599
593
595
597
593
600
593
604
598
595
598
601
597
601
594
597
593
598
601
598
607
597
595
597
600
595
600
608
604
596
607
595
605
603
603
605
600
599
597
596
605
607
595
596
602
598
598
600
603
607
601
600
597
603
597
596
599
604
594
598
596
597
598
588
601
601
586
598
601
602
600
595
598
592
599
594
601
601
602
603
602
598
599
600
599
599
596
602
593
604
591
599
603
606
599
599
603
594
591
606
598
600
599
591
600
599
597
598
594
599
598
597
597
596
586
596
605
599
592
601
604
604
596
602
611
593
603
600
595
606
597
606
590
602
594
590
602
599
605
597
593
600
603
600
602
598
597
604
603
593
600
596
588
601
600
585
601
595
592
598
601
601
600
593
605
599
605
601
600
602
595
596
599
605
601
605
599
597
595
608
599
600
602
602
597
597
606
597
606
611
596
601
601
590
593
601
599
607
602
596
602
601
598
599
602
598
601
602
591
601
601
601
593
598
595
602
601
601
595
600
603
599
598
603
597
596
590
601
598
604
599
600
591
597
595
598
596
592
603
593
600
604
591
602
606
597
597
600
598
603
598
604
599
604
604
594
604
602
599
603
598
600
594
601
601
606
592
606
607
599
597
598
591
601
604
596
601
604
599
595
598
595
603
595
595
597
607
600
599
607
598
604
601
599
597
606
601
595
597
596
598
601
602
612
597
600
592
597
601
595
607
604
603
602
602
597
607
595
598
600
600
591
611
604
598
603
602
593
605
608
599
600
606
606
595
595
606
587
598
600
599
604
600
598
596
603
606
604
603
595
606
603
600
606
598
603
592
606
602
601
600
602
596
599
