597
602
609
600
605
598
600
601
600
603
604
605
605
600
600
599
606
594
596
611
605
600
593
595
602
599
604
602
603
598
604
602
603
598
599
607
604
599
603
594
600
602
601
596
608
598
597
608
601
603
599
603
598
607
596
600
603
600
595
598
596
604
601
595
601
602
597
592
606
606
603
602
608
599
601
603
597
603
593
606
593
602
605
600
605
602
600
595
604
602
602
589
601
599
599
595
604
598
603
600
601
593
594
592
592
600
599
606
605
603
600
599
598
604
597
596
597
609
605
601
597
607
599
605
602
591
602
599
603
600
607
597
597
595
600
601
596
594
598
606
598
599
591
614
598
599
590
590
606
609
601
602
612
597
597
601
594
597
598
601
589
600
595
602
597
596
603
602
599
604
597
601
594
598
593
605
594
601
602
597
607
595
600
608
600
601
608
600
606
594
598
597
604
603
606
604
604
598
601
591
599
607
598
602
591
597
596
604
597
593
597
597
603
598
597
589
594
600
600
588
604
606
603
602
586
600
608
601
609
596
600
608
605
598
593
602
598
597
600
604
602
601
601
604
597
593
604
598
598
601
599
601
598
606
598
596
596
600
595
598
596
601
599
587
592
601
604
604
603
595
605
601
606
601
598
600
606
607
603
603
600
605
600
605
600
601
603
603
593
595
599
606
600
593
601
595
607
604
597
601
607
599
606
600
599
598
605
594
602
593
601
597
594
605
601
605
598
593
599
601
607
599
602
605
591
601
596
592
609
593
596
607
602
601
601
596
607
598
594
603
596
597
601
599
593
588
604
602
598
599
590
601
598
597
597
596
609
596
599
597
601
595
600
592
599
597
607
596
600
596
601
603
600
599
594
593
595
602
605
603
602
603
603
598
592
594
593
593
603
600
583
595
602
601
600
599
602
592
597
601
594
599
605
592
606
602
590
606
603
598
600
592
592
593
595
606
593
594
603
604
604
595
605
594
599
601
606
592
602
603
601
599
598
591
598
597
596
598
596
603
603
604
606
599
603
600
604
609
597
607
602
600
601
602
606
598
608
596
593
602
593
604
609
596
597
599
594
601
597
604
591
610
595
606
599
601
594
590
597
594
603
601
589
600
594
603
606
600
600
602
597
596
604
601
601
592
593
597
591
600
601
599
595
600
593
591
600
605
590
602
601
602
603
606
592
597
599
593
599
600
597
610
603
596
599
601
599
596
601
592
590
605
598
600
599
604
605
603
596
589
596
587
600
597
594
606
598
599
607
600
593
610
601
598
604
595
602
595
593
593
589
591
602
598
593
602
597
596
603
597
598
604
597
609
605
601
601
600
602
595
612
599
601
605
600
604
598
597
608
598
597
607
591
601
596
598
604
611
604
602
599
601
598
596
595
597
591
596
601
598
602
593
593
595
600
585
601
592
605
603
592
606
593
599
601
601
595
602
594
598
598
595
606
598
603
595
601
592
606
594
596
597
597
605
599
596
595
600
603
594
600
598
596
604
601
604
602
598
598
601
600
592
604
591
602
607
599
607
606
596
607
604
602
597
594
597
610
605
593
604
595
591
598
599
596
596
609
600
599
599
598
596
599
603
590
599
604
601
602
598
594
594
610
600
602
596
598
598
593
599
594
598
602
593
598
600
603
601
600
603
602
595
604
590
602
601
598
605
599
600
606
600
605
595
599
598
601
595
603
603
599
607
596
592
597
595
593
596
598
595
601
595
599
601
600
598
594
600
600
592
596
603
593
603
606
600
593
601
593
596
600
602
595
603
597
604
595
594
600
594
601
593
597
607
604
601
596
607
595
604
604
602
596
606
602
593
600
601
591
592
598
599
602
606
597
594
611
605
596
603
601
600
600
607
596
601
599
599
599
598
597
594
608
601
599
591
604
607
597
598
598
599
599
600
597
604
595
596
603
595
599
598
598
602
590
599
597
603
598
594
604
608
608
599
597
591
600
596
595
598
599
602
597
600
596
592
601
602
604
591
598
597
606
600
599
593
601
602
603
602
599
601
604
601
593
595
603
596
602
597
599
601
598
607
598
593
610
599
600
596
604
605
596
597
596
600
596
596
600
595
595
604
594
596
602
597
601
595
592
594
598
595
600
608
596
602
599
602
605
603
602
601
595
600
601
604
603
605
599
597
597
601
609
603
596
600
594
596
606
593
603
601
601
604
597
596
593
599
602
598
596
593
594
601
600
605
605
595
597
594
598
596
599
604
592
606
605
595
598
608
596
599
610
605
596
602
594
596
600
594
595
593
604
601
610
598
607
602
602
600
602
595
606
596
607
603
596
600
603
598
600
599
594
595
609
606
597
596
601
600
609
593
605
598
606
602
596
607
596
598
594
603
601
598
597
605
602
596
596
607
588
597
593
599
601
601
596
607
595
596
596
597
603
601
601
598
601
601
599
606
598
603
602
604
612
603
598
602
595
611
601
605
600
600
599
594
600
602
602
596
607
598
601
602
604
600
600
601
600
610
603
595
594
602
600
598
593
596
595
597
594
593
596
607
599
596
610
599
592
598
605
600
603
599
605
604
599
598
602
595
607
598
604
601
604
598
602
598
611
603
599
602
598
599
598
596
600
603
593
599
600
601
601
593
596
595
605
603
600
599
600
595
602
593
593
598
602
594
603
599
598
600
601
603
605
604
596
598
605
606
601
590
603
602
598
597
599
597
601
594
595
593
604
605
600
601
595
602
601
604
596
596
603
602
601
603
600
593
609
594
602
591
590
601
596
605
601
604
604
598
605
600
601
598
597
606
599
604
594
601
596
593
601
603
596
607
599
602
609
601
603
595
600
594
600
592
600
605
595
598
599
602
604
601
591
596
598
596
598
596
596
609
598
602
604
602
604
604
605
600
594
595
604
595
601
597
601
598
599
592
604
596
595
596
592
598
597
593
600
596
595
593
598
589
601
603
591
605
598
601
595
602
603
598
593
598
603
598
598
596
598
600
604
599
599
602
601
594
595
598
602
594
600
607
603
604
603
600
598
597
596
604
605
604
606
603
599
598
603
595
596
594
604
602
604
591
604
595
596
602
