606
603
604
603
604
598
596
599
600
599
606
602
603
606
601
594
604
600
606
597
594
609
600
598
602
605
601
594
605
601
605
597
607
598
600
603
594
596
592
599
597
595
596
594
590
600
609
596
607
596
600
594
615
599
597
596
602
596
602
595
597
599
600
607
598
608
605
597
606
594
603
607
598
604
603
598
593
612
606
602
598
596
601
600
599
602
593
604
602
602
605
600
603
592
606
598
599
599
601
606
595
594
596
606
600
601
597
591
597
601
594
596
592
605
602
598
603
604
600
597
602
602
609
595
613
604
601
596
604
595
596
601
600
604
592
598
599
595
599
603
598
606
603
611
605
602
594
600
598
599
610
593
599
602
600
596
602
598
593
612
598
600
600
603
597
604
594
603
599
606
594
601
597
600
602
600
603
599
607
605
592
602
601
602
613
600
602
603
595
594
602
595
596
597
602
600
596
601
593
604
602
601
599
596
605
604
602
604
603
604
604
592
599
608
598
600
601
600
600
597
613
601
601
599
602
598
603
602
598
609
600
600
601
596
597
596
595
602
592
593
604
600
600
598
596
598
606
603
589
603
597
597
613
609
601
609
593
597
597
604
595
600
597
600
600
601
596
603
596
601
593
602
596
606
605
601
596
604
591
596
604
604
605
596
595
598
604
599
602
595
597
602
608
601
606
604
591
596
597
600
599
593
598
603
604
595
605
607
594
604
600
600
601
595
610
595
599
598
605
594
593
609
600
586
596
591
599
602
603
598
604
597
600
599
599
600
606
602
604
594
600
601
600
602
595
598
589
602
608
598
588
601
599
599
599
594
603
603
595
601
595
603
604
603
599
600
605
596
600
597
596
598
598
599
601
597
599
603
595
597
604
605
606
605
590
596
603
598
595
603
596
601
597
602
595
597
602
607
601
602
599
594
598
599
595
606
604
601
609
601
596
605
602
596
604
600
598
604
592
601
602
600
602
602
605
603
603
596
613
601
598
603
600
600
603
596
597
597
590
598
600
603
599
595
595
608
606
598
600
591
600
595
597
593
598
601
601
602
604
595
592
595
595
593
601
600
598
595
600
599
600
602
601
605
591
597
609
593
598
602
601
594
599
597
599
596
599
608
604
606
602
602
591
597
603
599
600
600
599
595
597
594
592
602
597
592
597
609
596
597
603
601
595
610
601
591
601
594
606
599
597
596
604
600
602
601
602
605
600
604
603
595
596
595
601
596
603
595
597
599
601
599
595
601
600
601
602
589
607
598
593
598
594
597
602
590
602
600
601
597
597
601
590
605
607
595
606
598
596
598
604
591
604
595
601
603
611
601
601
599
596
599
595
594
599
607
599
595
598
606
606
593
601
599
600
595
602
596
604
595
604
604
602
601
604
605
604
596
606
598
601
603
600
598
599
604
596
598
602
594
594
600
593
597
604
588
591
595
609
605
606
602
600
601
594
603
606
598
592
602
598
598
594
602
599
587
599
597
601
602
604
609
600
602
603
605
600
597
605
597
600
593
602
605
595
601
601
603
599
593
595
602
600
596
600
601
592
603
603
602
596
604
600
600
600
603
602
591
609
593
594
604
597
598
600
596
602
601
605
603
602
592
606
601
597
606
602
605
605
602
599
605
604
597
597
595
594
597
602
596
596
602
600
599
600
601
596
593
599
596
606
607
605
605
598
595
601
600
597
602
599
589
607
601
600
600
597
598
603
606
603
590
598
598
603
599
605
597
602
602
600
596
596
606
600
600
597
594
593
597
601
600
610
603
605
594
596
595
599
601
594
598
600
596
592
589
591
601
602
600
607
591
598
600
598
589
601
594
597
592
590
595
598
609
606
603
606
596
596
596
605
596
595
595
592
597
600
595
598
591
596
590
600
603
604
589
603
605
601
599
600
594
605
601
597
606
603
595
598
591
594
600
600
616
600
604
599
605
605
598
601
594
596
601
602
601
605
598
610
595
600
601
602
595
597
603
595
600
594
597
603
600
603
600
600
606
606
588
607
610
602
602
599
603
599
594
603
592
595
598
600
600
597
601
596
601
600
591
605
595
594
609
590
597
603
595
602
603
598
596
608
606
592
602
608
599
596
601
595
602
606
607
602
597
597
601
591
596
597
606
605
598
604
597
599
606
598
592
598
599
605
597
595
603
600
604
602
601
600
602
611
604
598
602
602
597
597
603
596
592
608
598
597
604
600
596
591
602
602
598
605
602
594
599
593
595
603
607
604
588
597
592
601
597
596
596
594
596
593
601
604
597
602
596
602
603
604
603
594
610
605
590
593
600
602
604
596
598
596
600
603
600
604
599
600
602
596
598
597
598
605
601
600
596
605
596
604
596
596
605
601
593
597
598
599
598
596
601
600
608
599
601
599
598
597
603
598
598
598
599
606
604
590
594
592
598
605
599
595
601
597
595
597
599
604
605
601
604
602
598
605
601
602
599
595
595
600
586
602
594
599
600
596
603
597
601
589
603
603
595
599
597
597
600
603
597
597
603
598
598
598
594
596
602
601
602
598
605
603
602
605
600
597
605
604
603
604
598
600
602
592
601
602
599
596
596
594
596
602
595
595
598
604
602
601
598
596
600
602
601
591
598
592
590
604
597
602
600
601
598
604
603
602
604
606
597
598
603
595
602
600
602
591
597
602
589
599
594
603
599
601
602
601
605
586
594
601
598
594
597
597
604
598
597
605
605
600
603
593
602
603
598
603
599
595
596
595
602
600
595
600
598
597
594
611
600
596
603
594
604
603
597
593
601
606
604
605
602
599
603
613
595
600
601
606
595
599
595
601
599
602
606
604
601
603
598
589
595
601
604
596
608
601
596
601
600
608
601
599
601
595
605
601
602
598
597
596
596
605
598
600
601
600
602
595
605
601
604
596
604
599
599
600
603
599
596
598
607
604
598
598
601
593
597
591
595
601
594
601
609
585
594
601
597
596
605
607
595
598
599
600
604
598
604
602
595
599
602
601
600
598
605
596
606
603
607
601
608
593
603
596
602
596
596
598
594
599
597
590
595
588
593
600
602
597
604
595
599
596
594
