604
606
604
599
592
608
603
603
603
603
604
604
601
599
597
609
608
602
604
605
602
598
603
601
600
600
606
604
598
594
597
600
604
602
596
597
605
597
600
600
598
598
600
602
599
593
602
596
611
595
602
600
600
601
606
599
590
590
606
598
612
592
602
611
606
600
600
607
593
610
605
607
602
602
595
602
598
604
602
599
601
597
607
601
603
602
595
598
600
598
601
593
609
594
601
598
598
595
600
599
602
603
597
600
604
593
597
595
595
602
606
600
600
603
603
595
599
592
600
595
599
607
603
604
598
608
600
607
593
600
596
607
610
602
593
608
600
610
605
604
604
595
605
592
602
603
600
598
603
598
600
600
599
596
604
601
598
601
600
598
605
596
596
603
603
604
604
595
606
604
600
599
591
605
601
596
596
609
600
591
598
603
596
603
591
602
594
605
591
602
596
598
608
607
596
599
607
599
592
606
597
595
603
602
597
595
600
599
603
600
595
602
602
607
593
596
604
599
598
596
595
595
600
608
603
597
598
604
594
601
601
596
606
593
604
594
603
603
609
599
600
596
602
598
601
607
594
604
597
599
606
600
601
595
605
595
600
596
602
602
599
589
599
589
601
604
600
596
600
592
598
599
598
595
600
609
593
596
603
594
603
604
602
596
601
606
598
605
606
606
595
604
604
600
594
608
595
601
606
593
598
604
600
593
592
593
610
605
602
600
599
598
592
607
602
595
608
602
600
599
599
604
597
597
606
597
601
607
593
607
602
598
601
604
591
595
604
597
601
597
598
605
598
593
598
591
595
602
603
602
603
597
602
600
605
590
604
603
605
601
600
601
597
591
599
605
600
601
606
593
596
603
597
604
596
609
597
592
600
596
602
599
607
596
595
603
605
612
596
598
605
597
602
606
591
597
607
599
602
597
600
600
601
605
603
598
610
600
597
598
596
596
601
593
602
592
604
609
605
600
608
596
598
600
604
603
601
601
599
601
601
601
601
609
601
601
602
605
599
604
600
602
591
597
595
602
596
595
596
603
598
601
607
598
596
597
602
595
611
598
601
596
594
599
597
596
602
600
593
598
602
593
598
595
601
603
602
603
593
592
606
597
602
598
594
601
595
599
597
601
600
607
597
606
604
595
599
598
601
605
610
604
601
598
603
604
603
594
595
599
607
601
605
601
599
598
598
602
601
609
595
602
602
606
597
601
596
608
606
597
599
601
596
598
603
596
597
603
596
602
604
599
604
594
598
598
599
606
600
601
603
599
600
603
602
604
605
598
605
599
609
594
604
595
608
603
592
602
599
593
597
599
595
590
602
595
597
604
595
602
605
595
602
601
598
602
597
597
600
597
597
604
597
597
606
596
602
597
597
601
595
598
597
607
604
603
597
597
597
605
604
603
600
593
594
603
605
606
600
594
601
592
595
598
597
599
598
602
602
599
600
597
603
602
602
602
595
597
593
605
610
597
598
602
597
603
595
597
604
600
601
601
589
598
604
600
605
601
608
597
599
605
597
603
600
597
596
606
603
596
600
600
602
607
600
601
595
599
605
599
598
603
597
603
601
597
595
598
590
598
606
591
595
602
594
598
600
606
591
594
599
597
604
593
597
605
601
600
594
597
603
606
606
604
598
593
603
598
599
604
605
599
611
609
596
602
604
595
603
596
603
593
602
605
593
603
603
597
600
592
600
603
608
609
607
600
605
605
606
604
596
596
605
598
598
595
593
604
602
608
593
598
598
603
600
602
602
597
601
605
596
598
602
598
599
599
587
603
593
598
599
608
596
604
592
603
602
601
600
605
604
596
611
612
601
602
607
593
599
598
600
600
598
601
600
602
602
600
604
603
604
596
601
599
599
597
601
600
601
596
605
598
598
605
601
596
593
601
595
597
598
598
597
596
602
597
601
603
592
598
602
603
598
589
596
593
600
590
599
600
598
604
600
597
603
606
602
606
605
607
596
597
600
597
598
600
591
605
608
601
601
601
602
599
598
598
600
605
603
597
601
606
602
600
591
605
600
597
601
596
598
597
597
596
606
600
600
601
601
604
603
606
599
601
599
607
598
600
598
602
604
605
596
602
604
593
604
609
586
597
602
598
598
598
593
599
591
602
595
606
602
605
602
595
602
604
601
602
595
594
604
602
602
592
604
598
598
605
603
590
599
592
597
595
602
594
601
592
595
595
602
606
588
602
602
600
598
601
604
600
600
606
595
602
600
598
605
601
604
602
604
600
613
602
601
598
598
609
606
597
593
600
597
597
592
602
604
595
606
600
589
603
605
602
605
597
597
611
596
592
594
602
593
604
596
606
604
596
604
600
597
598
597
604
606
593
593
603
598
592
600
594
604
608
597
602
596
595
613
602
601
603
611
600
601
599
598
601
593
598
598
596
603
595
597
596
598
597
602
596
602
612
603
604
605
595
609
600
596
594
605
598
594
594
602
611
600
601
607
599
601
594
598
599
589
597
610
595
593
598
603
599
598
599
603
596
600
609
607
604
602
601
601
599
593
604
604
603
594
605
600
601
606
593
592
597
595
602
597
597
602
605
598
596
599
602
600
593
600
604
593
599
592
599
597
601
597
599
601
602
597
602
594
600
594
601
603
604
598
601
597
601
597
600
601
597
597
598
597
598
602
595
608
598
599
603
600
594
603
600
600
591
603
604
603
598
600
603
601
597
596
596
601
602
594
603
603
594
595
599
591
596
596
601
590
607
601
594
596
603
590
601
603
608
601
596
603
594
605
605
596
597
604
594
603
600
595
602
600
598
606
603
596
604
595
601
595
597
600
597
597
601
595
598
597
595
598
595
595
598
601
604
606
602
587
605
602
600
603
600
601
607
600
608
599
603
601
609
600
604
603
602
601
596
606
612
598
600
594
594
601
602
599
600
604
594
602
594
598
600
600
598
605
604
594
598
611
603
597
603
603
600
593
601
600
594
600
602
607
599
595
606
601
599
606
605
601
604
599
598
607
602
601
597
599
597
605
601
596
598
594
604
601
594
603
600
593
612
598
605
604
597
600
601
599
601
602
600
601
593
