601
602
605
603
602
599
597
606
599
606
604
605
605
599
603
601
600
607
599
597
601
604
598
602
603
604
602
596
596
603
598
603
587
600
594
604
600
596
597
596
603
601
594
596
596
593
596
604
597
607
596
594
592
606
597
598
594
608
608
602
606
605
596
607
600
602
611
597
602
614
601
598
602
589
596
603
599
597
601
596
593
601
607
604
594
599
593
598
598
600
595
600
601
597
604
595
602
604
602
593
609
595
594
597
591
600
595
597
598
606
598
595
604
599
596
598
597
596
599
599
607
600
601
605
596
594
598
610
605
597
596
600
598
602
600
593
601
602
599
599
607
597
597
602
602
603
599
590
597
599
599
602
606
605
600
600
596
595
604
605
598
602
590
602
602
600
600
598
593
598
606
592
603
604
594
601
606
613
595
599
599
594
610
609
602
593
602
600
599
590
603
606
603
597
608
597
608
601
596
601
603
606
609
606
606
602
592
602
604
596
599
597
601
600
612
593
600
603
603
601
602
597
601
598
598
592
598
597
599
594
604
595
596
592
595
602
594
598
607
602
589
590
602
597
603
599
598
605
603
594
595
601
597
600
590
600
605
601
603
598
597
604
598
596
601
593
599
603
596
605
605
601
602
603
605
601
599
601
593
596
590
609
596
598
596
595
598
612
599
601
601
599
604
600
592
599
600
592
600
598
598
609
600
598
594
597
597
604
597
599
599
597
602
602
594
599
607
595
603
604
599
604
600
602
601
600
599
598
592
602
598
598
602
601
601
601
602
604
600
598
601
606
605
601
606
592
605
602
593
603
594
599
599
606
597
606
597
602
598
601
602
592
597
602
608
600
603
596
599
596
601
594
602
594
596
603
604
602
598
601
601
598
602
596
595
602
601
602
597
607
593
609
596
598
598
597
599
601
598
599
594
596
589
601
598
593
592
592
599
605
601
599
595
588
605
602
603
605
602
600
603
597
603
603
605
598
601
587
607
600
602
610
602
595
601
603
598
601
598
601
590
594
594
598
598
591
601
596
599
602
598
604
591
598
601
598
606
603
606
601
598
606
601
603
597
600
595
601
600
601
599
604
599
601
596
596
603
603
599
600
604
598
600
603
596
598
596
593
605
597
607
599
595
598
606
588
604
602
601
598
599
595
604
603
602
601
597
603
604
603
603
610
596
596
602
600
590
597
597
598
597
602
608
601
592
609
604
603
594
598
602
598
595
603
602
605
604
596
599
599
606
595
602
604
601
603
600
601
597
593
606
600
604
605
602
597
601
599
593
600
586
596
607
592
602
593
595
594
603
601
604
597
606
599
593
606
609
601
606
603
598
599
600
588
608
605
595
601
603
604
601
599
600
602
591
598
604
606
597
598
601
606
597
596
603
596
598
591
599
601
601
591
603
604
594
596
598
597
602
597
592
598
595
604
591
597
592
599
607
594
601
594
604
599
600
601
598
594
603
600
599
598
598
608
595
599
596
598
607
601
599
597
603
607
601
605
604
590
599
597
598
606
597
604
603
597
596
601
599
593
602
591
599
597
598
602
599
599
601
606
602
596
602
597
600
599
603
598
598
607
601
596
595
603
601
605
593
609
606
603
601
596
604
600
605
597
602
598
600
603
599
601
595
599
601
599
592
602
614
598
598
597
609
597
600
593
611
588
594
604
604
605
601
604
607
599
601
601
593
603
598
608
602
601
591
601
602
596
601
605
597
595
601
598
598
597
601
603
587
594
604
600
594
593
598
601
608
608
603
600
589
598
594
598
603
605
600
597
598
602
605
597
602
597
597
603
598
599
609
598
595
603
603
608
602
602
598
606
600
596
600
597
597
606
595
599
602
595
604
599
599
599
595
597
609
598
606
597
596
595
598
594
595
604
597
600
598
601
596
601
604
593
606
603
600
596
602
607
595
600
604
601
595
603
599
600
599
593
601
601
594
604
596
588
601
603
600
598
599
599
601
600
599
594
591
600
598
601
604
601
597
594
604
599
603
601
608
593
601
598
609
607
607
595
597
602
604
599
600
603
599
597
607
604
602
599
600
593
603
595
592
607
606
602
590
603
601
602
596
607
602
604
603
599
592
600
602
602
595
602
605
605
602
595
605
601
595
602
596
596
594
600
603
597
596
601
596
601
598
602
596
609
600
599
595
593
591
594
595
603
599
592
598
600
597
593
593
591
600
598
591
598
597
603
607
594
600
599
602
603
599
601
598
590
594
595
592
599
605
592
592
602
593
610
601
602
592
601
601
603
593
596
597
597
602
598
594
599
600
595
599
600
605
606
598
597
605
585
603
596
596
594
597
599
599
594
590
604
596
602
606
602
598
601
603
601
600
598
598
603
596
602
604
603
597
595
604
594
602
599
602
601
601
599
599
593
603
605
599
604
611
596
596
595
604
600
599
604
602
602
603
595
606
605
599
602
602
603
601
606
610
602
606
596
598
603
602
611
597
595
599
603
594
598
608
593
598
596
593
595
603
600
602
596
602
598
601
601
597
600
599
596
598
600
602
602
602
597
603
598
592
602
595
599
596
600
593
600
598
594
594
597
597
592
596
594
600
585
594
601
594
599
603
597
595
604
602
597
603
601
603
602
599
603
608
604
593
597
605
597
602
598
595
602
605
598
602
607
602
602
600
595
604
601
599
596
603
601
597
594
595
596
594
596
596
602
599
598
596
598
599
607
598
604
599
599
604
601
601
602
600
598
595
600
601
592
595
600
597
592
600
588
596
597
605
599
599
614
592
600
601
600
604
600
598
598
600
604
595
602
598
601
603
602
597
612
607
601
603
602
604
606
594
606
595
597
612
604
592
595
592
594
600
593
600
599
599
589
598
597
605
596
598
592
583
597
603
604
594
597
597
606
604
602
597
604
595
595
592
596
604
591
590
595
602
602
601
603
606
598
603
603
600
608
601
600
604
602
600
598
599
594
596
604
598
589
602
592
598
606
591
603
594
597
600
604
603
602
603
602
603
593
600
597
604
605
598
596
602
586
601
596
594
609
606
601
608
607
592
598
600
597
597
591
600
596
599
601
602
604
