602
607
600
604
613
597
602
600
598
602
600
603
599
605
598
604
599
597
593
602
587
603
604
595
601
599
600
598
602
600
602
601
605
597
603
597
601
605
598
605
604
606
596
601
603
598
605
599
601
603
596
600
603
608
596
602
601
609
600
605
593
597
600
597
605
595
600
608
608
602
596
602
606
600
592
608
599
601
602
600
598
597
598
601
598
599
603
606
598
603
603
600
603
610
604
590
593
594
597
591
608
595
600
594
594
596
595
601
597
588
595
599
606
598
600
605
599
605
608
603
606
607
597
605
608
603
605
595
597
602
603
608
598
602
601
607
595
599
604
593
592
605
604
601
599
598
605
603
589
596
605
600
597
598
591
597
600
599
601
594
601
598
593
598
600
598
600
601
597
605
600
599
606
603
599
599
603
602
594
594
596
593
589
594
590
591
602
597
593
595
589
598
599
605
598
594
598
600
597
601
601
599
602
603
605
597
593
605
600
603
593
599
598
590
602
592
609
600
597
608
603
596
600
600
591
595
599
599
598
605
607
600
606
599
598
600
604
593
600
591
595
588
593
600
604
601
601
589
600
596
598
602
597
598
600
597
596
594
597
595
596
594
605
594
613
594
598
595
610
598
594
602
599
603
604
591
603
594
598
602
597
597
602
597
593
601
596
602
598
596
600
594
603
608
596
600
602
597
603
605
589
596
600
600
596
599
596
597
595
598
600
600
600
602
597
599
597
602
601
598
590
598
598
592
603
605
604
598
601
599
601
591
603
603
598
600
603
602
601
601
597
600
605
606
598
603
599
598
603
601
602
597
595
599
600
593
601
599
597
592
599
597
597
599
602
596
595
596
594
597
598
597
598
602
597
592
603
604
604
599
593
590
601
600
599
591
603
602
598
594
603
595
598
602
601
602
594
600
595
588
594
598
601
606
600
598
602
598
595
592
604
596
599
604
595
594
598
601
599
597
599
601
596
606
598
604
602
604
596
592
601
600
595
600
597
598
598
595
602
594
591
598
596
602
600
600
601
603
598
606
590
601
601
593
591
601
600
598
603
598
600
598
597
598
599
594
604
605
603
603
596
603
605
600
605
600
606
600
597
599
595
598
594
611
600
598
597
591
605
592
599
590
598
596
593
586
598
590
594
597
601
597
593
592
591
600
601
602
600
597
600
599
602
601
606
591
598
599
598
596
603
594
599
604
600
605
603
595
601
596
599
597
603
590
604
594
608
10529
2953
606
607
590
598
604
600
603
600
601
595
592
598
606
595
595
599
594
598
595
603
597
612
597
603
598
592
604
593
595
597
597
595
595
609
597
599
592
599
601
596
592
602
603
603
597
600
608
600
598
604
594
602
601
600
598
595
600
597
600
590
599
592
592
603
602
601
605
592
594
592
596
598
599
599
601
596
597
600
607
599
608
598
602
595
594
603
596
603
599
601
598
602
604
607
599
596
591
600
594
601
593
600
601
597
597
603
613
608
602
595
596
600
598
599
602
596
598
603
599
595
593
597
610
591
599
599
596
601
597
600
593
589
596
605
599
602
602
594
588
606
600
589
594
598
603
603
594
594
594
604
607
603
600
604
603
606
599
596
600
598
601
596
593
605
598
609
598
596
600
594
595
603
601
603
597
602
606
601
602
600
608
609
594
601
596
598
595
604
601
593
598
601
596
602
590
596
602
605
604
594
603
593
587
600
600
603
596
602
595
595
600
602
601
596
595
601
599
593
592
599
603
600
603
591
603
598
588
593
597
592
599
593
599
593
590
602
602
599
601
600
587
595
599
590
591
597
594
593
595
591
598
596
596
598
601
594
595
600
600
591
594
595
597
606
597
602
602
591
594
598
610
599
609
596
595
603
596
597
601
601
592
604
600
598
598
601
601
601
597
597
600
603
606
593
602
595
595
598
600
595
602
601
592
600
598
586
602
596
598
594
604
593
597
598
590
600
599
599
595
597
599
596
595
603
599
592
601
610
592
600
600
600
590
600
599
606
593
599
604
596
597
595
601
598
598
601
599
599
604
596
594
597
607
600
597
602
596
598
588
600
605
592
584
598
598
598
599
594
593
601
597
592
605
591
600
595
596
593
595
607
602
596
599
606
596
601
600
597
602
601
593
602
596
593
604
601
602
602
596
595
596
596
605
606
597
600
603
593
608
608
596
608
605
604
604
601
595
601
607
604
602
598
606
596
600
600
592
599
598
598
594
605
603
592
603
595
598
601
594
597
596
596
596
589
608
593
601
594
603
597
598
597
597
599
595
602
611
603
595
605
599
604
599
603
600
606
599
599
602
610
593
603
598
600
602
605
605
600
603
606
605
609
605
601
607
595
589
596
601
600
610
592
600
600
600
603
606
593
601
600
608
598
601
598
601
601
595
598
598
601
592
601
599
604
595
608
604
601
599
605
598
599
597
585
594
591
595
597
596
599
596
597
602
600
596
593
598
598
586
600
594
602
592
605
595
599
590
604
596
601
605
597
593
591
611
603
597
597
601
597
596
603
600
604
614
595
600
591
601
602
596
609
602
603
606
602
600
600
603
611
600
605
593
606
601
600
597
597
594
605
597
608
597
606
595
605
600
594
602
595
600
603
594
595
598
593
598
598
592
598
601
602
601
598
599
604
608
599
594
597
604
601
594
604
597
596
599
603
603
601
601
600
600
608
604
597
599
598
597
602
600
602
592
603
594
596
597
589
598
600
596
594
597
598
602
598
602
595
601
612
609
605
603
600
610
601
598
596
605
593
601
594
598
596
595
599
597
594
598
596
600
600
600
595
600
605
603
596
603
595
600
590
600
602
597
597
593
607
597
603
607
600
593
610
597
612
601
597
601
605
598
605
598
594
602
611
600
596
600
600
608
593
601
602
606
599
594
603
607
601
602
598
604
601
597
598
605
598
593
599
597
602
597
597
602
602
601
600
598
593
595
602
593
595
600
592
596
600
605
595
603
598
593
604
586
600
590
589
598
590
595
608
598
596
606
592
605
599
599
597
595
597
599
592
594
596
601
601
597
599
600
598
594
597
598
596
596
598
600
600
601
