594
612
598
603
604
603
595
597
618
605
602
598
602
599
599
613
602
601
607
599
600
605
598
605
598
596
598
601
604
597
598
597
596
604
601
599
597
601
605
599
601
596
599
603
602
596
601
606
603
608
600
601
602
602
600
600
595
596
605
601
598
600
595
598
607
599
604
602
603
606
606
596
606
600
608
601
604
602
605
596
608
596
602
598
591
604
598
602
602
594
602
604
600
601
608
602
599
601
600
600
593
603
590
599
601
607
603
610
603
603
597
597
597
601
604
597
595
599
595
605
600
597
601
608
608
600
611
599
607
607
598
599
603
596
598
605
592
605
594
604
596
597
600
600
591
599
601
602
595
603
597
607
605
603
597
609
607
602
596
596
607
601
599
604
602
605
601
598
600
603
591
591
599
597
598
600
603
604
599
603
597
592
601
595
598
596
596
601
609
601
598
604
601
600
602
597
605
600
598
600
598
602
601
600
599
608
604
603
601
597
600
597
598
589
603
602
611
602
592
599
601
602
595
599
603
603
597
598
604
600
610
613
600
605
603
607
597
600
598
591
605
600
592
600
602
599
598
601
594
594
598
601
589
603
610
601
597
603
596
597
604
593
604
604
601
600
596
598
604
596
603
599
598
607
605
599
598
598
592
602
603
595
599
587
594
604
597
598
601
591
600
601
596
605
597
605
600
604
602
596
602
593
598
594
598
601
601
604
603
601
591
605
612
597
606
592
606
599
589
598
596
595
594
596
604
598
600
602
602
600
603
594
592
595
604
595
599
592
599
602
595
596
597
596
600
598
605
604
600
599
602
598
599
596
598
607
603
597
597
594
600
600
597
594
593
597
594
600
597
596
604
602
602
602
585
606
600
599
605
605
607
600
601
595
600
603
594
610
595
607
602
592
605
598
607
601
608
589
607
600
602
597
599
599
605
602
591
598
594
594
604
598
600
594
598
595
603
593
600
596
598
603
598
597
604
601
600
606
590
600
600
604
606
593
602
606
604
599
601
607
596
609
597
590
599
602
594
599
593
597
600
593
596
605
594
601
600
604
600
594
596
594
600
597
604
612
597
597
598
604
595
594
599
591
596
610
605
603
605
595
594
601
595
601
602
594
608
598
597
603
594
605
603
594
602
605
609
603
605
598
599
607
598
599
594
597
592
598
595
586
599
602
597
599
604
594
601
603
598
597
607
603
596
609
599
603
600
600
599
600
589
601
606
606
603
600
601
598
598
606
599
602
593
601
605
604
602
597
601
597
600
599
604
595
598
599
593
602
599
596
598
600
602
597
593
601
607
596
589
606
594
596
601
598
601
604
590
607
603
598
593
603
602
609
600
603
601
595
600
600
602
603
599
597
601
597
593
597
603
600
603
603
604
600
598
603
601
593
594
606
600
590
603
602
603
598
600
598
605
599
604
607
594
602
600
597
597
593
599
609
600
603
604
596
611
598
598
603
600
591
609
594
604
596
596
601
598
596
604
590
598
596
589
602
599
602
601
599
598
595
595
601
596
603
602
601
604
592
607
609
596
602
595
601
596
607
596
604
589
598
606
599
606
605
592
604
599
602
603
590
595
605
603
603
601
593
600
601
596
597
598
597
605
597
592
600
598
600
589
600
595
599
598
594
596
598
598
596
591
599
604
596
601
600
600
603
596
598
600
598
597
601
603
604
603
599
601
606
598
596
600
595
599
595
598
602
605
595
597
598
606
601
593
607
602
604
601
600
590
607
599
603
598
600
594
607
601
601
598
599
597
604
601
591
594
604
596
597
604
603
599
598
593
606
598
590
600
597
600
604
607
602
605
594
599
598
599
603
601
597
596
591
602
601
593
599
600
601
603
604
595
598
599
600
600
596
603
601
596
599
594
596
604
597
597
599
597
603
592
602
604
599
600
603
599
607
600
604
599
590
592
602
602
591
603
598
601
600
594
601
599
600
597
601
597
602
594
591
598
602
599
603
596
598
600
598
598
602
605
597
599
596
598
601
593
588
608
595
604
595
598
595
609
597
599
607
594
597
598
595
595
594
601
603
604
602
603
594
603
603
602
601
597
605
599
596
610
603
592
602
606
593
600
599
596
606
597
596
602
607
604
593
605
608
603
602
599
606
599
605
600
601
598
598
602
600
596
600
596
592
596
601
603
600
594
606
601
600
594
608
599
597
595
603
597
602
599
603
603
600
598
604
596
598
597
602
599
599
598
599
603
608
603
605
598
602
604
602
602
601
603
609
599
598
603
615
608
601
598
605
603
601
598
599
600
609
593
597
600
596
598
593
596
601
604
613
598
598
604
602
599
597
607
599
602
602
599
600
596
597
605
600
597
604
605
604
596
606
596
596
598
587
590
602
605
596
603
597
607
601
595
598
597
600
595
598
597
592
601
604
600
602
608
598
597
595
606
604
596
601
593
601
604
594
600
601
599
596
602
600
605
594
609
598
603
596
594
602
604
594
597
602
598
606
606
601
601
597
595
605
597
595
599
600
596
590
596
604
602
601
596
597
605
602
596
593
595
595
592
601
607
601
605
591
602
600
612
605
603
600
606
597
602
600
601
598
603
610
600
594
602
597
605
593
604
597
604
603
602
598
600
599
605
593
604
600
602
600
600
609
595
599
587
595
604
604
586
602
596
605
599
596
597
604
601
601
604
602
600
598
600
600
606
600
595
595
596
592
604
589
601
597
600
602
599
594
594
597
602
605
602
603
600
602
600
606
600
600
595
601
602
600
592
600
592
599
594
588
605
600
596
600
598
607
603
602
591
606
604
608
596
602
597
596
596
597
597
596
605
602
602
597
590
595
598
591
602
603
593
604
604
597
598
600
597
598
600
600
601
598
595
599
604
594
605
605
609
603
600
600
600
590
605
601
604
603
613
594
601
597
600
602
596
599
600
594
591
603
600
597
596
607
600
596
605
602
605
607
604
596
584
592
590
596
598
589
602
600
595
599
604
592
605
595
600
608
601
607
594
595
604
597
605
601
596
596
600
605
601
602
593
607
600
599
590
604
601
598
602
597
602
590
600
603
597
598
608
601
600
599
