610
594
610
601
601
609
592
613
606
600
611
602
599
602
608
604
603
608
604
608
601
604
603
602
600
603
602
604
596
598
620
604
602
604
611
606
612
611
604
601
594
617
601
591
614
617
607
599
608
612
606
607
601
602
605
606
613
602
608
612
603
613
600
595
598
603
604
607
606
610
601
610
602
603
605
602
603
594
598
611
597
604
606
595
604
599
602
606
603
602
604
595
598
601
592
609
597
602
606
608
608
605
608
602
603
598
600
604
601
598
606
600
606
610
603
600
600
605
608
609
602
599
604
603
603
602
607
600
602
599
593
599
599
605
597
601
599
604
600
604
607
608
602
611
597
596
608
606
602
608
603
600
604
598
597
611
600
596
612
609
605
597
604
604
594
593
604
608
603
601
600
607
604
597
602
609
605
607
598
599
605
605
600
599
600
605
598
591
589
605
595
608
597
598
618
602
598
605
599
604
605
604
593
608
596
601
606
602
604
595
605
605
605
604
601
600
598
598
601
596
606
603
601
603
595
607
600
596
606
597
602
599
600
604
611
597
603
602
616
604
605
600
608
605
598
597
604
611
607
607
601
597
607
615
597
596
601
602
609
602
606
601
603
603
600
600
599
597
604
596
599
603
601
604
601
603
605
610
597
607
604
603
607
599
600
606
597
619
605
609
607
596
609
607
609
601
610
614
604
619
605
602
606
601
600
602
595
608
603
606
604
602
600
613
605
612
606
607
605
598
603
610
600
603
598
600
608
606
604
606
597
597
603
600
608
601
610
612
604
614
604
614
612
600
615
626
606
614
603
607
617
610
614
610
601
606
612
611
611
614
600
606
617
609
627
616
628
611
613
616
617
629
614
621
620
609
615
630
613
622
627
623
624
623
631
621
637
623
628
620
643
644
636
628
636
640
645
646
641
625
640
645
637
637
644
642
648
651
675
643
662
652
659
658
673
686
663
689
693
663
679
688
681
696
679
684
726
690
700
698
689
732
736
727
759
740
740
743
727
753
771
762
745
819
795
783
782
813
823
804
783
821
837
788
826
846
831
882
856
850
860
866
872
897
907
950
896
896
906
910
954
982
941
981
955
1016
990
1008
1005
1007
995
1027
1044
1026
1034
1104
1088
1081
1064
1030
1119
1081
1117
1074
1090
1155
1086
1139
1183
1129
1121
1189
1177
1194
1213
1175
1169
1225
1216
1215
1211
1210
1262
1232
1215
1266
1256
1277
1261
1244
1326
1338
1278
1355
1347
1308
1290
1320
1311
1293
1352
1344
1407
1315
1353
1406
1387
1349
1415
1397
1347
1375
1462
1373
1396
1423
1408
1484
1458
1461
1444
1445
1466
1401
1504
1403
1466
1450
1444
1551
1479
1506
1482
1463
1551
1532
1468
1542
1579
1571
1530
1561
1543
1565
1593
1523
1521
1516
1535
1596
1606
1591
1585
1606
1644
1664
1614
1674
1609
1605
1650
1606
1657
1726
1664
1647
1615
1634
1729
1725
1742
1678
1729
1798
1742
1763
1675
1755
1844
1756
1784
1785
1750
1718
1829
1819
1779
1794
1720
1785
1749
1790
1707
1843
1752
1786
1797
1818
1904
1780
1858
1809
1821
1961
1830
1970
1888
1900
1878
1859
1819
1790
1949
1933
1952
1952
1906
1988
1887
1963
1896
2022
1918
1916
1949
2061
2032
2012
1966
2001
1976
1927
1988
2022
1948
2011
2019
2045
1993
2047
2030
2059
2053
1925
1998
1980
2023
1966
2007
2141
1988
2010
2038
1970
2032
2180
2116
1949
1978
2024
2106
1976
2003
2058
1876
1968
1993
1961
1935
1956
2000
1964
2006
1986
1937
2014
1945
2024
2028
1952
2007
1970
2006
2048
1962
1896
1964
1956
1917
1906
1836
1898
1857
1905
1875
1951
1940
1938
1939
1862
1903
1954
1911
1826
1797
1843
1817
1868
1875
1809
1860
1792
1849
1807
1757
1763
1685
1798
1739
1736
1797
1699
1740
1631
1668
1709
1703
1616
1607
1701
1726
1603
1586
1596
1631
1602
1622
1549
1516
1555
1472
1608
1586
1490
1551
1547
1544
1453
1546
1494
1448
1441
1407
1450
1374
1413
1409
1433
1407
1395
1363
1377
1345
1360
1289
1387
1340
1314
1332
1296
1211
1305
1181
1294
1239
1237
1253
1226
1275
1252
1169
1215
1202
1207
1143
1185
1164
1104
1150
1084
1129
1146
1055
1115
1109
1068
1089
1065
1088
1059
1053
1061
1007
1018
1061
1019
1040
1026
1024
1004
963
994
961
1021
987
935
948
936
940
927
926
915
948
937
876
886
918
880
859
865
848
873
873
870
867
856
857
836
856
836
858
831
874
826
798
830
834
815
778
833
854
802
789
830
786
753
794
753
796
779
779
789
768
753
771
746
753
759
749
729
725
745
750
741
741
728
719
730
745
720
742
708
713
742
751
712
700
703
703
721
713
704
706
693
713
701
691
690
700
707
691
685
688
682
683
681
700
669
709
670
704
675
677
691
666
664
659
665
662
681
682
672
670
649
661
661
657
681
664
658
677
661
660
644
643
633
660
656
676
670
645
659
652
647
655
642
652
659
648
641
655
650
646
627
630
648
637
626
631
637
632
642
630
629
640
627
642
640
635
641
640
628
637
649
632
630
620
638
623
643
635
638
641
627
628
637
623
620
624
627
628
616
638
619
606
637
627
630
636
617
622
621
630
623
631
648
627
616
638
628
632
624
610
623
630
634
612
625
615
619
617
608
622
617
617
625
629
612
610
618
610
609
619
617
617
614
603
620
620
618
615
601
619
614
613
616
610
610
619
621
612
615
617
617
618
613
621
612
612
607
618
621
619
609
623
606
618
604
611
607
614
620
606
619
613
614
608
623
604
610
612
611
608
599
602
616
617
613
613
615
612
594
622
605
614
609
606
615
601
611
606
604
602
621
609
606
600
611
607
603
607
604
611
603
608
611
604
600
594
611
610
612
614
601
612
614
605
603
605
604
594
602
616
599
607
611
609
613
610
608
599
601
604
610
600
613
604
613
609
601
607
600
605
603
603
617
596
616
608
607
605
603
616
607
610
599
605
604
602
605
605
600
606
607
600
601
612
601
608
601
603
593
603
602
609
603
604
608
608
604
599
596
603
598
600
609
600
607
610
599
605
612
608
602
600
599
600
602
604
609
602
605
597
603
594
608
604
600
600
599
601
597
599
606
599
602
592
605
591
596
595
611
600
598
612
607
604
604
604
599
592
601
601
611
600
598
599
597
604
608
597
598
604
608
598
611
604
606
589
604
604
601
606
607
604
595
598
604
605
601
601
596
607
601
596
594
598
595
597
605
602
597
592
596
597
604
602
608
599
600
602
600
597
602
600
603
607
607
602
597
612
596
595
601
601
608
610
596
594
599
