606
593
611
607
602
610
609
605
600
611
610
587
606
606
607
614
611
600
610
608
609
612
599
619
606
606
611
613
612
608
613
612
612
604
610
600
608
615
607
607
607
616
601
613
596
605
622
610
609
605
599
603
609
598
609
617
609
606
600
609
602
603
607
600
598
601
600
617
604
603
611
608
602
600
612
603
608
597
605
611
603
610
608
601
599
614
614
614
608
615
610
611
605
598
607
598
616
607
613
604
604
600
609
610
600
612
601
613
605
609
603
614
600
594
611
602
602
591
608
606
602
599
608
606
604
602
612
600
606
603
612
608
605
600
609
602
611
608
608
599
599
606
607
605
608
599
600
605
602
610
611
600
604
597
606
596
598
600
608
606
603
602
607
599
609
604
605
598
600
610
608
608
615
612
601
607
612
609
609
608
606
603
608
604
607
604
603
612
612
604
600
609
605
601
607
604
610
594
613
604
600
604
611
604
607
611
598
602
602
605
627
601
605
610
600
609
607
595
605
614
608
605
601
606
604
613
605
602
607
618
609
614
604
601
609
604
602
603
601
601
603
609
605
610
603
606
609
610
608
599
598
597
606
612
612
609
614
612
618
603
609
609
609
602
604
600
614
601
608
606
609
616
605
608
602
607
605
610
608
595
598
613
610
597
605
607
600
613
610
614
610
609
611
607
610
614
613
604
613
606
611
602
603
609
618
612
613
605
610
615
611
617
615
604
607
617
621
605
610
615
619
614
610
595
619
613
623
614
604
622
613
627
621
612
619
621
613
618
620
627
632
615
636
623
621
627
618
628
615
628
625
625
645
621
618
641
621
635
633
637
652
643
656
639
653
640
650
634
647
654
634
656
643
654
649
649
643
654
642
644
666
660
647
681
680
686
663
670
699
674
688
686
677
707
696
698
713
713
689
719
720
712
693
698
748
734
743
742
740
778
747
734
771
761
750
790
781
811
824
800
810
821
825
825
837
865
850
871
843
894
859
885
926
931
941
982
960
953
995
977
1000
983
1060
1024
1046
1069
1045
1101
1142
1102
1083
1151
1209
1234
1228
1190
1277
1236
1291
1279
1281
1354
1344
1396
1370
1380
1423
1469
1432
1485
1514
1564
1490
1545
1578
1606
1625
1621
1639
1679
1685
1724
1751
1632
1822
1771
1786
1772
1822
1792
1870
1814
1931
1923
1967
1919
2019
1955
2007
2018
2045
2108
2017
2122
2146
2196
2157
2154
2227
2186
2181
2225
2164
2211
2287
2245
2224
2263
2329
2328
2455
2435
2465
2554
2474
2423
2462
2514
2555
2487
2586
2585
2639
2631
2665
2687
2644
2675
2688
2695
2699
2736
2793
2818
2762
2759
2793
2870
2806
2931
2957
2815
2916
2999
2966
2910
2956
3014
3017
2993
3004
3027
3051
3101
3158
3032
3200
3138
3151
3121
3207
3230
3194
3202
3240
3286
3146
3176
3186
3195
3282
3201
3188
3466
3228
3353
3377
3475
3475
3425
3560
3508
3586
3466
3400
3454
3494
3600
3571
3617
3539
3516
3617
3564
3530
3647
3537
3585
3718
3698
3767
3757
3784
3692
3735
3717
3765
3886
3750
3644
3779
3724
3761
3890
3861
3903
3906
3816
3920
3934
3947
3916
3881
3961
4017
4113
4120
4063
4072
4085
4133
4279
3931
4277
4102
4217
4083
4146
4254
4277
4191
4089
4264
4405
4256
4249
4320
4255
4451
4358
4364
4278
4342
4390
4357
4377
4282
4288
4474
4325
4434
4399
4499
4502
4316
4373
4495
4421
4421
4434
4408
4430
4386
4374
4456
4454
4493
4437
4481
4511
4419
4368
4509
4500
4340
4347
4499
4374
4385
4443
4267
4442
4503
4412
4323
4522
4371
4333
4303
4495
4303
4187
4332
4430
4278
4352
4162
4202
4207
4227
4260
4164
4176
4277
4158
4202
4219
4073
4176
4211
4106
4258
4098
4088
4012
4013
4047
4021
4084
4050
3914
3891
3946
3932
3892
3910
3834
3821
3809
3706
3705
3618
3592
3644
3778
3680
3645
3615
3625
3510
3564
3511
3510
3383
3432
3357
3536
3416
3334
3189
3313
3334
3275
3234
3249
3200
3249
3185
3081
3046
3098
3019
3088
3088
2974
2906
2902
2991
2875
2882
2757
2816
2813
2845
2675
2740
2770
2696
2594
2642
2602
2592
2543
2541
2512
2405
2434
2418
2409
2402
2365
2338
2329
2347
2231
2296
2196
2253
2176
2071
2168
2061
2114
1979
1938
2111
1950
2024
1943
2019
1976
1940
1946
1921
1907
1947
1847
1886
1745
1760
1819
1796
1813
1701
1732
1669
1645
1631
1707
1593
1553
1602
1552
1609
1553
1485
1536
1517
1528
1527
1441
1481
1473
1461
1400
1364
1367
1353
1369
1285
1339
1328
1348
1249
1218
1253
1259
1235
1221
1283
1200
1201
1196
1183
1192
1165
1211
1146
1137
1216
1146
1131
1105
1142
1082
1103
1099
1114
1063
1043
1084
1089
1051
1028
1020
1037
1083
1026
1018
996
992
1010
980
963
981
957
985
926
964
960
920
952
928
919
940
911
912
867
882
887
880
845
857
869
879
886
871
867
906
858
846
826
823
821
852
868
870
788
813
814
818
824
804
811
799
791
839
804
784
794
829
801
793
759
791
770
776
759
779
762
775
804
750
777
758
742
744
743
750
711
732
751
733
738
755
731
720
723
746
739
721
720
719
748
699
702
696
713
697
705
717
733
728
709
713
687
703
690
685
716
730
701
699
712
700
706
687
701
718
700
690
688
682
692
672
686
667
692
671
687
688
671
666
680
691
674
673
663
654
680
666
671
671
656
659
675
670
654
679
653
659
654
674
654
658
658
660
655
643
649
652
657
662
671
645
648
661
652
639
657
650
646
675
644
638
642
646
646
644
634
636
646
635
653
667
638
639
643
655
646
648
646
645
646
632
645
634
649
628
635
645
631
648
638
634
638
630
635
628
636
629
623
629
654
633
636
641
622
636
620
626
639
632
626
625
632
622
638
624
616
610
622
620
608
609
632
608
628
612
626
616
617
613
629
631
620
621
611
630
609
617
616
620
623
614
621
611
611
611
620
622
616
636
625
619
612
623
618
614
618
606
613
611
623
612
617
622
620
612
609
618
613
616
617
609
624
611
614
619
603
606
623
623
611
613
618
622
624
620
628
603
615
614
613
619
621
606
596
617
603
609
601
620
612
618
612
611
607
611
620
616
611
605
603
619
607
606
614
616
612
616
617
603
602
611
610
607
607
601
600
606
615
603
611
612
609
605
597
602
612
604
613
605
604
611
608
614
604
609
609
602
603
618
613
602
596
609
604
602
613
612
611
601
608
603
602
601
603
608
608
598
607
610
610
607
612
607
605
612
601
609
600
610
611
613
621
602
614
597
606
611
610
610
607
610
611
603
589
600
599
599
601
598
609
603
609
600
608
598
602
601
607
604
601
605
607
604
608
604
601
601
598
604
604
599
610
602
606
609
602
