615
609
614
620
615
601
617
604
600
612
603
598
614
614
602
603
610
604
608
605
617
603
613
609
602
604
623
606
603
610
603
607
604
605
610
609
607
605
603
604
603
613
606
606
617
605
606
609
612
609
608
607
601
611
604
600
615
613
612
615
605
610
591
609
601
614
610
609
609
606
609
608
615
609
601
615
601
611
611
614
613
616
612
605
604
608
609
611
622
611
606
614
605
613
607
606
609
610
611
616
604
602
601
609
615
613
607
610
610
610
601
612
621
614
613
614
600
613
607
600
612
611
606
600
607
605
606
617
606
609
600
605
598
614
607
613
616
608
608
613
609
608
606
609
605
607
604
607
611
610
605
605
601
605
606
611
607
605
605
614
605
615
605
611
607
603
608
605
600
600
600
607
596
616
609
588
607
610
611
611
601
611
600
616
611
606
606
617
611
620
613
606
602
609
611
600
607
607
599
612
600
602
618
605
606
603
601
621
612
610
610
614
603
617
606
599
617
613
606
605
605
608
601
615
619
605
603
614
607
603
615
608
612
608
599
616
605
603
619
602
620
617
600
618
608
616
611
608
597
627
602
606
606
620
615
614
614
608
606
595
614
617
610
613
613
610
614
611
607
609
597
610
614
594
612
607
604
607
614
599
613
611
614
607
603
607
621
620
624
629
609
608
616
619
624
622
620
614
623
621
610
621
599
618
627
600
621
612
616
622
622
613
625
610
623
628
606
619
626
611
623
622
635
623
618
617
633
616
623
628
625
628
630
632
637
632
644
631
614
636
637
622
638
643
647
643
661
644
636
634
638
642
651
651
657
629
650
653
655
648
661
668
656
662
670
664
657
663
658
664
664
688
688
644
682
673
662
672
674
687
718
696
689
704
705
716
723
707
719
733
717
718
719
731
748
734
735
731
765
750
772
751
752
751
795
796
783
786
820
831
791
841
804
808
860
868
862
876
870
870
923
917
928
912
942
985
956
950
960
1025
1001
996
1048
1062
1048
1077
1112
1051
1126
1169
1147
1191
1178
1189
1207
1275
1306
1276
1242
1324
1318
1374
1353
1379
1437
1415
1487
1479
1458
1496
1547
1584
1635
1636
1672
1678
1657
1676
1744
1858
1865
1781
1781
1884
1946
1912
1963
2032
1984
2167
2100
2068
2110
2123
2179
2176
2253
2225
2330
2408
2270
2380
2470
2407
2430
2474
2555
2593
2600
2655
2730
2700
2696
2652
2640
2712
2777
2836
2910
2856
2860
2856
3012
2994
2971
3139
3039
3057
3151
3225
3239
3295
3218
3307
3343
3395
3335
3394
3381
3422
3594
3511
3569
3558
3670
3653
3624
3627
3615
3865
3696
3903
3903
3955
4016
4007
4019
4086
3930
4031
4171
4081
4113
4318
4198
4224
4367
4245
4165
4342
4326
4365
4426
4601
4544
4290
4503
4530
4672
4613
4510
4421
4669
4639
4751
4491
4823
4776
4767
4634
4808
4881
4926
4895
4847
4908
4835
4870
5017
4997
5087
5087
4988
5223
5058
5205
5272
5230
5147
5110
5167
5176
5157
5158
5412
5365
5474
5288
5341
5331
5476
5499
5377
5580
5585
5521
5557
5652
5588
5615
5672
5571
5546
5589
5485
5575
5813
5644
5707
5889
5808
5947
5831
5934
5938
6027
5958
5997
5894
6133
6022
6199
6148
6010
5956
6039
6090
5978
6237
6252
6152
6274
6230
6352
6312
6322
6291
6478
6348
6397
6479
6352
6482
6525
6442
6572
6419
6371
6641
6583
6538
6622
6620
6597
6465
6405
6622
6622
6665
6578
6730
6658
6662
6786
6569
6679
6635
6749
6711
6645
6670
6749
6674
6706
6420
6803
6574
6679
6584
6697
6637
6511
6571
6696
6715
6542
6612
6646
6657
6680
6500
6618
6454
6710
6624
6523
6381
6411
6405
6499
6376
6383
6342
6191
6246
6467
6238
6247
6174
6317
6213
6344
6259
6171
6069
6081
6035
6137
6092
6190
5912
5937
5940
6101
5847
5921
5936
5969
5660
5876
5676
5629
5644
5655
5515
5683
5640
5528
5561
5576
5582
5380
5525
5373
5190
5248
5352
5326
5200
5196
5025
5110
5049
4876
4917
4893
4971
4917
4994
4737
4792
4662
4664
4781
4784
4534
4554
4699
4386
4622
4357
4308
4285
4262
4137
4265
4206
4173
4140
4131
4032
4140
4034
3857
4011
3913
3791
3813
3791
3697
3683
3686
3524
3702
3510
3576
3424
3398
3335
3312
3420
3278
3265
3281
3244
3135
3159
3051
3142
2980
3059
3048
2971
2960
2976
2894
2798
2729
2693
2738
2739
2704
2687
2493
2531
2581
2525
2521
2407
2403
2438
2369
2352
2388
2263
2171
2216
2337
2227
2199
2153
2106
2179
2103
2158
2022
2071
2029
1992
1977
2007
1973
1954
1927
1905
1917
1887
1883
1752
1773
1782
1802
1708
1735
1708
1656
1660
1730
1622
1546
1612
1599
1606
1536
1619
1596
1524
1521
1613
1528
1438
1468
1442
1426
1436
1470
1418
1399
1368
1366
1395
1349
1340
1352
1311
1296
1233
1261
1266
1228
1218
1277
1299
1287
1247
1254
1222
1167
1131
1186
1256
1137
1136
1126
1159
1098
1127
1139
1055
1088
1095
1085
1094
1015
1029
1071
1086
1092
1022
1048
1005
1009
1035
1049
1037
965
1012
1017
994
979
965
998
942
944
914
934
978
942
955
920
929
937
905
904
896
925
862
898
878
899
876
868
857
870
848
831
869
843
862
823
832
831
808
826
856
848
835
825
840
804
805
829
800
829
804
795
804
790
815
812
813
753
781
798
769
758
780
775
745
768
750
758
773
754
757
729
760
756
746
739
747
754
742
737
727
721
744
749
726
720
764
732
711
732
742
753
739
743
722
693
733
711
730
690
727
723
725
715
697
713
718
695
705
692
717
697
692
681
717
688
665
697
691
702
690
692
678
685
675
685
711
693
698
685
692
697
683
671
645
674
680
675
709
675
678
672
679
673
676
669
658
667
685
678
658
668
664
680
652
654
657
643
661
677
663
674
664
667
667
657
661
665
670
672
651
658
656
665
656
653
655
648
647
637
647
665
658
630
647
645
638
650
670
670
638
648
634
651
626
635
662
627
632
657
638
648
639
626
623
642
634
649
630
651
624
629
639
633
639
639
630
635
638
643
619
638
621
621
620
633
620
637
627
626
631
645
631
632
625
617
633
621
645
632
646
638
632
624
626
622
609
627
634
621
637
631
614
622
610
628
623
615
615
635
607
623
629
622
620
621
630
615
616
624
617
620
613
629
625
610
622
609
628
622
623
618
621
613
619
608
614
621
612
624
615
615
614
617
623
605
615
605
618
609
614
610
614
614
617
615
611
613
615
614
617
635
607
614
621
613
608
620
622
620
619
625
612
615
618
617
609
595
608
623
617
612
617
611
607
606
606
606
618
603
614
611
611
611
609
607
618
611
611
615
603
611
613
598
613
606
610
611
610
602
605
605
603
609
620
607
603
613
608
610
613
600
610
606
607
602
604
601
603
607
616
606
620
616
609
617
