608
614
612
608
621
612
612
618
615
612
607
603
610
604
609
607
610
605
602
604
607
602
605
603
605
597
595
603
604
614
618
604
611
603
611
607
612
609
608
614
610
603
603
614
605
614
601
608
604
613
613
610
615
611
611
598
604
606
607
618
604
615
603
630
611
610
606
602
610
597
612
609
605
609
614
607
611
610
609
604
628
628
608
600
597
599
599
604
616
615
598
602
609
590
604
607
610
619
593
614
605
611
609
611
612
607
609
609
613
610
612
608
608
614
612
611
603
606
609
612
617
610
616
604
618
615
608
611
611
612
610
609
608
610
609
607
610
604
607
605
608
607
609
602
616
605
609
622
614
598
603
603
614
616
605
600
608
605
606
611
613
609
613
608
615
614
612
609
599
601
611
605
605
614
605
612
606
599
607
604
602
614
609
607
609
606
610
619
605
612
606
595
605
605
615
608
610
610
610
613
615
612
617
611
616
616
614
620
612
605
610
609
611
607
609
601
608
598
605
616
606
609
611
615
619
609
614
607
605
603
610
610
614
603
604
605
613
609
626
612
610
623
610
610
612
605
603
613
604
617
615
614
626
613
603
611
602
608
606
613
607
618
613
606
606
604
618
620
614
612
603
620
607
612
616
606
612
621
620
607
617
610
609
614
628
616
612
612
612
617
618
630
619
614
619
600
617
634
608
627
627
610
618
623
612
614
630
601
619
633
615
631
636
620
636
613
626
613
628
628
633
616
628
633
623
635
630
636
633
625
636
617
624
641
631
644
644
628
643
651
629
633
648
647
653
628
637
635
655
627
655
653
658
631
650
648
648
647
649
661
636
672
649
662
667
658
659
672
658
676
693
666
691
683
680
695
697
695
710
695
717
711
698
707
711
716
716
745
723
705
751
781
744
750
771
773
784
773
790
779
770
784
806
802
801
834
821
839
834
858
880
887
857
870
912
902
902
900
910
948
943
894
907
939
1003
991
1050
999
1032
1065
1017
1105
1086
1113
1099
1196
1162
1156
1177
1219
1244
1208
1212
1363
1331
1349
1381
1437
1398
1416
1413
1476
1516
1475
1525
1548
1642
1674
1657
1743
1686
1737
1822
1857
1814
1892
1880
1882
1929
1970
1976
1930
1999
2064
2087
2091
2191
2189
2265
2278
2323
2272
2399
2450
2491
2428
2432
2393
2459
2505
2618
2558
2590
2745
2712
2643
2830
2760
2879
2842
2930
3013
2996
3087
3004
2956
3148
3109
3191
3101
3275
3255
3264
3145
3357
3295
3300
3362
3495
3411
3535
3585
3519
3535
3605
3611
3826
3741
3698
3637
3738
3816
3746
3761
4016
3869
3993
3917
4046
4044
3928
4097
4117
4155
4186
4144
4210
4120
4250
4267
4207
4293
4372
4304
4314
4488
4588
4442
4504
4413
4522
4516
4628
4689
4695
4796
4724
4780
4919
4814
4849
4911
4922
4828
4967
4854
4882
4934
4869
4863
4986
5021
5032
5062
5142
5036
5067
5220
5177
5187
5158
5120
5345
5332
5328
5285
5274
5340
5315
5454
5326
5521
5452
5420
5371
5456
5624
5585
5682
5738
5588
5733
5712
5771
5714
5772
5838
5736
5768
5840
5750
5834
5949
5861
5962
6119
5961
6071
5951
5987
6017
6030
6197
6257
6289
6008
6213
6168
6263
6400
6273
6383
6256
6181
6426
6317
6203
6512
6501
6405
6602
6331
6398
6505
6587
6750
6597
6630
6556
6836
6601
6628
6652
6804
6936
6880
6629
6861
6802
6670
6577
6842
6746
6758
6700
6715
6805
6847
6663
6954
7000
6945
6860
6961
6993
7057
6830
6962
6883
6829
6850
6930
6930
6817
6818
6782
6785
6878
6919
6731
6798
6781
6929
6842
6878
6957
6635
6782
6707
6718
6887
6569
6742
6737
6708
6526
6731
6737
6534
6497
6508
6637
6566
6509
6527
6279
6492
6380
6379
6454
6516
6442
6290
6541
6450
6419
6366
6383
6260
6112
6245
5947
6078
5968
6008
5905
6005
5963
5860
5731
5801
5740
5768
5822
5686
5741
5690
5621
5747
5604
5616
5609
5442
5435
5617
5351
5092
5163
5250
5199
5128
5130
5218
5156
5131
4971
4979
4929
4881
4963
4845
4680
4728
4605
4772
4612
4680
4522
4483
4508
4428
4349
4291
4267
4313
4308
4187
3927
4115
4077
3951
3994
4071
3928
3910
3795
3836
3844
3707
3731
3628
3620
3691
3514
3474
3391
3471
3422
3282
3227
3216
3236
3094
3125
3033
3099
3126
3048
3061
2952
2944
2906
2953
2869
2898
2731
2775
2797
2678
2654
2709
2655
2614
2650
2567
2556
2525
2549
2381
2381
2332
2331
2292
2266
2231
2242
2260
2190
2149
2186
2121
2226
2077
2070
2083
2065
1927
1970
2005
2020
1968
1904
1887
1801
1783
1766
1805
1775
1727
1711
1715
1765
1672
1644
1668
1638
1581
1548
1590
1562
1545
1513
1521
1561
1555
1499
1509
1523
1463
1442
1416
1397
1389
1409
1401
1378
1417
1367
1392
1321
1284
1290
1280
1302
1256
1222
1259
1225
1238
1267
1183
1164
1199
1182
1188
1148
1092
1128
1093
1170
1145
1168
1123
1116
1061
1084
1080
1073
1063
1059
1054
982
1049
1045
1045
1007
1008
1058
1022
1028
1012
1025
967
1026
971
976
988
947
987
898
944
931
939
915
905
932
899
920
909
883
911
936
871
902
903
890
858
890
865
855
868
849
879
832
879
831
855
835
839
846
814
800
806
813
798
809
830
810
784
814
804
799
811
803
783
785
777
778
786
808
765
782
757
779
760
785
791
766
750
778
747
758
750
736
761
760
726
744
734
744
779
738
718
726
746
747
720
725
762
726
739
721
716
714
735
719
731
709
724
709
693
701
700
700
715
688
699
699
705
719
718
738
687
704
687
699
696
695
701
697
671
693
700
701
689
685
699
681
694
687
682
671
685
671
696
715
671
666
668
672
657
666
662
682
671
660
686
656
671
659
666
662
668
679
655
655
666
669
683
669
670
648
658
660
663
655
682
645
651
669
647
675
636
640
655
654
652
651
643
655
649
649
655
642
647
662
658
652
638
649
656
655
659
654
645
626
640
641
644
644
627
641
646
632
648
637
650
634
635
644
628
639
646
631
636
650
637
634
643
636
633
629
633
637
638
623
646
633
630
632
626
645
637
642
624
639
632
633
619
621
631
628
628
639
624
631
627
633
626
636
623
613
621
621
624
621
632
617
613
617
623
618
616
612
625
623
626
623
619
621
618
617
620
624
627
636
631
624
620
609
631
622
622
615
621
619
626
615
618
609
620
610
616
608
611
602
620
633
621
616
617
606
622
617
611
616
609
618
616
617
604
604
607
607
604
607
602
622
622
604
621
601
620
611
606
606
619
625
600
606
603
614
601
620
612
619
618
613
613
611
611
607
615
610
614
624
613
610
604
607
609
618
605
604
606
606
622
612
606
606
606
615
599
615
603
609
603
613
615
608
604
612
615
611
607
602
612
599
600
598
606
614
604
604
612
607
598
609
600
609
