607
615
607
612
612
616
612
613
607
611
605
611
604
601
602
600
606
601
610
611
608
605
605
614
608
601
617
600
607
609
604
613
612
618
626
610
616
605
605
607
615
608
602
607
617
602
611
604
610
611
602
609
614
607
611
606
607
617
607
607
609
614
610
610
614
605
621
603
605
623
600
613
617
608
613
609
611
610
610
607
610
607
616
611
605
600
622
602
597
605
611
610
613
607
615
612
609
602
602
612
603
614
618
609
612
618
606
616
606
595
606
605
610
597
603
609
614
609
612
603
610
610
605
608
613
602
605
620
600
593
607
605
608
605
611
606
609
603
605
613
611
621
605
604
616
603
598
618
619
617
615
614
622
615
608
619
603
611
614
604
602
612
604
614
615
620
605
605
603
604
607
620
602
617
607
610
614
600
609
616
608
604
609
606
607
615
603
606
615
603
615
607
611
609
609
608
605
595
615
606
615
603
614
600
615
617
609
617
605
613
616
608
607
612
614
617
598
618
611
604
607
617
605
601
614
612
612
610
610
611
620
605
607
613
609
605
616
611
609
615
609
610
619
612
610
617
603
620
610
611
609
617
606
618
618
614
618
609
619
613
607
614
613
604
609
606
603
611
618
613
611
620
621
612
633
626
620
614
616
613
619
610
620
598
619
608
625
611
622
615
619
623
606
611
611
624
612
607
613
613
609
637
626
637
633
626
611
613
617
631
631
623
634
638
617
622
621
618
640
626
636
622
629
634
630
633
633
635
628
640
631
641
640
629
651
636
632
638
642
647
643
637
640
633
631
632
634
646
647
659
647
640
660
654
666
668
663
669
688
674
647
672
666
682
697
673
678
684
679
687
697
693
704
676
695
701
717
691
714
706
721
719
728
724
752
733
733
729
753
744
750
741
770
768
773
743
753
768
768
803
784
802
775
806
810
852
853
846
866
864
852
890
888
875
889
916
921
883
950
923
948
993
1013
1022
975
1037
1056
1071
1100
1051
1135
1097
1081
1155
1179
1190
1223
1272
1269
1306
1290
1261
1290
1269
1383
1386
1419
1412
1440
1442
1473
1461
1494
1598
1630
1637
1703
1777
1704
1801
1846
1909
1868
1863
1926
1972
1957
1955
2015
2072
2114
2124
2141
2230
2232
2199
2290
2357
2445
2387
2475
2465
2548
2527
2579
2576
2639
2654
2749
2694
2715
2865
2742
2859
2923
2848
2916
3003
3104
3030
3168
3191
3191
3278
3308
3330
3338
3294
3347
3439
3579
3500
3509
3683
3493
3714
3695
3781
3702
3689
3897
3915
3851
3963
3921
4103
4074
4195
4208
4132
4176
4315
4238
4237
4267
4336
4491
4300
4448
4528
4672
4594
4656
4769
4661
4686
4746
4959
4869
5037
4900
4846
5078
5028
5117
4979
5088
5143
5127
5269
5342
5278
5455
5378
5308
5353
5500
5482
5479
5644
5585
5583
5550
5611
5607
5705
5718
5851
5780
5724
5775
5744
5885
5846
5859
6244
5986
6021
6147
6043
6261
6153
6272
6353
6210
6155
6227
6250
6470
6241
6429
6258
6370
6422
6510
6479
6518
6481
6410
6625
6554
6675
6683
6941
6861
6766
6837
6789
6709
6820
6838
6862
6955
6982
6988
6868
6937
7074
7003
7089
7159
7147
7262
7004
7234
7184
7283
7248
7415
7436
7305
7534
7591
7483
7473
7609
7301
7422
7378
7453
7641
7490
7699
7616
7665
7797
7749
7912
7863
7681
7828
7772
7795
7812
8085
7858
7960
8039
8167
8018
8039
7947
8069
7924
8017
8152
8243
8187
8092
8088
7841
8015
8186
8040
8120
8209
8114
8122
8193
8226
8046
8080
8105
8004
8131
8193
7931
8122
8241
8081
8125
8143
8059
8133
8083
8179
8224
8162
7995
8034
7953
8027
7899
8032
7942
7890
7894
7824
8010
7945
7882
7701
7939
7805
7881
7809
8013
7714
7907
7660
7670
7770
7454
7587
7649
7354
7695
7391
7456
7359
7286
7341
7170
7080
7345
7244
7135
7307
7082
6965
6988
7031
7228
6927
6937
6891
6772
6788
6787
6877
6689
6560
6704
6489
6407
6449
6498
6404
6343
6103
6323
6223
6041
6085
6290
6016
5903
5954
5898
5919
5868
5860
5696
5633
5635
5798
5547
5332
5463
5600
5354
5375
5262
5303
5251
5150
5232
5194
5171
5015
4865
4945
4861
4890
4669
4759
4773
4611
4646
4639
4469
4408
4380
4300
4342
4247
4259
4141
4152
4046
3977
3938
3968
3976
3837
3736
3816
3787
3722
3568
3596
3664
3612
3418
3610
3434
3402
3502
3335
3281
3309
3230
3060
3091
3096
3126
3079
3049
2872
2887
2953
2919
2907
2830
2766
2714
2685
2672
2695
2661
2633
2640
2602
2525
2579
2491
2423
2551
2518
2443
2370
2278
2369
2270
2251
2188
2277
2216
2143
2088
2093
2146
2058
2002
2073
2042
2083
2005
1901
1920
1921
1980
1781
1787
1809
1803
1744
1795
1786
1733
1731
1692
1702
1631
1700
1480
1649
1535
1593
1456
1559
1536
1533
1495
1551
1529
1501
1480
1476
1525
1448
1444
1382
1428
1375
1378
1292
1289
1458
1299
1330
1318
1257
1235
1283
1270
1298
1301
1270
1231
1199
1196
1224
1209
1185
1169
1188
1188
1170
1123
1147
1107
1126
1164
1110
1037
1110
1082
1051
1073
1046
1104
1053
1033
1048
1061
963
973
1013
1003
1013
1014
1016
987
977
974
961
1000
949
955
946
975
927
957
933
920
949
889
917
896
902
897
928
907
884
910
905
892
921
946
891
902
863
899
869
846
860
864
840
825
845
851
862
835
804
826
804
861
818
804
809
773
818
807
806
798
809
808
777
790
772
808
787
772
801
805
802
774
775
745
772
773
768
753
782
742
780
751
762
744
776
755
730
759
735
745
737
752
747
745
707
693
733
737
718
745
741
745
720
707
712
698
741
717
724
717
725
689
705
707
736
721
720
713
731
700
714
702
677
713
697
685
675
690
683
714
691
704
665
664
697
711
680
689
674
704
693
675
674
683
680
686
678
675
676
667
696
674
675
673
675
656
669
680
671
650
659
679
669
676
662
666
652
640
674
662
653
661
657
670
660
655
652
655
644
663
640
666
644
655
669
649
672
637
667
654
645
655
653
638
629
641
648
657
640
638
647
644
651
632
653
650
645
641
636
642
645
634
636
620
633
633
641
651
644
636
637
642
627
627
637
640
637
633
638
622
653
622
628
636
630
639
618
624
639
629
629
627
635
618
628
619
620
628
638
635
624
632
633
622
623
616
649
613
632
631
616
633
621
611
624
626
621
628
604
623
615
634
624
618
624
617
627
614
626
622
614
623
620
612
610
612
615
607
615
626
611
630
616
617
628
615
622
616
627
618
619
615
621
619
619
619
623
619
604
605
621
612
619
608
610
618
618
621
616
614
613
607
614
615
617
609
615
611
621
614
612
609
608
614
612
602
612
609
614
610
600
608
608
617
618
616
614
611
597
616
605
618
610
616
614
619
613
609
608
619
613
614
605
609
611
609
610
613
606
617
621
614
617
604
