614
609
613
611
614
623
618
606
611
619
623
615
599
620
611
620
615
614
611
612
615
618
616
604
625
621
623
635
625
634
631
628
624
613
621
627
619
620
619
624
610
620
623
628
622
613
622
618
613
612
604
614
612
617
624
604
615
612
625
615
619
613
616
619
606
618
598
607
624
610
601
613
607
600
606
606
618
613
604
605
604
613
602
609
612
606
613
607
619
605
617
609
610
607
616
616
599
624
621
606
617
614
601
604
619
611
609
615
620
608
607
613
616
615
613
604
605
612
606
614
621
597
609
614
607
609
605
624
624
606
614
604
612
603
622
613
605
609
613
613
614
623
615
608
604
608
611
615
610
612
596
605
611
617
616
601
613
603
616
615
620
607
612
611
610
614
616
615
612
619
614
601
613
619
625
612
606
610
621
615
617
617
618
614
612
611
610
613
609
602
629
615
610
613
605
606
610
613
612
620
607
608
604
598
624
601
608
604
617
621
612
613
608
612
618
606
616
618
613
617
627
605
615
612
622
610
615
616
623
611
609
624
624
622
616
609
613
607
612
613
618
617
607
624
623
628
610
624
611
605
610
610
626
614
617
615
625
608
623
613
624
609
621
619
624
625
615
626
629
600
630
627
614
635
613
622
625
620
614
628
623
646
615
628
623
629
621
637
619
625
631
612
618
631
637
638
616
627
620
638
625
620
624
621
632
631
622
646
636
635
640
641
616
635
647
624
628
632
633
642
633
628
627
656
650
640
645
634
641
637
653
643
639
648
662
648
643
650
665
660
661
658
656
636
671
671
680
668
668
666
675
674
685
663
674
667
685
660
677
665
689
703
702
693
688
719
697
724
698
692
711
717
715
706
698
697
742
736
729
717
740
738
733
765
757
740
769
761
741
754
771
774
805
805
801
865
804
810
876
858
857
867
882
896
882
942
903
920
910
940
961
900
979
967
1012
983
1034
985
1037
1093
1104
1116
1104
1142
1121
1174
1109
1117
1163
1260
1212
1265
1246
1270
1293
1366
1373
1379
1396
1425
1453
1491
1614
1495
1587
1562
1586
1696
1718
1755
1682
1742
1730
1801
1875
1921
1972
2001
2003
2149
2050
2096
2159
2169
2220
2275
2351
2381
2383
2466
2508
2479
2626
2607
2647
2571
2675
2828
2870
2809
2912
2919
2941
3095
2931
3124
3146
3218
3125
3222
3265
3195
3332
3305
3430
3432
3640
3475
3799
3665
3660
3820
3822
3803
3817
3874
4012
4119
4110
3959
4051
4100
4016
4175
4133
4258
4378
4435
4413
4454
4390
4560
4548
4696
4616
4546
4807
4860
4935
4869
4838
4888
5020
5078
5070
4957
5075
5152
5102
5207
5265
5258
5394
5395
5409
5620
5453
5706
5684
5580
5624
5741
5527
5743
5810
5726
5786
5990
5987
5902
6043
6011
6167
6155
6092
6151
6408
6488
6311
6273
6245
6283
6462
6407
6523
6266
6478
6484
6523
6640
6482
6594
6575
6555
6508
6679
6894
6789
6936
7031
6987
7058
6853
6791
7046
7156
6992
7045
7227
7118
7125
7288
7055
7380
7199
7235
7395
7525
7379
7497
7653
7563
7655
7711
7579
7536
7719
7820
7740
7790
7778
7917
7841
7775
7835
7785
7937
7821
7918
7948
8203
8080
8126
8087
8246
8184
8263
8207
8281
8156
8311
8327
8516
8340
8338
8336
8346
8576
8495
8586
8727
8707
8680
8837
8647
8879
9152
8877
8662
8923
8893
8991
9058
9188
9107
9090
9023
9007
9105
9002
9022
9051
9094
8984
9193
9230
9226
9350
9288
9319
9223
9378
9206
9563
9330
9197
9165
9478
9265
9238
9504
9275
9237
9197
9402
9375
9462
9317
9157
9443
9085
9170
9118
9345
9464
9270
9350
9254
9192
9265
9324
9114
9245
9099
8955
8801
8720
8981
8753
9043
8823
8674
8824
8895
8795
8771
8773
8846
8669
8935
8466
8645
8577
8763
8650
8459
8587
8517
8484
8304
8402
8391
8286
8245
7961
8047
7937
8055
8012
8265
7827
7880
7728
7784
8015
7787
7652
7627
7696
7509
7693
7616
7518
7172
7381
7237
7218
7098
7178
6970
6986
6984
6781
6872
6880
6709
6793
6919
6631
6653
6470
6519
6456
6363
6343
6337
6431
6094
6294
6132
6042
6032
5923
5805
5825
5864
5590
5579
5668
5630
5371
5482
5320
5352
5384
5363
5317
5176
5019
4986
4987
4935
4911
4868
4824
4790
4521
4561
4557
4419
4506
4450
4400
4218
4352
4318
4116
4114
4044
3996
4016
3903
3928
3862
3867
3810
3874
3753
3641
3723
3627
3527
3509
3462
3421
3316
3287
3241
3281
3318
3249
3144
3068
3119
3085
2949
3063
2951
2859
2869
2919
2941
2817
2839
2756
2737
2748
2551
2709
2561
2578
2580
2441
2450
2476
2451
2381
2314
2342
2306
2219
2293
2185
2178
2124
2087
2140
2072
2106
2089
2039
2002
2049
2019
2039
1941
1973
1844
1866
1878
1839
1783
1745
1716
1756
1809
1813
1666
1745
1686
1737
1616
1736
1633
1571
1688
1609
1624
1537
1545
1491
1485
1511
1499
1491
1478
1451
1380
1498
1396
1369
1491
1370
1297
1411
1311
1339
1320
1325
1299
1300
1268
1272
1297
1219
1255
1225
1221
1185
1158
1220
1190
1171
1205
1113
1136
1118
1155
1136
1099
1123
1122
1120
1084
1062
1055
1065
1048
1061
1047
1079
1059
1054
1046
1029
996
1062
1025
1050
1031
1009
960
992
937
994
960
998
991
956
967
965
927
974
939
917
941
935
904
929
901
952
895
902
891
896
884
888
871
868
859
937
860
897
867
839
820
874
875
871
863
849
852
832
810
815
817
789
833
810
777
788
779
811
819
776
825
794
804
805
771
790
781
784
770
779
797
781
771
773
772
787
780
767
752
767
733
758
765
738
726
762
743
754
763
761
726
761
723
767
760
735
744
753
723
749
749
707
751
718
729
740
726
717
736
735
699
693
720
714
717
722
726
731
732
704
708
702
732
710
683
746
701
694
712
687
700
676
693
671
711
684
689
687
699
686
698
675
707
681
684
658
693
666
694
695
676
696
688
695
673
655
653
669
686
672
668
649
677
678
667
684
662
672
674
658
668
670
666
686
666
666
664
662
649
653
639
650
673
655
649
666
648
662
655
657
661
664
654
664
648
655
663
649
642
658
645
644
649
636
640
645
632
670
650
655
638
631
632
642
654
641
637
649
625
640
645
638
637
646
644
642
629
633
645
640
632
632
638
637
618
631
644
630
630
641
636
631
634
641
635
639
648
634
620
630
638
622
629
628
626
628
628
626
618
626
614
630
621
625
617
615
633
612
619
619
622
618
620
617
621
630
631
627
634
622
633
611
619
621
622
628
624
631
614
614
629
615
610
617
620
607
620
607
611
618
617
607
616
621
630
616
616
617
618
619
617
610
618
616
622
623
616
617
627
617
607
622
614
606
621
620
615
610
611
613
620
619
620
596
617
619
616
604
613
609
611
616
611
602
621
612
628
611
602
626
616
610
621
615
619
621
629
609
618
614
619
617
606
619
618
