609
610
616
600
613
606
612
611
612
617
609
607
602
613
618
615
617
613
610
611
603
615
607
619
607
603
615
607
619
616
611
611
611
625
614
613
621
610
624
613
624
609
615
600
621
614
619
609
619
615
611
606
608
605
605
621
604
601
619
620
611
615
598
610
623
604
614
628
612
605
616
610
605
619
614
619
604
608
615
605
617
601
614
615
608
618
608
618
605
607
608
607
609
614
616
617
601
605
609
607
602
604
614
604
619
616
604
615
617
619
624
608
604
618
612
619
610
613
609
608
607
616
609
599
603
617
617
615
604
615
612
615
615
619
617
611
624
611
607
612
604
618
613
611
608
609
617
612
609
619
613
623
611
615
610
611
605
626
606
609
628
610
623
615
606
606
603
624
611
611
613
611
607
626
621
620
614
604
615
613
612
607
620
615
614
611
615
617
622
606
609
608
612
617
603
613
614
607
611
614
613
607
613
615
601
625
623
615
622
610
628
619
609
610
619
624
607
618
609
615
611
615
618
605
622
626
611
613
627
631
625
630
608
611
615
617
617
612
617
622
613
617
611
614
619
604
621
613
617
611
615
632
619
632
625
628
626
615
630
616
618
621
610
614
618
620
605
628
628
623
621
627
634
624
609
630
629
618
614
641
623
619
625
625
628
622
620
628
624
629
617
634
639
620
630
645
627
632
628
636
621
630
639
625
621
628
622
629
634
650
642
637
635
639
651
639
646
638
646
642
646
657
652
662
657
641
651
645
658
649
640
654
655
652
629
658
652
668
676
663
674
662
654
676
664
660
657
646
658
675
675
687
683
700
687
683
684
690
705
704
694
687
717
732
695
707
697
716
717
728
722
760
717
712
758
740
733
733
745
795
759
775
767
775
765
739
787
811
793
850
796
852
814
829
885
878
866
874
877
900
907
918
930
938
926
979
919
1010
978
962
975
990
1018
1056
1036
1135
1108
1069
1076
1170
1128
1139
1167
1204
1227
1193
1197
1238
1252
1302
1295
1409
1363
1381
1413
1469
1515
1460
1503
1564
1559
1628
1720
1702
1722
1708
1812
1829
1818
1940
1886
2008
2026
2121
2071
2128
2195
2181
2248
2354
2329
2408
2456
2488
2539
2468
2503
2632
2615
2645
2775
2876
2860
2999
2993
2982
3090
3101
3141
3176
3219
3382
3440
3362
3453
3405
3535
3578
3674
3600
3700
3786
3748
4003
3908
4063
4097
4149
4130
4176
4280
4278
4394
4486
4532
4499
4549
4458
4684
4667
4705
4814
4755
4922
4892
4736
5082
5122
5155
5113
5190
5382
5293
5444
5381
5480
5427
5476
5469
5689
5737
5778
5739
5828
5918
5961
5936
6029
6136
6246
6333
6440
6236
6417
6538
6450
6362
6497
6624
6720
6740
6696
6719
6663
6901
6922
6815
6913
6945
6882
7132
7318
7380
7263
7350
7525
7381
7422
7583
7568
7769
7562
7724
7612
7744
7825
7809
7773
7716
8010
7717
7947
8051
8012
8081
8078
8286
8297
8280
8466
8466
8334
8331
8563
8601
8715
8511
8577
8559
8687
8677
8565
8585
8881
8790
8579
8911
8929
8904
8766
9021
8915
8998
9051
9100
9190
9512
9292
9194
9180
9429
9297
9235
9183
9543
9479
9372
9569
9633
9688
9886
9706
9699
9733
9998
9757
9989
10024
10173
10255
10076
10121
10363
10056
10341
10354
10035
10184
10111
10246
10206
10275
10438
10542
10391
10528
10541
10554
10678
10786
10741
10775
10931
10858
10615
10624
10756
10772
10915
10893
10903
11101
10854
10912
10974
10877
10930
11027
10965
10963
11066
11191
11016
11131
11045
11065
11224
11095
11276
11006
11059
11027
11092
11114
10840
11197
10970
11281
10913
11144
10915
11060
11340
10994
11164
11231
11140
11295
11104
11093
11032
10801
10783
11016
10992
10820
10973
10615
10833
10715
10756
10538
10572
10551
10748
10434
10475
10735
10583
10658
10384
10571
10532
10400
10356
10256
10321
10303
10101
10037
9952
9901
10142
9993
9791
9777
9822
9561
9630
9627
9619
9554
9626
9465
9375
9435
9407
9415
9214
9043
9232
8985
9049
8920
8882
8847
9107
8663
8363
8499
8698
8531
8268
8294
8541
8247
8387
8372
8163
8020
8104
8015
7918
7823
7655
7652
7610
7480
7469
7395
7381
7138
7289
7217
7221
7035
6986
6828
6752
6910
6574
6699
6677
6585
6526
6542
6394
6553
6107
6297
6082
6132
6057
5838
5923
5716
5714
5492
5647
5546
5451
5388
5229
5208
5257
5028
5123
4974
5156
4959
4832
4701
4848
4628
4796
4692
4597
4573
4459
4465
4475
4279
4342
4194
4202
4077
4038
3898
4111
3957
3983
3796
3818
3724
3737
3719
3817
3553
3499
3542
3525
3541
3452
3483
3387
3429
3253
3376
3161
3206
3109
3137
3023
3017
3023
2908
2930
2835
2847
2822
2732
2768
2688
2712
2653
2664
2633
2633
2557
2469
2428
2447
2442
2427
2430
2395
2312
2271
2196
2248
2251
2207
2146
2122
2175
2093
2069
1943
1995
1919
2115
1929
1974
1878
1978
1917
1830
1914
1811
1848
1798
1795
1759
1744
1742
1706
1691
1659
1675
1622
1640
1566
1568
1576
1562
1595
1544
1546
1521
1525
1490
1504
1488
1488
1487
1396
1447
1404
1371
1431
1354
1376
1330
1358
1334
1281
1409
1300
1273
1267
1284
1276
1245
1229
1283
1209
1233
1200
1163
1229
1195
1198
1193
1193
1185
1192
1158
1169
1147
1115
1139
1123
1082
1121
1125
1022
1129
1052
1049
1100
1086
1065
1036
1071
1037
1034
1024
1062
1023
1071
1024
1015
969
954
990
979
960
934
976
952
947
938
992
931
934
937
959
952
913
911
901
898
909
963
875
908
889
941
867
894
856
845
864
879
881
891
856
876
870
883
799
839
822
877
846
835
798
814
819
844
825
805
810
847
807
840
796
795
807
777
799
823
754
800
811
771
765
810
785
818
776
779
765
776
751
762
776
736
775
758
771
772
765
761
753
760
761
758
734
768
748
725
739
745
704
757
705
725
714
722
745
726
703
730
724
714
708
717
726
706
723
700
707
705
706
710
702
720
721
689
705
699
705
731
712
686
708
694
692
700
702
688
690
680
711
676
694
677
697
725
686
670
668
681
701
665
683
685
702
678
685
686
690
658
680
664
691
657
667
653
662
688
668
670
660
665
658
671
657
658
673
677
657
665
660
657
644
671
670
672
658
660
650
662
663
664
651
644
652
648
658
638
658
633
652
646
652
636
643
651
656
644
659
643
647
648
650
655
653
632
648
653
635
639
634
647
627
644
628
639
650
639
644
622
651
623
637
631
643
635
634
635
625
638
639
646
645
633
623
640
627
618
649
621
621
634
610
632
626
628
632
620
633
632
648
633
632
620
620
627
617
638
632
634
622
640
630
640
616
621
626
634
628
629
620
626
618
624
626
618
618
621
618
623
626
619
616
619
615
614
620
616
622
617
619
614
618
622
619
608
619
622
616
619
613
604
621
608
612
620
627
608
614
616
628
610
615
615
622
616
611
613
610
622
621
620
614
620
616
618
628
612
621
614
615
617
615
602
609
625
