603
607
612
611
603
612
602
602
600
608
604
601
603
602
606
598
602
609
602
602
602
599
609
603
603
612
613
603
609
623
622
609
610
617
611
597
601
603
605
605
601
609
610
613
613
615
615
612
617
614
609
606
595
602
598
612
612
610
597
599
601
604
604
597
603
608
609
603
609
599
603
602
606
608
599
599
608
599
604
591
601
600
604
601
600
604
601
599
604
595
602
605
606
609
610
611
613
602
604
608
601
602
605
591
603
602
601
606
608
606
603
605
602
605
605
605
605
601
603
612
597
605
600
598
607
607
596
602
600
607
596
599
603
600
604
596
604
596
608
592
602
596
604
597
609
600
602
607
595
602
609
601
598
611
598
604
607
606
610
594
600
597
596
595
604
604
595
607
602
599
603
606
606
594
594
594
606
596
601
597
597
604
598
602
601
599
599
594
601
606
604
599
603
600
601
598
607
601
603
601
604
609
601
606
609
596
601
601
601
610
601
602
612
604
605
599
596
602
603
595
599
622
611
595
608
601
605
603
596
602
601
605
607
599
597
608
602
597
603
606
595
607
604
599
595
610
601
608
592
607
605
605
601
603
602
602
599
602
602
596
605
606
602
604
595
602
603
600
607
594
604
608
603
601
608
602
595
606
598
592
606
602
598
602
596
599
599
606
602
597
607
606
609
602
602
605
601
605
599
602
614
609
602
608
598
600
611
598
613
605
611
607
613
612
598
597
607
608
612
610
614
603
603
608
601
620
603
605
599
604
611
610
606
615
613
609
600
605
607
616
614
623
628
619
618
618
613
617
625
618
608
608
619
616
618
618
608
618
610
616
617
621
641
620
613
618
619
620
628
623
631
630
632
642
626
629
634
626
635
633
653
635
637
655
640
659
646
652
647
649
657
643
664
667
658
658
672
673
671
688
654
694
672
684
669
707
683
715
707
705
737
703
714
738
712
704
724
743
728
740
724
769
771
758
757
771
775
785
778
797
831
835
836
865
844
853
866
908
889
904
900
885
919
919
982
999
1016
1018
1027
1017
1077
1059
1055
1020
1076
1065
1114
1127
1137
1088
1178
1203
1147
1171
1184
1196
1208
1225
1245
1191
1306
1310
1264
1314
1276
1303
1281
1313
1293
1264
1352
1359
1315
1353
1341
1376
1341
1390
1351
1332
1393
1355
1377
1385
1410
1346
1440
1466
1431
1431
1470
1481
1504
1505
1469
1513
1513
1476
1509
1500
1547
1560
1519
1499
1549
1575
1510
1549
1659
1554
1653
1607
1619
1643
1645
1637
1670
1621
1698
1680
1620
1708
1651
1704
1714
1781
1751
1680
1717
1727
1802
1730
1788
1826
1805
1740
1757
1831
1793
1750
1805
1740
1817
1754
1841
1813
1858
1793
1785
1894
1889
1901
1844
1804
1802
1892
1938
2003
1892
1912
1864
1931
1900
1870
1901
1892
1928
1956
1913
1931
1999
1841
1892
1842
1938
1955
1983
1949
1925
1978
2022
1970
2052
2021
1982
1972
1925
1935
1939
1908
1976
2010
1951
2002
1972
2000
1999
2058
2022
2007
2056
1967
2115
2011
2027
1967
2008
2026
2026
2053
2084
2030
1985
2041
2108
2019
2063
2006
2036
2010
2081
2110
2147
2136
2154
2099
2071
2218
2123
2156
2078
2114
2119
2145
2198
2120
2149
2197
2224
2177
2155
2191
2161
2154
2115
2229
2224
2175
2286
2254
2204
2243
2217
2323
2268
2227
2223
2240
2265
2289
2279
2258
2140
2176
2262
2252
2250
2213
2298
2284
2224
2305
2272
2270
2227
2449
2329
2226
2386
2188
2183
2260
2223
2335
2310
2191
2296
2265
2264
2342
2374
2356
2290
2306
2308
2251
2298
2226
2197
2320
2252
2319
2399
2271
2300
2309
2287
2267
2273
2267
2239
2175
2171
2214
2281
2293
2239
2100
2141
2181
2197
2248
2181
2152
2210
2287
2222
2245
2204
2024
2137
2076
2194
2154
2114
2099
2092
2191
2109
2142
2074
2042
2084
2125
2081
2012
2017
1954
2085
2039
2048
2038
1946
1939
1985
1961
1897
1889
1969
1942
1879
1861
1885
1848
1798
1818
1847
1923
1801
1842
1862
1804
1753
1817
1756
1784
1730
1791
1740
1695
1681
1670
1625
1663
1632
1634
1669
1615
1634
1628
1623
1554
1576
1526
1523
1533
1539
1500
1556
1480
1563
1466
1420
1485
1479
1436
1480
1463
1445
1379
1392
1367
1390
1355
1349
1337
1319
1294
1282
1294
1311
1302
1324
1278
1227
1273
1248
1267
1227
1194
1236
1192
1168
1207
1189
1160
1183
1145
1159
1125
1135
1155
1075
1132
1092
1077
1088
1037
1035
1065
1107
1058
1072
1048
1009
1026
1005
1029
1012
989
962
998
1014
974
1000
988
923
940
934
960
912
931
941
903
905
922
872
912
912
879
865
891
880
831
890
881
863
831
872
858
839
794
872
848
834
815
814
837
816
828
791
840
833
786
803
798
803
775
772
751
773
806
761
777
786
809
779
756
746
774
763
759
735
740
724
741
727
751
737
713
691
728
713
699
723
747
734
716
715
721
704
726
680
698
705
700
693
692
720
714
708
688
695
671
685
686
708
690
693
674
692
686
679
674
709
675
698
685
665
672
653
662
695
676
664
668
667
682
656
672
644
669
650
669
634
649
661
672
658
675
653
645
643
639
650
647
658
637
639
646
659
646
644
656
645
640
637
651
629
644
651
627
654
641
636
634
638
635
633
624
635
641
640
643
644
648
635
655
632
651
644
635
635
645
619
639
633
641
633
638
632
635
628
615
639
624
647
639
620
625
625
626
623
622
635
640
624
621
617
620
618
619
609
619
634
614
609
624
610
636
612
616
615
622
624
617
618
615
628
607
602
629
624
626
620
625
619
629
619
607
613
622
623
623
617
626
618
622
603
616
612
628
603
621
620
605
612
617
617
606
618
612
616
619
611
621
607
608
604
611
611
607
614
611
612
606
613
616
604
603
608
609
611
606
600
604
608
605
616
604
605
603
628
607
606
600
602
606
608
610
612
607
602
597
608
620
612
605
605
605
614
620
606
618
610
603
619
597
616
612
617
603
605
603
608
605
606
603
599
597
605
605
611
618
613
610
606
611
610
604
605
604
605
602
603
609
606
606
597
608
599
603
610
610
597
606
616
603
612
608
597
607
604
612
604
604
618
611
608
605
601
601
605
610
598
602
604
610
607
602
603
610
610
615
604
611
610
609
611
611
608
616
604
605
600
598
604
608
601
603
606
610
601
602
606
602
606
601
606
604
607
599
605
589
604
609
598
603
599
601
597
603
600
608
600
603
608
595
601
605
603
600
607
596
605
607
605
605
606
608
604
600
596
604
597
604
601
600
605
599
600
599
607
593
598
597
604
604
602
597
607
609
599
601
598
602
602
599
599
602
608
607
603
596
601
599
602
598
604
602
