605
613
615
610
607
605
595
593
599
605
600
605
603
593
597
597
597
607
604
598
598
610
594
602
604
606
606
603
601
598
606
609
600
596
605
607
603
598
600
596
605
606
597
598
597
607
603
606
591
604
602
595
596
590
611
598
605
599
602
602
604
595
596
599
609
614
604
604
602
603
601
598
609
599
597
597
599
604
609
603
610
604
594
600
595
594
603
595
598
595
605
596
604
597
598
603
599
601
611
596
606
596
605
602
600
607
590
605
593
604
599
601
615
601
604
613
602
615
607
603
609
601
591
607
605
603
601
602
607
609
598
600
592
602
600
599
602
596
597
606
604
602
602
596
600
604
602
599
602
598
594
602
608
601
590
604
597
599
595
592
604
596
604
602
609
598
604
600
601
604
599
595
605
602
600
602
598
599
599
604
598
602
603
604
600
602
603
597
615
606
609
606
614
603
606
602
609
600
601
598
606
598
598
599
605
601
594
598
600
595
596
598
595
598
601
597
607
595
607
600
597
596
600
602
609
600
597
603
601
605
600
597
602
605
605
608
602
603
599
594
609
608
601
602
606
588
605
597
600
596
601
601
601
606
604
599
603
604
605
605
601
612
603
605
595
602
592
597
600
607
601
604
600
603
603
604
603
598
598
613
605
599
615
609
613
599
603
601
598
605
602
604
600
604
597
612
614
608
609
609
607
604
619
601
605
612
597
613
603
598
602
604
606
602
607
607
604
601
609
611
600
610
605
624
611
621
602
613
612
604
606
608
600
610
622
623
609
614
608
619
611
615
620
616
605
615
613
618
613
615
615
614
618
623
615
622
622
620
631
623
611
622
639
636
624
616
617
647
633
625
640
624
646
631
644
624
659
645
652
648
652
644
650
634
650
669
663
666
669
673
670
665
682
668
669
688
695
676
684
669
690
701
692
727
697
721
706
733
753
717
733
754
733
753
748
740
767
756
796
775
770
792
808
839
806
843
833
864
834
875
851
833
892
947
901
894
920
955
978
995
1004
1036
1004
1003
1062
1102
1096
1099
1099
1147
1107
1081
1189
1201
1205
1237
1182
1218
1251
1297
1343
1311
1349
1408
1364
1408
1398
1454
1452
1424
1459
1470
1467
1525
1467
1564
1545
1595
1569
1662
1681
1681
1626
1694
1732
1671
1691
1656
1768
1689
1681
1721
1749
1747
1746
1782
1830
1834
1858
1811
1868
1963
1906
1923
1972
1957
1962
1956
2024
1930
2004
1951
2062
2015
1984
2059
2036
2084
2062
2146
2143
2126
2184
2227
2176
2098
2155
2193
2165
2304
2169
2186
2210
2194
2272
2150
2245
2282
2269
2205
2184
2291
2263
2361
2381
2268
2321
2343
2367
2373
2397
2380
2358
2261
2388
2365
2408
2404
2435
2473
2404
2438
2412
2357
2500
2488
2487
2505
2470
2515
2454
2493
2543
2478
2556
2448
2501
2379
2555
2503
2583
2548
2555
2612
2450
2581
2609
2597
2633
2539
2583
2514
2620
2669
2666
2677
2726
2624
2614
2545
2646
2681
2610
2597
2594
2633
2616
2719
2636
2692
2731
2713
2741
2621
2794
2674
2661
2684
2705
2717
2775
2783
2755
2767
2682
2711
2722
2814
2620
2672
2801
2934
2859
2828
2650
2881
2789
2860
2813
2850
2901
2937
2904
2957
2866
2901
2864
2933
2856
2857
3031
2986
2945
2982
2986
3003
2926
2946
2950
2974
3090
2922
2977
3072
3049
2967
2902
3084
3089
2988
3065
3061
3037
3039
3052
3108
3087
3018
3026
3130
3030
3201
3065
3032
3178
3057
3014
2977
3031
3067
3038
3032
3028
3091
3044
3061
3096
3083
3016
3133
3097
3174
3033
3031
3026
2972
3106
2990
2998
2946
3079
3010
3095
3033
3085
2991
2931
3013
2903
2989
2888
2905
2897
2969
2912
2893
2971
2830
2923
2891
3017
3031
2917
2828
2987
2828
2784
2856
2837
2663
2823
2785
2755
2730
2656
2684
2729
2693
2718
2602
2545
2553
2535
2645
2567
2507
2625
2453
2494
2499
2504
2479
2487
2484
2349
2384
2434
2338
2444
2310
2290
2293
2317
2253
2266
2247
2267
2251
2302
2245
2203
2212
2156
2135
2165
2102
2130
2119
2055
2109
2095
1975
1977
2006
1940
1929
1898
1947
1875
1927
1922
1896
1807
1859
1891
1796
1752
1792
1828
1733
1718
1639
1761
1651
1654
1649
1622
1627
1636
1623
1544
1588
1534
1508
1567
1493
1499
1477
1483
1492
1447
1411
1397
1383
1421
1328
1338
1354
1373
1303
1356
1300
1352
1312
1282
1296
1275
1255
1243
1179
1168
1200
1152
1176
1175
1172
1141
1198
1109
1133
1111
1137
1111
1098
1105
1083
1098
1060
1009
1026
1061
1024
1012
1014
1010
1056
991
1017
1007
970
976
947
977
964
959
956
960
928
955
894
926
929
896
922
877
917
880
842
898
866
902
859
868
834
878
865
851
843
860
821
816
795
840
822
833
805
803
807
821
832
798
782
784
775
766
768
791
768
751
795
736
784
755
762
757
736
754
754
721
730
693
724
717
741
734
730
741
742
700
728
720
715
714
735
725
712
706
701
689
702
717
708
686
716
712
691
702
680
707
693
666
694
674
688
695
706
695
669
659
687
689
685
658
678
663
656
695
665
666
663
664
654
669
665
665
653
660
673
662
663
653
661
662
647
662
666
641
666
650
651
641
653
645
650
654
644
629
657
640
656
643
633
639
644
655
640
634
637
644
655
637
639
655
656
633
647
629
625
628
628
631
616
640
653
620
615
637
622
627
615
633
631
647
641
630
630
623
621
643
631
630
626
623
618
626
633
628
619
617
622
631
632
625
612
621
621
627
622
613
620
633
623
617
623
621
620
619
630
616
613
637
619
623
615
620
625
627
611
614
619
616
605
604
611
611
613
621
617
609
610
625
631
611
618
608
620
618
628
627
613
626
620
623
615
619
622
617
611
621
615
609
605
616
606
608
621
605
610
614
604
616
613
610
614
624
607
612
597
603
609
617
609
618
612
606
603
605
612
612
618
601
600
605
617
607
612
614
618
611
613
604
603
610
603
611
602
598
611
606
601
612
609
610
613
604
605
603
603
599
601
597
611
601
595
602
610
612
610
598
598
600
599
607
610
597
606
607
601
609
605
605
609
605
610
602
600
593
598
608
598
600
607
602
605
606
613
612
600
612
605
607
601
597
602
602
596
607
599
606
599
606
598
608
596
610
601
605
605
604
605
606
600
613
600
599
604
607
601
590
598
608
613
610
601
602
604
607
608
611
594
602
600
611
601
605
596
604
603
597
597
600
601
602
606
596
604
603
605
606
600
602
607
604
605
606
600
603
606
599
603
603
605
603
604
603
600
603
607
600
594
597
598
598
598
593
601
596
600
596
604
604
605
597
597
601
594
601
602
605
594
598
600
605
606
604
601
604
596
594
598
