598
605
607
614
606
610
604
598
601
615
608
603
604
611
606
594
605
610
611
607
618
608
601
608
616
600
625
614
624
623
615
609
610
609
615
610
602
609
605
608
597
605
600
613
602
622
611
612
602
610
601
602
608
595
604
606
607
606
605
604
607
594
608
604
613
605
602
601
607
608
601
612
600
603
604
603
608
604
603
598
604
609
593
610
602
603
596
600
601
603
599
603
604
619
617
602
602
607
610
611
605
610
608
602
602
590
603
605
602
599
605
601
596
599
608
598
610
605
602
603
603
601
594
606
595
611
598
601
609
600
599
595
594
597
601
606
600
601
603
595
602
605
606
605
595
603
601
598
603
600
604
592
597
602
601
606
599
601
598
603
604
603
607
604
602
606
609
603
605
599
602
589
602
599
603
606
604
603
599
609
602
611
603
592
596
603
600
596
615
603
608
609
603
609
605
609
600
604
606
605
600
603
601
600
597
599
606
613
598
608
609
599
607
603
606
599
606
605
604
603
596
604
601
589
605
606
607
605
603
600
602
600
593
602
600
597
600
596
608
597
610
603
596
609
616
597
603
607
600
605
608
604
600
608
606
601
604
599
603
600
610
606
596
607
619
603
601
612
605
604
611
603
609
605
612
599
603
608
605
598
609
611
597
610
615
611
604
608
607
606
615
610
613
616
618
606
601
610
611
611
603
602
614
613
608
603
611
608
613
611
613
593
615
615
620
615
606
624
607
614
605
602
607
614
620
622
619
619
621
626
626
621
628
624
612
620
638
624
619
606
619
619
616
630
623
629
621
624
623
637
627
618
638
618
631
649
635
645
650
644
654
626
644
636
629
635
649
638
646
645
646
662
650
655
667
667
668
680
679
680
677
662
674
692
703
699
677
682
692
712
708
683
744
711
731
722
725
717
760
747
750
754
775
789
764
781
794
798
801
808
755
803
812
826
823
871
861
884
875
869
887
897
961
905
949
923
947
973
984
1047
1035
1064
1086
1074
1127
1122
1099
1177
1231
1184
1264
1196
1294
1277
1279
1307
1300
1405
1402
1489
1421
1480
1464
1558
1554
1580
1631
1621
1632
1650
1589
1791
1724
1722
1772
1843
1834
1790
1870
1871
1793
1903
1908
1856
2017
1967
1950
2003
1900
1990
2055
2058
2123
2086
2047
2097
2112
2113
2102
2204
2016
2079
2157
2210
2295
2204
2200
2153
2300
2233
2265
2315
2354
2377
2311
2374
2365
2335
2399
2344
2369
2451
2477
2493
2451
2517
2479
2563
2407
2562
2537
2569
2500
2545
2638
2587
2571
2696
2645
2619
2662
2772
2718
2657
2780
2664
2686
2762
2916
2791
2809
2841
2856
2921
2785
2831
2933
2923
2962
2873
2959
2929
2877
2955
2895
3025
2974
3124
3083
2933
3030
2984
3027
3005
3052
3104
3238
3093
3246
3156
3151
3219
3173
3104
3212
3099
3212
3151
3151
3274
3111
3170
3289
3200
3236
3288
3170
3281
3192
3298
3242
3231
3257
3265
3279
3321
3451
3246
3203
3200
3148
3251
3341
3237
3305
3357
3405
3288
3420
3286
3415
3275
3375
3488
3413
3345
3294
3402
3309
3419
3448
3411
3389
3463
3534
3434
3381
3459
3535
3412
3515
3524
3435
3609
3540
3519
3471
3638
3607
3570
3686
3570
3667
3547
3714
3542
3524
3557
3579
3641
3608
3650
3696
3641
3677
3761
3712
3722
3799
3698
3874
3737
3920
3853
3775
3857
3808
3767
3742
3609
3720
3722
3806
3784
3793
3864
3889
3844
3869
3939
3839
3804
3762
3972
4028
3868
4040
3817
3866
3932
3820
3795
3932
3880
4054
3972
3821
3862
3835
3832
3932
4007
3803
3804
3814
3835
4005
3900
3843
3945
3811
3863
3839
3831
3916
3792
3790
3888
3890
3784
3851
3776
3823
3772
3777
3720
3717
3944
3801
3727
3685
3757
3737
3866
3751
3646
3799
3670
3619
3640
3588
3743
3603
3593
3555
3607
3442
3387
3546
3498
3510
3407
3444
3474
3390
3438
3498
3447
3427
3300
3354
3251
3385
3220
3360
3280
3268
3171
3201
3211
3153
3249
3097
3055
2986
3125
3116
2947
3083
3067
3055
3025
2974
2978
2810
2861
2926
2835
2897
2764
2792
2793
2757
2736
2738
2681
2639
2668
2667
2491
2582
2653
2565
2554
2423
2495
2479
2457
2457
2446
2436
2391
2386
2420
2447
2274
2313
2162
2225
2103
2171
2268
2096
2064
2108
2061
1917
1990
2013
1958
2025
1937
1927
1946
1957
1899
1851
1839
1836
1875
1828
1733
1780
1778
1759
1743
1721
1705
1672
1688
1583
1707
1607
1588
1617
1575
1511
1482
1540
1510
1528
1498
1487
1476
1414
1423
1406
1431
1377
1466
1375
1392
1381
1336
1349
1337
1316
1292
1309
1290
1257
1263
1262
1256
1217
1238
1241
1218
1221
1216
1150
1129
1130
1167
1136
1131
1107
1119
1096
1117
1090
1068
1112
1070
1052
994
1036
1021
1037
1006
971
966
1044
953
985
973
968
963
958
998
948
955
951
920
946
934
959
928
906
872
901
876
890
873
922
899
864
878
902
836
835
899
886
825
858
856
831
832
849
801
843
822
827
795
828
816
775
804
763
787
798
788
820
801
791
758
768
758
809
802
786
763
761
747
768
754
749
758
736
730
756
730
739
749
737
743
728
733
726
724
740
727
707
714
746
728
716
731
714
712
728
717
686
704
728
701
720
715
717
708
710
707
671
689
693
693
684
704
704
687
691
657
670
679
671
661
679
675
675
659
676
650
661
666
669
668
660
657
666
669
643
669
671
667
648
655
662
667
691
661
663
646
667
650
670
652
641
646
656
633
651
647
655
649
662
637
637
665
652
656
651
636
637
638
635
629
641
647
640
640
634
650
645
647
635
643
640
641
636
624
638
633
636
629
631
627
633
631
635
632
638
643
625
635
636
648
634
627
644
626
623
633
619
628
627
628
623
622
621
621
623
628
619
626
614
629
632
618
620
622
628
624
624
618
622
619
618
635
612
615
625
619
625
620
627
614
625
608
618
630
618
634
617
616
617
615
631
620
619
612
624
610
617
620
613
618
615
612
620
605
627
616
627
617
614
613
618
612
609
613
616
614
617
616
611
607
603
605
617
608
614
624
609
610
607
611
613
619
603
605
604
614
613
615
605
605
619
626
605
613
612
605
601
611
612
611
595
606
614
609
604
614
596
604
618
601
613
612
609
607
598
598
610
613
605
623
598
601
608
607
606
602
614
610
607
597
611
600
609
601
603
603
613
604
612
608
596
601
605
607
598
596
593
605
611
601
601
597
602
601
610
611
607
610
599
608
602
602
601
594
597
612
609
603
610
600
599
615
608
616
607
604
599
600
596
614
619
600
603
603
609
599
604
606
602
608
608
604
602
610
609
597
605
605
601
602
606
597
607
600
611
601
603
601
607
604
602
602
599
599
605
601
608
603
610
603
602
600
613
603
