607
617
606
605
608
601
610
602
596
616
605
605
602
607
607
601
607
600
603
604
596
604
602
609
615
602
614
603
616
607
623
617
613
611
622
611
601
613
600
610
607
616
607
618
604
605
612
623
605
604
605
609
613
605
597
601
605
598
605
602
601
613
608
601
604
597
609
601
606
599
606
597
608
600
604
602
603
607
598
609
613
608
610
606
600
606
607
606
609
595
594
599
602
610
612
604
600
609
602
612
600
603
599
600
598
602
608
603
614
611
600
605
602
605
604
606
609
597
605
604
599
596
606
602
605
607
601
601
597
613
602
601
597
603
601
605
603
595
600
605
609
602
600
613
604
608
610
604
601
603
600
601
601
599
606
601
607
606
606
599
599
603
604
597
599
613
604
597
598
607
600
603
594
598
602
603
597
604
607
600
607
604
604
606
604
604
604
607
590
605
600
603
602
605
611
600
602
596
615
600
605
599
606
609
606
609
597
605
610
602
604
605
600
610
607
606
611
597
603
602
618
604
600
603
598
603
595
602
598
602
600
603
604
617
611
598
605
610
607
606
607
602
601
608
601
608
603
607
609
606
604
616
601
602
606
599
602
603
612
608
601
611
609
612
604
618
604
603
613
604
605
614
623
606
615
609
615
612
611
610
612
613
604
623
606
616
607
610
612
611
600
607
622
607
614
620
612
608
599
618
615
610
612
618
625
615
616
608
616
628
604
621
634
605
618
610
626
621
602
615
618
612
620
614
618
622
631
622
611
612
616
624
626
630
635
625
627
629
622
632
619
644
638
624
645
627
621
651
636
633
644
640
640
663
642
642
636
640
655
653
651
656
658
668
675
674
655
666
669
654
686
673
676
675
686
663
686
673
727
685
683
708
698
695
689
718
735
736
706
721
711
745
715
746
748
757
759
790
790
776
789
821
798
833
823
828
833
837
865
857
867
911
862
913
894
942
977
951
971
980
969
992
1008
1060
1085
1133
1068
1056
1120
1123
1170
1191
1195
1243
1241
1322
1285
1349
1314
1348
1447
1469
1454
1441
1532
1589
1549
1659
1713
1695
1737
1765
1815
1747
1892
1922
1989
1916
2116
2104
2077
2039
2185
2124
2203
2205
2192
2305
2282
2229
2294
2355
2330
2331
2480
2428
2455
2526
2528
2505
2547
2456
2594
2491
2573
2638
2510
2688
2659
2633
2638
2651
2732
2685
2677
2763
2825
2693
2884
2844
2829
2853
2947
2979
2951
2984
2934
3074
3131
3019
3023
3013
3158
3068
3150
3087
3181
3308
3396
3190
3280
3345
3428
3324
3249
3259
3415
3382
3485
3422
3390
3437
3551
3463
3562
3586
3537
3642
3686
3720
3672
3651
3703
3714
3726
3914
3794
3776
3850
3682
3942
3738
3912
3861
3875
3873
3922
3926
3890
3912
3978
4023
3868
3969
3978
4037
4066
4132
4193
4037
4144
4180
4017
4037
4085
4019
4196
4011
4183
4096
4156
4197
4151
4040
4021
4300
4233
4229
4137
4203
4351
4216
4245
4188
4136
4209
4237
4217
4228
4128
4265
4349
4180
4298
4267
4303
4534
4146
4435
4254
4432
4419
4376
4445
4470
4404
4411
4341
4405
4401
4337
4573
4347
4601
4420
4554
4453
4520
4457
4654
4530
4461
4682
4504
4482
4622
4536
4679
4694
4752
4694
4614
4649
4693
4712
4796
4703
4770
4646
4697
4866
4759
4922
4797
4897
4864
4874
4809
4881
4770
4934
4803
5052
4947
4904
4970
4840
4913
4898
4883
4781
4954
4954
4915
4901
4921
4913
4891
5098
4920
4961
5096
5052
5182
5133
4988
5082
5098
4953
5036
4992
4955
5067
5107
5086
5074
5155
5050
5141
4996
5075
5099
5069
5134
5233
4953
5147
5041
5101
5029
5026
5183
4898
4962
4978
5133
5079
4887
4977
5034
4818
5009
4987
4786
4781
4848
4828
4943
4891
5070
4993
4946
5045
4766
4774
4930
4787
4776
4647
4748
4715
4680
4738
4590
4631
4707
4486
4580
4655
4494
4673
4472
4429
4479
4507
4649
4484
4332
4537
4411
4426
4345
4411
4281
4252
4274
4342
4137
4218
4156
4098
4006
4012
4084
4063
4127
4124
4136
3844
3933
3857
4009
3873
3842
3758
3793
3657
3681
3637
3654
3597
3459
3609
3562
3465
3570
3394
3448
3467
3444
3285
3232
3278
3217
3279
3235
3277
3103
3031
3135
2977
3015
2961
2962
2928
2917
2855
2905
2828
2736
2776
2719
2743
2668
2616
2546
2573
2532
2537
2615
2536
2540
2418
2443
2404
2294
2304
2349
2388
2430
2311
2233
2295
2125
2147
2184
2183
2156
2136
2134
2037
2070
1993
2033
1958
1935
1934
1962
1900
1935
1850
1824
1789
1817
1798
1746
1687
1713
1673
1653
1683
1685
1666
1588
1633
1575
1592
1610
1558
1557
1453
1551
1505
1495
1422
1539
1495
1473
1441
1412
1380
1379
1377
1372
1396
1346
1315
1302
1275
1288
1323
1235
1216
1256
1242
1246
1225
1197
1191
1185
1163
1212
1176
1110
1181
1156
1100
1134
1180
1075
1070
1032
1050
1089
1104
1007
1069
1072
1031
1040
1066
1035
1010
1006
997
999
942
961
974
974
973
963
997
922
916
947
983
905
884
890
892
946
891
899
915
883
890
863
850
878
851
846
858
842
865
861
848
834
869
846
838
791
814
831
811
796
812
802
826
792
821
816
799
812
771
813
781
809
790
779
777
769
770
765
765
782
786
754
741
779
769
752
763
758
723
734
753
733
719
731
719
703
726
715
718
721
717
714
720
718
715
707
692
704
701
709
710
712
705
710
721
695
703
697
714
692
707
675
687
683
686
692
690
681
667
669
681
679
653
665
677
682
680
671
688
685
675
684
675
669
663
656
654
690
667
662
665
671
665
672
663
650
656
667
658
678
648
677
662
656
655
643
631
657
657
646
653
653
654
653
664
643
654
647
637
668
657
647
652
665
622
647
632
650
652
657
652
643
647
644
639
642
637
633
633
643
644
620
638
627
630
635
632
623
627
639
643
636
618
633
643
634
635
627
632
635
640
647
624
622
630
636
634
624
627
629
613
626
636
629
625
622
632
626
612
621
630
632
606
632
630
619
641
618
629
612
620
619
621
627
624
624
610
611
620
625
613
624
619
624
609
628
606
611
613
615
612
626
622
610
623
619
609
613
621
618
616
626
630
622
624
612
614
614
618
617
616
617
604
607
606
611
617
604
615
604
612
608
608
616
613
607
613
610
618
615
617
620
609
606
606
629
614
611
613
614
606
596
617
614
605
609
606
621
610
603
619
592
614
612
606
604
603
615
601
614
604
602
608
603
611
604
611
606
617
608
603
613
616
604
605
616
609
608
613
618
616
604
608
610
598
600
610
610
603
606
609
603
607
612
616
610
607
598
612
601
598
607
612
606
608
607
614
604
606
617
599
607
607
603
602
599
602
601
603
607
612
604
609
604
607
605
607
606
595
608
603
599
603
604
605
598
607
608
616
604
602
597
603
602
