611
609
601
605
606
615
609
598
604
609
597
604
606
614
609
607
602
599
610
603
610
606
599
599
611
606
608
606
610
608
607
601
607
610
606
596
602
609
596
602
611
606
601
605
612
606
605
606
610
602
605
601
604
603
604
598
602
608
601
607
612
601
605
602
604
609
609
606
609
610
604
600
608
607
610
597
604
609
612
607
599
604
602
604
609
593
609
601
603
595
601
601
607
599
598
604
607
596
601
608
606
599
604
601
599
599
605
604
608
594
596
604
607
604
598
609
602
611
595
605
597
601
595
606
597
603
610
605
601
611
601
620
612
595
603
604
607
598
615
604
609
596
602
598
603
606
604
608
609
610
592
597
606
615
606
604
612
606
606
612
601
598
598
601
607
601
595
601
608
608
600
601
611
610
606
607
607
604
607
606
607
601
610
600
610
606
607
605
598
604
608
605
605
602
597
608
604
598
609
601
602
606
605
600
604
603
608
614
606
610
601
609
598
616
597
615
600
607
614
602
600
615
603
607
600
604
606
618
609
607
608
612
610
609
608
609
606
598
603
598
605
614
616
609
612
606
622
607
609
607
613
608
608
618
606
603
608
609
609
606
612
615
613
603
613
611
624
609
606
598
608
605
610
619
607
621
620
624
609
613
616
619
609
609
617
619
616
624
618
612
622
619
611
624
606
631
613
613
616
614
624
623
625
639
618
618
634
611
623
624
631
639
632
641
625
627
636
621
632
618
624
626
620
636
630
629
639
626
628
630
626
637
651
661
635
653
639
657
644
655
658
644
644
659
641
659
660
647
656
651
652
671
675
648
662
678
679
673
678
694
698
674
683
706
672
701
700
693
692
711
707
708
729
708
717
738
703
745
751
783
754
794
751
802
744
749
782
798
787
819
789
843
836
825
843
842
822
905
930
885
897
878
936
951
953
979
956
1026
953
1029
994
1000
1008
1053
1064
1093
1109
1175
1141
1188
1181
1260
1206
1282
1293
1305
1334
1400
1388
1434
1482
1528
1495
1571
1603
1587
1714
1694
1721
1747
1825
1926
1933
1963
2046
2037
2072
2156
2175
2206
2301
2361
2460
2480
2523
2594
2697
2707
2775
2653
2810
2977
2980
2891
2949
2994
3047
3165
3170
3363
3308
3355
3329
3405
3405
3679
3635
3573
3748
3709
3731
3841
3853
3857
3948
3958
4092
4039
4058
4090
4153
4047
4273
4276
4180
4335
4481
4416
4522
4553
4590
4721
4606
4782
4654
4801
4626
4890
4940
4902
4992
4930
4966
5078
5016
5036
5179
5276
5311
5251
5360
5243
5568
5582
5463
5436
5554
5554
5628
5498
5591
5593
5578
5791
5717
5723
5675
5846
5955
5748
6156
5902
6180
6080
5987
6274
6084
6127
6153
6117
6348
6242
6341
6218
6264
6296
6254
6375
6434
6326
6430
6426
6601
6493
6465
6465
6587
6543
6624
6694
6492
6581
6625
6680
6722
6512
6858
6709
6850
6681
6670
6860
6743
6625
6948
6780
7024
6974
6945
6916
6966
6826
7110
6973
7021
7018
7010
6976
6914
6975
6956
7091
7073
7088
7165
7023
7226
7165
7217
7120
7159
7204
7370
7275
7137
7480
7157
7399
7469
7281
7267
7439
7370
7290
7267
7214
7348
7500
7475
7549
7526
7527
7495
7607
7675
7742
7772
7759
7733
7722
7637
7800
7736
7820
7766
7748
7665
7927
7889
7992
7752
7787
7787
7905
8210
8239
8034
8239
8180
8099
8159
8147
8211
8236
8194
8262
8247
8369
8320
8224
8369
8284
8286
8298
8289
8415
8519
8425
8351
8511
8339
8362
8527
8304
8277
8592
8275
8395
8310
8447
8394
8318
8305
8449
8235
8243
8166
8282
8348
8373
8545
8304
8353
8364
8242
8465
8393
8290
8247
8397
8366
8602
8293
8196
8009
8195
8243
7949
8162
7965
8246
8100
7918
8093
7983
7947
8011
7917
8048
7866
7929
7939
7764
7913
8092
7855
7825
7783
7665
7697
7611
7545
7427
7407
7637
7360
7488
7338
7240
7365
7316
7264
7147
7203
7217
7187
6982
6796
6995
6985
6872
6709
6815
6695
6659
6618
6661
6358
6485
6472
6333
6434
6314
6047
6231
6080
6034
5997
6182
6004
6025
5918
6045
5832
5885
5695
5639
5647
5578
5558
5544
5410
5352
5214
5093
5192
5075
5198
4876
4862
4903
4895
4940
4745
4914
4867
4683
4680
4542
4622
4292
4546
4386
4409
4255
4265
4156
4254
4046
4090
3917
3965
3793
3822
3782
3866
3744
3698
3767
3652
3575
3495
3488
3486
3365
3380
3348
3313
3257
3227
3193
3220
3060
3097
2984
3060
2857
2878
2850
2749
2789
2857
2645
2740
2687
2725
2655
2532
2660
2511
2487
2557
2456
2398
2368
2304
2301
2225
2226
2222
2282
2197
2280
2160
2056
2070
2040
2008
2007
2016
1970
1988
1899
1859
1891
1958
1857
1797
1841
1892
1738
1709
1778
1669
1683
1706
1707
1707
1588
1620
1644
1578
1460
1542
1508
1528
1507
1536
1466
1463
1459
1446
1466
1396
1427
1376
1392
1403
1400
1362
1366
1303
1310
1293
1317
1301
1277
1259
1227
1228
1234
1220
1185
1205
1251
1191
1176
1123
1101
1094
1121
1072
1167
1101
1081
1068
1050
1115
1073
1056
1070
1087
1061
1067
1034
1057
1032
996
995
1020
1023
983
1007
1023
994
972
980
964
984
976
943
917
921
943
950
939
900
912
897
909
912
899
863
897
901
892
894
857
860
856
872
862
830
860
825
828
850
837
830
845
821
822
833
795
820
813
814
822
809
790
806
788
769
799
768
790
771
766
765
764
755
786
780
771
742
737
781
774
765
786
764
751
745
758
740
731
719
749
724
731
768
713
758
749
747
723
730
721
728
728
716
737
719
717
733
700
700
732
731
721
694
714
706
709
676
710
677
714
709
682
685
687
694
709
684
705
678
691
681
678
701
682
671
667
673
699
689
683
668
675
673
684
662
680
671
664
688
687
672
649
678
672
676
656
672
665
680
669
657
678
663
662
684
660
647
657
654
660
664
652
657
652
647
634
647
657
642
666
645
646
651
657
646
660
650
636
636
633
650
642
635
632
649
652
639
655
631
646
649
624
649
625
638
639
635
657
643
642
632
640
632
620
638
626
634
626
633
645
631
631
627
640
618
638
632
618
627
628
642
626
615
627
632
636
632
633
625
623
612
629
631
619
618
630
647
615
636
618
637
635
619
620
618
615
621
621
633
619
624
616
621
614
617
633
629
628
621
615
623
626
610
622
611
603
617
613
621
616
610
610
611
620
610
617
613
620
616
611
619
617
611
608
607
617
605
610
600
605
625
622
622
617
616
601
617
609
614
621
612
613
614
611
603
613
613
613
622
603
616
613
603
623
618
609
611
616
610
605
604
614
609
615
602
603
620
600
609
611
608
597
604
604
622
610
611
603
612
606
611
600
609
614
607
604
603
611
608
617
603
603
604
608
595
610
610
612
600
619
613
597
609
608
605
622
611
601
602
608
605
608
604
607
610
609
609
608
610
596
613
604
