608
615
611
611
611
613
609
612
599
607
614
607
609
603
609
604
608
607
609
613
607
601
612
606
599
614
615
599
604
600
614
612
606
613
610
594
609
608
606
601
615
602
602
608
608
602
610
611
614
597
602
612
611
608
601
604
609
601
598
609
604
595
613
602
609
608
603
608
605
607
603
614
602
599
596
601
610
608
600
612
616
607
599
619
604
614
605
613
599
602
599
604
613
605
601
616
606
600
611
602
607
605
602
598
597
604
602
606
608
610
596
606
605
612
595
608
607
616
615
614
610
597
601
596
614
601
612
607
608
605
599
613
604
597
607
603
607
602
602
610
598
603
610
620
608
597
605
603
612
611
599
603
605
612
616
610
595
619
599
594
609
600
610
610
612
607
598
608
605
600
607
595
609
609
608
597
606
604
600
611
604
610
607
603
613
602
604
610
605
609
598
609
608
607
605
615
605
597
615
603
612
612
611
612
613
612
610
615
600
606
610
617
610
613
610
598
622
602
601
623
605
614
614
612
615
616
608
608
613
611
608
608
612
597
598
604
619
609
616
604
612
618
603
605
614
614
614
604
613
601
622
612
613
615
607
608
615
613
610
606
606
609
619
618
626
607
611
624
621
625
615
614
618
617
624
618
627
609
620
620
615
621
614
614
611
626
617
614
617
625
622
619
630
623
626
615
630
635
622
631
638
624
628
624
634
630
616
622
641
640
640
632
629
639
657
633
644
636
639
633
649
621
628
662
633
647
641
639
629
642
639
647
642
653
659
647
661
672
669
654
652
675
666
658
677
693
677
671
671
667
686
697
680
670
688
689
693
701
717
707
711
698
716
708
699
707
740
715
731
720
745
754
761
733
763
780
787
785
788
795
769
800
773
795
826
818
844
834
850
853
858
849
888
921
916
905
929
962
954
917
971
962
962
987
1037
1075
1058
1059
1063
1083
1124
1142
1153
1182
1206
1162
1245
1279
1337
1330
1340
1366
1364
1422
1390
1520
1435
1474
1555
1644
1651
1682
1733
1813
1840
1845
1979
1954
2079
2029
2146
2202
2265
2276
2323
2418
2405
2556
2565
2650
2605
2690
2782
2884
2911
3030
3003
3008
3189
3285
3272
3361
3433
3542
3483
3611
3533
3685
3790
3748
3816
4017
4060
4072
4093
4089
4071
4209
4318
4452
4346
4618
4597
4755
4600
4619
4733
4721
4722
4740
4864
5004
5055
4920
5018
5133
5283
5230
5233
5465
5378
5434
5614
5574
5582
5660
5660
5694
5892
5986
5818
5774
5898
5791
6049
6054
6026
6381
6412
6345
6388
6199
6487
6660
6449
6642
6667
6552
6478
6609
6729
6655
6602
6778
6839
6755
6957
6896
6966
7188
7038
7296
7217
7236
7388
7626
7280
7377
7468
7504
7545
7509
7649
7684
7507
7680
7721
7708
7683
7729
7689
7827
7784
7732
8021
7825
7917
8071
7888
8167
7798
8049
8107
7939
8020
7927
7981
7993
7991
7899
8028
8075
7993
8104
8105
8067
8267
8428
8261
8384
8362
8433
8300
8315
8390
8652
8577
8463
8651
8390
8411
8316
8578
8550
8634
8743
8581
8562
8625
8563
8742
8795
8813
8678
8793
8694
8618
8955
8874
8896
8659
8672
8875
8786
8928
8798
8979
8832
8866
8928
8916
9097
9117
9064
9057
9269
9295
9310
9362
9377
9372
9212
9278
9261
9454
9378
9611
9310
9498
9504
9635
9446
9650
9507
9603
9744
9702
9768
9761
9844
9752
9920
10055
9699
9990
10109
9684
9737
9913
9907
10055
9953
10094
9985
9944
10076
10079
9983
9994
10336
9923
10112
10080
10105
10269
10078
10094
10138
10091
10274
10213
10162
10226
9861
10072
10268
10081
10129
10058
10227
10250
10035
10116
10293
10150
10008
10028
10022
10267
10121
9833
10009
10071
9984
10112
9696
9831
9766
9855
9854
9967
9943
9720
9630
9691
9793
9862
9729
9642
9578
9661
9866
9722
9406
9491
9660
9517
9493
9421
9379
9226
9142
9264
9144
8975
9090
9162
8912
8766
8836
8744
8679
8755
8599
8644
8683
8475
8513
8518
8261
8214
8238
8228
8055
8262
8067
7992
7909
7930
7768
7754
7813
7636
7586
7509
7541
7762
7353
7412
7261
7293
7423
7082
7162
6964
6976
7031
6759
6790
6777
6505
6682
6477
6387
6523
6383
6188
6223
6154
6233
5939
5972
5917
5827
5806
5847
5632
5777
5583
5603
5469
5523
5434
5402
5235
5156
5097
5032
5177
4885
4938
4763
4562
4658
4678
4532
4512
4477
4466
4397
4380
4321
4285
4205
4136
4079
4041
4081
4047
3882
3837
3889
3831
3766
3562
3581
3559
3490
3457
3434
3283
3330
3225
3197
3357
3188
3157
3175
3042
3145
2971
2993
2853
2917
2989
2912
2795
2713
2786
2703
2668
2627
2636
2617
2503
2509
2445
2517
2442
2362
2280
2299
2319
2376
2316
2310
2290
2207
2161
2170
2161
2227
2098
2114
2089
2079
1993
1947
1955
1931
1906
1836
1863
1812
1777
1738
1753
1737
1690
1698
1745
1710
1658
1666
1592
1605
1641
1560
1579
1567
1583
1543
1595
1450
1497
1491
1406
1401
1420
1460
1415
1383
1392
1374
1388
1384
1319
1267
1319
1332
1279
1275
1255
1322
1245
1238
1259
1254
1244
1209
1189
1231
1175
1163
1153
1182
1111
1153
1130
1074
1125
1114
1100
1135
1098
1096
1064
1040
1061
1036
1075
1069
1032
1004
1044
1007
970
1000
1010
996
1026
979
1000
973
1004
922
1001
952
936
937
937
958
881
916
887
884
910
881
879
932
875
875
899
903
902
886
905
871
861
868
824
841
854
836
833
852
851
853
822
824
817
805
818
819
781
832
812
791
793
789
809
796
798
763
797
797
793
780
789
754
794
766
776
758
783
753
762
779
788
766
768
769
741
754
746
717
736
743
746
747
735
753
745
747
736
716
715
749
717
726
732
715
698
726
730
721
700
701
693
730
721
697
695
707
714
713
665
681
694
699
696
695
685
688
710
689
703
678
698
710
698
707
679
676
680
673
679
675
668
672
672
670
683
685
684
679
671
685
684
668
673
685
664
670
679
674
664
665
651
659
672
660
654
677
658
665
655
670
664
675
650
668
662
664
642
665
668
642
636
672
653
654
664
649
651
650
634
655
655
648
626
655
654
644
646
646
642
641
633
632
637
648
637
623
657
638
641
640
626
644
644
632
644
650
630
640
626
627
640
639
636
631
627
649
628
632
648
650
631
614
625
637
633
631
629
636
622
634
629
618
630
626
622
639
622
628
614
629
624
619
633
620
624
618
610
616
631
639
619
605
615
624
623
630
618
613
629
628
619
623
619
618
621
618
619
615
619
625
622
625
614
623
619
616
618
618
630
617
628
620
618
616
610
611
616
612
613
623
613
626
620
624
619
607
631
619
625
617
613
628
607
614
609
613
614
610
617
623
611
621
622
613
614
608
607
614
603
610
608
615
618
605
614
615
613
623
612
611
627
600
611
608
608
610
613
603
614
618
609
619
614
611
613
609
617
608
607
602
624
608
607
620
614
616
601
608
610
611
603
607
