610
598
618
611
606
603
611
607
608
604
605
607
610
609
607
614
605
615
604
608
621
610
606
615
616
612
611
611
627
603
610
614
609
606
603
608
613
606
600
606
613
608
610
618
611
622
618
607
609
612
612
605
604
606
602
593
609
614
611
605
608
599
612
603
598
615
602
608
613
606
603
605
610
618
617
604
606
606
610
601
605
613
601
606
601
603
620
615
596
611
607
608
600
600
609
610
603
604
614
613
604
612
615
615
600
624
610
602
605
614
603
604
615
617
617
621
615
598
609
612
613
608
619
612
600
616
605
605
604
608
610
609
609
605
607
612
598
610
615
606
611
597
603
612
615
604
614
611
606
606
612
605
596
610
602
605
618
598
611
613
613
609
609
594
611
610
607
615
601
608
603
603
607
616
615
617
609
611
609
610
618
616
609
611
611
613
613
619
608
611
611
618
614
612
608
621
611
613
604
609
616
611
608
616
618
607
607
621
609
611
608
608
608
612
614
616
617
612
623
611
612
600
614
608
617
624
616
621
615
607
618
608
612
613
615
609
609
620
612
624
622
628
613
606
605
618
621
624
630
621
613
627
624
619
613
618
610
620
622
616
616
630
633
619
619
631
613
624
619
616
619
610
627
628
617
632
623
625
626
623
623
623
614
644
637
643
618
633
646
632
638
624
628
647
644
633
631
627
645
644
656
639
645
643
647
641
642
652
662
661
632
637
658
649
656
664
635
644
658
672
685
668
653
665
660
664
689
652
687
656
675
686
696
706
697
682
692
704
676
727
698
688
698
718
686
734
705
698
729
717
713
722
711
697
737
737
713
750
752
710
765
778
752
790
767
773
787
806
796
815
790
814
819
843
824
813
850
865
877
881
889
868
927
923
916
948
929
916
954
941
982
986
966
1038
1056
1056
1059
1126
1093
1101
1162
1138
1149
1159
1256
1267
1238
1276
1291
1292
1302
1374
1364
1443
1481
1527
1482
1595
1625
1594
1657
1657
1734
1819
1823
1881
1919
1973
2012
2118
2182
2188
2205
2345
2395
2477
2619
2632
2669
2580
2731
2839
3040
2913
3105
3118
3280
3215
3347
3421
3661
3601
3773
3902
3922
4064
4208
4095
4321
4357
4518
4616
4691
4848
4832
4865
5021
5033
5104
5155
5402
5358
5599
5456
5609
5787
5721
5874
5819
6007
6080
6200
6155
6166
6400
6201
6328
6341
6547
6593
6465
6636
6688
6715
6923
6787
7184
7167
7236
7318
7592
7424
7492
7721
7612
7586
7873
7957
7991
8060
8244
8299
8076
8279
8288
8347
8600
8429
8710
8690
8791
8804
8953
8652
8876
9027
9143
9104
9348
9236
9439
9435
9448
9711
9517
9678
9556
9690
9824
9864
9764
10099
10259
10172
10129
10202
10364
10547
10303
10338
10493
10414
10521
10632
10553
10583
10454
10859
10865
10877
10880
10920
10926
11184
11354
10998
11235
11103
11263
11170
11302
11402
11377
11295
11318
11142
11247
11396
11370
11335
11521
11284
11507
11574
11505
11459
11802
11709
11708
11823
11869
11997
11976
12010
11703
11684
11957
11766
11786
11822
12194
11988
12027
12126
11993
12131
12101
12166
12137
12411
12212
11900
12294
12052
12237
12277
12296
12318
12211
12358
12426
12294
12431
12400
12386
12349
12717
12545
12545
12364
12721
12772
12585
12904
12990
12962
12859
13268
12905
13127
13090
13087
13180
12865
13005
13076
13233
13343
13319
13108
13371
13219
13450
13280
13322
13855
13419
13501
13419
13711
13772
13864
13941
14079
13882
13855
13834
13766
14131
13767
13949
13844
14202
13891
13930
13947
14355
14123
14027
14187
13713
14165
14207
14283
14253
14257
14348
13954
14336
14380
14114
14408
14162
14355
14200
13832
14127
14336
14314
14196
14368
14159
14222
14341
14055
14417
14143
14217
14103
14304
14016
14316
14246
14019
14154
13836
13714
13986
14086
14016
13875
13734
13852
13544
13831
13672
13860
13683
13739
13644
13788
13663
13367
13364
13554
13396
13499
13207
13264
13249
13122
13052
12993
13297
13028
13004
12682
12474
12910
12483
12694
12340
12488
12612
12348
12289
12089
12173
12296
12048
12137
11917
11897
11653
11708
11260
11650
11494
11399
11258
11306
10962
11199
10971
10951
10826
10639
10609
10832
10469
10519
10785
10350
10492
10121
10176
10139
9978
9643
9842
9618
9688
9601
9643
9370
9366
9045
9055
8919
9035
8752
8712
8885
8622
8609
8579
8385
8228
8240
8146
8221
7950
7948
7812
7654
7651
7506
7474
7387
7235
7188
7033
7049
7047
6815
6731
6542
6606
6478
6357
6447
6358
6225
6176
6185
6000
5919
5957
5917
5822
5795
5595
5529
5426
5326
5283
5438
5301
5202
5096
4846
5067
4831
4864
4807
4646
4644
4649
4593
4603
4410
4405
4432
4346
4284
4151
4143
4090
4044
4143
3883
3913
3846
3687
3683
3634
3611
3560
3503
3544
3445
3426
3411
3378
3336
3198
3195
3055
3113
3127
2997
3052
3030
2997
2918
2845
2802
2851
2744
2776
2665
2570
2543
2610
2587
2499
2531
2495
2346
2427
2313
2409
2361
2404
2241
2254
2311
2288
2197
2205
2139
2083
2096
2126
1989
2011
1931
2049
1929
1952
1910
1897
1908
1907
1865
1765
1835
1841
1797
1745
1702
1752
1630
1673
1658
1638
1659
1627
1568
1588
1586
1534
1534
1532
1560
1546
1522
1465
1469
1446
1439
1410
1381
1384
1364
1366
1365
1389
1256
1403
1338
1319
1282
1331
1322
1327
1261
1257
1328
1229
1268
1271
1224
1208
1201
1154
1189
1142
1181
1181
1177
1173
1186
1143
1146
1131
1126
1055
1114
1113
1062
1074
1091
1057
1128
1091
1055
1112
1049
1050
1002
989
987
992
1061
1021
984
1042
980
1013
959
959
999
982
977
926
908
952
933
912
916
932
915
913
894
940
914
905
920
901
903
854
935
865
884
885
862
918
877
852
844
840
852
826
849
827
831
845
825
830
808
854
826
818
814
860
793
808
783
784
848
804
794
769
814
792
794
786
805
787
793
782
765
771
736
784
769
776
772
747
780
756
739
756
750
753
732
755
733
741
740
736
766
755
742
745
734
747
732
752
730
736
710
739
710
726
704
721
730
719
702
707
714
697
718
724
696
706
724
706
694
684
704
707
686
716
708
697
719
705
681
690
675
697
683
695
656
694
684
703
683
681
696
668
684
672
677
665
680
674
683
654
687
679
665
653
680
665
658
652
677
673
663
661
663
658
675
669
655
694
649
648
675
666
662
625
649
651
666
653
650
659
653
653
638
662
653
656
647
649
654
645
641
657
645
657
632
670
634
642
655
636
648
621
656
650
645
629
658
637
646
651
634
633
642
642
628
641
637
653
639
642
641
649
621
626
621
632
637
643
621
630
631
615
635
627
623
636
641
622
620
622
654
630
625
633
636
639
622
631
626
634
632
631
630
629
620
620
636
639
630
620
634
621
626
625
612
639
608
615
625
616
624
618
609
635
611
632
628
621
627
630
622
621
614
622
628
617
614
616
625
611
614
624
622
626
609
627
628
623
617
620
619
617
612
614
621
624
625
618
615
632
620
610
617
627
622
616
622
612
614
613
615
623
613
610
620
623
619
607
