618
603
619
623
616
620
611
617
608
608
610
611
614
614
612
602
611
606
610
608
607
618
610
609
624
622
605
619
624
618
629
615
613
613
612
604
618
608
614
604
602
616
618
627
611
619
612
611
612
609
610
617
599
610
599
602
613
603
614
623
613
604
607
607
606
617
616
619
609
607
609
616
621
620
615
610
611
608
612
606
606
615
623
618
620
610
619
618
608
610
598
615
611
614
604
618
614
618
610
604
602
610
610
625
603
623
622
605
610
615
608
614
615
610
606
607
604
604
613
610
611
624
607
613
611
608
613
598
595
608
607
611
603
605
610
610
610
612
615
615
608
612
602
625
604
602
603
613
612
619
612
607
610
604
610
606
615
609
608
604
614
617
606
617
609
611
606
605
606
611
606
605
605
610
612
606
606
605
614
614
616
607
617
616
610
599
614
616
612
615
615
615
620
607
611
610
614
612
601
601
621
613
605
611
607
630
618
620
612
615
612
596
613
614
619
615
618
617
627
609
613
612
612
612
613
623
608
612
611
616
626
616
616
620
624
615
612
633
624
614
621
609
612
610
623
608
616
613
617
616
629
642
616
615
620
610
615
623
630
628
617
616
627
608
618
613
637
627
625
623
617
625
623
628
622
618
621
627
623
623
636
629
619
632
632
632
632
627
637
621
621
627
633
642
626
660
635
653
648
631
624
639
647
639
628
627
647
638
647
622
640
641
651
632
646
650
656
649
647
658
661
677
676
652
665
677
670
672
663
684
671
681
658
701
674
685
679
699
705
687
687
690
682
698
699
720
696
683
713
713
716
746
726
718
742
729
759
721
774
777
762
767
785
771
797
765
781
779
817
778
828
810
823
839
808
815
877
853
842
861
883
888
900
898
915
909
889
951
989
966
960
983
1048
1033
1086
1060
1035
1110
1102
1131
1100
1098
1149
1220
1202
1241
1259
1271
1273
1313
1306
1382
1400
1463
1441
1476
1509
1587
1571
1705
1693
1674
1742
1693
1821
1902
1968
1987
2046
2031
2107
2245
2180
2207
2386
2420
2493
2585
2621
2673
2759
2962
2850
2926
3080
3161
3247
3248
3434
3487
3629
3669
3834
3763
3932
4015
4115
4229
4225
4451
4410
4503
4526
4641
4668
4595
4864
4841
4850
5039
5094
5206
5162
5274
5416
5415
5331
5453
5537
5653
5585
5559
5721
5706
5803
5868
5965
5742
5823
5921
6001
6033
6336
6229
6246
6301
6396
6550
6490
6566
6690
6684
6691
6839
6821
6732
6950
7068
7172
7377
7205
7285
7395
7278
7279
7478
7403
7573
7559
7845
8010
7849
7806
7961
7993
8247
8095
7907
8225
8134
8160
8447
8633
8444
8507
8583
8519
8649
8839
9064
8899
8955
9168
9204
9163
9427
9327
9395
9312
9382
9357
9345
9592
9743
9551
9786
9598
9763
9768
9857
9875
10045
9877
9954
10007
10098
10067
10101
10218
10194
10406
10214
10435
10471
10159
10185
10551
10265
10659
10388
10407
10191
10473
10691
10501
10689
10726
10742
10697
10798
10797
10713
10979
10863
10971
10599
10849
10845
10911
10784
10834
10731
11005
10858
10885
10700
10784
11041
10861
10956
11230
10999
10845
11381
11187
11303
11122
11288
11140
11185
11300
10904
11211
11026
11191
11175
11336
11310
11275
11529
11296
11312
11642
11701
11540
11522
11609
11673
11836
11698
11686
11667
11797
11845
11575
11939
11897
11765
12088
11895
11807
12041
12069
12183
12060
11982
12421
12252
12348
12480
12095
12285
12318
12657
12330
12532
12380
12470
12256
12633
12531
12487
12639
12392
12758
12661
12612
12502
12826
12714
12878
12711
12757
12779
12906
12934
12799
12821
12787
12828
12807
12887
12689
12919
12912
12961
12888
12693
12940
12929
13010
12665
12997
12872
12849
12672
12898
12876
12749
13163
12956
12953
12591
12691
12815
12971
12669
12650
12680
12919
12620
12569
12516
12373
12573
12635
12442
12622
12477
12408
12601
12540
12674
12486
12496
12503
12560
12405
12314
12138
12146
12012
11981
12197
12254
11758
12021
11666
11709
11783
11881
11728
11666
11661
11692
11634
11394
11570
11484
11365
11394
11437
11326
11019
11025
10962
11028
10918
10586
10622
10459
10420
10559
10457
10289
10461
10254
9968
10272
9889
10002
10141
9938
9854
9593
9491
9633
9537
9502
9358
9186
9366
8989
9141
9230
8921
8814
8723
8673
8667
8745
8395
8446
8424
8413
8121
8272
8243
8062
7990
7924
7978
7785
7395
7666
7461
7562
7421
7379
7297
7304
6910
6939
6825
6793
6807
6695
6695
6537
6484
6418
6247
6266
6063
6072
6287
6188
5954
5871
5734
5667
5732
5712
5587
5561
5488
5444
5288
5166
5191
4992
5012
4947
4852
4768
4817
4753
4620
4637
4550
4583
4559
4511
4403
4366
4269
4316
4200
4294
4179
4007
4081
3779
3895
3904
3784
3620
3583
3546
3376
3557
3622
3543
3500
3393
3290
3420
3284
3273
3242
3208
3020
3065
3069
3025
3070
2958
2954
2794
2856
2827
2762
2773
2660
2675
2712
2585
2549
2534
2607
2481
2557
2436
2323
2395
2283
2288
2305
2295
2267
2205
2252
2225
2118
2194
2116
2085
2155
2013
2001
1941
1892
1917
1914
1871
1828
1884
1832
1858
1744
1826
1752
1708
1755
1719
1742
1698
1720
1678
1670
1612
1624
1569
1574
1625
1623
1547
1485
1497
1542
1558
1443
1478
1422
1431
1438
1428
1402
1409
1394
1379
1336
1402
1359
1273
1324
1324
1296
1306
1294
1328
1232
1189
1233
1232
1260
1184
1189
1233
1247
1173
1140
1181
1171
1129
1155
1154
1102
1133
1071
1115
1117
1130
1112
1103
1147
1144
1080
1068
1086
1070
1044
1058
1050
1044
1039
1045
992
1002
1023
952
991
1004
973
930
995
962
986
1019
943
932
931
922
951
907
908
929
913
929
961
902
941
880
913
876
885
901
876
860
859
880
914
856
886
839
877
852
855
840
832
819
817
785
860
806
853
822
824
835
829
797
787
849
794
796
803
833
802
803
797
819
768
760
767
765
796
781
748
766
769
753
769
782
724
787
757
767
737
735
755
743
765
744
737
756
758
716
725
748
735
724
750
740
735
749
706
709
717
736
720
727
723
712
706
732
740
717
707
700
711
708
732
695
709
691
694
681
708
713
704
705
708
689
691
686
722
703
677
700
691
702
706
680
697
675
695
680
664
698
664
675
667
692
658
660
665
648
672
664
673
660
666
669
673
668
672
662
684
670
680
643
662
669
675
656
664
668
662
660
680
656
666
648
654
659
647
641
638
645
659
654
633
668
673
653
656
644
663
652
657
644
666
648
659
653
641
642
648
651
640
641
635
642
647
631
625
655
618
644
633
625
646
653
631
636
641
634
635
636
646
633
632
638
631
640
624
642
629
627
632
634
630
645
634
630
635
639
635
622
640
621
638
643
632
632
633
637
631
622
623
618
623
616
620
612
621
635
622
627
613
617
621
625
617
624
620
627
618
618
630
613
634
623
636
623
635
621
625
626
613
631
622
621
617
629
623
617
630
622
621
623
611
613
631
622
615
617
616
615
623
611
620
606
628
638
618
608
616
609
625
606
608
622
617
613
609
619
621
617
603
