606
622
611
605
620
611
605
612
614
615
614
618
604
611
611
622
620
615
619
622
608
619
607
627
605
607
616
607
612
634
638
640
629
619
610
621
611
610
606
620
615
608
614
620
616
614
646
616
615
601
605
612
615
613
606
611
619
601
608
604
613
607
606
605
599
606
610
611
609
613
617
601
620
608
609
611
599
609
608
609
605
612
612
613
607
600
614
614
618
624
602
622
608
603
617
630
614
614
615
605
610
612
609
606
612
604
604
607
605
604
614
617
603
601
634
615
607
612
607
622
629
599
609
611
607
612
605
610
609
612
609
619
612
606
619
611
607
615
604
603
614
604
609
603
614
611
613
604
613
627
607
612
608
604
612
612
615
612
609
603
606
606
614
614
607
619
614
605
603
605
608
617
609
600
613
605
608
606
608
610
617
618
614
623
611
611
598
613
614
604
613
605
613
608
618
615
615
613
619
627
610
614
611
618
610
614
611
610
612
607
600
618
612
608
615
606
613
604
618
615
615
613
616
607
614
618
619
618
624
617
611
616
620
625
612
611
619
615
624
615
613
624
625
624
624
622
634
628
619
616
623
621
618
615
621
623
617
635
617
613
618
617
618
620
634
614
628
620
624
632
630
617
629
621
619
622
639
631
627
616
627
624
633
633
632
636
647
638
636
648
635
644
649
645
627
639
648
626
647
647
630
654
628
646
663
642
633
629
648
652
635
644
660
657
643
660
649
635
661
662
649
667
657
672
683
681
652
671
664
670
651
673
684
665
686
689
659
680
688
686
712
723
716
687
710
727
711
714
723
715
714
731
723
737
748
736
745
745
748
750
774
786
784
783
791
825
782
827
783
842
801
803
848
850
871
866
885
884
890
883
900
940
904
954
949
929
954
998
983
1015
1001
1018
1033
1066
1082
1090
1103
1196
1091
1165
1170
1250
1251
1230
1237
1275
1322
1271
1328
1374
1390
1473
1466
1567
1519
1636
1519
1647
1646
1767
1825
1862
1835
1907
1963
2001
2049
2061
2070
2192
2237
2272
2291
2507
2479
2512
2679
2750
2763
2694
2916
3039
2986
3156
3231
3391
3410
3502
3594
3648
3836
3904
4083
4099
4091
4337
4381
4419
4536
4755
4654
4759
5004
4873
5051
5239
5169
5194
5251
5306
5422
5505
5663
5723
5741
5735
5868
5844
5890
6100
6037
6100
6252
6242
6372
6338
6263
6428
6510
6393
6619
6774
6561
6628
6856
6852
6852
6991
6996
7064
7287
7164
7191
7400
7304
7547
7412
7521
7483
7561
7785
7939
7859
7858
7939
8049
8101
8168
8330
8362
8309
8450
8585
8655
8960
8756
8880
8937
8800
8972
9143
9188
8966
9314
9171
8969
9428
9447
9554
9641
9599
9762
9763
10011
10019
10011
10184
10177
10249
10268
10266
10232
10269
10340
10421
10350
10787
10624
10632
10519
10766
10536
10950
10901
10862
10978
10955
11074
11128
11228
11085
11279
11239
11121
11229
11153
11384
11208
11474
11278
11066
11414
11318
11477
11420
11429
11465
11434
11669
11605
11788
11694
11779
11847
11703
11641
11573
11843
11671
11609
11844
11687
11718
11840
11910
11700
11871
11956
11942
11929
11991
12046
12054
12216
11888
12242
12142
12147
12215
12187
12193
12453
12092
12084
12392
12336
12146
12621
12386
12344
12443
12376
12438
12270
12608
12885
12713
12923
12491
12947
12692
12852
12886
12908
12744
12925
12907
12768
13004
12984
12710
13111
13091
13149
13091
13162
13126
13222
13293
13299
13484
13449
13438
13307
13544
13528
13491
13173
13386
13697
13296
13500
13722
13401
13749
13772
13649
13805
13576
13747
13797
14080
13998
14018
13961
13885
14114
13904
13990
13855
14031
13706
14020
13934
13855
14171
13894
13820
13759
14032
13777
13938
13916
14308
13912
13727
14009
14062
14242
14003
13944
13941
14032
13686
13853
13644
14004
13735
13630
13866
13537
13338
13669
13611
13854
13509
13881
13947
13653
13527
13874
13579
13552
13603
13442
13541
13459
13199
13125
13116
13264
13126
13099
13022
12955
13024
12686
12944
12816
12775
12812
12597
12599
12603
12517
12532
12633
12535
12168
12255
12081
12033
12222
12253
12127
11823
12061
11879
11415
11596
11625
11525
11522
11175
11157
11279
11137
11143
11189
10907
10977
10874
10786
10771
10688
10487
10523
10171
10295
10185
10030
10130
9940
10127
9909
9717
10061
9556
9550
9714
9436
9258
9278
9106
9181
9189
8851
8915
8874
8704
8700
8834
8372
8359
8418
8251
8179
7939
7858
7823
7653
7733
7878
7559
7543
7254
7303
7151
7053
6851
7158
6882
7038
6778
6756
6763
6633
6467
6305
6465
6406
6322
6125
6056
5898
6139
5820
5719
5600
5507
5576
5467
5255
5501
5383
5301
5354
5083
5071
5105
4942
4935
4871
4809
4752
4753
4597
4624
4797
4348
4400
4322
4441
4284
4134
4084
4030
4043
4054
3977
3872
3780
3742
3787
3673
3703
3658
3731
3529
3510
3447
3345
3347
3320
3293
3250
3221
3187
3186
3022
3073
3006
2907
2911
2945
2851
2771
2835
2718
2701
2717
2770
2644
2617
2565
2557
2625
2515
2516
2438
2354
2472
2405
2410
2295
2294
2233
2258
2235
2162
2140
2091
2046
2074
1948
2009
2053
2044
1900
1944
1999
2035
1917
1811
1844
1839
1818
1842
1825
1755
1786
1753
1732
1699
1711
1654
1717
1724
1601
1633
1557
1533
1536
1507
1559
1527
1484
1486
1454
1483
1512
1474
1469
1395
1423
1398
1426
1406
1333
1365
1371
1376
1376
1349
1285
1333
1324
1314
1273
1313
1301
1226
1266
1208
1243
1248
1244
1215
1259
1203
1201
1158
1208
1187
1156
1141
1116
1176
1122
1092
1137
1076
1074
1055
1029
1099
1110
1057
1011
1027
1061
1034
1077
1020
1032
1010
998
1014
956
992
969
1015
983
995
927
997
953
944
976
943
981
935
984
940
942
938
888
913
905
896
936
907
901
887
879
925
885
869
873
845
843
854
873
853
870
866
848
816
816
861
854
863
838
826
807
841
810
813
772
817
825
842
838
786
782
820
784
796
782
812
781
783
778
776
775
765
775
782
757
756
755
785
783
756
741
744
788
762
744
733
754
744
741
759
749
768
753
732
751
747
728
707
712
744
743
704
717
740
731
726
712
745
699
713
715
733
717
693
688
725
729
706
712
694
721
697
709
695
696
720
686
705
705
704
687
704
673
687
689
696
706
700
689
681
679
691
670
699
703
660
694
680
661
683
665
652
679
659
659
670
671
657
680
674
653
663
680
665
670
667
677
647
636
667
669
662
649
660
656
667
661
654
647
637
661
645
644
646
638
651
634
648
654
647
630
651
650
621
644
641
660
647
640
644
647
650
655
644
613
633
659
645
642
649
627
639
646
633
623
628
648
637
637
627
637
633
635
651
629
634
634
627
622
632
640
623
632
638
626
628
640
634
612
630
623
636
635
634
633
634
629
629
640
624
633
626
623
627
638
641
622
643
621
617
628
634
641
633
612
634
630
619
619
624
604
618
633
622
615
609
622
621
621
625
623
629
625
625
619
628
636
613
624
615
621
621
614
630
613
608
616
607
623
620
625
609
623
617
623
620
612
605
606
627
624
620
622
608
621
616
