606
623
622
613
618
617
610
618
616
619
614
610
617
606
613
613
610
612
613
622
614
610
615
603
617
621
616
616
623
631
613
612
619
623
625
622
619
616
610
613
612
615
628
608
622
616
628
613
605
616
599
613
612
609
609
625
615
627
609
619
610
608
611
616
619
609
612
616
611
614
614
627
619
619
600
610
615
603
624
617
618
614
617
615
619
628
608
618
608
606
616
622
606
610
620
620
611
615
610
603
616
614
623
603
614
616
615
613
610
607
606
608
608
611
598
620
612
614
606
610
604
610
621
615
614
611
618
611
609
618
617
599
616
618
600
618
602
603
607
601
610
622
614
616
609
605
607
616
607
606
603
601
611
608
606
611
602
613
611
620
626
611
613
616
607
615
617
618
608
615
610
613
636
612
614
619
622
624
619
615
606
608
618
614
614
605
610
611
612
615
610
611
617
616
620
611
621
615
621
613
622
619
610
622
623
615
621
607
615
613
616
605
629
626
603
614
623
622
633
616
608
613
621
617
611
614
612
619
627
621
624
615
622
618
615
619
612
621
626
618
631
619
629
619
623
632
618
621
628
628
618
639
621
624
614
629
626
625
620
631
627
633
626
633
618
629
615
622
626
621
639
637
621
631
638
631
641
637
632
647
633
623
637
630
628
634
637
637
646
649
656
638
656
634
644
637
662
647
638
649
642
671
629
642
651
656
646
634
651
650
659
657
655
672
651
658
676
660
669
679
674
652
664
697
659
694
676
680
660
671
671
705
696
697
696
705
708
683
700
715
707
720
728
703
751
717
695
710
751
749
739
744
717
769
775
760
767
756
816
781
754
761
774
808
825
809
809
807
778
827
867
880
840
879
914
893
926
890
892
922
933
960
917
907
987
996
1005
1016
987
1036
1058
1014
1075
1128
1124
1154
1246
1139
1183
1231
1311
1304
1277
1329
1346
1306
1370
1417
1495
1444
1487
1523
1569
1614
1610
1647
1650
1713
1710
1940
1907
1920
1975
2002
1930
2029
2195
2117
2260
2288
2383
2332
2598
2633
2618
2648
2829
2893
2955
3110
3111
3280
3174
3162
3400
3560
3678
3791
3801
3905
3964
4169
4195
4456
4471
4474
4615
4786
4950
4930
4977
5181
5195
5353
5300
5407
5527
5628
5697
5812
5783
5968
6053
6073
6222
6170
6304
6390
6395
6567
6486
6574
6396
6648
6774
6636
6811
6803
6845
6950
6882
6714
7126
7124
7440
7242
7275
7451
7352
7525
7840
7508
7744
7903
8021
7894
8088
8001
8214
7991
8263
8319
8248
8413
8642
8485
8683
8782
8954
9025
8886
8897
9221
9152
9299
9325
9521
9349
9514
9473
9677
10046
9705
9755
9902
9974
10022
10238
10392
10253
10608
10518
10670
10701
10593
11114
10969
11136
10863
11210
11104
11246
11118
11194
11223
11176
11318
11093
11338
11541
11607
11779
11699
11646
11735
12008
12174
11969
12150
12112
11816
12038
12157
12150
12040
12208
12037
11883
11907
11975
12183
12253
12208
12194
12220
12183
12468
12371
12586
12549
12750
12309
12611
12603
12730
12632
12459
12561
12604
12538
12577
12806
12535
12477
12965
12744
12945
12913
13032
12978
12906
12840
13055
12932
13058
13042
13141
13009
13061
13363
13255
13210
13097
13486
13083
13206
13032
13346
13031
13249
13147
13504
13562
13515
13659
13579
13589
13739
13504
13773
13925
13901
13679
13706
13665
13689
13727
14057
13854
13756
14146
13946
14100
14134
14075
14178
14239
14330
14382
14266
14543
14424
14759
14562
14348
14598
14519
14670
14577
14647
14361
14399
14659
14666
14495
14746
14673
14829
14550
14855
14829
15028
14953
14885
15131
14974
14883
15107
14897
15238
14856
14935
15113
15027
14763
15261
14797
15117
14905
15104
15218
14845
15033
15072
14947
15097
15275
15078
15254
14943
15090
14931
15190
14959
15041
14889
14928
14826
14903
15026
14588
14550
14671
14704
14839
14801
14615
14783
14797
14638
14487
14543
14626
14758
14639
14711
14648
14211
14383
14387
14065
14185
14075
14238
14130
14145
13840
13847
13778
13782
14012
13849
13834
13570
13810
13554
13494
13416
13421
13362
13030
13246
13149
13026
13049
12721
12906
12807
12548
12399
12495
12576
12481
11978
12493
12087
12205
12086
11926
12046
11979
11901
11810
11514
11723
11725
11407
11461
11017
11076
10930
10855
10752
10799
10548
10757
10659
10207
10344
10412
10214
9913
10059
9838
9792
9946
9776
9709
9748
9493
9513
9296
9128
9193
8934
9156
8958
8559
8653
8447
8456
8315
8267
8193
7976
8009
7955
7609
7776
7706
7703
7773
7553
7359
7281
7294
7069
7074
7130
6843
6764
6796
6738
6744
6553
6454
6299
6359
6079
6015
6023
6031
5960
5820
5680
5726
5796
5465
5579
5459
5218
5471
5360
5249
5240
5067
5116
4935
5035
4893
4820
4687
4541
4602
4660
4439
4439
4255
4371
4271
4343
4252
4187
4058
4128
3812
3898
3916
3895
3991
3767
3685
3578
3500
3518
3500
3437
3391
3452
3252
3329
3294
3106
3223
3166
3093
3068
3051
3044
3003
2961
2998
2902
2853
2784
2767
2748
2791
2693
2634
2607
2526
2423
2471
2550
2509
2398
2515
2448
2413
2400
2300
2239
2192
2216
2136
2100
2127
2117
2074
2029
1966
2131
2093
2016
2059
1958
1858
1900
1934
1833
1878
1837
1852
1855
1799
1795
1779
1800
1748
1782
1719
1659
1684
1696
1633
1654
1590
1559
1622
1596
1616
1592
1487
1541
1400
1527
1535
1523
1469
1452
1470
1493
1433
1419
1395
1346
1356
1353
1341
1414
1352
1290
1334
1264
1273
1265
1245
1276
1230
1247
1230
1280
1208
1198
1189
1170
1158
1176
1196
1167
1159
1152
1179
1190
1137
1121
1131
1080
1060
1142
1081
1104
1091
1039
1060
1090
1050
1062
1064
1037
1004
1035
1032
977
1027
1009
986
967
1022
1040
997
990
958
962
943
956
971
944
951
925
904
915
949
936
899
899
901
910
934
900
899
916
885
880
891
886
856
843
883
839
878
869
865
853
870
866
863
851
860
840
837
857
849
833
823
830
838
816
820
823
815
822
795
783
804
783
802
787
765
794
774
826
789
764
772
797
766
761
778
737
766
767
803
763
791
778
772
770
748
755
760
733
764
786
728
740
740
722
722
729
728
743
723
751
734
739
728
739
704
723
742
712
737
688
737
708
724
714
722
716
706
709
717
683
720
695
686
689
698
718
700
679
702
710
696
672
702
691
691
701
698
693
666
681
696
692
705
689
689
683
675
662
676
681
687
667
665
665
693
689
670
654
673
674
679
653
679
680
684
666
664
666
681
663
659
657
646
658
658
660
656
669
650
658
632
663
665
660
651
672
646
664
646
666
662
664
647
646
665
680
645
668
657
661
636
637
635
651
648
643
653
633
641
635
641
644
654
648
645
645
652
637
635
644
633
642
628
634
634
638
631
639
632
650
630
637
621
634
633
627
628
629
630
632
631
640
625
641
644
634
614
637
632
623
629
641
642
638
623
621
623
636
620
617
616
622
625
623
632
630
624
618
615
621
619
628
632
622
640
615
623
628
623
618
620
621
630
614
622
622
619
633
616
633
618
619
627
610
622
625
622
626
623
611
637
609
619
611
612
