613
614
624
626
614
617
620
604
612
611
610
617
622
611
623
617
613
619
629
614
616
608
620
626
627
622
623
627
623
632
631
622
623
627
618
624
621
617
619
623
610
616
616
625
631
633
630
621
619
611
622
629
622
613
606
610
622
624
617
612
617
603
610
604
606
612
618
609
611
614
611
610
623
604
605
613
604
610
610
607
612
611
615
612
612
616
609
610
606
603
623
621
613
614
617
619
615
614
617
611
617
614
620
621
605
603
603
613
616
607
605
612
614
613
608
613
616
623
612
614
602
619
611
601
605
603
610
613
618
624
603
617
619
626
618
614
621
618
605
612
622
611
616
604
606
618
622
614
611
607
608
614
608
618
612
620
612
612
612
614
611
603
623
626
621
610
629
611
605
615
612
610
619
613
610
610
610
615
618
629
622
618
626
622
611
615
619
624
612
607
622
616
624
626
605
625
606
618
604
626
624
611
615
627
620
618
623
615
628
617
621
613
615
622
623
623
609
606
613
618
619
619
616
628
615
610
618
633
626
617
628
626
624
623
623
632
623
627
627
638
611
622
617
628
632
635
622
625
628
622
635
623
631
628
635
633
630
625
642
645
627
636
644
629
624
644
621
638
644
637
622
631
646
658
658
648
628
639
651
641
657
645
641
645
645
635
649
657
639
650
664
655
661
656
654
661
681
657
662
655
678
666
669
675
671
663
673
663
673
695
649
675
668
680
670
666
681
709
684
672
681
690
692
707
707
691
713
708
703
714
706
712
719
716
707
726
715
731
763
717
747
732
741
756
770
752
782
784
742
786
817
786
786
819
797
818
825
843
821
837
841
831
863
847
877
854
905
911
911
877
956
881
950
944
958
1027
979
968
1013
985
1039
1048
1017
1050
1071
1095
1107
1073
1135
1109
1220
1192
1248
1246
1243
1284
1299
1269
1330
1356
1454
1442
1465
1430
1470
1480
1584
1610
1664
1605
1627
1755
1806
1833
1853
1950
1932
2027
2126
2104
2172
2244
2309
2350
2314
2424
2547
2465
2604
2686
2848
2877
3053
3194
3155
3258
3240
3556
3533
3479
3676
3740
3893
4011
4208
4168
4503
4489
4672
4794
4839
5014
5031
5266
5307
5422
5742
5880
5909
5915
6314
6340
6423
6463
6802
6829
6835
6974
6987
7121
7214
7320
7595
7571
7567
7741
7942
7895
7890
8255
8283
8341
8589
8408
8453
8552
8668
8656
8763
8883
9050
9103
9277
9160
9289
9539
9452
9629
9689
9752
9902
10216
10137
10377
10419
10390
10371
10503
10505
10836
10712
11126
10889
11188
11063
11102
11491
11666
11754
11529
11803
11850
11961
12046
11984
12054
12061
12527
12376
12576
12742
13060
12764
12687
13124
13241
13257
13450
13516
13569
13734
13928
13974
14105
14204
14016
14290
14502
14218
14396
14322
14575
14689
14825
14570
14807
14510
14979
15085
14897
15251
15412
15292
15648
15308
15465
15574
15674
15527
15670
15916
15547
15870
15892
15876
16060
15934
15896
15948
16028
16028
16073
16194
16194
16296
16616
16275
16325
16356
16720
16442
16401
16699
16595
16522
16544
16782
16572
16460
16568
16614
16511
16688
16530
16664
16682
17036
17053
17180
17149
17072
17076
17282
17401
17225
17188
17441
17293
17347
17183
17406
17202
17360
17119
17319
17237
17361
17527
17199
17384
17628
17646
17640
17617
17769
17895
17752
18104
17761
17993
17862
18120
17679
18126
18117
17896
18129
18061
18398
18113
18411
18248
18540
18806
18804
18546
18688
18759
18551
18768
18936
18756
19007
18938
19342
19183
19034
19255
19312
19247
19087
18981
19414
19470
19225
19208
19543
19310
19369
19698
19525
19533
19631
19409
19668
19538
19931
19617
19314
19889
19813
19605
19602
19965
19569
19789
19488
19615
19826
19477
19523
19559
19728
19781
19693
19786
20000
19828
19773
19949
19546
19451
19477
19514
19602
19424
19325
19499
19432
19615
19392
19103
19310
19150
19047
19080
19447
19175
19104
19259
19090
19151
19092
19041
18733
18976
18981
18854
18678
18678
18697
18329
18597
18514
18569
18476
18058
17992
17876
17906
18045
17833
17722
17428
17897
17560
17285
17614
17595
17024
17077
17095
16756
16988
16857
16601
16810
16463
16139
16326
16053
15874
16028
15890
15738
15787
15715
15628
15669
15237
15254
15055
15203
14926
14712
15049
14625
14590
14382
14296
13949
13921
13938
13715
13750
13542
13334
13315
13292
13118
13095
12872
12713
12815
12775
12592
12312
12149
12181
12311
11799
12017
11880
11688
11503
11317
11080
11020
11074
10812
10725
10521
10229
10275
10056
10168
10171
9911
9895
9871
9613
9801
9504
9327
9190
9128
9106
8888
8977
8814
8628
8520
8491
8439
8124
8136
8125
7888
7729
7594
7689
7462
7281
7342
7197
7255
7049
6929
6821
6870
6765
6765
6739
6655
6666
6481
6483
6267
6168
6029
6024
6031
5768
5842
5645
5640
5547
5400
5386
5246
5124
5076
5150
5171
5032
4969
4932
4865
4893
4607
4806
4651
4524
4566
4338
4470
4379
4366
4212
4025
4163
4000
3984
3829
3839
3885
3766
3607
3665
3651
3557
3492
3492
3596
3412
3400
3344
3359
3262
3207
3210
3090
3098
3119
3047
3009
2941
2896
2861
2831
2744
2716
2680
2698
2703
2658
2667
2643
2661
2568
2511
2461
2428
2506
2429
2370
2433
2380
2380
2310
2293
2359
2185
2266
2096
2186
2147
2090
2014
2054
2007
2052
1956
1971
1993
1951
1915
1952
1846
1862
1850
1785
1903
1891
1776
1766
1737
1805
1730
1746
1665
1733
1593
1639
1605
1600
1540
1637
1553
1584
1581
1546
1577
1518
1502
1433
1457
1394
1492
1440
1472
1488
1409
1420
1380
1428
1357
1420
1353
1355
1380
1296
1346
1273
1332
1272
1294
1226
1248
1214
1292
1214
1168
1173
1267
1198
1166
1216
1212
1175
1117
1117
1094
1165
1148
1108
1111
1057
1153
1137
1078
1103
1084
1047
1073
1052
1062
1052
1107
1026
981
1034
1056
1021
986
1021
1022
971
979
1000
956
976
979
989
971
955
951
944
984
936
931
926
938
975
939
929
913
920
880
918
913
920
871
894
895
892
877
882
848
840
858
858
863
848
828
894
834
871
855
844
841
815
858
826
836
845
812
845
792
822
787
837
852
793
803
807
804
797
769
807
796
794
798
793
770
785
767
771
803
751
763
776
777
780
752
794
761
773
745
744
756
752
737
754
754
746
772
722
749
764
753
739
730
744
747
754
751
718
757
729
736
731
692
720
736
717
728
715
731
727
707
702
716
736
707
703
717
706
684
693
694
689
699
696
691
681
701
745
695
687
695
682
709
687
676
707
715
683
676
680
679
674
676
684
687
659
677
666
679
668
662
659
652
672
673
679
663
673
674
686
670
661
670
695
670
689
663
668
650
674
651
662
662
663
676
654
652
657
639
659
665
668
640
648
683
661
652
653
655
649
649
633
644
671
645
644
656
652
640
636
665
649
651
656
662
658
635
638
629
631
655
637
644
648
641
638
627
646
657
637
626
641
635
652
646
638
624
626
636
643
626
640
646
625
637
622
646
637
621
629
620
641
638
630
621
632
633
607
625
621
619
625
642
624
629
632
617
630
643
611
621
626
619
633
629
624
623
623
621
635
630
621
623
631
618
624
619
630
612
615
