618
615
618
611
611
607
623
605
619
619
611
630
622
619
614
621
622
617
619
607
616
616
608
625
619
636
629
634
623
637
641
634
629
641
617
619
612
625
618
607
618
609
627
623
640
638
641
627
632
642
628
610
616
617
619
620
624
617
622
618
624
613
620
605
613
606
614
615
618
613
614
612
613
620
621
641
623
613
616
612
608
611
612
619
610
621
607
630
617
614
623
622
620
613
617
618
618
627
612
626
625
624
630
614
625
612
609
615
624
628
616
618
624
618
631
609
609
620
618
607
610
616
612
613
618
612
623
607
611
616
618
613
614
611
611
613
625
612
617
608
626
612
603
621
629
611
616
620
610
623
610
631
613
626
618
617
617
615
623
611
618
622
625
610
614
611
608
611
618
629
614
624
611
619
625
626
616
626
612
617
613
600
606
624
623
616
620
611
607
599
621
620
609
622
633
631
619
623
619
620
621
618
624
624
617
622
616
612
624
631
618
621
634
618
628
618
621
624
618
619
620
611
632
611
620
619
617
635
622
627
626
645
626
617
622
618
631
643
627
628
630
637
639
630
635
641
642
625
638
631
640
630
623
631
621
619
646
631
620
631
639
629
637
630
645
642
648
641
633
633
647
649
656
647
657
659
651
645
660
655
666
659
644
645
667
643
655
659
666
639
674
688
644
655
656
672
649
678
648
667
673
685
681
672
669
660
690
680
691
678
673
696
680
677
701
694
707
730
700
683
681
718
723
701
707
707
710
703
730
717
723
732
738
747
736
763
755
757
768
749
772
750
785
777
805
802
767
815
776
763
812
830
828
812
862
844
839
829
827
859
887
880
880
916
898
847
943
929
965
948
943
974
988
1008
995
1014
983
1051
1102
1099
1042
1079
1119
1148
1140
1147
1176
1226
1212
1225
1217
1248
1227
1328
1313
1374
1397
1396
1405
1393
1470
1515
1574
1564
1647
1662
1664
1767
1783
1866
1794
1941
1953
1934
2039
2109
2205
2100
2245
2208
2397
2444
2475
2606
2645
2788
2795
2912
2966
3151
3058
3101
3149
3475
3551
3545
3789
3821
4031
3972
4260
4433
4526
4443
4675
4584
4849
5002
5244
5202
5323
5546
5665
5731
6113
6008
6393
6298
6655
6529
7019
7037
6896
7016
7253
7243
7352
7428
7646
7885
7888
7995
7939
8094
8308
8408
8548
8711
8626
8832
8793
9001
8921
9064
9297
9136
9235
9253
9257
9268
9233
9500
9708
9669
9702
9898
9942
9955
10000
10161
10399
10309
10596
10656
10815
10836
10988
11100
11043
11117
11335
11268
11613
11585
11703
11708
11707
11776
11989
12040
12320
12280
12335
12502
12681
12695
12849
12856
13072
13163
13308
13481
13467
13480
13512
13778
13959
13984
14396
14028
14406
14396
14290
14528
14791
14948
15017
15128
14823
15473
15274
15401
15297
15245
15367
15237
15513
15965
15463
16091
16050
15823
16024
16203
16440
16423
16454
16494
16933
16742
16533
16788
16581
16735
16950
16702
17266
16936
17173
16951
16794
17027
17100
17369
17474
17421
17545
17473
17752
17482
17762
17621
17962
17604
17747
17456
17799
17680
17642
17574
17906
17962
17878
17383
17814
17887
17941
18264
18341
18029
18245
17929
18390
18185
18258
18282
18720
17886
18258
18462
18113
18026
18169
18257
18222
18713
18455
18317
18715
18673
18601
18503
18817
18899
18909
19224
19247
19278
18741
19156
19000
19009
19377
19417
19174
19333
19297
19118
19397
19303
18985
19198
19600
19633
19349
19712
19753
19705
19368
19820
19842
20173
20107
20022
20195
20050
20037
19860
19968
20003
20101
20177
20478
20174
20239
20317
20416
20424
20402
20611
20570
20959
20333
20674
20618
20693
20993
20973
20608
20995
20802
20735
20826
21064
20382
20459
20979
21173
20662
20869
20547
20994
20394
20840
21022
20552
20828
20662
20698
21006
20771
20901
21128
20771
20860
20702
20712
20664
20740
20814
20443
20431
20340
20339
20508
20439
20745
20535
20549
20473
20242
20284
20324
20265
20319
20319
19947
19791
19818
20027
19756
20023
19670
19401
19742
19351
19464
19336
19438
19429
19277
19119
19031
19019
18665
18975
18835
18751
18905
18676
18747
18238
18114
18598
18160
18396
18041
18133
17868
17754
17819
17360
17806
17475
17408
17049
17105
17248
17142
16773
16830
16764
16370
16662
16532
16119
16228
16249
16010
15946
15623
15532
15529
15233
15569
15158
15051
14924
14818
14788
14104
14405
14331
14291
14305
14260
13955
13935
13464
13691
13493
13385
13413
13200
12853
13222
12506
12729
12446
12312
12187
12364
11915
11785
11683
11665
11385
11349
11348
11437
11163
11122
11044
10724
10676
10478
10566
10523
10085
10085
10029
9797
9744
9553
9764
9317
9441
9177
9038
8920
8631
8710
8718
8442
8421
8316
8260
8100
8326
8222
8032
8034
7769
7585
7610
7510
7436
7537
7343
7229
7149
6864
6809
6923
6741
6591
6537
6472
6337
6349
6216
6123
6045
6195
5890
5832
5903
5786
5831
5795
5575
5410
5407
5408
5235
5133
5092
5162
5040
5019
4842
4863
4973
4592
4547
4630
4424
4283
4402
4396
4369
4411
4028
4193
4044
4001
3960
3948
3871
3830
3862
3805
3656
3721
3648
3594
3420
3511
3423
3419
3272
3249
3251
3211
3211
3146
3091
3046
3075
3040
3008
2951
2868
2859
2923
2826
2830
2745
2796
2676
2764
2640
2684
2573
2512
2578
2543
2454
2399
2420
2406
2402
2335
2289
2307
2168
2182
2159
2153
2214
2098
2072
2045
2098
2160
2013
2075
2097
2038
1955
2009
1979
1903
1898
1931
1813
1895
1822
1798
1799
1849
1749
1807
1737
1730
1718
1770
1701
1693
1617
1679
1634
1576
1633
1573
1575
1526
1592
1552
1524
1504
1509
1501
1447
1490
1501
1421
1425
1430
1376
1383
1400
1413
1306
1367
1361
1332
1315
1326
1306
1299
1319
1303
1255
1286
1252
1265
1247
1211
1279
1234
1215
1204
1208
1180
1198
1256
1203
1109
1130
1124
1173
1164
1101
1103
1080
1114
1104
1085
1079
1084
1058
1040
1124
1047
1115
1078
1031
1035
1018
999
1048
984
1056
1004
1016
1027
1013
1005
973
978
961
970
965
1000
976
943
915
959
927
920
948
898
920
913
970
889
913
940
922
955
893
897
847
893
883
862
895
861
897
888
861
871
837
861
875
827
869
857
862
855
842
877
868
814
824
832
831
814
816
792
820
828
838
805
835
829
823
811
781
779
788
762
802
791
770
776
767
770
754
764
797
766
728
757
759
776
791
739
764
769
754
730
732
745
769
735
739
732
761
730
742
707
713
722
733
742
765
725
738
729
714
722
715
724
724
700
704
728
710
708
719
713
723
706
711
697
707
695
684
691
690
698
686
709
703
681
706
689
709
690
698
708
692
669
689
682
666
700
688
661
690
710
673
672
665
671
680
687
664
668
686
678
684
692
666
647
654
659
677
676
683
686
651
667
652
654
670
669
679
660
648
664
666
647
665
657
657
656
671
679
666
652
657
657
659
674
646
660
658
656
654
660
657
652
660
640
662
632
646
650
646
641
649
653
637
636
652
644
654
633
633
641
633
635
632
638
636
647
638
649
640
649
655
649
633
629
647
633
623
642
640
633
641
635
625
645
625
635
646
627
632
631
618
625
640
614
627
633
618
626
628
632
634
628
624
634
625
628
626
