622
622
627
615
634
614
629
616
624
625
620
628
622
618
618
620
625
626
623
624
619
622
621
614
628
628
621
641
643
650
644
643
621
611
620
613
618
620
627
620
618
623
635
635
628
628
632
631
627
626
630
624
619
625
629
625
620
627
612
629
614
624
623
627
607
628
618
614
628
615
629
611
614
637
628
617
616
616
615
621
628
614
615
616
619
614
619
619
600
618
617
624
623
623
617
613
629
622
614
617
613
622
625
626
618
609
618
623
609
618
610
620
605
625
617
602
620
621
617
623
612
621
611
623
629
617
629
617
626
634
619
611
625
630
629
612
606
627
612
618
620
622
626
626
636
611
627
619
625
622
640
625
620
618
617
633
634
627
629
620
620
634
617
627
610
627
618
623
638
629
614
621
611
622
619
635
615
627
629
623
630
623
624
639
623
630
629
626
621
626
622
616
619
628
622
628
630
629
630
622
630
634
626
627
635
621
619
626
638
633
629
623
639
619
631
628
630
619
640
643
629
635
623
624
616
627
635
628
629
637
636
632
645
634
625
635
648
621
647
645
633
632
652
639
630
650
636
634
621
650
638
668
641
657
636
667
663
647
655
668
655
654
661
643
647
650
662
648
661
661
655
666
670
662
660
664
683
659
678
678
668
662
640
664
675
677
672
668
678
678
656
668
687
679
672
689
677
690
689
688
679
705
705
688
692
707
697
694
718
702
701
700
703
718
710
703
711
697
697
728
711
751
718
740
729
744
767
734
766
729
766
785
779
761
779
757
819
807
802
825
793
833
810
837
860
820
842
844
875
869
851
909
820
886
898
867
913
909
910
959
919
911
957
963
980
963
981
984
1008
1056
1046
1049
1075
1085
1075
1082
1099
1151
1181
1183
1151
1271
1203
1191
1276
1259
1271
1290
1339
1395
1413
1423
1451
1421
1467
1477
1556
1615
1616
1662
1680
1687
1684
1759
1803
1974
1946
1956
1996
2023
2052
2187
2245
2293
2374
2263
2509
2516
2623
2695
2754
2868
2844
2912
3104
3052
3250
3291
3323
3472
3572
3749
3700
3924
4051
4181
4229
4495
4633
4766
4952
4953
4986
5244
5500
5501
5706
5935
5969
6136
6242
6367
6634
6905
6974
7164
7279
7501
7580
7741
8120
8115
8368
8455
8467
8623
8596
8837
9091
9003
9240
9421
9509
9634
9904
9984
10188
10321
10175
10489
10494
10646
10697
10636
10820
10892
10955
11197
11180
11117
11144
11309
11426
11447
11848
11734
11748
12042
12031
12060
12348
12276
12682
12437
12715
12949
13078
13317
13162
13454
13492
13649
13466
13861
14023
14041
13997
14410
14419
14719
14699
14879
14990
15377
15281
15289
15311
15468
15637
15849
15961
15914
16003
16238
16352
16586
16301
16585
16834
17321
17581
17367
17577
17695
17905
18240
17865
18155
18368
18431
18240
18495
18585
18643
18652
18647
18940
18643
19270
18746
19456
19445
19499
19636
19818
19591
20162
19888
19907
20329
19961
20481
20498
20105
20515
20386
20286
20503
20308
20292
20523
20600
20922
20748
20566
21145
21235
21288
21123
21448
21369
21623
22002
21563
21463
21465
21327
21496
21341
21485
21740
21688
21499
21396
21545
21871
21817
21744
21959
21821
22292
21978
22255
22367
22103
22321
22250
22037
22358
22436
22183
21833
22239
22574
22395
22028
22220
22419
22243
22531
22636
22421
22767
22695
22657
23109
23019
22976
23271
23139
22698
23420
22932
23084
23339
23221
22988
22938
23204
23398
23433
23255
23390
23743
23481
23832
24001
24220
24055
23801
24208
24042
24275
24191
24118
24253
24317
23928
24414
24216
24158
24283
24534
24168
24409
24365
24819
24442
24492
25088
24665
24800
24486
25157
24589
25247
24959
25063
25081
25014
25007
25001
24655
25015
24929
25068
24883
25346
25050
24720
25057
24983
24938
25185
24990
25054
24803
25068
25121
24926
25374
25022
24943
24846
24771
24718
24973
24621
25030
24677
24565
24364
24736
24290
24635
24539
24316
24511
24426
24508
24709
24524
24471
24813
24601
24178
24619
24059
24233
23783
23835
23923
23876
23825
23635
23734
23330
23694
23334
23187
23540
23660
23598
23084
22943
23308
22885
23029
22628
22972
22539
22439
22360
22181
22140
21814
21957
21813
21630
21756
21468
21888
21261
21512
21062
20923
20724
20643
20847
20284
20319
20645
20124
20163
20169
19676
19621
19534
19596
19023
19137
19217
18964
18772
18575
18360
18175
18211
18162
18159
17624
17579
17617
17526
17234
17091
17220
16868
16799
16718
16297
16708
15949
16123
16011
15593
15562
15542
15351
15149
14844
14923
14499
14618
14819
14292
14168
13940
13924
13659
13556
13375
13545
13256
13167
13384
12790
12876
12957
12528
12447
12207
11888
11787
11947
11731
11552
11503
11362
11118
11065
10910
10719
10382
10609
10612
10344
10290
9989
9834
9869
9717
9863
9512
9652
9500
9259
9193
9099
8917
8715
8786
8623
8373
8187
8216
8116
8095
7933
8014
7721
7568
7450
7484
7447
7144
7168
7016
7053
6932
6852
6908
6677
6421
6649
6504
6343
6378
6187
6025
6168
5994
5856
5731
5644
5678
5695
5512
5377
5437
5270
5383
5141
5057
5095
5054
5026
4895
4794
4845
4762
4556
4601
4459
4312
4414
4223
4395
4188
4179
4164
3878
4019
3982
3912
3747
3724
3707
3887
3740
3674
3589
3560
3557
3465
3489
3412
3472
3346
3316
3239
3248
3132
3222
3034
3019
2978
3085
2968
2992
2754
2843
2795
2785
2839
2702
2786
2743
2719
2611
2616
2592
2613
2490
2483
2424
2491
2461
2392
2493
2319
2332
2310
2266
2280
2274
2221
2259
2186
2104
2112
2162
2134
2021
2034
2088
2033
1964
1998
1936
1979
1964
1902
1881
1913
1900
1901
1879
1867
1795
1827
1754
1773
1661
1713
1618
1710
1708
1743
1655
1637
1638
1580
1575
1525
1652
1587
1559
1567
1487
1550
1557
1527
1522
1485
1469
1414
1451
1452
1400
1404
1369
1436
1357
1308
1340
1314
1369
1272
1352
1287
1269
1282
1300
1269
1254
1255
1215
1203
1208
1285
1246
1181
1208
1241
1232
1168
1145
1175
1171
1168
1167
1150
1158
1136
1126
1144
1151
1101
1044
1082
1120
1064
1036
1077
1103
1069
1047
1108
1077
1052
1049
1009
1020
995
1023
1035
1011
995
1014
1024
1015
989
991
952
992
986
978
991
978
969
977
927
929
983
946
931
927
941
899
947
869
905
888
929
927
922
834
878
896
857
882
877
864
865
848
895
872
867
874
838
866
834
857
827
849
823
886
814
825
818
813
813
858
832
814
798
804
820
812
813
794
782
827
799
778
815
802
762
774
783
803
756
747
765
786
792
761
773
762
770
737
755
775
770
759
771
732
766
718
745
739
760
746
746
718
715
744
741
735
726
735
718
718
729
717
742
752
707
714
739
720
692
748
715
718
720
731
706
710
700
695
694
715
725
707
704
699
690
712
709
719
714
707
689
680
695
677
682
702
673
693
671
690
689
704
678
676
675
681
668
655
710
690
683
683
690
674
674
683
689
652
676
665
691
644
645
679
668
675
661
659
689
661
661
668
673
689
670
661
666
672
667
652
665
652
682
655
647
664
646
655
667
652
662
650
650
658
653
639
636
644
637
638
636
654
653
644
642
639
645
636
649
646
636
662
672
652
654
643
646
650
629
645
648
632
633
629
649
629
647
641
645
638
636
633
635
637
652
626
