624
619
627
624
618
623
622
623
618
616
609
620
614
635
615
636
621
618
617
627
621
618
614
628
626
633
626
630
635
638
629
635
639
612
618
613
610
615
620
623
626
641
624
641
631
642
644
631
635
635
619
623
627
627
624
626
630
631
614
618
626
616
625
613
612
607
611
611
614
618
623
614
608
612
624
622
624
619
613
614
623
617
622
628
626
621
619
629
619
622
617
627
640
628
623
620
614
619
619
613
623
618
632
614
612
627
619
619
614
621
623
622
618
619
608
609
619
620
622
623
625
622
620
618
626
615
629
616
628
613
608
624
618
624
624
617
620
615
614
616
620
614
625
622
626
620
623
621
621
626
633
617
629
625
616
616
630
618
615
613
618
625
613
627
626
627
619
623
623
613
617
624
614
628
621
627
639
630
634
619
611
629
618
613
633
640
621
628
622
627
621
617
621
621
619
620
625
631
621
645
623
647
627
638
634
621
626
622
640
623
634
621
623
629
628
624
635
637
639
631
637
642
622
638
639
636
637
641
628
636
627
642
630
637
630
643
632
637
645
635
635
626
648
649
643
650
640
644
635
644
654
642
632
641
648
648
638
649
636
658
659
647
642
648
652
639
640
658
653
669
646
667
663
662
656
653
657
670
689
654
671
673
659
660
683
664
673
681
690
679
671
686
689
681
684
678
667
700
671
675
678
692
681
689
685
689
676
695
727
725
723
716
702
724
708
747
712
712
725
729
735
730
738
739
759
717
759
762
759
751
755
757
786
753
812
777
798
775
809
798
758
820
838
789
833
828
836
815
841
872
845
879
890
852
899
921
942
903
901
902
907
919
941
959
916
994
1007
1004
998
1020
1066
1045
1094
1087
1094
1125
1131
1157
1140
1155
1141
1153
1188
1233
1248
1323
1327
1288
1349
1366
1353
1454
1404
1425
1483
1511
1590
1525
1681
1653
1680
1776
1781
1784
1813
1927
1855
1923
2042
2003
2039
2077
2268
2303
2367
2285
2421
2513
2585
2567
2618
2851
2765
2823
2981
3233
3132
3214
3415
3408
3656
3692
3726
3807
4074
4261
4124
4338
4465
4632
4705
4951
5032
5103
5131
5324
5646
5706
5830
5892
6101
6449
6677
6818
6920
7100
7365
7231
7582
7668
7941
8261
8240
8438
8426
8674
8502
9087
8996
8945
9184
9407
9426
9528
9920
9841
9976
10056
10146
10352
10239
10312
10527
10434
10575
10811
10932
10741
11085
10857
11191
11125
11267
11428
11262
11481
11812
11885
12036
11891
12136
12335
12445
12448
12715
12486
12703
12792
13181
13191
13565
13306
13487
13511
13716
14053
14043
13985
14341
14219
14635
14662
14829
14814
14993
15071
15139
15328
15359
15552
15680
15718
15758
16153
16247
15900
16185
16504
16610
16859
16916
16968
17104
17625
17604
17859
17702
17798
17838
18057
18164
17751
17951
18334
18494
18255
18747
18647
18532
18960
19154
19446
19277
19529
19617
19544
19772
20016
19417
19905
20139
20051
20084
20142
19795
20447
20265
19958
20450
20302
20268
20612
20685
20719
20439
21041
21002
20851
21068
21017
21175
21202
20913
21222
21109
21159
20998
21177
21396
21071
21575
21258
21219
21195
21339
21403
21727
21814
21699
21439
21818
21968
21919
21985
21858
21713
21895
21892
21729
22003
22084
22146
21697
21754
21865
22050
21762
21940
22146
21792
22412
22436
22167
22328
22792
22525
22755
22962
22445
22944
22823
23163
22527
22801
22942
23061
22988
22660
23289
23018
22900
23167
23038
23164
23165
23480
23807
23203
23737
23743
23569
23669
24100
23798
24132
24117
23518
24049
23630
23796
23692
23718
23891
23700
24088
24045
24001
24227
23906
24507
24467
24450
24506
24405
24812
24622
24682
24752
25054
24201
24775
24634
24509
24380
24453
24734
24607
24340
24384
24672
24691
24480
24965
24694
24644
25013
24679
24813
24961
24725
24685
24889
24892
24303
25003
24241
24647
24367
24584
24594
24313
24032
24283
24236
24255
24262
24412
24398
24192
23978
23937
24257
24300
24301
24170
23700
24096
23953
23672
23913
23818
23672
23515
23692
23585
23284
23314
23144
23099
23217
23131
23024
23252
22855
22901
22859
22937
22390
22552
22292
22416
22288
22355
22025
22028
21173
21799
21556
21241
21311
21200
20899
21169
20829
20745
20761
20549
20594
20521
20607
20269
20145
19851
19837
19363
19568
19497
19383
19422
19408
19095
18740
18532
18589
18377
18142
18029
17901
17591
17648
17148
17535
17320
17379
17215
17198
16782
16743
16622
16848
16489
16016
16121
15962
15754
15819
15211
15339
15149
15066
15184
14645
14506
14166
14203
13937
14022
13917
13784
13595
13575
13554
13212
13147
13105
13096
12630
12884
12339
12531
12228
12136
12136
11811
11631
11500
11423
11253
10989
11207
10989
10620
10840
10544
10435
10403
10213
9888
10005
10042
9735
9636
9578
9470
9450
9208
9112
8998
9094
8959
8640
8503
8461
8214
8051
8150
7904
7949
7935
7737
7639
7700
7384
7422
7256
7355
7199
7020
7082
7011
6890
6734
6655
6500
6560
6503
6423
6231
6141
6054
5932
5934
5876
5738
5722
5587
5628
5463
5344
5400
5226
5284
5192
5152
5018
5007
4953
4716
4687
4740
4673
4559
4531
4433
4512
4254
4285
4200
4153
4174
4022
4140
3926
3789
3824
3923
3789
3844
3728
3489
3497
3644
3612
3576
3531
3345
3414
3328
3386
3263
3298
3245
3152
3159
3085
3008
3096
3055
2968
2957
2881
2825
2868
2801
2937
2744
2640
2764
2634
2665
2615
2590
2599
2535
2495
2523
2425
2510
2382
2401
2352
2378
2327
2319
2268
2326
2269
2057
2136
2176
2108
2115
2016
2075
2091
2008
1997
2079
1949
1961
1924
1892
1889
1841
1891
1880
1816
1808
1859
1811
1812
1834
1699
1713
1602
1734
1738
1598
1657
1609
1629
1618
1602
1627
1605
1535
1594
1553
1515
1464
1504
1472
1482
1482
1384
1425
1414
1497
1429
1365
1405
1435
1341
1366
1353
1337
1421
1321
1301
1284
1310
1301
1276
1228
1301
1159
1312
1231
1266
1218
1212
1211
1160
1225
1173
1136
1198
1158
1207
1136
1161
1133
1171
1162
1124
1116
1163
1140
1129
1073
1076
1081
1049
1081
1058
1063
1088
997
1043
1018
1092
1049
1041
1005
1011
1018
983
1002
1011
1021
992
982
981
979
989
986
959
950
935
921
948
977
926
950
966
910
973
893
948
942
863
891
892
926
849
923
903
919
877
844
875
917
848
864
837
846
875
850
865
832
863
855
808
836
848
828
824
828
841
815
824
794
777
807
793
798
874
809
798
810
789
801
827
834
784
790
795
816
820
782
780
793
778
782
795
774
748
768
786
774
764
750
738
745
751
745
747
748
778
753
758
745
765
768
729
736
727
744
741
732
748
757
693
718
724
713
735
715
716
704
724
731
710
763
741
695
714
720
703
709
697
699
723
707
709
687
714
719
718
701
687
692
704
703
694
701
689
690
708
691
678
681
695
679
691
669
692
680
681
682
665
678
687
668
669
663
669
669
688
663
682
677
664
650
673
678
674
659
670
667
651
650
682
667
677
657
653
644
668
668
664
652
666
659
669
649
653
657
646
639
661
651
657
653
650
666
649
650
630
660
670
644
653
641
657
649
647
655
637
653
637
632
653
636
646
641
650
640
647
639
644
630
637
629
628
632
638
627
626
627
646
630
629
622
641
625
642
648
633
630
