603
612
613
605
604
601
597
608
606
593
613
601
598
596
605
604
601
594
607
603
603
610
606
614
601
596
605
606
611
611
616
602
600
609
598
597
616
602
610
609
601
610
605
608
607
600
604
607
609
611
603
606
597
605
602
597
607
608
603
608
601
595
604
594
603
608
597
609
599
607
609
596
607
598
602
598
607
605
605
607
602
610
603
600
607
605
599
597
598
600
601
605
606
606
598
602
595
600
597
604
603
605
605
595
603
601
600
604
603
596
611
603
609
600
605
603
598
606
607
598
602
598
604
601
617
609
597
603
606
602
604
593
603
602
604
601
602
599
604
592
595
607
603
611
601
592
603
607
600
610
607
596
606
605
608
608
608
603
608
609
608
603
602
605
604
601
601
601
604
596
607
607
600
599
602
608
600
606
601
601
597
610
602
606
608
605
602
605
608
605
602
600
604
612
605
605
609
610
609
599
602
611
618
605
614
607
609
609
604
613
605
604
609
606
604
606
613
606
595
601
609
615
615
619
616
610
609
617
620
610
609
612
617
600
618
610
606
603
604
600
616
606
616
617
610
610
606
601
608
612
607
611
614
615
612
605
606
610
606
599
615
609
607
617
616
619
610
598
613
621
614
604
618
616
617
620
614
619
630
607
620
618
619
602
618
635
613
618
626
612
617
620
616
629
621
618
632
613
615
612
612
620
618
617
625
629
626
626
623
629
623
613
620
623
633
628
635
625
628
642
626
651
637
632
640
647
650
634
657
639
649
645
639
654
642
664
678
660
667
683
657
668
693
676
684
675
701
653
684
686
698
696
716
714
726
726
738
753
724
735
735
792
777
762
788
777
791
761
802
814
863
826
824
843
852
854
871
887
904
929
924
991
939
969
982
999
1021
1015
1010
1033
1096
1089
1172
1180
1135
1246
1259
1248
1338
1399
1354
1440
1426
1460
1476
1590
1534
1620
1700
1740
1751
1879
1787
1970
2008
2111
2147
2168
2281
2439
2441
2533
2501
2621
2757
2858
3039
3050
3113
3265
3333
3327
3568
3787
3895
4154
4230
4363
4335
4499
4817
4854
4849
5095
5470
5465
5680
5812
6007
6069
6339
6431
6626
6710
6972
7140
7136
7491
7398
7561
7639
7632
7932
7974
8038
7865
7893
8051
7942
7763
7736
7936
7851
7779
7884
7700
7808
7760
7584
7541
7486
7519
7226
7278
7068
6894
6886
6864
6609
6461
6418
6147
6189
6102
6043
5869
5612
5733
5627
5406
5645
5519
5197
5242
5118
4972
4833
4818
4599
4626
4522
4452
4573
4490
4278
4320
4355
4231
4136
4142
3935
3869
3901
3869
3945
3821
3760
3854
3685
3595
3526
3479
3560
3582
3595
3343
3366
3368
3344
3292
3390
3232
3285
3220
3210
3295
3124
3069
3037
3130
3047
2987
3050
2953
2819
2894
2822
2747
2864
2811
2850
2778
2760
2774
2684
2665
2575
2619
2572
2570
2541
2497
2557
2573
2442
2498
2368
2368
2401
2296
2355
2286
2234
2255
2256
2254
2232
2296
2208
2197
2206
2201
2040
2060
2080
2071
2089
1999
2026
1931
1949
1947
1912
1872
1919
1844
1770
1776
1798
1859
1786
1802
1655
1761
1646
1629
1764
1675
1632
1647
1645
1616
1575
1589
1578
1554
1539
1546
1527
1517
1463
1504
1527
1460
1422
1451
1413
1485
1419
1355
1380
1363
1408
1275
1377
1347
1358
1260
1326
1303
1302
1294
1272
1276
1278
1247
1234
1229
1196
1223
1174
1184
1193
1161
1192
1179
1151
1209
1153
1131
1151
1152
1108
1089
1088
1063
1066
1115
1089
1099
1073
1074
1074
1121
1053
1038
1052
1020
1074
1031
1019
1032
1008
987
998
1005
983
961
1013
957
949
960
929
964
945
917
979
952
933
920
888
932
914
949
914
924
902
916
851
934
849
888
846
854
880
890
831
865
816
873
847
854
829
874
873
822
839
857
834
824
866
870
805
838
808
819
799
821
792
806
828
793
796
817
800
792
780
797
801
775
814
791
791
778
767
776
751
820
775
780
788
760
733
745
768
751
748
758
770
755
754
741
714
754
752
748
743
710
746
774
740
723
747
708
737
732
717
718
738
734
722
733
725
744
729
729
716
714
712
708
718
717
709
711
731
689
720
708
703
678
697
712
701
705
698
688
721
705
692
708
705
696
697
694
695
703
682
723
715
681
672
693
680
688
684
666
680
683
697
670
711
683
676
679
678
674
667
670
679
671
674
668
670
677
683
657
680
683
677
694
666
668
675
663
676
672
668
653
660
683
665
650
647
656
676
657
664
646
652
690
654
656
658
634
650
661
654
650
643
658
650
641
657
664
650
657
656
641
644
652
655
624
644
642
643
638
635
654
642
652
647
638
643
636
640
633
637
624
639
639
637
648
638
622
650
631
622
641
641
643
637
637
643
649
640
638
627
643
640
638
624
633
629
629
619
638
632
641
614
642
635
622
621
640
629
626
633
625
620
633
637
620
632
627
633
624
638
623
628
629
632
627
631
625
639
635
631
619
628
630
617
618
634
617
621
636
626
624
641
629
621
611
620
624
613
625
623
626
607
638
619
607
630
613
625
626
622
629
624
614
622
620
620
625
618
612
610
617
617
622
619
623
621
620
616
620
616
615
622
613
618
623
614
607
610
604
603
605
614
619
612
617
610
606
622
613
623
619
619
610
619
612
613
596
620
614
614
610
618
618
617
611
608
612
609
612
611
606
603
607
626
610
610
607
613
606
610
607
606
610
609
604
604
600
597
612
608
613
607
612
610
610
592
609
615
610
616
622
616
613
617
605
614
602
605
618
611
615
610
602
613
609
606
611
600
606
602
612
606
599
607
603
594
608
602
610
609
606
606
600
606
613
600
601
606
608
609
604
610
605
606
602
607
605
608
609
603
609
602
609
610
601
605
607
602
617
605
612
610
605
601
598
604
600
615
601
601
603
605
603
604
612
608
603
607
602
601
600
617
598
598
608
610
605
613
606
606
602
596
594
606
610
604
604
598
597
606
607
613
605
588
609
601
600
610
603
609
604
610
599
602
615
591
595
598
601
598
598
596
602
607
611
603
602
613
614
601
613
600
609
606
603
614
601
607
600
607
597
595
607
600
602
598
604
602
600
601
594
600
599
604
595
603
603
609
603
600
606
600
611
595
603
596
603
608
608
607
598
603
598
607
595
597
606
603
605
605
605
595
606
595
599
597
597
611
603
598
603
601
603
596
599
600
600
594
608
601
608
605
598
600
599
598
597
606
599
597
599
596
601
600
601
601
606
607
595
598
597
595
592
606
606
597
598
601
607
601
609
603
607
