604
607
600
613
602
617
611
612
604
605
599
602
605
608
607
608
598
616
601
603
600
606
598
606
606
605
602
599
600
614
604
608
603
603
610
602
604
610
600
605
598
610
601
611
602
605
607
594
614
605
594
612
598
606
601
600
614
607
600
612
600
589
610
598
603
617
604
605
600
599
611
603
611
610
599
603
601
610
610
603
597
601
597
602
597
604
604
607
606
608
612
598
602
607
602
612
606
598
604
605
602
613
602
599
611
601
607
606
608
605
607
600
605
595
602
615
606
603
602
605
606
605
610
616
613
603
600
594
590
606
601
602
611
603
601
604
605
606
597
611
601
598
609
602
614
602
608
607
602
593
597
606
610
604
605
600
597
609
604
607
594
602
609
604
605
608
610
600
612
603
606
607
614
608
606
605
608
611
602
608
605
605
614
606
601
614
603
611
594
606
606
605
609
599
607
608
607
603
597
598
597
612
609
607
605
603
597
611
609
600
609
598
602
612
604
613
607
601
605
615
605
608
604
605
605
600
602
596
613
606
609
602
615
622
609
613
598
613
615
604
611
607
601
618
596
596
625
602
607
613
611
606
611
609
614
621
612
616
615
606
614
599
601
606
607
602
613
606
606
614
614
617
609
615
618
609
610
604
597
604
613
600
612
612
601
614
603
612
610
609
620
612
615
612
621
630
633
618
614
626
626
623
630
622
605
619
623
628
610
622
617
620
632
610
625
626
625
631
627
628
615
624
625
629
626
617
638
628
643
629
645
634
636
649
625
637
639
643
648
644
643
663
662
650
646
652
669
660
663
682
667
682
685
682
688
681
717
685
686
700
709
732
710
729
734
743
729
749
761
764
758
761
759
782
797
781
789
811
822
819
827
848
871
868
857
866
906
926
955
922
922
963
977
1001
1036
1030
1077
1100
1116
1108
1187
1177
1198
1221
1151
1252
1263
1358
1416
1456
1431
1496
1498
1618
1546
1601
1659
1782
1797
1858
1937
1954
1993
2041
2106
2167
2188
2377
2386
2411
2524
2569
2750
2731
2942
2926
3125
3303
3377
3478
3528
3640
3841
3720
3920
4029
4035
4309
4383
4374
4582
4704
4874
4776
4976
5073
5262
5412
5449
5552
5522
5548
5646
5669
5615
5838
5734
5933
5865
5737
5937
5899
5748
5689
5858
5712
5486
5624
5730
5425
5510
5476
5282
5274
5328
5083
5071
4958
4893
4758
4687
4615
4699
4551
4483
4314
4473
4328
4210
4042
4052
4066
4006
4078
3762
3850
3850
3692
3656
3516
3523
3494
3480
3434
3388
3302
3395
3210
3207
3131
3170
3163
3119
3154
3007
3057
2920
3004
2925
2946
2876
2943
2806
2749
2860
2800
2680
2649
2708
2766
2632
2675
2731
2652
2539
2633
2507
2628
2597
2515
2465
2545
2423
2396
2312
2451
2369
2368
2348
2326
2396
2328
2246
2341
2248
2261
2197
2279
2210
2141
2214
2184
2178
2109
2066
2096
2032
2031
1996
1945
2005
2002
1949
1955
1934
1899
1897
1850
1848
1795
1850
1801
1861
1795
1738
1822
1784
1721
1667
1716
1701
1594
1648
1688
1621
1634
1666
1598
1621
1546
1605
1551
1535
1534
1482
1524
1493
1431
1449
1446
1361
1409
1415
1361
1412
1395
1301
1436
1348
1353
1325
1376
1313
1288
1304
1271
1304
1268
1268
1301
1227
1242
1201
1228
1168
1154
1192
1173
1184
1176
1128
1184
1150
1136
1115
1149
1147
1104
1129
1072
1072
1087
1111
1016
1104
1064
1071
1029
1071
1005
1024
1053
1020
977
1055
969
986
1003
982
1035
981
970
987
960
982
965
964
974
912
934
935
897
936
926
866
950
914
913
895
918
868
888
871
913
870
884
900
876
872
853
847
834
851
825
842
802
831
866
835
863
827
820
823
811
847
828
866
811
823
799
795
819
799
803
814
782
769
801
820
785
801
817
777
786
790
772
766
767
763
766
754
787
773
756
774
791
773
763
772
748
750
756
804
727
757
759
737
725
764
743
731
735
748
719
732
712
700
744
713
727
699
718
699
726
729
723
703
710
724
714
694
693
696
703
697
674
691
700
714
701
701
706
700
674
692
702
714
696
675
683
691
680
681
696
696
685
675
698
670
705
682
656
695
693
675
682
663
673
690
673
678
669
671
651
665
675
683
658
675
684
672
667
642
665
678
676
670
675
660
663
667
650
645
646
675
665
670
675
638
661
669
655
655
670
657
655
664
652
656
651
663
655
657
675
642
643
629
638
673
652
660
660
642
635
633
644
640
646
632
645
631
642
638
634
661
653
636
632
623
649
645
625
648
636
631
640
626
637
646
638
645
640
630
634
632
631
636
640
641
626
627
634
627
642
633
637
629
620
623
631
641
631
639
627
642
632
631
620
638
627
622
620
635
629
638
643
616
642
611
635
628
629
618
612
614
610
630
626
632
632
620
626
626
629
624
631
616
633
621
618
629
610
639
621
612
623
629
616
630
629
615
615
627
624
629
620
615
613
630
623
625
631
628
614
623
625
613
626
637
623
627
623
613
625
609
616
632
611
608
615
614
614
605
607
621
613
620
625
614
609
619
616
613
610
603
616
603
618
610
606
617
611
613
615
619
618
615
624
622
609
614
620
606
612
619
610
611
611
605
618
605
610
614
605
607
616
612
600
611
612
612
618
606
611
609
614
607
617
601
613
611
617
617
604
606
609
608
605
615
604
611
616
611
609
610
605
620
616
613
599
606
613
620
609
603
607
609
606
601
607
614
606
594
614
612
614
614
607
603
612
613
605
611
609
605
612
604
606
602
605
594
615
602
613
613
606
606
607
595
602
613
598
604
603
606
596
596
604
604
604
606
607
609
606
594
606
603
601
610
604
607
616
602
604
602
597
616
607
604
603
597
602
602
611
601
610
606
602
603
598
602
602
603
599
607
594
596
611
602
618
612
599
603
607
599
606
607
598
610
602
607
609
600
609
596
617
607
596
607
603
603
600
595
602
603
601
601
599
608
608
600
601
592
605
602
596
599
602
610
603
607
598
601
607
593
607
593
607
597
602
604
600
603
601
596
605
604
598
611
604
601
603
597
603
601
605
603
609
596
599
599
598
604
597
596
597
602
599
607
591
603
604
603
600
602
597
601
592
607
595
605
603
600
602
598
602
594
612
606
601
602
601
603
604
607
602
606
607
606
600
606
602
610
599
612
606
605
610
592
602
604
594
594
598
606
601
602
598
600
598
594
604
607
600
598
600
603
590
604
606
599
604
601
595
605
602
598
606
599
606
599
598
606
602
605
594
602
606
600
602
