616
604
603
607
611
607
604
605
603
602
601
606
610
608
600
597
607
606
610
609
605
606
605
600
613
595
610
605
605
610
602
606
611
605
606
602
606
599
601
612
603
611
596
607
600
607
606
604
611
601
609
602
607
616
598
600
604
604
603
607
600
608
611
613
605
605
604
605
593
613
610
604
602
602
603
612
604
604
606
603
607
609
616
603
605
601
599
598
612
595
610
602
609
600
600
600
600
614
597
602
609
604
603
605
603
601
609
593
608
603
606
612
609
600
600
601
609
606
602
600
603
605
605
607
601
604
602
597
606
610
596
611
614
600
611
609
597
614
606
600
608
606
607
607
604
608
602
597
607
593
606
597
598
601
600
607
609
607
602
606
611
605
604
601
600
599
603
598
612
596
606
604
605
601
612
597
615
610
595
599
603
604
605
612
613
601
614
615
608
604
607
601
604
609
614
602
606
606
599
603
599
602
598
619
604
612
598
596
611
609
620
611
617
613
604
601
614
609
602
611
614
617
615
623
611
624
603
601
605
606
609
611
603
602
620
608
603
612
609
619
611
610
612
594
609
618
624
606
624
609
608
617
614
607
612
609
605
619
618
619
615
606
617
613
616
611
601
612
618
616
611
609
617
613
609
607
619
613
628
624
616
617
617
615
622
622
612
622
625
603
623
617
631
617
634
636
628
621
610
618
626
621
633
620
626
646
635
637
632
629
633
627
645
648
615
647
624
673
642
644
646
647
640
654
651
647
649
661
680
650
659
650
675
678
682
672
678
697
713
693
699
690
692
691
699
697
712
744
722
702
761
767
730
790
757
781
766
791
808
822
785
793
812
810
837
798
829
853
888
871
883
895
920
951
951
974
979
947
995
1018
1070
1101
1065
1076
1111
1142
1140
1229
1201
1226
1284
1326
1346
1379
1357
1435
1484
1473
1575
1599
1606
1656
1717
1736
1732
1854
1967
1953
1990
2167
2115
2211
2250
2406
2489
2653
2598
2846
2756
2935
2959
3209
3284
3355
3552
3600
3686
3879
4040
4129
4285
4415
4619
4826
4956
4952
5268
5558
5728
5799
6152
6325
6391
6729
6936
7149
7469
7595
7896
7978
8043
8327
8582
8834
9045
9272
9487
9590
9754
9799
10142
10028
10243
10175
10296
10408
10438
10601
10544
10423
10411
10461
10300
10279
10224
10159
10199
10270
10106
10164
9850
9761
9411
9440
9322
9115
9054
8710
8590
8425
8412
8203
8201
7922
7955
7633
7703
7527
7257
7271
7190
6953
7039
6755
6781
6518
6432
6284
6230
6097
6036
5701
5749
5791
5584
5600
5494
5479
5375
5375
5328
5207
5185
5086
5088
4925
4879
4809
4897
4602
4802
4547
4641
4505
4351
4429
4342
4276
4199
4251
4254
4185
4170
4187
4145
4099
3968
3907
4026
3851
3957
3871
3825
3838
3760
3656
3576
3570
3645
3566
3524
3397
3591
3457
3407
3285
3393
3314
3247
3175
3277
3262
3251
3220
3139
3080
2977
3057
3024
3027
2978
2943
2922
2949
2843
2839
2761
2832
2800
2820
2746
2771
2691
2611
2610
2600
2483
2533
2429
2468
2370
2382
2381
2304
2446
2252
2209
2344
2278
2252
2232
2116
2176
2100
2084
2179
2104
2112
2123
1962
2024
2005
1962
1968
1900
1855
1861
1889
1804
1869
1773
1806
1797
1838
1838
1646
1691
1709
1649
1703
1618
1769
1611
1590
1557
1586
1542
1578
1553
1611
1452
1524
1466
1485
1456
1466
1493
1428
1400
1465
1431
1347
1362
1358
1360
1360
1399
1359
1312
1379
1316
1302
1257
1263
1320
1275
1277
1256
1225
1221
1258
1252
1233
1184
1236
1169
1193
1176
1190
1174
1168
1141
1083
1145
1113
1170
1113
1124
1128
1058
1111
1103
1081
1072
1015
1105
1046
1096
1036
1044
1038
1028
1048
1010
1003
984
1015
985
1019
1014
994
971
994
996
1012
961
961
940
975
947
936
970
934
881
969
929
955
961
922
924
921
893
910
895
869
905
909
868
885
877
880
892
860
864
852
849
868
856
878
874
828
860
869
815
828
823
843
853
809
857
812
814
824
825
841
815
827
809
780
819
827
830
804
804
778
829
806
814
767
758
772
814
781
807
782
809
779
765
793
780
790
758
781
775
763
763
765
763
745
769
790
759
757
768
731
743
749
745
738
731
729
741
755
741
744
746
742
720
744
742
738
736
707
745
718
688
726
722
701
719
708
741
750
723
694
701
699
698
698
709
701
714
685
697
710
710
694
727
721
674
686
694
689
680
685
678
696
711
696
673
694
686
697
695
681
688
678
695
699
667
696
689
686
680
674
691
680
684
681
686
670
680
668
673
684
679
692
678
681
681
675
673
653
672
657
652
650
660
645
671
666
658
671
679
658
643
655
657
663
649
657
665
656
656
635
657
653
650
655
630
653
656
654
654
651
652
641
663
656
653
654
665
639
641
665
641
652
634
648
643
647
650
663
641
633
662
648
642
635
630
655
648
654
661
650
646
652
641
636
637
640
636
654
636
639
633
635
638
627
629
637
646
630
639
651
628
641
638
623
645
643
633
648
633
664
625
627
628
637
630
648
633
618
636
634
662
637
635
613
630
628
625
631
625
619
639
613
626
625
643
632
620
615
624
622
627
615
628
619
626
630
636
623
622
629
618
619
620
616
615
633
637
612
622
617
619
610
614
613
615
606
628
621
629
613
621
626
622
616
616
618
615
624
622
624
613
620
619
613
614
621
625
616
629
618
614
614
617
610
624
616
619
609
612
614
612
612
621
616
619
608
619
609
609
614
620
617
609
616
615
611
611
613
616
600
619
608
613
619
624
614
613
609
615
614
618
611
605
599
615
610
607
599
616
602
612
610
610
598
609
603
618
611
601
607
619
611
607
609
613
608
615
602
608
609
621
610
613
617
613
609
609
605
604
613
612
605
602
622
616
607
612
611
608
614
608
614
606
609
608
614
611
608
609
615
600
612
615
611
597
610
601
604
608
614
610
605
599
606
597
612
597
602
610
598
611
609
603
595
610
606
610
599
607
607
613
604
608
612
608
604
609
603
610
608
596
605
597
598
596
596
604
604
607
614
605
598
607
607
606
603
599
608
597
605
602
601
597
609
594
600
598
598
594
607
599
603
609
602
597
600
596
603
607
604
601
602
604
605
608
600
600
594
609
600
601
601
607
597
607
614
614
613
604
605
597
597
604
613
603
607
608
603
610
608
601
612
601
609
605
595
598
601
600
602
607
603
608
601
607
599
604
601
606
598
600
608
600
603
604
604
597
594
595
600
597
602
602
609
602
615
600
598
599
608
604
607
595
600
601
598
608
604
605
601
603
614
606
597
603
