616
605
607
606
610
618
610
613
613
610
611
601
598
597
607
598
613
612
605
599
604
613
607
607
620
611
599
608
603
613
608
606
611
608
611
606
621
602
595
613
597
606
606
605
604
604
605
602
596
596
610
611
605
606
601
604
617
600
607
610
609
599
613
601
614
608
595
598
596
603
600
603
601
597
600
602
616
609
607
607
607
601
606
607
613
610
601
603
602
592
601
615
608
612
610
603
608
605
609
604
613
616
602
609
607
609
604
610
603
598
606
611
602
609
608
598
606
607
608
596
602
615
605
594
604
597
599
609
607
602
616
618
607
598
601
603
611
603
602
613
602
604
607
609
614
596
614
606
616
604
603
601
606
609
607
623
599
611
605
608
610
603
602
607
604
610
604
610
599
603
598
615
603
600
598
602
609
603
606
621
602
622
606
622
606
621
609
600
608
599
609
623
620
609
614
608
621
611
611
608
607
618
611
616
607
610
604
621
612
609
614
601
617
620
616
611
616
619
606
612
612
611
601
609
616
603
619
615
618
604
601
614
622
620
615
603
616
615
613
638
624
615
609
621
616
609
624
625
614
618
622
628
624
611
624
625
618
619
621
614
616
618
623
615
620
611
617
619
622
628
629
622
611
623
614
617
612
627
637
619
616
624
632
624
626
626
624
630
629
636
621
617
627
633
626
629
643
645
641
631
647
630
633
638
644
634
632
637
646
651
658
642
667
648
668
654
673
660
663
655
685
653
669
656
676
671
668
677
690
666
681
684
693
705
705
689
705
729
690
688
710
713
716
727
746
736
743
745
762
773
742
776
776
782
809
838
799
841
798
852
835
888
924
875
869
903
911
909
927
976
942
1019
979
995
1092
1037
1031
1123
1128
1142
1161
1207
1194
1229
1260
1266
1333
1399
1312
1469
1503
1575
1445
1609
1644
1692
1718
1778
1889
1918
1880
1988
1999
2092
2132
2233
2221
2332
2389
2494
2631
2642
2730
2959
3032
3111
3181
3339
3518
3678
3667
3870
4116
4183
4303
4518
4623
4791
5059
5041
5307
5540
5748
6068
6321
6466
6718
6974
7242
7326
7619
7906
8244
8389
8883
9056
9057
9489
9791
9929
10242
10732
10901
11237
11327
11580
11933
12144
12370
12492
12441
12857
12906
12923
13159
13280
13184
13268
13221
13112
13228
13220
13154
13022
13188
13307
12842
12821
12630
12655
12340
12302
12197
11869
11726
11564
11390
11092
10940
10521
10502
10484
10135
10142
9715
9628
9414
9327
9150
9168
9098
8800
8681
8609
8212
8436
8048
7858
7995
7703
7484
7549
7228
7171
7073
7013
6871
6901
6708
6643
6552
6449
6267
6418
6361
6283
6265
6020
5982
5786
5926
5824
5704
5640
5465
5579
5420
5591
5257
5274
5412
5300
5226
5229
5251
5001
5174
5075
4815
4926
4880
4886
4768
4667
4701
4693
4663
4703
4401
4484
4486
4491
4441
4326
4430
4154
4277
4189
4245
4149
3997
4090
4099
3900
3926
3808
3766
3845
3825
3693
3662
3631
3587
3513
3517
3494
3440
3518
3401
3296
3198
3288
3290
3190
3085
3098
3074
3117
3013
3136
3015
3057
2803
2894
2767
2852
2759
2780
2780
2724
2696
2687
2683
2630
2658
2513
2531
2434
2412
2391
2355
2372
2488
2272
2284
2396
2332
2370
2289
2259
2245
2166
2173
2145
2112
2096
2038
2130
2085
1965
1995
2016
1949
1990
1907
1931
1859
1873
1802
1834
1852
1817
1773
1762
1733
1763
1729
1781
1720
1717
1779
1708
1647
1623
1670
1595
1547
1596
1644
1567
1561
1604
1510
1570
1476
1491
1489
1510
1423
1406
1477
1421
1434
1453
1474
1452
1369
1393
1372
1355
1333
1314
1302
1342
1312
1329
1266
1270
1234
1245
1252
1214
1224
1241
1213
1186
1113
1212
1169
1220
1154
1204
1151
1184
1179
1180
1114
1148
1154
1047
1121
1106
1102
1072
1107
1116
1102
1094
1064
1083
1061
1062
1054
1074
1049
1037
1076
1026
960
1014
1029
1052
986
1004
993
985
993
976
982
980
1011
976
965
962
956
966
950
973
930
956
888
952
955
896
907
954
912
908
917
875
900
881
864
940
906
920
886
854
879
868
860
889
862
911
872
890
851
869
853
824
828
813
828
830
849
830
812
792
835
842
813
839
822
811
820
832
844
820
778
802
830
830
785
808
804
792
781
784
823
769
801
813
771
779
780
772
759
786
759
808
774
769
795
755
752
759
792
738
753
772
784
754
733
740
762
744
743
727
752
728
754
756
724
733
738
694
734
742
748
726
716
737
721
719
728
716
709
741
734
730
706
731
726
734
711
744
702
700
710
697
730
706
694
716
709
675
698
672
693
682
691
702
682
696
714
687
692
689
674
677
692
690
670
681
680
669
713
712
698
671
708
694
706
684
689
687
675
689
676
666
682
683
697
667
674
671
667
681
683
649
661
668
663
676
689
655
693
673
672
672
679
656
674
675
667
676
653
669
659
662
664
668
645
666
673
665
666
655
669
661
662
658
645
650
641
676
653
649
661
667
646
656
655
665
648
663
649
646
655
648
649
644
642
640
633
653
653
629
651
648
637
648
638
653
644
650
642
655
655
631
655
650
628
628
648
625
627
635
635
644
647
646
629
641
627
644
632
630
630
639
640
630
632
644
647
640
637
633
624
631
631
626
644
629
620
612
639
626
639
631
627
625
626
631
637
627
637
617
624
651
615
628
606
629
626
621
634
628
625
627
631
630
611
629
628
636
613
629
627
626
618
619
622
621
632
624
639
631
616
623
615
623
619
621
622
619
628
614
617
620
606
614
624
619
625
627
625
621
614
612
615
619
619
603
620
613
615
611
621
600
609
614
607
609
620
620
620
616
601
609
616
620
606
607
613
606
614
608
607
602
611
616
612
613
617
615
619
617
609
614
602
619
616
621
610
614
615
609
604
616
601
616
603
618
609
608
610
612
607
612
604
606
616
606
606
615
602
614
603
601
608
603
608
611
615
614
610
599
620
612
613
607
608
612
601
615
608
606
622
618
601
605
609
619
610
610
617
614
605
603
598
598
617
595
604
605
603
616
596
608
604
606
607
613
604
602
605
616
618
613
602
616
620
602
612
613
608
607
606
611
609
602
615
611
603
601
606
607
602
601
601
607
610
607
605
603
603
605
600
591
608
596
606
606
615
599
597
599
602
592
608
600
606
600
602
609
606
610
609
609
598
608
601
611
608
611
609
608
612
607
614
610
608
607
593
604
601
614
602
606
603
606
597
602
601
600
597
597
598
605
601
600
601
602
599
597
611
601
597
602
598
597
609
597
602
598
599
595
605
607
611
604
598
598
599
601
604
605
603
598
605
598
607
593
603
605
598
609
590
601
