606
608
603
608
599
613
608
609
605
607
613
612
604
613
600
601
601
609
601
610
608
608
612
607
602
600
611
604
609
603
601
600
589
593
611
599
604
599
610
606
606
592
606
599
611
604
607
611
612
610
613
602
602
609
598
608
607
610
603
609
600
609
592
602
606
600
604
594
606
603
607
606
600
609
596
607
602
604
605
602
601
613
611
612
607
606
609
604
609
604
590
605
609
605
612
597
610
603
598
612
601
609
605
611
601
608
598
607
604
601
596
598
603
610
611
608
610
601
607
600
610
611
604
606
608
614
604
600
596
596
602
604
609
605
603
606
595
607
596
615
609
607
607
602
600
603
612
608
600
605
600
603
608
604
618
608
616
612
597
610
607
602
601
609
611
598
602
622
606
602
614
611
604
604
606
607
605
600
611
603
604
618
609
603
615
607
621
600
604
614
606
613
615
604
602
613
605
617
615
609
600
609
600
610
600
603
615
600
603
615
600
613
606
612
598
609
605
613
609
607
603
605
610
617
613
619
607
609
614
611
621
606
603
618
608
619
614
613
609
614
617
615
615
616
627
617
614
617
617
603
614
604
611
614
611
614
624
617
613
606
624
613
625
620
626
611
620
615
606
627
614
624
630
614
618
626
614
617
632
614
620
622
619
618
614
626
628
622
619
636
610
632
630
615
626
628
626
638
628
610
631
631
624
629
622
633
637
636
651
623
625
644
636
642
637
650
640
629
630
643
654
666
661
658
648
655
666
671
671
667
667
666
674
656
682
662
676
680
679
713
699
697
713
736
726
703
723
745
739
745
753
721
760
740
756
776
759
765
776
778
806
797
799
812
785
834
881
847
879
899
890
912
902
943
908
940
954
975
947
999
996
1078
1011
1093
1085
1146
1167
1197
1183
1253
1248
1309
1277
1361
1371
1415
1495
1467
1473
1513
1613
1648
1701
1729
1819
1849
1831
1907
2029
2112
2000
2150
2217
2179
2386
2417
2529
2634
2758
2894
2854
3100
3110
3300
3381
3501
3604
3690
3897
3983
4109
4226
4628
4532
4728
5008
4995
5318
5640
5678
5947
5944
6334
6442
6492
6844
7113
7101
7467
7527
7708
8051
8237
8531
8584
8648
8999
9126
9357
9421
9439
9722
9879
10003
10121
10073
9846
9956
9854
9903
9809
9847
10070
9971
10006
9938
9876
9619
9360
9377
9643
9344
9337
9090
9062
8810
8879
8302
8417
8163
8196
7788
7905
7701
7395
7540
7491
7397
7180
7034
6972
6787
6697
6751
6456
6400
6472
6312
6292
6045
5991
6000
5817
5666
5724
5771
5553
5468
5504
5424
5425
5316
5393
5168
5131
4971
4916
4771
4895
4825
4802
4737
4613
4525
4561
4463
4487
4561
4387
4476
4399
4447
4331
4293
4320
4397
4289
4236
4102
4096
4150
4149
3998
4034
3950
3886
3820
3915
3630
3876
3833
3754
3701
3621
3739
3583
3702
3636
3509
3461
3533
3523
3324
3366
3331
3340
3276
3100
3127
3168
3127
3134
3203
3085
2977
3048
3067
2989
2867
2880
2895
2706
2814
2670
2860
2729
2751
2726
2699
2630
2577
2606
2558
2532
2383
2455
2389
2435
2408
2347
2382
2254
2327
2279
2282
2357
2242
2179
2198
2127
2094
2172
2020
2047
2098
2029
1967
2047
2015
1939
1904
1954
1937
1872
1861
1834
1842
1831
1799
1896
1779
1797
1716
1799
1743
1709
1594
1692
1701
1707
1637
1617
1644
1584
1575
1582
1516
1574
1549
1493
1440
1502
1483
1475
1441
1395
1425
1413
1476
1430
1386
1374
1391
1393
1363
1368
1374
1340
1365
1244
1272
1305
1268
1284
1279
1259
1254
1177
1216
1240
1139
1269
1205
1259
1183
1189
1221
1208
1156
1134
1116
1093
1248
1173
1149
1091
1113
1050
1104
1137
1078
1108
1092
1047
1106
1054
1048
1036
1029
1019
1007
1053
992
970
939
1035
1023
1016
1032
973
997
983
967
923
963
1001
997
948
974
923
940
978
934
913
921
950
944
893
894
894
884
955
900
898
882
915
879
880
872
888
826
870
852
887
849
884
848
835
857
842
844
871
879
835
872
826
850
797
828
808
833
837
832
814
783
811
856
800
800
788
821
802
812
805
814
797
807
786
785
784
790
774
777
780
798
788
802
783
772
776
754
785
778
755
783
773
778
775
769
739
736
754
776
735
721
741
739
724
750
755
730
732
711
723
752
734
744
713
704
717
739
718
744
735
737
720
713
741
719
730
721
697
724
692
714
707
696
683
713
693
695
702
702
713
697
718
711
700
687
693
721
700
715
700
700
696
662
684
707
700
686
687
682
683
678
690
675
680
704
670
660
682
671
696
676
675
676
658
674
679
667
675
666
678
672
683
688
671
680
676
667
670
652
671
655
657
666
655
666
659
680
653
668
657
651
663
680
655
652
657
658
657
646
660
641
651
657
644
654
649
650
647
646
659
658
658
650
648
637
647
656
631
650
672
639
635
661
638
644
645
658
649
658
655
631
622
668
642
623
617
636
636
645
646
636
641
636
640
656
626
631
628
634
642
635
633
642
622
640
625
646
635
630
617
631
633
644
636
637
640
633
627
644
635
634
626
624
636
632
630
647
626
636
643
631
612
644
632
625
627
626
633
638
615
643
638
625
622
622
627
638
626
623
625
647
634
634
631
645
618
634
625
619
627
637
622
613
628
625
620
618
635
623
622
626
611
620
626
615
622
622
612
618
619
607
615
622
612
626
619
611
619
604
621
634
616
611
625
609
618
610
614
621
626
614
617
619
611
614
618
605
621
609
612
618
614
615
613
616
613
611
615
607
607
605
612
611
608
616
607
612
610
606
609
615
609
606
610
617
622
609
619
609
614
614
622
609
606
617
617
606
599
611
609
616
607
604
604
605
607
617
610
597
604
612
615
610
612
603
612
608
609
610
604
617
600
611
611
608
603
607
604
605
615
594
601
599
601
613
609
616
595
611
598
603
611
607
601
613
614
604
612
608
611
606
606
603
609
605
609
603
614
606
605
603
605
603
605
603
611
615
601
602
598
605
603
605
602
605
603
610
602
599
602
597
597
604
601
607
606
603
600
608
598
604
600
600
609
596
607
605
609
609
604
609
614
606
601
597
609
605
602
587
603
602
598
595
599
595
603
595
609
605
603
606
607
595
598
607
604
599
596
606
602
602
606
600
604
610
607
611
607
603
604
604
591
610
602
601
614
605
604
602
593
600
607
595
599
597
598
601
604
598
600
598
601
605
604
596
599
601
598
601
595
597
602
601
597
598
603
596
596
611
604
601
611
602
597
606
605
598
597
595
603
605
600
601
598
597
603
598
604
603
607
601
602
595
610
603
611
