603
604
609
613
613
613
604
609
605
618
608
618
608
612
601
604
605
599
604
609
605
609
595
599
617
606
612
600
607
617
606
603
603
607
609
607
602
597
607
603
604
606
606
616
609
612
614
619
607
616
607
602
610
605
601
609
610
613
614
601
610
607
603
603
600
602
598
609
611
607
605
613
606
602
612
618
598
606
606
600
607
599
598
612
609
606
607
610
615
603
605
612
603
605
618
600
611
605
609
605
612
603
614
615
608
603
606
604
608
593
591
601
600
611
612
600
594
617
604
610
601
604
601
598
612
612
609
608
611
616
624
613
605
607
616
606
612
593
607
605
605
607
604
610
620
604
603
620
603
609
612
604
610
604
601
604
606
610
610
607
601
617
606
607
611
603
608
613
611
607
609
603
604
612
615
605
613
611
618
603
602
615
614
607
610
612
605
612
607
608
610
614
608
615
620
611
612
608
607
613
617
610
602
615
611
612
610
608
618
609
615
605
630
630
619
610
609
629
619
629
613
608
609
611
619
616
612
617
614
618
610
617
636
611
615
613
619
619
621
612
620
616
625
613
624
614
618
622
622
623
622
615
615
618
621
614
614
624
627
609
625
625
622
618
622
633
624
623
626
619
627
624
627
632
628
619
609
622
630
628
630
633
617
630
636
624
614
627
649
640
629
647
641
624
638
630
626
652
641
646
660
649
656
664
637
653
647
645
673
648
647
648
655
664
659
674
682
664
683
670
678
674
696
693
671
697
703
691
686
706
702
711
721
707
722
722
726
745
745
721
760
772
745
775
758
781
806
795
769
794
827
829
822
831
856
863
843
892
852
921
937
970
915
934
983
957
1012
990
1028
1035
1091
1094
1142
1106
1155
1174
1128
1199
1278
1270
1276
1344
1342
1373
1444
1463
1467
1489
1582
1582
1689
1711
1763
1778
1855
1979
2017
2111
2160
2219
2208
2406
2384
2524
2529
2572
2693
2757
2910
2996
3145
3238
3323
3546
3714
3838
3970
4105
4170
4344
4518
4606
4892
5105
5243
5407
5755
5867
5915
6307
6448
6721
7086
7292
7759
8030
8165
8526
9013
9251
9289
9861
9961
10360
10886
10972
11276
11602
12270
12335
12545
12924
13308
13671
14017
14181
14764
15048
15319
15481
15901
15903
16225
15827
15999
16218
16232
16260
16416
16190
16251
16656
16495
16093
16453
16181
15986
15984
15817
15489
15291
15199
15064
14711
14758
14343
14373
13567
13355
13445
13316
12710
12876
12592
12117
12117
11884
11574
11412
11195
11244
11091
10863
10654
10334
10185
10030
9997
9856
9499
9540
9358
9098
9099
8934
8629
8569
8425
8575
8243
8064
8165
8025
7979
7796
7811
7704
7429
7576
7305
7223
7132
7034
6917
6928
6760
6865
6862
6609
6538
6519
6369
6502
6442
6464
6386
6309
6220
6170
6155
6074
5942
6012
5884
5678
5620
5616
5826
5458
5513
5496
5503
5372
5418
5374
5333
5261
5141
5223
5064
4949
4924
4817
5019
4773
4681
4678
4687
4537
4624
4560
4584
4390
4195
4344
4369
4291
4235
4123
4030
4125
3972
3992
3931
3904
3886
3796
3739
3806
3745
3730
3663
3474
3619
3432
3372
3448
3307
3277
3282
3354
3318
3208
3179
3215
3014
3078
2988
2902
2879
2937
2842
2858
2875
2685
2719
2720
2722
2796
2555
2634
2560
2599
2559
2511
2596
2507
2547
2450
2430
2423
2401
2375
2348
2262
2272
2289
2247
2226
2158
2211
2122
2241
2041
2041
2068
2023
2025
1932
2078
1966
1997
2017
1934
1899
1932
1884
1780
1845
1858
1791
1736
1830
1716
1711
1774
1782
1745
1742
1711
1653
1656
1615
1616
1608
1620
1635
1604
1553
1620
1514
1520
1537
1511
1493
1467
1521
1374
1431
1440
1440
1390
1413
1392
1401
1418
1362
1311
1335
1376
1384
1340
1369
1304
1324
1284
1261
1251
1301
1282
1205
1246
1218
1302
1243
1239
1164
1275
1220
1172
1220
1193
1175
1178
1161
1128
1171
1172
1176
1102
1173
1102
1116
1130
1124
1127
1164
1078
1122
1077
1102
1100
1050
1051
1058
1088
1036
1044
1046
1024
1017
1008
1012
1080
1041
1021
973
993
983
959
1003
1011
981
1015
967
962
980
948
971
915
945
934
949
927
911
914
929
958
937
906
904
904
838
908
929
885
915
898
879
895
913
880
872
877
900
847
888
877
848
849
832
871
871
849
871
852
859
866
852
817
838
812
834
852
856
830
825
830
827
792
788
835
806
834
814
829
808
803
791
797
792
812
763
776
812
802
795
792
783
768
779
768
771
746
784
731
740
770
776
748
756
785
758
751
762
761
767
775
744
734
781
759
746
745
739
736
767
746
753
732
717
742
725
738
736
737
776
762
744
735
710
731
705
741
719
709
725
732
709
708
710
712
729
731
720
722
695
691
706
700
721
698
699
697
702
728
721
705
712
701
704
702
699
697
707
696
696
689
689
682
695
692
683
682
692
705
708
681
668
687
682
678
677
675
692
689
691
678
679
681
668
663
695
676
669
670
680
661
673
671
669
679
665
665
670
660
652
679
656
676
639
661
660
656
675
664
657
662
663
662
674
658
650
640
658
667
647
653
676
658
670
666
671
663
642
670
649
645
637
643
645
647
658
662
654
647
646
649
662
660
658
659
651
655
621
661
637
626
649
623
661
642
653
637
650
653
627
623
648
634
641
641
644
638
651
652
633
637
628
638
643
632
634
624
650
631
634
634
638
645
628
641
634
622
627
617
634
632
639
637
639
628
630
634
615
621
623
613
628
635
627
621
637
631
622
632
630
628
635
621
624
630
616
635
629
620
622
632
617
632
625
624
638
617
617
626
620
638
633
631
630
618
630
615
617
616
618
608
625
616
627
622
620
618
608
614
618
612
629
623
627
612
615
630
623
627
611
617
606
628
618
620
627
623
612
608
605
615
623
610
614
617
620
617
609
624
624
611
617
603
615
606
616
614
638
613
609
605
622
603
617
621
601
613
615
611
614
618
606
597
610
612
604
612
603
607
626
627
614
627
615
609
612
604
609
605
615
609
610
614
619
618
612
611
615
609
617
604
617
609
607
614
603
607
612
609
611
618
591
607
608
603
604
614
598
606
598
612
597
604
609
605
617
602
605
607
606
608
595
609
607
602
604
607
615
607
609
604
610
593
607
612
606
606
612
607
611
614
601
607
601
604
600
600
596
605
601
613
599
608
595
611
607
613
608
600
610
597
613
600
605
607
600
601
604
602
604
602
598
603
603
615
607
607
602
606
595
607
606
602
604
609
610
601
604
607
602
598
601
612
613
602
597
603
601
604
595
602
595
605
596
613
601
594
598
608
597
603
600
603
607
605
597
605
593
604
600
602
600
606
602
596
595
602
602
593
596
603
601
595
