602
607
603
611
606
614
596
607
601
613
596
604
611
614
600
622
601
606
611
605
604
606
611
615
614
605
606
597
610
607
611
605
607
599
613
604
603
604
604
615
608
605
611
605
603
600
601
614
600
608
620
617
604
610
612
602
607
606
604
607
606
600
614
604
599
606
605
604
617
610
608
604
608
609
610
604
611
600
607
615
600
607
611
603
619
608
609
609
602
610
610
608
614
609
609
608
605
601
609
600
606
603
605
606
608
604
596
609
602
608
608
610
606
605
609
607
604
603
612
605
606
611
617
602
614
607
611
612
610
613
606
604
613
621
601
606
610
622
610
612
603
608
616
609
611
616
612
614
619
624
606
605
601
607
619
606
608
606
610
610
607
617
609
608
612
611
605
603
606
618
618
601
614
612
608
630
605
611
610
628
618
613
611
612
612
610
612
617
607
619
614
609
616
625
615
610
615
620
623
627
618
618
608
611
623
612
612
615
619
607
619
605
613
620
615
616
619
621
614
620
621
623
621
620
622
633
619
616
621
624
617
616
621
614
604
615
620
621
626
620
626
619
636
633
625
622
616
626
619
626
611
607
621
619
617
616
620
642
640
627
640
625
624
622
626
628
623
629
635
648
625
630
636
619
628
633
643
638
627
641
639
647
632
624
624
644
659
650
660
639
644
642
651
646
635
646
638
645
655
656
641
664
654
656
656
649
656
657
658
664
679
657
654
665
675
685
687
670
667
671
689
676
691
685
710
685
697
690
716
705
694
707
711
712
743
718
725
732
701
772
748
774
765
743
785
783
765
788
788
825
806
846
865
849
819
880
855
864
907
900
904
910
989
948
990
941
1015
1030
1073
1096
1087
1076
1068
1105
1133
1180
1180
1215
1329
1229
1347
1334
1433
1406
1406
1414
1447
1558
1532
1664
1704
1689
1739
1732
1870
1881
1972
2011
2000
2145
2231
2313
2385
2413
2597
2567
2636
2741
2842
2982
3095
3113
3424
3433
3441
3672
3941
3979
3999
4425
4503
4618
4613
4927
5040
5348
5541
5626
5929
6225
6244
6545
6818
7157
7395
7618
7846
8319
8615
8939
9050
9487
9612
10125
10230
10690
10921
11498
12012
12016
12276
12619
13275
13361
13617
13822
14457
14710
14653
15001
15207
15468
15272
15516
15643
15886
15695
16086
15965
15820
15913
16085
16025
15717
15652
16013
15876
15734
15500
15508
14876
14914
14772
14619
14317
13845
13988
13489
13475
13153
13077
12684
12451
12219
12206
11991
11672
11630
11433
11447
11080
10834
10712
10586
10319
10334
10291
10055
9710
9775
9464
9293
9290
9224
8720
8887
8584
8737
8706
8419
8309
8192
8173
8137
8051
7847
7632
7895
7662
7450
7537
7467
7375
7366
7421
7153
7186
7163
6830
6988
6850
6891
6742
6742
6688
6883
6732
6506
6605
6511
6172
6449
6209
6075
6141
6130
6128
6071
5858
5918
5897
5752
5768
5676
5624
5604
5670
5503
5402
5467
5317
5442
5261
5265
5128
5045
4953
5125
5123
4837
4858
4705
4841
4821
4611
4657
4642
4566
4455
4465
4483
4526
4348
4302
4167
4090
4151
4112
3996
4096
3898
3771
3809
3841
3644
3723
3506
3682
3705
3514
3491
3548
3478
3411
3461
3386
3315
3356
3203
3221
3213
2997
3039
3048
3006
2882
2835
2819
2895
2909
2697
2826
2794
2799
2771
2818
2689
2625
2574
2632
2583
2516
2597
2444
2433
2470
2421
2266
2340
2459
2370
2347
2236
2307
2176
2231
2207
2223
2167
2116
2105
2129
2074
1989
2038
2090
2087
1942
2026
1977
1914
1937
1903
1970
1923
1879
1855
1823
1785
1811
1856
1782
1830
1759
1810
1592
1729
1679
1678
1604
1664
1601
1532
1520
1583
1552
1512
1518
1556
1465
1632
1491
1480
1474
1417
1453
1481
1454
1454
1482
1397
1457
1443
1306
1360
1384
1338
1329
1383
1317
1297
1360
1261
1279
1283
1307
1257
1296
1277
1236
1198
1236
1281
1234
1212
1144
1243
1117
1175
1180
1180
1160
1184
1087
1148
1118
1135
1177
1104
1114
1130
1142
1088
1059
1129
1066
1078
1127
1079
1055
1086
1026
1064
1050
1059
1007
1023
1016
986
1064
1061
1008
952
1046
984
973
986
1000
982
1009
950
1002
999
943
1014
967
916
990
948
952
989
941
931
904
885
956
968
894
916
930
901
917
908
895
902
915
893
939
858
890
884
920
877
905
840
870
869
847
867
834
885
886
862
831
880
835
821
855
795
811
847
830
839
799
840
828
810
803
824
840
830
832
798
794
803
822
799
801
796
796
807
783
779
779
801
792
788
792
776
774
768
764
792
807
776
751
764
743
768
745
752
763
772
755
751
748
770
751
745
727
735
743
751
750
744
728
740
742
743
739
725
755
711
750
720
718
713
734
740
733
702
708
721
722
713
735
740
682
709
715
737
695
678
719
724
730
718
710
733
721
702
706
700
723
716
696
662
721
708
720
703
684
712
704
707
695
716
703
689
696
695
692
703
669
695
684
665
688
688
700
687
664
668
688
682
653
692
656
675
681
668
681
672
681
698
689
656
676
672
690
664
675
658
692
692
659
668
673
652
651
666
676
656
664
673
663
671
670
660
663
664
657
679
646
639
667
649
663
661
640
658
667
665
663
644
644
642
659
651
644
669
650
647
637
651
660
641
661
644
654
661
648
645
644
657
638
647
654
641
642
668
642
645
625
648
646
651
622
651
645
652
645
641
643
635
639
639
650
626
630
642
634
623
640
626
629
635
630
620
642
631
637
634
631
638
638
635
634
637
641
617
615
623
628
623
632
629
630
633
630
621
629
630
624
624
645
611
641
627
622
620
630
617
617
635
631
605
627
623
623
620
632
620
635
615
620
626
622
607
615
624
618
634
616
618
631
638
626
626
620
623
612
620
621
622
618
611
621
618
615
615
634
622
620
618
625
621
603
609
622
621
610
619
614
609
611
613
609
604
619
624
619
609
625
610
627
616
618
615
616
624
614
617
615
618
612
607
600
618
612
603
608
609
607
611
616
615
598
608
617
603
603
610
617
610
607
611
608
603
615
612
615
614
620
615
619
605
600
616
605
595
617
602
605
619
616
611
607
612
605
605
608
616
605
622
613
602
614
624
607
608
602
601
614
615
607
610
605
605
607
600
609
611
606
613
619
613
618
607
609
608
609
602
614
611
601
601
614
599
605
616
598
610
605
613
603
598
609
609
617
609
605
603
607
613
605
608
606
606
607
606
610
596
610
605
597
616
611
607
604
611
601
611
605
606
599
607
602
596
602
605
607
606
604
601
601
616
593
602
611
604
613
603
602
607
609
604
603
604
607
604
606
613
606
598
603
605
602
604
601
605
613
601
599
603
599
604
613
600
603
611
604
602
600
605
605
602
607
598
600
