610
611
605
607
606
613
609
601
609
607
601
612
613
606
609
610
602
603
620
611
605
606
607
602
615
614
615
611
603
604
603
604
603
609
614
606
612
609
601
608
606
610
615
601
614
615
606
610
605
604
610
606
608
612
603
608
604
613
610
619
605
601
606
607
608
611
607
610
605
601
602
604
598
609
610
600
611
602
606
601
602
602
605
600
621
600
604
608
614
601
604
605
610
614
608
605
603
604
598
614
605
605
604
601
619
597
620
603
615
609
624
598
607
607
608
605
609
606
617
606
615
613
603
597
606
597
609
602
615
606
611
615
602
610
612
613
608
613
618
602
610
608
607
609
614
607
610
605
618
594
606
619
610
606
612
616
619
612
615
609
608
614
613
614
605
608
616
612
618
618
609
607
606
615
618
618
612
612
601
617
609
613
622
605
611
627
615
624
607
619
623
624
612
622
617
613
609
610
619
624
620
624
621
612
620
626
629
622
629
625
614
620
617
626
618
614
608
613
633
637
618
634
623
629
628
624
621
620
627
638
625
629
620
632
628
638
621
622
646
637
617
635
625
621
621
632
629
638
631
626
647
620
643
633
636
632
648
645
638
632
639
635
631
628
645
644
634
636
637
635
643
647
647
639
645
643
622
637
652
641
642
642
664
658
641
651
643
658
655
662
657
656
654
658
660
640
649
679
673
655
642
664
664
680
677
676
666
671
682
692
685
699
707
696
698
714
697
693
722
710
716
723
735
730
684
714
747
738
761
736
755
742
752
810
757
801
794
796
805
784
811
805
814
872
842
854
890
881
888
879
896
962
890
938
980
983
977
1027
1025
1073
1043
1122
1109
1163
1177
1163
1190
1234
1188
1288
1320
1304
1336
1378
1411
1421
1438
1498
1511
1527
1565
1672
1749
1720
1834
1874
1842
2004
1964
1986
2208
2220
2192
2274
2391
2493
2598
2731
2781
2819
2998
3044
3155
3208
3398
3501
3498
3700
3848
4034
4155
4277
4638
4654
4871
5004
5294
5504
5607
6039
5952
6443
6629
6858
7096
7422
7747
8010
8334
8653
9066
9194
9776
10035
10491
10909
11245
11813
12314
12696
13204
13580
14004
14677
15218
15437
15858
16452
16623
17390
17962
18340
18907
19718
19959
20106
20782
20976
21511
21749
22049
22271
22611
22799
23052
22876
22861
23115
23256
23072
23263
22975
22661
22847
23002
22992
22594
22488
22264
22590
21674
21538
21164
21173
20589
20143
19954
19756
19159
18930
18865
18332
18130
17948
17475
17045
16767
16601
16511
15795
15733
15354
15087
14874
14770
14494
14179
13956
13820
13487
13373
13329
12996
12747
12609
12375
12512
12161
11843
11938
11710
11432
11225
10998
11081
11316
10785
10815
10726
10249
10446
10261
10109
9999
9767
9547
9609
9677
9653
9149
9517
9177
9547
9155
9076
9163
8962
8831
8735
8713
8597
8684
8282
8358
8076
8247
8041
7915
7996
7875
7852
7796
7915
7606
7628
7728
7506
7492
7456
7287
7187
7111
6978
7044
6864
6781
6753
6621
6604
6503
6530
6401
6300
6161
6098
6072
5971
5913
5940
5822
5886
5711
5754
5564
5587
5414
5298
5269
5161
5249
5123
5043
5032
4870
4945
4916
4782
4831
4572
4692
4544
4570
4521
4392
4381
4294
4334
4338
4168
4141
4098
3934
3980
3919
3877
3872
3871
3688
3663
3540
3693
3612
3568
3563
3422
3588
3439
3399
3360
3344
3319
3332
3167
3197
3015
3141
3093
3043
3009
2881
2827
3012
2874
2814
2834
2873
2779
2684
2749
2755
2681
2694
2630
2654
2589
2416
2474
2543
2492
2470
2441
2379
2357
2314
2276
2135
2318
2317
2205
2194
2107
2165
2267
2049
2191
2112
2097
2071
2013
2046
2011
1895
1954
1937
1938
1914
1913
1929
1899
1868
1759
1776
1825
1786
1830
1865
1765
1760
1728
1786
1648
1720
1691
1580
1643
1605
1638
1544
1629
1543
1578
1534
1541
1565
1580
1476
1474
1455
1441
1522
1476
1477
1409
1411
1395
1442
1414
1485
1395
1334
1352
1426
1344
1338
1366
1386
1312
1329
1262
1282
1332
1304
1299
1275
1320
1282
1256
1258
1290
1231
1223
1202
1188
1207
1191
1170
1166
1206
1173
1215
1198
1201
1195
1149
1169
1089
1146
1120
1142
1082
1161
1153
1089
1115
1082
1125
1102
1047
1087
1091
1052
1080
1065
1100
1029
1069
1054
1027
980
1004
1067
1022
1055
1016
1013
1036
998
1017
1032
1025
994
980
1008
976
962
968
948
979
963
955
973
913
938
940
942
912
918
940
939
957
918
913
933
902
970
904
922
842
927
898
914
877
880
895
854
862
883
885
863
855
880
842
878
848
868
842
838
863
858
842
793
844
851
829
871
820
837
844
865
838
814
853
852
806
797
810
802
813
813
803
829
802
808
787
810
789
813
770
771
808
819
802
782
786
826
776
779
786
757
788
768
757
751
780
813
794
736
758
757
779
741
751
776
752
742
747
748
768
763
756
763
765
767
742
745
711
764
734
724
739
740
740
707
735
721
724
729
720
732
749
723
712
718
742
734
708
720
736
725
735
712
707
722
738
689
700
700
709
691
693
722
697
691
704
742
700
692
691
704
704
713
700
713
690
685
704
692
665
685
707
679
688
675
688
714
699
676
671
675
705
672
671
696
675
666
691
684
691
674
669
681
678
663
699
657
693
696
672
660
682
681
676
663
667
648
654
662
664
669
682
656
652
679
658
683
663
672
672
657
652
659
669
650
659
669
654
652
650
645
666
672
654
653
661
648
661
656
666
649
664
646
630
641
642
641
646
654
651
655
654
643
652
634
654
652
641
630
633
641
640
648
659
631
636
646
638
646
620
640
637
628
631
641
649
647
627
634
633
632
628
625
624
647
646
638
629
631
630
616
620
626
645
644
634
640
635
635
644
623
612
615
630
640
626
633
634
628
630
623
637
629
632
628
629
617
616
616
617
624
621
613
616
622
628
630
624
635
610
636
631
619
623
629
624
617
621
611
624
616
626
623
625
620
614
625
621
619
605
614
618
612
617
610
621
611
621
629
612
620
613
610
612
614
617
614
613
605
607
617
615
610
615
614
611
619
620
618
620
613
613
599
612
613
611
613
623
622
621
595
617
616
606
609
622
617
613
618
603
613
613
615
610
603
601
619
595
627
611
607
613
606
605
619
604
614
624
607
599
606
616
612
612
606
619
606
627
611
615
604
615
606
610
618
604
609
603
610
615
613
609
606
598
599
602
614
620
609
600
605
606
614
608
610
605
607
610
604
604
601
610
601
617
601
606
597
614
604
609
604
607
602
608
614
608
607
608
611
604
608
594
601
595
603
600
596
605
595
613
606
596
613
603
595
607
606
601
609
600
601
611
610
606
608
605
613
611
608
610
590
598
611
605
597
609
606
609
600
603
605
604
596
616
598
598
606
602
603
595
603
600
