604
626
614
611
610
613
608
611
613
618
618
615
604
613
606
608
604
611
612
596
609
604
601
601
605
607
614
615
611
610
610
606
611
608
603
606
615
606
607
598
610
622
620
618
613
615
607
604
607
613
607
614
606
610
625
607
614
614
606
609
609
602
606
615
608
599
609
599
607
610
599
607
615
604
602
610
614
604
614
606
596
614
611
600
598
613
605
609
617
605
597
611
598
602
611
616
608
612
608
605
603
611
608
606
607
601
605
616
605
604
607
613
606
607
612
612
609
605
610
607
611
623
612
612
613
603
609
607
611
616
613
605
609
612
615
610
615
615
607
611
614
604
612
616
621
610
605
616
604
615
610
623
614
616
618
606
621
627
612
608
604
617
622
611
620
608
623
605
604
617
614
616
615
618
612
613
612
605
614
603
618
606
620
611
615
621
609
610
614
628
604
617
629
623
616
611
620
615
614
619
614
620
622
616
619
616
619
629
640
628
638
627
634
619
639
622
630
632
635
624
619
644
627
622
623
634
636
626
623
638
620
615
633
637
630
645
637
629
624
628
640
633
636
638
645
634
630
640
635
638
624
635
632
632
632
632
650
643
651
640
650
639
651
644
650
641
656
629
656
661
649
676
641
645
633
644
656
644
655
648
663
650
636
640
659
637
666
665
656
665
654
664
667
672
662
659
655
658
683
679
677
676
686
674
683
681
693
688
694
684
669
712
698
687
712
716
691
703
712
738
715
723
743
751
744
762
765
754
751
743
777
772
772
790
792
830
800
800
819
793
846
854
864
863
849
843
918
934
935
907
965
972
994
964
959
993
1034
1044
1069
1065
1091
1089
1113
1189
1166
1180
1254
1322
1256
1296
1318
1388
1393
1408
1445
1464
1494
1606
1566
1588
1686
1767
1610
1761
1833
1835
1994
1951
2097
2068
2291
2226
2330
2416
2569
2660
2674
2638
2902
2924
3027
3152
3207
3301
3423
3558
3721
3844
3955
4218
4356
4469
4620
4782
4928
5212
5291
5732
5968
6056
6336
6441
6960
7153
7188
7622
8058
8293
8475
8957
9305
9485
10083
10623
10895
11295
11729
12134
12609
13244
13528
14095
14349
14915
15522
15772
16455
16933
17281
17698
18227
18723
19332
19944
20488
20934
21543
21337
22138
22181
22742
22968
23037
23429
23325
23491
23698
23987
23849
23919
23961
23695
23628
23572
23567
23415
23686
23179
22829
22817
22371
22476
22377
21797
21458
21348
21064
20025
19909
19758
19573
19021
18527
18219
18266
17737
17881
17398
17147
16860
16721
16357
16001
15837
15515
15306
15231
14826
14557
14510
14388
13747
13671
13630
13339
13373
12954
12657
12595
12723
12573
12435
11875
12026
11959
11781
11532
11557
11322
11440
11148
11007
10934
10606
10766
10363
10505
10527
10133
10203
10327
10160
10041
9901
9923
9743
9665
9856
9427
9534
9202
9401
9028
8983
9097
8948
8925
8787
8581
8568
8658
8602
8428
8348
8189
8268
8167
8250
8015
8060
7827
7842
7615
7876
7676
7527
7362
7265
7506
7113
7023
7002
6941
6891
6811
6816
6751
6557
6605
6457
6429
6377
6369
6150
6025
6212
6079
5796
5797
5664
5727
5601
5634
5435
5329
5194
5251
5157
5119
5130
5074
4976
4994
4978
4831
4822
4645
4589
4625
4542
4627
4455
4342
4241
4283
4288
4246
4145
4120
4025
3863
3923
3829
3773
3923
3811
3686
3743
3692
3546
3604
3560
3520
3350
3390
3447
3375
3358
3291
3261
3220
3215
3317
3154
3150
3173
2968
3055
2907
2993
3060
2839
2931
2820
2693
2767
2777
2754
2716
2706
2595
2623
2456
2517
2510
2454
2483
2444
2422
2376
2298
2310
2369
2393
2339
2243
2242
2237
2203
2171
2148
2253
2122
2096
2106
2040
2037
2041
2028
1976
1961
1930
1893
1939
1892
1953
1912
1907
1930
1860
1843
1847
1840
1785
1803
1798
1754
1712
1769
1703
1711
1647
1659
1627
1682
1586
1655
1656
1639
1599
1607
1569
1552
1505
1496
1539
1539
1501
1507
1451
1447
1511
1461
1441
1497
1468
1494
1430
1392
1393
1449
1369
1408
1362
1380
1361
1362
1383
1358
1317
1320
1366
1264
1274
1252
1318
1261
1199
1240
1245
1243
1233
1231
1180
1281
1204
1177
1189
1190
1212
1157
1172
1185
1152
1181
1147
1143
1153
1151
1109
1063
1085
1095
1133
1093
1106
1107
1098
1074
1069
1063
1091
1052
1107
1044
1037
1091
1045
1048
1015
1044
999
1041
1000
993
1070
1023
1008
1039
1029
975
970
955
957
956
991
998
1000
937
966
957
924
947
990
967
895
927
949
927
931
882
916
915
922
943
930
955
942
878
897
903
914
910
883
888
878
857
885
859
878
886
874
881
875
860
850
861
835
892
856
835
869
815
841
841
819
801
811
831
828
845
840
821
800
818
810
813
791
820
789
793
835
814
833
822
804
810
803
811
821
800
792
785
785
799
779
778
787
798
766
752
796
765
808
759
781
786
767
772
787
753
750
801
740
754
762
773
756
748
755
740
751
758
742
784
713
761
751
774
742
727
750
752
735
740
739
724
739
722
700
739
725
738
726
738
693
700
693
723
719
734
715
705
735
714
728
701
725
707
678
715
717
711
702
690
707
689
705
688
711
707
690
680
713
705
675
693
690
686
690
672
690
685
675
698
673
692
675
693
670
706
710
670
677
679
679
687
669
671
671
678
688
695
690
666
671
673
676
682
655
667
671
656
680
665
658
670
673
660
672
665
662
669
650
649
652
674
682
656
650
652
665
645
662
674
657
645
677
668
633
650
660
657
647
655
652
637
651
670
646
648
650
642
641
651
657
633
649
644
653
636
646
635
638
638
645
652
641
636
636
640
631
653
641
649
648
649
631
667
635
651
644
628
652
634
636
636
621
630
621
624
644
635
634
648
634
627
638
632
625
642
627
633
633
632
636
619
643
638
634
624
638
629
624
626
628
630
620
625
615
628
621
615
619
615
632
622
625
633
610
623
633
622
627
624
623
630
632
621
627
624
619
631
624
618
621
625
616
635
619
615
624
620
615
608
621
637
619
612
616
621
631
625
614
611
621
615
633
611
613
613
611
614
600
614
617
625
605
608
608
605
612
613
613
617
608
602
607
611
609
613
605
622
610
616
608
620
601
610
615
622
596
625
611
613
611
610
616
616
613
618
618
598
597
612
610
607
611
607
614
605
619
619
597
620
608
616
620
613
623
605
610
612
616
605
607
622
605
614
607
618
604
601
607
616
604
615
613
616
604
601
610
616
613
604
613
596
619
612
613
606
613
607
612
611
602
614
611
602
610
607
605
604
607
603
603
603
609
606
600
604
612
604
589
591
601
617
611
603
604
602
604
604
603
605
604
607
605
610
609
603
611
608
605
610
606
598
611
613
606
604
604
613
610
611
599
608
603
612
603
597
599
604
599
605
611
601
601
615
599
