605
608
611
606
615
603
613
608
600
614
611
620
610
607
626
606
611
613
610
612
610
610
610
609
613
603
603
616
605
612
607
606
600
604
603
610
609
612
616
617
609
602
605
608
606
623
609
608
610
599
621
611
611
607
600
608
616
610
600
608
613
613
610
610
612
612
608
607
611
608
616
605
604
611
613
608
603
606
610
604
610
622
613
608
612
597
605
612
607
613
607
612
610
598
602
604
609
619
611
611
613
606
610
610
621
599
605
607
603
606
615
602
607
605
616
606
619
614
615
606
612
621
612
612
620
610
613
607
618
617
606
610
611
612
613
604
620
633
608
609
614
625
609
609
621
612
614
610
615
625
612
622
621
620
621
612
615
607
627
622
616
611
623
623
618
615
627
619
613
623
616
611
621
612
611
610
618
618
618
619
633
621
624
613
622
622
620
606
621
637
617
619
614
617
619
624
625
625
625
639
631
622
617
632
630
632
612
622
640
634
627
637
638
632
631
631
623
614
633
641
619
631
634
633
632
632
646
639
639
621
636
644
645
653
637
630
654
633
630
629
638
636
636
639
642
642
633
640
630
637
646
630
650
637
624
656
644
638
646
663
653
631
646
647
654
634
651
657
645
651
636
636
660
652
648
674
669
657
652
645
670
663
674
654
667
663
675
685
668
673
689
666
688
688
671
662
688
689
668
681
698
687
678
704
703
710
693
735
696
708
719
686
735
718
751
719
726
746
728
763
744
762
760
757
735
763
781
792
795
786
763
785
815
816
844
825
842
835
839
852
882
910
897
925
954
932
927
975
976
960
953
1004
1039
1034
1008
1113
1124
1092
1088
1158
1193
1238
1232
1277
1246
1321
1304
1379
1374
1503
1422
1388
1445
1547
1593
1621
1609
1730
1762
1871
1847
1954
1940
2041
2006
2126
2140
2242
2273
2299
2464
2502
2670
2741
2790
2854
2998
3149
3216
3298
3474
3610
3746
3869
4003
4115
4229
4223
4500
4762
4957
5099
5241
5534
5644
5841
6348
6422
6826
6913
7419
7663
7904
8245
8611
8796
9216
9491
9772
10278
10720
11141
11779
12118
12406
13049
13639
14123
14639
15097
15613
16354
16983
17653
18111
18614
19280
19798
20218
20505
21372
21943
22748
23067
24064
24391
24676
25313
25511
26131
26532
26836
27277
27325
27474
28012
27777
27927
28266
28169
27952
28222
27910
27687
28085
27638
27815
27157
27227
27003
26387
25992
25822
25344
25069
24756
24115
23408
23927
23131
22592
22127
22127
21435
21384
21115
20606
20140
19883
19692
19654
19143
18548
18347
18185
17903
17565
17001
16781
16445
16571
16135
16000
15526
15429
15285
15180
15014
14636
14591
14343
14148
13740
13846
13560
13586
13518
13183
12970
12839
12804
12481
12316
12456
12611
12105
11985
11978
11714
11774
11728
11268
11564
11476
11190
11385
11134
11081
10882
10874
10627
10661
10454
10358
10127
10313
10244
10146
9659
9980
9770
9786
9580
9288
9673
9499
9247
9225
9102
9006
8968
8960
8960
8653
8805
8383
8224
8269
8384
8200
8058
7942
7905
7778
7788
7681
7620
7724
7392
7261
7187
7186
7132
6977
6985
6976
6752
6593
6506
6450
6454
6340
6282
6046
6105
6155
5960
5937
5927
5849
5746
5755
5445
5512
5585
5551
5249
5270
5200
5253
5034
5100
4938
4984
4958
4727
4862
4826
4679
4591
4520
4351
4398
4398
4415
4281
4123
4147
4139
4036
4056
4075
4031
3889
3949
3801
3822
3835
3690
3652
3579
3682
3469
3531
3379
3431
3361
3385
3298
3293
3272
3237
3268
3178
3145
3131
3107
3073
2993
2960
2913
2825
2860
2934
2819
2669
2774
2739
2733
2623
2608
2636
2556
2653
2475
2664
2466
2437
2423
2398
2474
2397
2393
2304
2331
2270
2283
2212
2161
2166
2194
2243
2170
2125
2136
2193
2090
2215
2094
2090
2032
1971
1971
1977
1906
1957
1911
1828
1865
1853
1882
1864
1791
1851
1754
1819
1799
1817
1769
1751
1732
1727
1693
1646
1652
1730
1660
1651
1627
1604
1533
1668
1597
1597
1589
1549
1535
1526
1537
1470
1540
1456
1463
1526
1437
1481
1444
1427
1431
1436
1453
1433
1389
1411
1419
1364
1359
1373
1292
1373
1330
1359
1358
1357
1325
1317
1301
1262
1264
1250
1257
1255
1216
1243
1205
1245
1241
1222
1179
1221
1215
1240
1207
1169
1135
1193
1174
1128
1113
1163
1110
1193
1161
1193
1092
1113
1095
1128
1113
1065
1124
1156
1081
1099
1040
1086
1037
1091
1035
1066
1038
1091
1064
1056
1031
1010
1023
969
1045
1049
1003
1038
958
987
991
977
983
959
1004
998
972
977
962
966
956
964
981
921
964
971
928
953
927
935
943
970
914
951
942
911
971
889
862
887
916
883
902
869
910
855
906
918
880
867
857
891
868
919
909
862
866
845
854
832
861
867
851
867
863
857
862
816
844
848
829
856
828
830
819
826
828
832
816
814
788
822
785
801
827
808
811
823
800
818
801
793
791
765
789
799
791
760
785
789
780
781
774
784
736
796
765
776
771
769
735
763
798
766
767
779
750
771
734
746
736
753
743
737
728
725
767
731
749
737
724
729
736
734
747
750
743
744
719
721
712
733
734
748
715
694
721
721
706
735
736
686
702
689
733
699
716
691
717
699
714
724
691
687
704
716
705
697
703
696
695
717
702
707
707
705
705
687
697
695
678
698
703
692
695
692
689
675
680
683
696
668
681
669
677
672
691
681
676
692
676
681
679
671
679
678
693
676
660
671
677
658
667
662
693
654
687
677
676
674
701
660
655
659
651
654
671
668
662
664
646
654
636
649
657
666
645
658
655
655
654
662
630
662
651
638
656
657
652
657
656
669
638
640
655
662
658
641
646
633
650
636
647
643
663
651
646
651
634
648
644
656
647
661
632
631
641
636
646
639
629
646
643
617
641
641
655
638
635
640
631
634
633
651
644
650
619
629
641
623
633
633
626
641
634
636
628
639
632
627
632
635
632
629
627
629
628
631
621
626
640
629
627
620
647
631
635
632
618
629
606
624
617
620
626
629
628
618
635
623
622
612
631
618
626
627
614
632
623
630
632
621
634
615
628
610
625
633
622
624
613
620
621
621
626
615
616
625
623
620
613
621
619
608
611
621
611
619
618
616
609
626
611
601
620
617
608
604
624
617
617
611
613
615
609
612
621
617
615
618
610
625
605
610
622
614
601
618
617
615
625
616
606
622
606
624
612
616
614
612
611
608
608
607
616
613
615
608
605
614
601
602
616
611
619
612
606
610
625
610
611
602
619
609
619
612
618
610
611
612
603
616
608
602
604
606
606
615
612
613
603
604
615
604
603
603
610
604
613
603
606
618
610
605
621
614
608
617
607
604
600
607
610
610
613
601
604
605
608
603
599
607
601
605
603
604
602
608
607
610
618
605
612
612
605
608
596
613
604
605
599
596
615
604
618
598
