609
605
609
598
605
606
607
610
605
595
613
613
617
606
608
592
602
604
607
612
606
604
604
602
594
607
607
599
605
615
617
597
611
609
607
607
606
604
602
610
603
607
607
608
601
612
606
609
606
614
604
596
607
593
604
599
599
607
605
592
616
596
603
602
608
598
602
610
603
604
607
608
597
604
600
602
600
596
608
601
599
601
602
605
599
598
601
597
597
598
601
603
613
608
612
594
592
601
607
597
599
608
596
597
607
603
599
602
591
607
605
597
618
601
604
608
601
606
603
601
604
596
600
603
602
607
604
594
605
605
613
600
600
616
604
602
603
607
604
610
610
597
605
608
599
599
595
598
595
600
608
606
597
598
599
604
609
608
595
598
595
601
595
604
602
600
598
599
598
606
594
601
599
603
594
602
604
592
605
600
598
593
610
610
602
609
604
598
605
604
608
601
601
602
605
607
606
598
597
597
604
605
602
606
598
602
594
600
597
601
598
601
603
604
603
597
595
600
600
600
596
598
600
597
598
602
598
601
605
602
602
612
598
601
594
595
597
600
601
600
601
592
599
597
600
600
593
599
604
597
587
603
596
602
607
600
611
610
595
603
592
595
603
601
606
599
597
606
598
597
601
593
606
602
597
612
600
598
603
596
602
600
599
605
601
600
593
595
600
602
602
604
592
604
602
605
601
609
611
605
600
609
601
613
609
609
592
599
609
606
600
605
602
608
608
603
612
601
601
603
617
605
609
611
604
607
604
605
602
604
600
605
607
599
606
598
604
601
597
606
604
601
603
600
608
601
602
597
605
602
602
601
603
604
606
603
610
602
601
609
607
594
608
601
601
607
607
605
600
613
609
602
605
602
602
600
611
601
605
607
611
616
602
607
604
607
604
612
602
608
608
613
605
613
601
609
612
610
619
612
612
624
605
619
618
605
623
621
611
619
618
619
617
639
616
636
627
630
637
634
639
637
643
633
631
632
642
621
634
632
641
642
650
650
655
649
647
647
651
657
652
668
657
663
657
675
669
672
680
666
667
681
676
678
692
690
673
699
708
714
686
690
712
708
694
702
713
725
723
742
730
699
751
753
746
738
733
760
755
771
794
755
768
747
788
790
787
794
758
786
785
783
773
801
826
792
785
810
792
796
820
806
799
840
812
842
864
798
813
833
858
840
855
852
848
845
886
844
855
847
864
864
873
870
858
870
868
876
858
883
883
874
896
866
889
883
916
904
910
930
904
917
882
931
905
914
908
907
929
950
908
985
950
924
942
949
936
943
895
919
966
987
918
920
960
931
1011
966
964
934
989
998
946
956
963
940
963
921
1008
994
1005
980
999
964
983
966
1009
1010
1002
974
1006
1008
994
1016
1041
999
1013
1046
1000
1047
1011
1002
1036
1014
977
1039
1059
1048
1056
1032
1095
1005
1030
1036
1075
1061
1063
1073
1041
1030
1029
1031
1099
1024
1059
1054
1063
1053
1079
1085
1068
1129
1073
1041
1059
1108
1089
1137
1086
1075
1113
1126
1133
1121
1096
1073
1105
1090
1133
1136
1099
1074
1091
1092
1105
1104
1113
1116
1131
1134
1122
1181
1094
1119
1146
1131
1136
1110
1107
1097
1116
1134
1162
1086
1164
1101
1137
1139
1061
1173
1139
1129
1130
1162
1166
1130
1111
1164
1137
1162
1154
1110
1125
1144
1158
1132
1140
1121
1157
1134
1199
1105
1127
1088
1109
1117
1091
1147
1156
1137
1101
1140
1161
1099
1094
1079
1111
1068
1178
1125
1097
1085
1099
1073
1042
1065
1076
1149
1097
1085
1056
1065
1089
1117
1057
1066
1083
1079
1087
1045
1067
1070
1013
1085
1012
1042
1075
985
1078
1057
1024
1002
1021
1029
1004
1001
1038
994
1025
1030
978
978
1006
965
982
951
949
955
930
931
949
966
918
955
914
987
924
964
968
950
952
984
947
888
925
932
923
934
887
852
875
899
888
866
872
870
906
889
896
887
881
833
868
860
881
847
860
843
821
838
822
854
841
814
805
807
826
796
837
785
810
793
794
780
803
815
814
769
798
759
774
766
758
776
779
785
762
785
764
755
756
738
756
749
701
740
763
728
720
726
726
726
704
743
707
725
726
726
721
706
714
704
706
707
685
684
684
689
700
699
704
687
691
719
691
681
684
662
681
667
674
688
665
669
680
687
669
670
669
657
670
673
671
679
666
652
658
656
670
674
655
676
661
685
675
646
642
638
652
661
639
658
658
632
655
637
630
641
639
631
633
650
640
634
639
638
643
638
638
633
644
642
645
641
626
626
635
639
643
637
648
621
635
629
643
635
627
630
625
643
640
640
632
626
623
617
632
622
614
630
623
630
624
632
630
622
623
617
616
629
611
622
617
613
633
621
630
611
628
624
621
621
614
615
619
617
614
625
602
618
618
628
606
622
613
613
610
617
609
616
611
606
603
618
623
610
618
613
613
619
619
608
605
611
603
625
615
618
624
630
613
617
602
614
616
608
607
615
612
614
614
603
605
599
607
602
610
605
616
615
607
609
607
619
607
611
609
610
609
615
604
599
607
609
602
610
608
608
611
608
606
616
611
613
610
607
610
610
617
611
610
602
603
604
609
597
606
601
608
609
608
608
605
596
607
609
605
600
616
598
618
612
604
606
606
603
609
599
606
596
605
611
596
597
609
602
605
602
611
601
596
611
604
607
609
601
612
600
599
601
602
603
599
600
604
612
600
607
609
607
610
606
614
613
605
596
610
606
603
604
593
613
592
607
610
611
609
603
604
602
598
608
605
606
613
604
604
598
606
603
600
607
601
607
602
598
600
607
600
602
602
601
599
600
602
596
597
600
606
597
594
593
609
604
607
601
605
603
602
603
601
600
608
599
598
593
602
610
609
601
603
601
600
610
594
599
599
600
597
603
597
594
608
597
598
604
600
600
596
605
596
599
601
603
591
595
596
601
598
602
599
601
605
603
598
602
596
605
603
600
601
596
600
600
592
601
606
607
598
600
601
606
596
599
616
607
606
606
602
600
603
603
595
604
591
598
598
596
601
606
592
600
610
592
605
597
603
599
598
597
594
598
600
599
605
607
599
605
594
593
609
602
595
606
608
600
603
602
603
602
593
593
607
605
606
601
599
606
605
605
598
600
588
600
601
598
601
601
593
598
598
602
602
601
598
606
606
601
605
610
605
597
595
603
594
594
602
606
598
602
