603
619
618
603
605
608
598
611
616
610
604
606
609
610
606
611
611
607
602
605
611
605
608
610
613
601
626
617
605
613
620
608
615
602
604
610
608
599
605
608
612
608
597
609
613
619
610
608
606
607
604
610
609
607
607
608
603
600
613
608
617
612
604
609
610
603
610
609
605
607
604
610
607
612
608
595
607
615
603
604
598
603
598
608
605
609
615
598
612
610
608
611
605
596
593
608
606
609
607
603
614
601
603
612
602
603
612
609
602
608
601
605
608
611
598
610
604
602
611
600
600
591
604
601
601
595
603
600
613
610
613
607
599
607
604
604
595
608
598
604
611
601
599
609
606
608
608
605
611
608
604
611
608
605
610
603
603
607
605
601
604
610
607
592
606
609
610
602
598
616
594
605
601
615
599
603
601
592
601
597
604
594
604
601
600
599
603
603
600
607
597
606
611
612
599
608
605
609
607
608
603
607
607
600
603
613
604
598
598
592
603
616
595
604
602
603
609
600
604
596
612
594
607
605
604
616
611
611
602
608
606
619
604
608
608
603
606
606
602
608
603
598
608
598
602
607
602
605
596
605
606
606
603
611
611
613
605
607
606
624
607
605
619
605
606
602
615
615
600
614
606
611
607
615
606
609
609
608
602
609
610
599
601
603
603
601
608
613
610
616
604
605
603
608
603
601
604
600
606
612
605
605
609
607
614
605
605
605
598
610
617
613
612
615
607
605
606
610
602
615
604
612
614
624
611
606
610
610
622
607
612
603
612
615
625
619
614
615
609
606
612
612
611
618
614
610
608
618
612
607
618
619
611
621
612
621
617
627
626
623
616
628
618
629
611
617
620
631
619
623
629
628
611
621
628
633
629
631
639
646
632
622
641
638
639
631
638
630
640
648
640
649
643
643
658
646
656
641
649
664
669
671
671
665
685
667
670
659
675
691
676
673
696
689
701
715
713
721
722
713
696
713
742
727
732
737
754
753
740
748
765
764
769
809
796
794
800
832
806
815
839
838
816
855
845
860
855
901
909
862
926
935
934
934
946
961
945
1003
964
974
1037
992
1046
1019
1020
1032
994
1081
1096
1074
1113
1112
1091
1108
1206
1146
1175
1177
1188
1223
1186
1215
1180
1229
1268
1279
1210
1270
1296
1281
1290
1296
1279
1301
1325
1351
1342
1423
1360
1345
1413
1440
1406
1424
1409
1425
1488
1456
1505
1508
1519
1510
1556
1556
1583
1545
1543
1514
1603
1628
1623
1618
1654
1535
1565
1582
1670
1665
1629
1625
1703
1627
1734
1761
1705
1689
1699
1728
1759
1737
1814
1809
1757
1747
1759
1792
1855
1760
1823
1821
1824
1871
1816
1918
1856
1844
1903
1865
1893
1914
1996
2021
1937
1906
1948
1949
1968
1934
2031
2015
1971
1923
2058
2063
1991
2062
2036
1990
2076
2067
2041
1992
2104
2045
2086
2076
2124
2017
2150
2029
2124
2178
2170
2173
2195
2148
2159
2112
2186
2152
2155
2100
2171
2266
2212
2269
2230
2171
2263
2173
2298
2245
2255
2437
2315
2339
2315
2308
2307
2342
2221
2298
2341
2333
2338
2326
2400
2401
2401
2403
2348
2518
2439
2387
2445
2519
2481
2483
2437
2480
2470
2389
2607
2403
2494
2541
2484
2544
2608
2566
2594
2600
2535
2618
2529
2397
2563
2627
2588
2629
2593
2680
2594
2643
2609
2568
2589
2697
2678
2573
2652
2652
2579
2614
2555
2598
2610
2626
2580
2754
2642
2679
2792
2664
2687
2636
2603
2701
2664
2564
2644
2656
2609
2643
2598
2582
2591
2639
2727
2618
2592
2584
2626
2657
2671
2689
2594
2603
2708
2588
2671
2569
2682
2632
2616
2627
2568
2547
2528
2575
2633
2525
2512
2561
2476
2550
2477
2465
2526
2545
2507
2513
2461
2490
2477
2377
2466
2389
2409
2466
2326
2341
2352
2299
2372
2435
2220
2295
2322
2321
2277
2179
2266
2155
2267
2170
2247
2170
2169
2265
2269
2253
2107
2171
2180
2180
2046
2051
2054
2086
2053
2017
2003
1980
2092
1975
2053
2010
1951
1871
1985
1928
1925
1883
1847
1848
1891
1840
1910
1866
1824
1807
1721
1857
1671
1790
1696
1658
1713
1759
1680
1704
1627
1678
1645
1611
1653
1583
1552
1563
1495
1576
1536
1518
1538
1487
1476
1360
1438
1521
1424
1350
1426
1333
1394
1379
1399
1395
1345
1380
1297
1291
1348
1309
1303
1293
1220
1306
1318
1258
1237
1271
1261
1194
1186
1219
1134
1183
1189
1159
1156
1103
1091
1145
1139
1126
1119
1098
1086
1070
1061
1026
1083
1072
1025
994
1076
1031
1028
1038
1046
987
1003
980
985
887
964
980
971
1008
953
929
930
941
951
928
931
956
875
900
884
887
894
862
877
880
858
889
855
836
867
847
831
837
865
822
813
808
806
834
801
771
830
797
804
754
809
767
800
782
767
770
779
784
775
775
770
792
761
735
736
755
772
710
740
744
759
733
729
744
737
738
737
718
753
732
713
713
739
713
719
713
709
712
716
722
720
710
699
698
726
696
706
703
699
707
691
695
690
702
681
675
677
690
672
694
671
694
670
665
670
677
670
679
672
665
664
670
679
677
681
666
660
662
644
693
667
661
679
667
656
652
672
672
654
654
653
658
657
654
671
639
682
653
647
639
668
651
639
645
661
647
641
644
644
657
638
646
648
652
659
639
657
652
629
638
641
649
639
635
640
639
628
654
657
631
624
633
630
641
637
646
643
619
639
625
640
642
637
620
628
639
625
628
625
630
637
619
627
634
606
631
640
628
640
616
636
632
606
632
629
615
632
628
623
621
630
625
629
632
615
640
628
619
628
621
623
621
621
627
623
620
621
632
631
611
625
620
620
628
631
614
621
614
630
618
614
621
616
613
611
630
623
617
618
614
610
619
632
611
616
620
616
616
619
611
608
608
623
618
608
607
618
609
609
616
611
612
621
609
608
618
604
605
616
624
605
619
611
605
611
604
620
611
610
618
618
612
601
619
606
605
602
618
615
607
607
602
610
605
612
599
616
607
614
618
611
618
611
605
612
603
613
605
615
611
616
617
602
615
620
602
607
611
604
608
610
613
606
603
607
607
607
606
605
598
597
608
603
606
606
602
613
603
608
605
612
601
603
607
610
606
615
602
608
608
611
604
605
611
603
608
598
606
605
605
596
613
603
608
613
605
595
609
597
613
605
606
608
596
597
603
607
602
600
605
593
605
587
600
616
601
606
600
605
599
602
603
606
605
612
600
605
601
614
593
605
603
598
608
604
607
601
601
604
608
602
606
616
605
600
605
614
599
609
602
597
601
603
595
610
605
600
602
601
605
606
609
619
603
606
604
595
605
608
604
593
604
608
600
603
606
612
599
605
609
606
601
605
599
