611
610
616
603
618
600
613
602
605
604
613
603
604
610
619
601
602
601
604
617
608
604
611
605
605
615
607
615
605
599
615
599
612
605
605
609
610
613
608
602
603
617
606
621
603
608
611
604
602
610
609
608
606
597
614
603
605
615
614
608
614
599
623
607
609
604
609
609
605
604
605
606
610
605
605
606
613
611
604
604
600
603
612
599
602
614
607
603
612
611
605
608
604
596
601
610
601
615
599
610
602
606
611
616
603
613
607
615
609
610
610
605
606
603
601
608
610
607
599
611
607
607
618
601
599
615
601
606
612
617
612
605
611
607
607
607
598
607
620
607
608
605
607
602
615
613
607
606
603
612
596
603
605
612
609
605
613
609
604
612
602
613
605
602
609
606
607
602
607
607
606
608
606
610
599
608
605
613
607
606
601
612
602
609
612
611
612
608
603
622
609
605
605
605
606
598
598
602
608
610
610
612
605
613
611
602
608
615
599
614
612
610
608
600
609
605
605
604
610
608
609
605
608
606
606
612
604
609
614
609
605
606
607
614
606
607
607
605
607
608
613
604
609
607
609
603
596
606
608
616
606
617
605
603
608
591
605
606
615
606
603
604
615
612
614
611
610
610
616
611
613
604
608
610
605
613
608
611
616
610
602
615
608
602
610
614
615
618
606
612
610
606
606
606
603
609
613
609
615
621
613
608
608
609
610
606
611
616
608
609
613
616
620
615
626
615
617
615
614
617
609
612
615
611
608
603
604
603
618
619
606
619
626
619
612
618
612
613
616
608
622
604
625
615
614
623
613
617
615
627
606
618
610
604
617
639
633
628
625
622
625
625
625
636
638
626
621
617
634
636
631
637
639
624
642
650
635
630
652
644
623
636
637
649
654
637
646
654
666
658
658
649
662
659
683
700
655
661
663
702
681
699
668
684
681
675
683
685
688
701
717
708
714
688
720
742
719
724
742
734
746
748
744
761
752
749
758
764
763
779
799
835
805
833
847
829
863
868
884
838
898
908
906
916
892
928
937
941
931
944
947
945
983
987
1002
1057
1054
1053
1072
1059
1091
1139
1121
1168
1115
1179
1143
1140
1153
1188
1204
1237
1194
1260
1261
1231
1315
1283
1271
1299
1359
1351
1363
1336
1401
1424
1405
1382
1386
1479
1448
1485
1448
1470
1440
1483
1499
1498
1484
1513
1541
1530
1592
1584
1627
1633
1632
1663
1677
1649
1732
1624
1615
1679
1759
1655
1802
1721
1772
1817
1732
1815
1763
1745
1898
1784
1756
1881
1864
1863
1947
1849
1824
1919
1904
1790
1909
2005
1934
1894
1948
2031
2031
2029
1926
2053
2034
2166
2022
2139
2057
2068
2046
2025
2127
2061
2187
2133
2169
2197
2167
2169
2117
2240
2177
2207
2261
2258
2216
2238
2334
2161
2162
2237
2250
2290
2220
2225
2259
2274
2261
2322
2262
2452
2348
2327
2298
2339
2368
2304
2418
2346
2462
2471
2449
2533
2516
2478
2373
2441
2498
2547
2453
2450
2472
2488
2527
2595
2534
2507
2530
2495
2614
2604
2602
2495
2677
2651
2622
2674
2572
2611
2604
2613
2602
2625
2699
2703
2746
2578
2741
2663
2746
2737
2851
2719
2698
2838
2769
2833
2793
2851
2915
2875
2781
2831
2815
2769
2810
2935
2928
2889
2891
2884
2922
2958
2916
2920
2915
2894
3018
2907
2976
2788
2877
2981
2982
3086
2990
3013
3036
3014
3002
2957
2952
2966
2984
2974
3024
2987
2943
2863
2962
2997
2876
3087
2903
3046
3092
3031
2881
2914
2937
2966
3076
3036
2954
2980
3011
2967
2905
2951
2929
3025
3017
2876
2985
2952
2949
2998
2946
2980
3039
2887
2940
2961
2782
2888
2913
2882
2860
2815
2792
2814
2794
2806
2855
2853
2795
2853
2793
2774
2785
2791
2832
2841
2660
2728
2689
2692
2638
2690
2694
2714
2683
2602
2616
2558
2498
2481
2545
2563
2471
2600
2556
2481
2475
2384
2361
2462
2414
2470
2371
2296
2372
2342
2321
2373
2270
2309
2226
2219
2249
2288
2233
2171
2199
2134
2190
2205
2101
2112
2058
2077
2076
2107
2085
2078
2022
1986
1978
2023
1949
1954
1896
1930
1871
1869
1847
1825
1865
1821
1795
1772
1821
1709
1742
1697
1689
1674
1681
1683
1737
1688
1625
1507
1572
1590
1519
1575
1501
1534
1502
1560
1493
1507
1494
1455
1460
1472
1460
1391
1455
1348
1355
1447
1360
1373
1286
1342
1328
1306
1315
1311
1253
1244
1262
1264
1172
1215
1233
1209
1176
1164
1159
1190
1140
1114
1138
1169
1135
1095
1095
1100
1056
1097
1060
1099
1081
1074
1073
1024
1004
1051
1009
971
1011
989
997
1001
949
1011
943
982
970
943
990
942
903
952
932
926
949
922
878
933
936
927
898
879
888
813
887
869
837
868
856
840
851
830
823
842
820
845
836
796
805
803
816
798
836
829
815
800
801
790
776
820
747
773
772
776
763
771
791
757
748
743
767
782
786
755
740
730
750
742
735
741
737
725
738
720
712
713
727
725
724
740
696
725
735
741
718
737
726
721
697
705
708
700
708
700
677
706
713
707
709
708
700
699
691
683
697
692
676
693
703
688
661
707
684
668
672
671
683
679
667
681
704
685
675
658
667
669
664
665
666
663
669
678
650
647
675
646
669
666
667
651
669
654
660
655
654
650
657
664
656
638
648
638
670
654
633
645
651
663
658
645
648
662
652
643
642
658
649
643
652
643
634
643
634
647
641
650
632
641
642
640
653
641
646
643
642
631
624
633
626
649
641
632
633
632
640
657
638
645
628
642
630
639
643
635
627
614
633
642
637
633
637
628
634
643
627
633
614
617
615
625
630
617
637
624
628
626
624
627
622
623
621
635
639
618
624
636
622
603
620
617
617
624
624
641
614
630
623
621
621
615
622
624
624
611
605
615
628
623
618
610
614
629
623
605
618
627
632
619
627
614
615
616
624
619
607
614
619
618
611
629
613
621
624
608
606
612
604
615
625
616
607
605
612
612
625
617
607
620
605
629
605
614
603
615
606
604
602
613
614
602
613
607
611
621
625
607
610
602
604
612
606
605
617
604
616
616
606
617
613
605
608
612
614
616
605
607
603
607
617
611
608
603
600
607
612
603
605
601
610
604
611
613
612
604
606
605
607
601
604
613
607
619
601
611
617
600
603
606
596
607
593
611
613
605
604
615
610
613
610
602
611
615
600
611
604
612
613
602
611
606
614
600
615
611
607
606
606
614
619
604
604
608
604
607
602
599
605
606
603
610
612
606
602
609
608
605
612
603
613
606
607
603
594
603
598
598
608
604
606
599
606
604
604
617
604
601
605
607
601
605
609
606
610
604
601
605
612
603
606
602
603
604
598
607
606
597
603
607
597
606
598
601
