608
610
611
621
612
605
607
605
608
611
604
598
611
605
607
609
606
607
596
601
608
605
612
595
614
605
605
609
612
603
613
622
612
607
607
605
596
605
606
602
601
619
598
627
615
611
610
616
612
609
607
609
613
607
592
604
603
606
601
603
604
622
602
606
608
602
607
603
606
612
619
607
604
608
615
612
603
608
600
603
605
616
603
609
603
618
594
594
612
615
598
607
609
605
603
612
594
603
607
608
611
608
606
604
602
601
614
609
607
607
606
610
605
597
603
611
603
597
607
599
613
602
610
605
599
594
602
597
604
603
601
605
610
600
609
596
596
607
605
599
595
607
617
600
611
605
606
603
606
608
602
610
596
605
603
604
611
603
602
605
601
592
601
603
602
608
604
605
601
608
605
605
601
607
604
606
610
610
590
603
607
607
603
593
597
606
600
597
597
607
601
600
610
607
597
601
596
600
599
609
602
600
603
601
604
613
607
596
600
603
605
604
600
603
601
598
608
605
615
618
603
597
603
604
605
594
600
608
615
604
600
597
610
605
599
600
606
613
611
608
602
604
607
605
602
604
608
604
603
603
600
606
592
597
610
605
602
605
605
610
598
614
617
611
602
607
611
609
603
607
601
599
597
608
608
608
605
604
607
615
601
599
609
601
607
608
597
607
610
604
614
603
609
610
617
604
606
598
607
610
617
612
609
610
615
608
604
604
613
616
623
603
622
619
606
615
619
607
626
609
606
610
596
620
624
608
611
612
613
620
607
597
615
615
609
612
610
614
625
615
613
618
613
616
610
606
618
612
612
620
614
617
617
612
612
625
611
613
629
621
624
641
609
626
628
617
636
617
635
641
629
630
632
636
635
631
647
628
651
643
623
637
649
643
646
647
643
647
639
641
645
666
654
665
659
664
669
674
659
667
678
663
661
674
684
696
681
680
693
679
685
712
701
699
721
703
712
726
741
729
737
709
740
765
732
769
772
772
773
792
758
797
796
758
815
820
854
844
855
808
865
865
862
899
905
940
912
901
920
940
918
964
963
984
1014
1000
976
1006
1013
1038
1047
1062
1045
1094
1057
1118
1116
1123
1174
1162
1064
1183
1196
1231
1239
1196
1275
1269
1289
1349
1315
1294
1254
1297
1287
1329
1288
1309
1343
1371
1375
1370
1418
1410
1474
1394
1478
1433
1477
1480
1480
1519
1544
1526
1548
1590
1508
1524
1617
1614
1587
1619
1619
1577
1689
1601
1700
1667
1665
1700
1752
1661
1694
1794
1754
1676
1736
1820
1709
1808
1775
1787
1873
1860
1926
1891
1883
1892
1865
1851
1936
1902
1898
1999
1874
1972
1989
1988
1948
2038
1978
2042
1987
2040
2036
2095
2020
2177
2076
2123
2121
2151
2140
2088
2127
2194
2213
2168
2182
2188
2207
2098
2239
2117
2245
2121
2212
2270
2254
2286
2229
2236
2291
2286
2239
2313
2399
2417
2351
2333
2382
2322
2400
2392
2382
2340
2392
2445
2408
2425
2447
2371
2466
2427
2521
2365
2539
2456
2488
2552
2507
2517
2492
2557
2602
2469
2560
2545
2506
2473
2605
2530
2534
2540
2523
2635
2715
2595
2617
2646
2642
2663
2671
2783
2736
2733
2728
2873
2675
2736
2689
2816
2804
2827
2802
2732
2777
2777
2733
2802
2834
2741
2800
2636
2813
2813
2771
2876
2864
2851
2814
2901
2876
2844
2830
2875
2943
3028
2894
2791
2876
2884
2922
2938
2871
2919
3059
3005
2949
2836
2941
2945
3027
2870
2871
2887
2931
3018
2873
2873
2972
2919
2942
3007
2932
2923
2863
2853
2852
2879
2899
2793
2934
2954
2881
2896
2901
2748
2969
3022
2881
2868
2905
2866
2868
2796
2911
2835
2817
2880
2814
2770
2798
2845
2766
2776
2837
2741
2701
2697
2727
2781
2683
2797
2742
2825
2709
2738
2725
2624
2639
2683
2536
2653
2538
2704
2489
2559
2595
2503
2477
2609
2462
2495
2490
2470
2478
2457
2511
2401
2438
2366
2312
2353
2342
2347
2316
2247
2192
2304
2253
2289
2216
2186
2218
2185
2292
2216
2200
2139
2110
2091
2140
2137
1986
2089
1994
2070
2112
1930
1986
1916
1932
2004
1929
1919
1912
1874
1859
1837
1832
1843
1780
1764
1712
1857
1728
1864
1663
1828
1751
1644
1738
1618
1613
1634
1684
1612
1549
1571
1548
1592
1500
1544
1490
1507
1476
1467
1488
1485
1400
1378
1449
1438
1365
1444
1402
1328
1336
1338
1335
1310
1318
1297
1254
1258
1270
1268
1171
1280
1171
1177
1245
1205
1203
1223
1183
1149
1110
1175
1109
1213
1087
1094
1117
1107
1113
1076
1089
1084
1059
1055
1100
1074
1046
1037
1004
985
971
1029
990
958
970
976
1014
974
941
958
946
940
948
928
930
941
919
900
909
905
891
894
859
884
881
849
913
879
860
856
843
834
859
834
820
840
828
841
839
804
825
797
830
809
813
785
790
795
778
794
806
748
784
766
779
780
774
757
788
783
755
778
782
763
759
756
750
725
733
757
752
759
746
737
729
733
750
724
751
737
717
705
706
721
714
735
704
713
702
703
678
723
705
708
712
726
707
685
688
672
699
697
675
682
687
676
683
682
683
676
680
701
682
683
689
667
669
672
674
680
702
657
662
683
659
662
671
652
673
669
669
662
669
672
675
652
648
678
668
656
664
642
659
666
658
667
672
661
657
648
672
664
653
655
651
652
645
651
637
647
648
635
644
640
645
634
648
652
645
650
638
653
636
649
647
643
641
651
633
626
633
628
649
628
628
627
623
626
640
634
629
622
638
647
632
631
632
638
629
631
635
647
628
646
627
630
622
617
635
623
627
627
616
620
624
627
632
628
615
629
612
619
621
625
634
626
613
623
621
611
605
615
621
628
615
619
624
622
620
615
616
623
630
628
617
604
631
635
615
610
610
611
621
617
615
612
626
620
626
623
618
607
605
610
623
618
623
618
622
607
603
610
610
613
611
603
621
621
613
611
612
611
608
617
619
611
601
615
613
609
612
618
610
599
617
621
608
601
608
605
621
604
612
606
615
611
606
607
609
607
615
611
610
622
613
612
603
611
605
613
597
612
597
604
609
610
610
602
604
607
608
605
612
598
602
615
609
605
609
618
609
621
601
599
615
612
596
607
606
603
601
612
609
607
603
603
610
595
600
606
610
599
598
609
601
605
603
596
598
607
604
606
611
606
598
609
610
599
604
607
598
603
596
609
609
601
609
602
599
600
606
611
608
607
615
602
601
611
604
605
604
601
604
600
605
604
603
598
603
613
609
605
611
599
600
602
594
605
599
610
605
601
604
609
608
598
604
601
593
607
606
600
604
604
601
607
601
611
597
602
603
612
596
616
603
600
604
608
595
609
611
601
601
599
604
599
598
612
609
595
607
598
