600
614
611
610
606
614
608
603
609
601
614
600
601
600
609
600
608
605
603
605
605
602
596
606
606
613
606
609
617
606
600
602
617
603
594
608
607
596
601
613
602
606
603
614
594
619
597
609
616
607
610
609
614
606
604
602
600
601
604
606
607
612
611
606
608
603
605
602
604
605
599
598
598
603
602
594
615
598
601
621
600
601
609
602
600
616
608
603
602
603
609
606
596
608
609
606
604
619
613
599
604
611
606
609
611
607
602
594
603
604
599
609
611
615
604
603
596
606
598
607
603
602
611
609
606
607
611
609
605
604
603
602
615
602
601
604
597
601
605
598
605
612
611
605
604
604
611
605
606
619
600
600
601
599
603
608
602
607
616
605
610
600
608
605
609
601
602
601
607
604
598
609
604
598
600
609
599
602
598
605
602
605
608
610
599
614
604
603
600
601
603
609
596
610
607
607
598
606
602
605
605
600
608
604
597
611
602
602
607
610
597
607
605
602
602
606
610
606
609
605
606
609
610
610
603
606
605
614
602
613
608
599
611
594
605
604
607
605
609
602
605
606
607
606
606
613
609
603
607
599
595
608
619
603
609
604
617
609
611
609
611
603
620
612
609
606
609
613
604
607
602
606
610
602
612
607
617
609
605
607
604
610
616
605
613
614
601
603
610
607
606
603
615
606
603
609
606
612
611
611
605
611
603
608
612
623
602
601
611
603
606
605
609
603
611
603
618
614
606
611
620
608
611
599
619
620
612
610
604
614
620
616
618
617
628
619
623
618
607
611
616
623
621
621
619
627
620
626
629
625
632
632
624
620
624
631
621
624
631
619
622
624
640
630
631
630
635
641
621
639
622
631
636
633
634
653
633
646
656
646
648
644
632
648
655
661
662
647
635
661
646
651
633
665
671
682
674
676
681
667
683
685
694
690
682
688
705
708
699
737
707
711
742
704
705
722
723
778
765
771
736
759
761
780
762
778
790
796
802
796
827
824
828
846
850
840
860
923
902
890
890
907
891
908
919
926
896
1009
979
986
1025
980
1042
1046
1053
1091
1108
1133
1081
1124
1121
1131
1207
1268
1210
1187
1209
1233
1278
1211
1294
1335
1278
1373
1333
1279
1329
1388
1409
1397
1445
1468
1408
1459
1468
1495
1447
1513
1517
1430
1525
1512
1625
1567
1640
1585
1638
1650
1692
1666
1697
1619
1762
1710
1742
1696
1727
1762
1770
1742
1806
1767
1825
1826
1795
1836
1927
1911
1930
1910
1922
2011
1825
2059
1945
1947
1985
2019
1947
2040
2040
2145
2093
2095
2147
2057
2059
2111
2041
2089
2149
2204
2157
2193
2156
2252
2246
2154
2218
2229
2267
2320
2229
2136
2222
2192
2274
2283
2364
2365
2337
2377
2301
2301
2446
2434
2429
2401
2510
2534
2430
2470
2393
2449
2469
2468
2457
2487
2424
2500
2557
2587
2543
2602
2560
2595
2588
2586
2605
2614
2681
2727
2737
2579
2639
2718
2660
2675
2660
2737
2637
2789
2747
2711
2822
2910
2877
2641
2851
2768
2798
2745
2765
2896
2839
2835
2885
2925
2744
2798
2817
2959
2844
2895
2889
2910
2891
2972
2891
2949
2983
3040
3003
3054
3082
3055
3007
3071
3118
3014
3145
3079
3078
3135
3128
3091
3189
3130
3214
3150
3050
3154
3144
3075
3211
3195
3241
3266
3200
3267
3212
3153
3302
3140
3244
3158
3233
3319
3181
3287
3190
3229
3291
3274
3264
3277
3312
3282
3377
3333
3362
3277
3289
3325
3360
3286
3327
3273
3316
3340
3408
3290
3247
3307
3376
3301
3271
3412
3242
3286
3272
3209
3335
3241
3282
3258
3237
3216
3259
3333
3304
3267
3222
3308
3290
3345
3209
3271
3206
3152
3216
3225
3103
3193
3100
3129
3096
3135
3004
3053
3073
3080
3155
2998
3108
2993
3062
2955
2912
3028
2866
2951
2857
2870
2943
2884
2979
2905
2773
2885
2750
2828
2897
2800
2705
2769
2704
2721
2700
2724
2763
2618
2734
2554
2673
2520
2531
2486
2541
2435
2514
2463
2544
2490
2458
2412
2283
2275
2431
2337
2339
2325
2252
2229
2337
2231
2296
2185
2077
2161
2170
2194
2152
2082
2140
2141
2028
2055
2042
2031
1963
2059
2068
1970
1996
1859
1898
1889
1958
1883
1802
1831
1854
1838
1785
1709
1696
1738
1734
1744
1695
1663
1683
1611
1666
1617
1608
1623
1559
1644
1583
1530
1491
1451
1474
1478
1499
1467
1462
1428
1409
1374
1408
1380
1428
1355
1398
1306
1339
1292
1253
1312
1346
1284
1261
1242
1251
1255
1254
1233
1220
1146
1152
1136
1152
1153
1106
1133
1163
1133
1116
1143
1096
1104
1107
1060
1049
1084
1042
1005
1001
1014
994
1052
1021
1018
1000
965
972
973
967
1000
930
946
951
973
939
926
958
924
936
939
903
903
880
946
898
886
842
887
876
853
848
878
834
855
828
852
846
788
841
783
810
844
813
826
808
801
810
793
809
825
822
814
803
784
796
802
761
749
757
826
769
788
756
759
752
762
771
765
758
736
715
745
752
768
722
735
722
721
724
722
758
721
729
711
744
719
719
712
723
700
731
714
710
713
687
720
700
681
734
707
701
705
712
701
682
673
708
689
691
698
674
687
674
692
689
692
696
679
671
668
668
688
703
674
685
679
676
661
673
670
658
662
674
660
675
660
685
660
645
664
663
663
663
657
658
653
678
655
658
658
654
648
656
646
658
657
640
656
686
657
650
642
644
652
649
648
664
644
647
645
628
656
645
631
639
645
635
658
640
630
645
636
644
628
635
645
620
643
630
648
653
643
644
639
630
649
635
638
630
636
625
619
636
640
626
623
626
630
626
632
629
642
624
627
642
631
619
636
630
633
623
632
632
634
618
623
631
617
629
645
620
618
636
625
624
631
617
629
624
639
618
620
604
632
641
621
615
619
620
629
627
627
610
625
616
636
616
632
616
622
626
618
629
615
613
630
619
626
619
614
612
610
619
606
615
611
627
614
621
616
623
626
621
613
624
612
616
611
607
609
610
615
610
619
612
608
614
614
610
616
616
612
611
607
608
609
605
618
609
627
619
605
613
606
610
614
604
608
602
609
615
612
607
613
614
607
602
606
604
613
606
611
625
612
605
612
603
602
609
603
611
625
615
612
606
598
618
602
611
619
614
607
610
604
605
610
610
600
605
602
607
606
608
605
603
625
609
607
609
602
602
600
598
598
604
605
606
606
608
616
601
608
601
622
607
607
598
598
610
607
603
614
609
603
611
609
605
610
607
601
604
607
603
609
605
610
612
606
600
610
602
598
607
605
603
602
599
607
605
605
608
610
603
609
606
604
608
610
609
611
614
613
602
608
606
600
610
614
592
604
602
598
609
606
606
609
604
596
603
605
601
612
603
605
605
601
603
602
