607
608
605
605
616
602
608
610
602
618
605
604
611
612
592
614
616
606
619
607
610
607
611
604
620
605
622
611
605
620
614
615
619
601
602
609
602
602
614
614
603
607
600
595
626
605
619
611
605
607
604
611
593
605
608
608
612
604
607
606
609
607
607
599
615
609
614
599
604
607
608
606
602
608
600
606
608
595
606
597
609
606
604
601
606
603
607
605
607
604
617
609
590
604
612
606
600
603
604
606
611
603
607
607
593
600
611
601
606
611
606
610
601
601
602
617
601
604
610
597
603
601
593
604
599
596
601
598
609
603
607
602
598
597
609
601
601
596
604
606
607
601
608
602
607
620
607
596
604
599
610
597
603
601
597
609
599
614
598
612
612
603
611
611
595
610
608
602
606
604
593
610
605
601
608
608
606
618
605
612
606
605
600
599
604
604
608
604
608
602
606
612
608
609
601
607
610
597
605
613
606
606
600
615
603
615
606
603
612
603
604
615
603
605
605
602
604
615
607
602
608
598
606
604
600
604
611
599
607
607
616
613
607
624
597
598
603
603
601
620
608
596
607
601
605
611
615
598
610
612
610
605
607
611
610
606
609
614
614
608
603
616
609
605
602
607
612
610
609
606
619
603
602
603
607
607
612
612
599
605
607
606
616
614
610
605
619
626
620
607
610
603
605
615
613
609
599
594
610
603
617
607
603
615
620
608
609
603
619
612
620
612
609
609
618
618
618
616
611
620
617
617
605
608
612
603
625
606
616
605
604
623
620
614
611
614
625
624
606
616
620
611
622
619
608
620
615
620
610
609
613
607
620
624
630
632
635
634
626
632
616
617
626
628
625
644
624
628
631
630
633
631
629
625
640
634
653
646
641
649
652
639
656
659
650
644
657
673
643
671
662
645
663
667
665
669
677
676
668
666
690
682
682
687
712
690
710
684
717
691
703
703
715
723
707
727
724
754
751
742
742
771
753
764
793
792
776
787
791
805
822
804
815
833
850
850
836
868
867
868
869
915
907
930
911
909
971
954
955
967
1015
1018
1038
995
1076
1122
1027
1106
1034
1076
1117
1116
1116
1154
1143
1142
1155
1227
1189
1143
1253
1246
1253
1318
1307
1340
1279
1350
1409
1376
1374
1389
1348
1359
1497
1469
1494
1422
1484
1484
1467
1489
1483
1540
1514
1526
1530
1587
1591
1632
1623
1627
1618
1691
1652
1727
1615
1730
1680
1715
1745
1757
1753
1719
1761
1829
1898
1776
1856
1833
1919
1983
1929
1900
1986
2000
1886
1946
1986
1974
1921
1976
1946
2062
1969
2058
2055
2005
2058
2112
2115
2165
2072
2173
2196
2109
2169
2161
2193
2170
2157
2190
2172
2212
2259
2170
2238
2303
2230
2317
2248
2307
2356
2425
2480
2303
2399
2409
2436
2391
2514
2427
2382
2434
2392
2460
2459
2416
2503
2468
2444
2539
2474
2559
2524
2504
2604
2611
2527
2568
2618
2548
2578
2711
2696
2675
2654
2643
2588
2647
2613
2614
2689
2545
2715
2694
2697
2648
2917
2777
2825
2698
2731
2750
2708
2832
2774
2806
2805
2774
2721
2866
2795
2875
2794
2869
2842
2858
2833
2876
2901
2923
2899
3040
2960
2968
2983
2980
2973
2988
3064
3004
2981
2973
2994
3107
3093
3122
3055
2981
3149
3174
3111
3212
3217
3167
3110
3062
3168
3124
3140
3121
3196
3168
3283
3200
3205
3181
3185
3111
3216
3191
3341
3274
3114
3315
3232
3197
3219
3136
3229
3344
3261
3152
3309
3242
3221
3270
3254
3315
3201
3264
3143
3272
3221
3201
3215
3224
3302
3302
3226
3226
3186
3248
3158
3135
3325
3176
3222
3283
3325
3207
3253
3198
3219
3284
3044
3131
3121
3100
3069
3060
3046
3113
3086
3069
3108
3072
2992
3031
3094
3129
3064
2993
2980
2906
2893
2849
2850
2890
2868
3070
2949
2852
2760
2799
2796
2864
2798
2819
2737
2758
2750
2748
2846
2688
2795
2704
2758
2689
2636
2734
2734
2545
2686
2611
2535
2524
2542
2502
2512
2321
2454
2459
2499
2404
2393
2426
2374
2422
2369
2305
2328
2308
2289
2362
2240
2184
2223
2109
2170
2239
2138
2122
2090
2193
2099
2062
1951
1998
2006
1990
1979
1935
1996
1989
1951
1876
1901
1895
1830
1849
1841
1825
1788
1743
1740
1745
1673
1765
1719
1674
1633
1644
1635
1639
1596
1639
1561
1536
1570
1570
1543
1515
1535
1519
1479
1429
1500
1433
1451
1398
1398
1402
1384
1373
1347
1348
1293
1317
1318
1324
1279
1235
1201
1239
1169
1228
1261
1235
1241
1247
1215
1152
1216
1183
1158
1156
1206
1121
1113
1158
1160
1143
1103
1067
1093
1140
1003
1046
1075
1017
1078
1021
1038
1036
1013
1032
944
991
961
968
981
991
991
961
1035
943
910
929
963
948
913
928
942
883
915
908
884
906
851
885
862
897
933
908
826
881
851
848
843
845
813
873
832
829
809
817
806
795
788
793
795
800
786
787
768
789
813
801
767
794
750
810
783
775
771
760
744
769
759
761
753
745
742
749
776
741
746
743
773
751
744
725
725
740
705
713
732
733
722
726
700
701
711
702
717
719
720
707
732
720
707
696
704
713
691
692
695
688
682
718
688
701
687
684
680
676
685
682
676
684
675
685
660
666
670
697
676
673
655
678
686
681
674
681
657
669
665
654
687
662
674
690
654
658
663
659
651
645
656
647
667
670
661
654
652
652
669
643
653
648
652
645
655
660
663
647
670
653
648
634
637
647
648
640
635
636
657
633
639
654
637
633
636
641
643
637
641
623
628
654
641
635
634
632
632
643
644
639
621
616
638
636
624
639
632
618
640
632
628
622
628
617
633
643
638
634
631
629
624
631
619
630
611
620
623
623
612
614
627
639
617
619
651
619
632
621
636
631
625
618
631
626
615
628
619
616
621
632
611
613
618
621
625
613
620
624
606
598
626
613
633
619
608
611
618
619
611
616
603
619
613
606
619
609
608
614
620
623
618
613
614
613
631
613
621
622
618
620
614
613
618
614
615
618
626
607
617
610
629
617
620
610
621
609
614
618
609
617
598
626
619
610
614
606
617
607
620
609
605
609
612
616
604
609
611
617
613
607
610
604
603
614
614
604
605
599
609
607
603
600
615
613
614
606
606
605
600
608
613
600
604
604
613
603
611
615
616
600
600
605
598
601
598
607
600
604
606
607
606
606
603
596
618
591
609
605
601
607
603
610
610
608
606
613
607
601
594
598
607
604
603
609
598
599
604
600
597
597
605
601
604
596
604
605
604
599
606
604
603
602
593
603
599
610
602
604
595
607
597
606
610
602
600
597
604
605
610
601
597
606
607
607
609
604
605
593
601
605
609
607
605
609
603
607
607
606
597
611
604
601
601
606
596
596
605
596
601
601
