608
612
605
604
610
608
608
602
610
607
608
610
614
604
605
618
606
603
599
604
604
600
604
609
599
599
611
611
609
606
608
603
608
608
610
603
613
611
612
614
599
610
604
608
614
601
607
610
610
606
602
612
611
609
603
607
610
611
603
608
605
611
608
603
611
611
602
618
603
605
599
608
604
604
616
600
619
604
608
604
608
608
608
610
601
602
604
604
597
607
610
608
603
599
607
612
611
605
608
610
610
604
617
610
608
612
606
618
609
608
604
607
608
598
613
603
607
617
609
602
607
606
611
615
606
606
611
610
602
607
598
611
614
602
615
607
595
599
606
599
603
599
610
619
613
615
607
608
605
608
602
613
605
608
599
609
605
608
605
604
615
597
602
611
608
597
613
607
605
608
601
604
612
603
605
598
610
608
619
610
602
601
606
615
607
600
597
605
610
610
604
606
625
605
606
596
603
604
610
621
607
612
618
615
603
613
613
610
612
608
603
602
610
616
606
608
606
613
614
605
599
611
608
607
604
605
612
600
609
609
600
614
609
604
613
601
598
616
604
614
608
615
609
616
604
605
607
605
607
611
610
613
603
609
612
611
617
615
611
608
602
603
608
618
610
608
613
620
604
605
609
607
614
611
609
612
615
605
613
603
613
615
614
608
606
623
603
621
608
614
607
609
603
608
597
604
618
615
609
610
613
610
612
616
616
619
613
612
614
614
615
606
612
611
621
604
612
613
605
616
625
613
608
606
613
618
624
623
615
618
627
608
611
611
612
615
623
614
624
631
632
622
623
616
627
625
613
620
639
619
612
611
629
622
634
614
634
630
643
627
619
635
625
626
623
636
640
653
640
647
633
632
657
641
629
638
645
637
648
660
629
643
652
646
657
657
656
661
660
673
659
661
667
693
675
696
676
671
701
690
679
689
694
702
716
698
699
697
744
698
732
734
736
724
736
722
735
769
743
775
756
818
791
785
773
789
842
826
812
808
812
858
874
859
895
843
928
889
863
924
904
925
977
954
956
963
974
1004
1032
990
1016
1076
1086
1063
1094
1099
1131
1124
1202
1166
1209
1239
1240
1208
1246
1212
1174
1278
1271
1265
1262
1333
1306
1331
1393
1415
1372
1352
1455
1434
1406
1425
1463
1508
1449
1536
1539
1544
1563
1569
1660
1644
1560
1591
1639
1613
1614
1643
1791
1721
1760
1715
1737
1841
1792
1851
1796
1865
1809
1843
1785
1945
1859
1880
1975
1839
1987
1986
1959
2026
1984
1980
2041
2124
2091
2049
2078
2010
2137
2080
2177
2109
2197
2167
2157
2208
2163
2155
2240
2324
2373
2254
2384
2252
2322
2353
2332
2269
2372
2378
2316
2399
2422
2425
2392
2395
2539
2511
2523
2500
2507
2516
2642
2523
2525
2611
2607
2627
2619
2696
2629
2650
2554
2608
2537
2682
2691
2643
2667
2682
2625
2730
2734
2697
2774
2846
2740
2701
2785
2883
2876
2737
2804
2815
2904
2887
2975
2947
2810
2920
2936
2858
2941
2892
2830
2874
2957
2941
2990
2897
3007
2987
3124
2945
3004
3073
3043
3096
3013
3043
3146
3050
3045
3047
3043
3115
3057
3106
3061
3183
3125
3317
3121
3197
3276
3207
3267
3317
3372
3200
3332
3327
3291
3389
3248
3326
3230
3323
3333
3366
3347
3367
3341
3399
3353
3441
3419
3419
3509
3532
3548
3262
3451
3492
3424
3531
3476
3445
3530
3562
3496
3669
3505
3528
3563
3505
3652
3552
3518
3540
3609
3577
3600
3475
3540
3624
3635
3531
3607
3603
3690
3634
3502
3500
3496
3555
3579
3628
3539
3518
3523
3643
3465
3462
3557
3459
3413
3501
3546
3410
3492
3560
3536
3549
3511
3498
3534
3347
3341
3348
3443
3442
3356
3343
3468
3355
3255
3333
3273
3330
3270
3326
3389
3309
3250
3323
3306
3147
3242
3220
3260
3147
3147
3224
3195
3169
3035
3096
2992
3144
3095
3083
2943
2903
2974
3102
3019
2948
3071
2933
2843
2804
2871
2781
2783
2838
2689
2788
2703
2760
2667
2602
2696
2711
2649
2684
2646
2524
2624
2542
2525
2613
2521
2467
2434
2469
2535
2414
2394
2506
2259
2374
2317
2352
2344
2280
2275
2314
2218
2260
2225
2108
2069
2112
2088
2158
2115
2051
2082
1989
2043
1976
1975
2037
1918
1882
1978
1808
1930
1896
1892
1835
1740
1722
1745
1780
1719
1731
1724
1643
1664
1661
1650
1653
1694
1611
1561
1557
1523
1644
1591
1563
1515
1505
1485
1465
1446
1458
1466
1467
1458
1442
1337
1395
1343
1376
1343
1355
1321
1358
1272
1327
1247
1258
1263
1289
1234
1232
1219
1269
1194
1201
1215
1161
1164
1231
1128
1168
1137
1129
1102
1098
1101
1079
1102
1110
1058
1088
1091
1040
1031
1034
1053
1033
1030
967
1023
1001
1019
972
995
970
947
974
931
941
964
948
929
921
922
906
878
915
907
924
874
871
881
945
873
925
878
901
837
864
834
831
842
874
830
833
811
830
833
794
808
799
810
810
826
787
800
778
771
788
789
786
808
786
788
785
763
778
753
774
801
774
761
791
771
751
757
755
734
728
760
718
737
725
728
736
717
750
703
731
729
720
705
723
719
701
724
707
710
716
726
720
696
708
677
710
698
717
688
688
688
665
719
717
689
680
696
694
679
709
702
691
702
719
668
696
675
693
678
687
678
670
700
680
662
658
672
657
665
688
658
653
673
672
657
648
663
668
655
681
661
653
653
640
658
672
653
662
661
658
672
654
645
651
638
634
641
656
666
644
650
641
635
660
654
641
646
653
649
642
641
650
641
654
648
648
649
651
653
646
643
640
629
643
640
642
640
643
639
639
647
633
633
647
640
635
620
633
641
633
641
623
644
633
642
621
631
642
636
625
629
637
622
641
621
639
639
615
635
628
629
626
623
618
633
624
632
619
625
613
636
634
641
627
617
624
618
629
617
625
612
630
619
619
623
612
625
620
632
623
617
606
618
615
601
609
622
625
610
617
608
621
617
616
614
619
608
628
615
608
612
612
608
613
609
609
613
616
604
612
644
612
611
609
616
607
618
615
611
624
603
597
625
604
624
607
604
604
611
606
615
608
607
605
617
607
607
613
615
617
623
616
616
614
602
622
607
608
611
611
616
604
618
612
615
608
607
619
607
618
623
599
622
611
611
621
608
604
617
610
605
607
608
605
612
609
611
608
615
616
610
605
607
617
612
610
605
604
617
598
597
611
605
595
602
608
602
608
600
603
606
604
608
601
612
626
601
605
598
606
614
604
601
610
608
608
605
608
606
605
602
606
610
612
609
608
611
604
616
602
606
597
612
609
605
611
612
597
605
603
608
603
607
602
606
599
595
601
607
615
615
602
604
610
603
607
610
606
610
623
601
611
608
608
604
607
600
605
595
605
603
602
607
606
