603
603
605
602
597
600
613
597
613
611
602
605
610
602
600
622
605
611
606
596
610
605
601
606
605
604
604
615
614
601
599
607
610
607
605
600
608
595
601
608
605
610
616
607
602
614
600
603
610
606
613
609
600
610
608
598
608
610
601
607
607
603
601
605
610
608
598
610
601
606
610
614
602
606
605
603
613
611
619
606
607
604
602
595
602
612
606
605
613
609
613
610
607
601
612
601
602
605
610
593
613
601
610
598
614
600
601
603
605
605
606
604
597
603
602
615
615
597
605
606
614
603
605
611
610
612
604
611
603
605
608
602
597
607
609
594
600
606
597
602
611
601
604
600
605
612
599
598
603
601
613
608
603
606
623
609
603
600
604
599
619
598
603
613
603
603
600
610
610
600
604
608
601
611
612
611
606
611
600
602
604
609
608
614
606
610
603
609
615
612
603
603
610
605
597
606
608
594
601
601
595
608
604
601
609
605
608
614
606
602
604
593
604
609
607
607
603
600
622
607
609
603
612
611
611
607
606
606
600
609
601
596
604
607
608
616
602
601
618
604
600
619
601
607
603
609
607
614
617
612
610
611
606
604
598
610
605
605
607
596
615
611
610
599
604
616
612
611
604
618
606
610
606
614
607
609
614
601
600
613
613
609
606
601
618
610
611
606
613
611
615
614
604
597
608
605
609
606
608
614
619
607
609
615
615
608
603
601
614
611
614
610
622
612
602
614
609
608
608
606
615
605
616
606
619
614
628
615
609
611
609
621
622
627
624
623
616
607
622
628
628
632
618
604
623
623
614
616
635
630
615
618
632
620
616
630
622
638
621
631
634
611
633
628
626
637
629
623
628
637
632
635
645
653
644
637
644
653
657
654
651
659
665
651
646
652
667
668
665
648
672
685
677
675
679
659
673
694
696
685
690
684
688
706
695
718
708
718
714
697
693
751
739
761
736
740
759
763
776
770
769
769
788
793
806
792
783
821
838
866
880
840
883
877
868
893
907
900
945
924
967
926
957
972
981
967
1051
973
988
1080
1036
1112
1100
1097
1140
1103
1149
1112
1150
1205
1211
1230
1216
1229
1283
1241
1290
1316
1283
1302
1296
1393
1345
1405
1353
1415
1423
1513
1461
1518
1522
1519
1570
1523
1542
1531
1542
1606
1633
1581
1647
1618
1693
1638
1752
1702
1707
1840
1700
1771
1839
1845
1752
1840
1889
1798
1872
1979
1890
1843
1924
1935
1993
1970
2033
1928
1979
2086
2015
2006
2036
2058
2087
2133
2072
2228
2056
2165
2212
2126
2190
2178
2243
2106
2220
2244
2188
2169
2322
2292
2304
2318
2376
2272
2401
2422
2524
2461
2412
2463
2466
2511
2604
2482
2528
2502
2416
2470
2551
2516
2450
2522
2623
2593
2668
2665
2635
2629
2638
2614
2689
2745
2658
2733
2723
2859
2749
2618
2721
2800
2742
2727
2806
2841
2840
2897
2766
2784
2863
2791
2807
2873
2939
2926
3001
2908
2924
2964
2910
2898
2904
2942
3022
2961
2926
3010
2978
3015
3049
3089
3063
2989
3140
3200
3108
3145
3057
3030
3067
3040
3201
3152
3104
3097
3271
3173
3199
3230
3183
3131
3205
3292
3354
3240
3366
3326
3259
3351
3284
3483
3338
3359
3397
3357
3393
3405
3358
3615
3452
3546
3556
3448
3492
3580
3360
3518
3536
3590
3522
3584
3635
3679
3551
3708
3502
3626
3742
3678
3599
3709
3633
3553
3678
3608
3570
3565
3597
3628
3652
3604
3685
3736
3648
3671
3736
3748
3634
3577
3628
3729
3656
3623
3574
3705
3528
3563
3705
3673
3533
3591
3666
3698
3480
3585
3532
3611
3631
3552
3552
3559
3495
3589
3473
3598
3600
3593
3421
3575
3515
3447
3512
3496
3468
3433
3350
3503
3359
3427
3496
3315
3357
3320
3383
3413
3247
3273
3385
3215
3221
3209
3284
3255
3168
3137
3217
3114
3130
3124
3162
3077
3184
3045
3058
3007
3050
2919
3003
3003
3010
2966
2815
2867
2851
2802
2894
2826
2849
2796
2840
2739
2801
2768
2694
2777
2686
2579
2565
2630
2513
2619
2615
2555
2527
2526
2490
2450
2393
2389
2519
2342
2294
2381
2235
2301
2262
2265
2211
2341
2272
2292
2173
2334
2143
2205
2182
2214
1989
2069
1942
1997
2074
2005
1928
2060
1926
1918
1892
1937
1832
1941
1762
1807
1824
1762
1644
1776
1664
1736
1730
1616
1719
1725
1627
1661
1624
1607
1560
1555
1602
1536
1512
1513
1482
1448
1528
1478
1426
1439
1336
1409
1411
1376
1404
1235
1292
1339
1314
1341
1298
1313
1269
1267
1205
1188
1225
1262
1207
1208
1218
1197
1201
1167
1142
1176
1110
1164
1107
1094
1122
1093
1095
1127
1062
1094
1092
1048
1070
1105
1033
1062
1043
1055
1014
1049
995
1007
975
973
1017
977
988
957
969
937
906
927
950
922
940
912
895
893
869
871
883
902
850
888
863
919
869
877
854
858
852
853
833
814
872
826
817
821
801
802
814
838
812
813
806
801
830
768
767
766
777
783
770
771
784
775
753
772
784
766
751
755
766
772
746
744
749
747
732
735
751
742
759
756
744
718
714
738
720
723
738
719
738
732
733
710
714
690
698
725
678
726
705
725
694
718
707
712
681
696
702
694
700
685
688
721
666
708
699
679
681
689
692
681
703
665
656
681
670
656
700
694
674
669
686
664
670
659
681
677
681
668
660
665
674
670
680
657
675
670
650
670
642
661
673
644
663
659
649
632
639
650
642
654
661
649
658
656
635
649
657
673
647
646
650
645
638
654
661
642
644
651
653
638
656
646
650
638
640
645
635
625
657
615
648
643
640
633
636
624
643
654
625
626
650
637
639
629
638
631
637
639
629
625
635
641
648
631
650
635
624
618
633
626
635
631
636
614
628
613
627
629
634
626
622
630
619
616
623
615
623
625
618
622
626
627
629
606
627
621
618
618
616
620
625
615
613
628
619
633
621
611
630
605
626
619
622
617
618
613
614
621
621
620
616
618
619
621
619
622
609
612
618
619
620
612
604
614
630
611
622
622
604
621
612
621
613
610
602
619
609
622
616
618
610
619
612
612
610
616
617
626
619
626
614
612
610
635
606
618
610
609
615
606
615
617
610
604
606
609
620
610
601
607
600
605
610
604
603
616
609
614
620
601
619
606
609
605
611
608
608
609
612
612
619
605
612
603
595
611
604
609
610
613
607
613
596
611
604
606
605
605
601
611
603
604
605
616
610
604
601
608
608
617
614
607
603
605
604
598
615
606
605
607
609
606
602
606
617
602
606
600
602
610
599
595
610
607
602
606
612
604
614
609
606
607
609
600
605
606
596
608
606
606
603
603
614
608
609
607
605
611
604
602
601
610
603
598
600
605
600
600
610
603
607
596
595
613
605
597
606
601
606
607
599
607
