612
599
603
616
615
606
616
601
618
614
606
608
606
608
621
596
616
612
605
602
605
608
607
603
608
610
602
602
608
601
613
608
607
607
610
604
595
599
607
603
604
604
616
602
612
609
603
609
615
597
604
599
605
616
610
605
611
607
607
601
608
606
606
605
607
613
607
601
599
610
610
617
599
606
603
606
614
615
606
608
598
605
608
614
604
606
612
609
609
609
613
616
616
607
608
606
608
608
610
609
606
604
614
616
612
606
606
603
603
603
607
599
602
608
602
601
601
609
598
605
603
618
607
611
614
600
604
611
609
609
599
602
600
603
603
612
615
597
605
608
608
612
612
604
615
612
598
604
605
608
610
599
608
604
608
609
605
603
601
604
605
612
614
598
610
619
612
615
610
604
619
608
607
607
601
611
606
604
607
603
593
601
601
594
604
612
604
612
614
607
611
610
606
601
602
612
613
613
610
605
601
606
616
615
598
606
600
606
602
606
601
606
604
607
608
616
613
599
614
603
595
607
601
609
600
606
602
600
604
603
602
601
603
603
612
610
601
616
610
610
607
601
602
618
601
599
612
608
602
607
610
603
607
619
604
599
607
610
608
594
601
610
608
605
609
607
619
598
606
613
607
620
614
611
598
611
610
615
621
607
616
604
619
608
607
608
616
614
607
610
613
613
615
612
615
611
619
614
611
596
623
618
615
610
619
614
609
606
612
620
611
622
621
606
620
610
629
622
628
617
619
614
606
620
625
624
624
609
627
627
610
616
623
628
616
615
618
608
607
620
622
615
627
622
619
625
625
629
633
614
628
628
621
655
618
622
638
633
629
624
630
638
612
639
632
645
631
644
646
644
637
650
647
640
640
631
660
645
649
663
658
630
648
666
650
683
679
679
673
657
668
681
678
675
694
678
693
683
703
690
719
702
697
731
708
726
716
732
722
725
720
743
746
726
762
745
782
770
765
784
789
779
812
828
818
819
808
848
839
845
827
861
901
896
887
918
897
984
934
958
950
988
1054
1016
1002
996
1041
1022
1077
1033
1067
1082
1125
1121
1197
1100
1216
1174
1194
1222
1205
1235
1283
1290
1290
1392
1312
1324
1325
1349
1390
1419
1361
1384
1448
1499
1485
1495
1471
1600
1505
1636
1569
1564
1646
1648
1612
1637
1661
1694
1678
1654
1725
1796
1639
1728
1829
1748
1846
1795
1799
1882
1846
1970
1835
1949
1925
1919
2002
1934
2019
2010
2040
1997
2068
2162
2011
2088
2096
2228
2199
2143
2207
2123
2202
2187
2257
2280
2281
2310
2335
2179
2330
2365
2385
2419
2380
2345
2298
2368
2479
2543
2402
2443
2474
2524
2548
2572
2527
2598
2575
2632
2561
2644
2564
2525
2654
2638
2669
2661
2742
2702
2746
2718
2734
2759
2651
2796
2806
2790
2806
2877
2866
2741
2902
2949
2819
2974
2853
3006
2867
2954
2877
2909
2980
2995
3025
2994
2949
2975
3042
2978
3060
3080
3085
3185
3019
3140
3040
3053
3132
3113
3069
3001
3271
3171
3101
3106
3213
3172
3218
3126
3346
3176
3421
3286
3284
3169
3358
3170
3243
3428
3226
3362
3316
3393
3358
3366
3363
3337
3420
3440
3471
3483
3463
3505
3447
3610
3506
3667
3560
3574
3729
3647
3510
3723
3684
3589
3524
3588
3704
3669
3766
3664
3842
3655
3735
3608
3819
3722
3665
3816
3872
3827
3843
3806
3773
3854
3871
3794
3796
3838
3818
3775
3924
3843
3998
3832
3878
3818
3853
4005
3945
3872
4007
3802
3779
3899
3816
3814
3866
3856
3986
3944
3808
3706
3896
3871
3714
3933
3875
3888
3857
3851
3858
3838
3828
3725
3636
3736
3761
3668
3757
3799
3678
3699
3755
3644
3636
3575
3619
3760
3618
3764
3675
3615
3627
3680
3717
3580
3691
3635
3515
3672
3529
3502
3610
3465
3396
3363
3462
3407
3508
3359
3385
3331
3384
3382
3405
3227
3342
3211
3277
3271
3272
3265
3257
3152
3110
3140
3019
2964
3009
3026
3095
3016
3036
3007
3002
2933
2974
2934
2863
2867
2866
2868
2811
2850
2881
2731
2703
2764
2742
2690
2672
2631
2656
2598
2644
2576
2545
2446
2467
2442
2485
2395
2368
2353
2336
2364
2356
2351
2243
2352
2368
2272
2206
2222
2263
2229
2148
2159
2039
2096
2036
2074
2051
2108
1992
1977
1994
1960
1870
1890
1953
1906
1833
1864
1817
1810
1788
1800
1869
1725
1687
1751
1745
1613
1666
1625
1669
1579
1594
1581
1645
1549
1580
1597
1462
1479
1560
1492
1417
1413
1399
1426
1433
1394
1408
1334
1442
1336
1351
1332
1335
1330
1351
1260
1288
1268
1229
1225
1254
1219
1235
1207
1198
1165
1212
1177
1201
1189
1137
1150
1149
1121
1137
1131
1096
1112
1060
1030
1043
1080
1088
1041
1028
1020
1055
1023
990
1034
1036
1036
996
1004
939
981
1004
976
978
921
945
911
935
986
931
922
949
895
883
889
896
887
901
890
892
871
857
893
868
873
845
862
818
799
834
825
870
821
809
805
815
864
822
800
821
814
808
811
825
785
769
776
788
773
815
783
766
780
792
743
775
792
758
764
750
745
736
743
731
748
725
748
787
779
769
753
763
752
760
740
738
730
721
742
715
707
728
732
719
705
725
723
704
737
708
708
720
699
690
706
709
690
708
692
709
705
689
683
679
717
718
693
694
727
669
689
686
681
680
671
671
669
680
672
664
672
668
681
672
647
664
681
684
642
659
662
681
677
675
662
681
658
668
646
659
671
673
649
647
662
665
665
659
656
648
658
649
666
637
644
662
650
654
652
653
659
650
645
639
653
640
645
639
653
653
632
641
636
647
648
643
625
631
630
646
631
645
627
658
632
653
643
622
628
628
631
634
629
632
621
662
633
625
627
640
618
632
630
640
619
622
633
627
617
628
646
631
638
623
620
627
622
626
632
619
626
631
635
627
619
612
624
627
620
639
621
625
626
615
623
625
620
633
627
608
621
607
628
620
617
629
619
617
624
624
622
615
612
629
615
627
623
609
626
618
625
616
620
605
622
619
627
619
622
620
609
616
613
615
617
630
613
616
611
613
615
613
616
612
603
617
625
616
621
604
612
607
617
616
618
605
610
623
623
606
619
620
617
609
616
614
615
611
614
608
603
615
605
623
613
607
616
601
607
615
613
601
622
608
602
610
614
615
613
613
604
607
609
609
612
606
604
607
620
605
611
609
614
608
613
607
600
612
609
608
603
607
601
617
608
594
616
609
597
614
608
601
606
611
595
612
615
603
607
609
609
594
610
617
602
607
606
605
603
620
607
598
606
610
612
611
603
599
605
603
613
599
609
603
605
606
609
601
604
593
598
610
605
601
599
597
602
615
608
606
605
607
603
610
608
610
604
600
595
604
609
610
606
600
612
604
602
593
606
605
606
606
607
