606
608
610
605
618
607
605
612
607
605
603
607
608
602
611
613
602
619
609
624
610
600
608
617
599
607
603
610
610
607
612
610
609
613
606
608
607
609
607
615
613
605
606
612
597
618
615
597
611
616
604
599
603
603
618
604
606
619
612
610
610
608
617
602
612
611
605
610
616
610
601
603
605
605
598
609
610
603
601
614
607
612
613
612
607
612
611
605
607
606
607
607
604
610
605
606
608
604
613
597
597
598
603
598
609
604
604
607
601
603
612
616
608
620
619
604
603
615
609
601
595
604
600
606
603
606
607
613
611
613
606
601
602
607
608
614
615
605
604
606
605
609
610
604
605
609
608
597
605
604
601
614
611
598
618
602
602
603
601
599
614
609
609
603
600
606
611
606
610
608
606
613
598
601
605
605
611
609
603
598
608
589
605
612
603
599
605
606
606
608
607
608
600
608
605
609
616
597
610
608
609
614
605
612
618
615
605
619
605
603
606
607
610
609
605
599
618
603
606
609
608
607
609
602
613
606
605
609
605
606
609
603
607
613
609
610
604
597
611
614
606
606
601
607
613
615
607
611
613
613
604
611
612
610
595
622
598
602
612
601
610
605
613
613
605
605
616
613
603
613
606
608
605
604
621
619
610
614
606
599
605
607
611
603
602
617
610
615
615
619
613
616
616
613
612
610
612
616
614
614
608
623
611
615
615
605
613
618
614
615
611
618
611
614
608
615
603
618
614
613
624
624
604
613
620
606
619
615
628
625
610
634
617
619
618
621
621
631
618
629
623
628
632
627
627
622
616
628
622
625
637
652
639
618
642
628
612
635
636
636
631
647
645
635
635
649
644
646
648
645
652
655
635
643
660
648
652
662
661
648
670
669
656
649
671
675
682
693
690
679
685
688
713
687
696
692
716
688
699
716
700
705
718
743
722
707
721
742
752
770
753
776
768
781
759
774
757
815
788
810
829
786
839
868
811
880
836
868
852
882
882
893
940
895
934
930
985
985
989
989
1024
1029
1005
1041
1029
1052
1115
1074
1122
1093
1168
1188
1147
1181
1223
1182
1244
1290
1289
1280
1301
1317
1362
1368
1399
1435
1426
1498
1452
1495
1533
1505
1492
1466
1603
1561
1621
1589
1650
1700
1622
1638
1709
1703
1718
1788
1768
1756
1751
1889
1774
1841
1805
1914
1882
1854
1900
1877
2016
2013
2021
2024
1990
2052
2064
2075
2120
2177
2152
2284
2119
2249
2197
2273
2208
2343
2326
2256
2312
2408
2330
2403
2361
2392
2377
2435
2421
2424
2433
2391
2507
2544
2447
2470
2544
2584
2514
2599
2603
2537
2668
2686
2695
2763
2635
2720
2803
2833
2763
2922
2833
2817
2829
2829
2778
2854
2835
2841
2923
2978
3005
2870
2815
2978
2901
2983
3109
3010
3081
2968
3037
3145
3116
3095
3102
3188
3195
3158
3118
3109
3079
3054
3122
3175
3292
3093
3208
3172
3347
3079
3192
3187
3291
3326
3351
3231
3272
3469
3281
3285
3400
3463
3516
3383
3388
3524
3498
3461
3475
3516
3530
3542
3509
3503
3536
3599
3548
3521
3506
3712
3543
3546
3615
3612
3629
3688
3675
3619
3739
3772
3693
3733
3727
3754
3781
3755
3810
3836
3817
3837
3866
3962
3987
3925
3802
3911
3983
3961
4016
3923
3952
3918
4020
3857
4066
4087
4154
4198
3999
4017
3950
3935
4111
4157
4121
4157
4063
3956
4058
4094
4012
4142
4049
4095
4057
4177
4162
4188
4192
4149
4120
4122
4331
4150
4246
4176
4250
4222
4200
4080
4088
4194
4140
4063
4286
4170
4145
4059
4270
4265
4112
4219
4141
4109
4340
4306
4077
4110
4144
4172
4193
4084
3936
4150
4091
3911
4075
3965
3894
4000
3829
4050
3874
3951
3958
4096
3863
4082
3934
3944
3921
3966
3827
3911
3885
3823
3933
3850
3818
3868
3722
3701
3753
3630
3647
3716
3647
3600
3577
3467
3549
3520
3514
3486
3521
3419
3523
3365
3429
3361
3376
3372
3296
3303
3277
3276
3075
3264
3237
3172
3159
3171
3148
2947
2992
3038
2981
2964
3078
2980
2884
3037
2801
2899
2841
2803
2856
2763
2815
2661
2729
2641
2649
2662
2552
2662
2619
2500
2627
2523
2514
2438
2415
2498
2439
2404
2402
2375
2306
2287
2303
2262
2225
2189
2212
2213
2215
2131
2102
2069
2110
2012
2013
2007
1939
1951
1921
1924
1916
1954
1798
1861
1870
1847
1872
1844
1755
1774
1743
1733
1677
1730
1688
1610
1643
1645
1526
1565
1530
1614
1545
1519
1510
1484
1496
1486
1522
1458
1450
1473
1452
1456
1389
1434
1380
1373
1406
1323
1369
1315
1330
1303
1273
1272
1227
1247
1235
1248
1276
1201
1171
1212
1191
1172
1176
1128
1155
1208
1115
1142
1105
1126
1144
1074
1063
1047
1039
1097
1043
1014
1046
1052
1040
1035
1035
1035
983
1024
998
979
992
1012
972
947
966
930
948
974
922
942
938
912
924
941
916
918
897
891
897
884
897
832
820
853
852
855
845
847
836
844
853
836
885
839
816
839
817
829
812
817
818
819
816
785
818
760
765
800
784
773
793
797
769
769
763
769
765
769
777
741
763
763
751
739
771
739
765
721
757
753
758
736
739
746
721
730
719
741
730
748
727
728
731
693
683
753
718
696
720
689
725
717
722
722
723
712
715
697
714
707
681
668
700
699
685
702
698
692
690
679
691
682
689
690
669
678
678
686
691
674
666
684
673
697
680
659
662
694
661
684
687
655
674
685
669
648
661
672
663
683
644
669
662
655
652
678
661
670
651
673
667
639
656
675
632
652
629
653
648
627
642
640
641
643
657
657
658
672
632
640
639
638
646
654
648
651
637
638
651
644
641
644
638
660
643
658
642
628
632
639
647
625
641
647
635
630
621
653
629
638
642
644
640
646
632
641
637
641
639
634
634
628
618
624
631
628
625
636
633
630
637
622
630
636
631
633
629
635
629
623
615
634
639
620
627
604
634
610
621
630
630
633
610
629
627
630
609
624
622
624
629
617
623
633
630
629
620
615
617
619
612
608
619
619
625
628
618
628
616
611
627
610
626
618
612
627
613
625
612
613
628
620
620
607
618
605
613
638
612
621
614
608
609
615
608
613
611
612
615
616
622
620
601
612
605
612
600
613
614
616
631
608
615
612
617
619
615
616
614
600
608
612
602
601
610
606
602
611
619
605
619
615
609
606
611
621
607
605
621
615
604
616
617
611
611
594
613
605
607
611
610
608
609
602
618
598
601
602
613
602
615
613
609
612
602
615
611
616
610
605
602
602
606
599
614
613
606
613
614
611
606
612
612
608
600
610
612
612
607
613
604
596
595
596
610
603
609
615
609
605
610
608
604
601
605
603
607
603
606
611
602
604
612
605
603
604
601
599
607
605
606
602
604
612
610
603
605
612
609
608
