609
608
611
613
608
606
610
598
602
601
605
607
611
607
615
604
594
601
608
611
606
604
604
606
610
603
607
608
605
607
613
609
613
602
613
595
620
607
601
604
611
602
605
612
598
613
607
602
610
603
597
600
609
602
616
599
602
614
603
608
613
607
613
603
609
597
614
598
613
601
602
601
611
599
608
606
604
614
606
604
611
601
615
606
598
606
603
606
606
610
612
613
608
609
607
607
602
607
605
610
591
600
594
597
603
603
601
600
610
607
603
606
599
607
615
603
613
604
600
607
606
611
606
602
605
607
601
597
612
606
606
613
602
609
600
606
614
609
603
621
604
607
605
615
612
603
609
606
608
603
611
607
610
615
605
614
603
607
614
610
600
611
610
600
605
606
608
605
612
620
615
607
608
610
611
607
613
601
604
608
603
609
598
597
610
605
600
608
598
603
606
614
611
601
607
610
596
604
612
609
609
619
598
607
605
614
602
613
606
606
602
612
602
608
601
613
608
607
601
610
602
607
603
599
616
607
611
616
613
610
602
617
624
604
612
609
610
608
606
605
597
619
601
614
607
615
618
607
613
611
602
620
621
604
605
610
610
616
615
618
615
613
607
599
620
611
610
612
610
606
605
606
610
605
619
597
612
599
608
604
614
614
608
613
613
609
624
613
616
619
601
614
618
607
610
616
613
615
613
607
613
622
615
619
608
613
618
624
611
614
620
609
610
612
613
620
613
610
619
616
611
627
614
611
608
632
615
624
621
627
620
627
628
618
629
621
618
621
624
630
625
614
623
634
615
620
631
619
630
634
635
628
610
632
631
632
627
642
618
640
648
641
653
642
653
637
653
642
660
638
637
645
668
647
663
666
650
680
676
654
670
680
687
680
666
682
680
663
685
685
690
681
683
698
710
713
721
723
726
725
697
715
718
739
749
724
734
731
742
734
737
740
739
769
756
784
814
787
801
803
808
837
793
825
848
814
871
873
896
872
907
897
901
914
961
953
951
951
1022
993
955
1047
1052
1084
1065
1040
1111
1075
1120
1136
1158
1166
1175
1256
1167
1271
1289
1303
1276
1267
1328
1327
1406
1411
1394
1377
1480
1472
1463
1487
1521
1488
1462
1539
1586
1582
1720
1712
1623
1584
1722
1741
1761
1728
1721
1820
1752
1831
1800
1859
1851
1895
1812
1955
1879
1993
1943
2022
2020
1988
2050
2074
2114
2140
2174
2122
2182
2191
2175
2234
2196
2252
2209
2202
2235
2334
2237
2274
2378
2362
2534
2379
2448
2402
2448
2529
2461
2481
2552
2539
2541
2502
2551
2524
2658
2518
2602
2732
2724
2701
2705
2754
2746
2826
2707
2807
2924
2893
2866
2914
2825
2983
2888
2917
3007
2999
2984
2889
2984
2992
3047
3108
3053
3046
3130
3088
3115
3094
3201
3166
3215
3297
3148
3161
3197
3250
3225
3077
3313
3237
3229
3225
3303
3307
3441
3243
3387
3410
3382
3290
3473
3507
3507
3424
3522
3451
3413
3443
3577
3513
3484
3567
3524
3492
3552
3531
3682
3608
3637
3698
3723
3712
3671
3769
3806
3669
3641
3809
3710
3668
3736
3662
3856
3751
3766
3864
3808
3874
3837
3844
3939
3951
3972
4087
3889
3989
3973
4023
4142
4087
4061
3960
4110
4047
4047
4068
4133
4094
4188
4323
4192
4140
4133
4163
4275
4246
4197
4313
4187
4309
4433
4211
4300
4324
4283
4358
4387
4328
4338
4248
4387
4464
4263
4311
4410
4354
4409
4458
4400
4421
4353
4277
4427
4335
4486
4371
4433
4382
4344
4324
4365
4373
4448
4334
4284
4171
4317
4408
4419
4376
4309
4375
4456
4352
4430
4430
4453
4353
4284
4343
4325
4323
4339
4192
4263
4316
4261
4181
4163
4198
4241
4091
4053
4111
4308
4150
4086
4149
4147
4174
4249
4128
4046
3977
4106
4042
4048
4052
3937
4112
4001
3848
3869
3883
3853
3900
3717
3785
3878
3699
3741
3681
3761
3657
3647
3607
3737
3620
3530
3533
3659
3629
3456
3518
3547
3275
3376
3319
3351
3414
3364
3347
3143
3211
3163
3304
3307
3224
3115
3117
3068
3121
3106
3156
3067
3026
2904
2897
2880
2958
2886
2862
2880
2882
2720
2726
2703
2771
2686
2668
2639
2653
2697
2594
2568
2594
2637
2566
2487
2439
2421
2352
2452
2356
2447
2334
2321
2260
2182
2216
2189
2170
2162
2079
2048
2065
2102
2023
1938
2028
2049
2081
1900
2017
1973
1886
1862
1886
1894
1876
1796
1834
1811
1769
1711
1722
1786
1721
1737
1717
1679
1637
1618
1621
1533
1606
1628
1594
1530
1477
1545
1531
1513
1487
1471
1439
1375
1416
1369
1378
1385
1393
1348
1383
1283
1345
1305
1278
1311
1290
1272
1281
1302
1241
1241
1254
1232
1184
1171
1218
1260
1146
1160
1167
1123
1156
1182
1153
1159
1108
1104
1113
1112
1075
1065
1020
1065
1027
1052
1023
1027
1053
1043
1035
998
1038
1016
987
978
945
949
982
995
950
973
940
949
913
896
942
925
890
909
903
895
898
849
864
879
877
865
886
837
910
837
879
856
839
854
835
829
800
806
850
861
844
822
814
806
782
807
780
793
799
817
788
811
755
784
769
767
776
787
765
753
781
786
762
749
765
769
777
769
745
737
758
735
757
741
723
722
731
741
718
748
748
754
738
706
724
706
723
711
746
714
721
717
697
721
679
738
722
694
689
696
701
730
693
703
669
699
685
696
702
691
684
669
707
696
685
682
665
678
704
711
674
679
676
680
671
680
674
684
662
670
649
676
665
674
661
671
667
653
674
682
651
661
668
666
683
655
656
641
655
664
674
653
659
640
646
660
657
653
654
656
656
648
661
664
649
635
637
657
661
653
653
662
656
651
640
648
667
640
638
633
648
627
636
647
644
637
637
631
634
621
623
644
644
634
640
641
631
616
642
628
630
631
626
645
645
642
632
623
627
644
630
633
630
642
634
631
622
618
634
631
636
626
618
624
616
613
638
626
621
624
615
633
632
612
635
619
621
617
629
626
621
615
635
624
614
614
622
623
623
608
621
618
619
618
617
616
627
608
620
615
620
619
620
617
614
611
616
612
598
614
622
620
610
609
623
614
620
621
614
610
621
607
601
621
609
624
618
615
611
605
611
623
607
611
613
610
617
605
611
604
611
610
616
614
608
623
599
624
607
615
610
613
610
613
619
619
607
605
612
616
609
605
599
609
600
611
611
616
607
607
606
611
605
604
602
614
616
609
609
612
593
615
626
605
618
609
619
610
609
612
605
605
607
611
622
614
598
610
609
605
621
606
603
604
609
607
619
599
607
609
604
601
606
613
607
605
612
610
607
609
594
612
611
612
616
616
605
603
608
605
600
597
603
605
597
605
598
605
613
608
597
602
594
611
598
604
607
613
601
600
606
606
600
598
607
603
615
609
622
612
610
603
607
605
604
