615
612
605
613
605
606
599
605
604
612
612
606
615
602
604
607
610
617
617
607
609
602
615
605
609
618
624
614
607
617
624
620
611
610
616
610
602
609
612
605
613
620
607
609
604
613
608
615
603
604
612
613
619
609
607
618
598
618
612
608
608
614
613
620
604
612
617
619
612
607
609
618
615
610
613
611
607
603
606
613
611
614
595
611
620
607
608
608
606
606
615
611
619
606
620
598
609
609
611
607
598
599
605
611
616
604
617
606
619
610
602
606
606
605
606
603
608
612
616
601
610
606
614
618
611
600
613
607
615
604
618
618
618
620
605
604
611
611
604
617
628
606
603
597
605
602
606
612
599
607
601
621
603
606
604
607
613
611
608
604
604
605
605
616
614
601
609
601
609
606
610
603
612
606
611
599
611
608
603
605
603
613
608
611
607
621
604
604
606
594
607
617
608
614
591
605
607
609
600
612
605
600
614
607
609
605
606
603
615
602
610
607
607
610
604
610
606
607
608
603
609
604
606
616
612
613
604
596
612
608
609
620
602
612
604
623
611
607
615
599
605
608
623
616
618
613
612
607
609
606
620
608
609
611
608
612
613
608
607
615
611
604
612
608
611
609
611
608
613
608
595
604
612
607
611
608
623
608
607
611
617
620
615
614
600
613
620
613
612
612
619
618
623
611
610
613
621
614
625
614
616
635
613
615
621
623
621
599
618
617
617
613
619
623
607
618
635
614
641
612
627
625
629
617
624
629
620
633
622
624
613
617
629
618
630
627
644
632
631
619
628
629
641
630
637
624
634
632
628
632
639
618
652
631
638
629
649
634
652
637
668
653
649
655
628
646
657
655
640
647
650
645
647
675
655
657
671
686
684
670
677
679
669
675
673
681
685
685
682
695
707
688
700
739
698
711
745
741
765
734
730
744
744
732
720
773
767
787
788
785
797
764
823
822
787
843
841
823
837
813
880
856
862
898
936
907
892
915
922
922
916
969
935
993
1035
1026
990
1037
1094
1070
1130
1137
1119
1124
1107
1183
1189
1198
1273
1199
1234
1354
1321
1295
1316
1396
1390
1340
1380
1478
1481
1497
1437
1551
1584
1567
1583
1509
1682
1613
1684
1725
1771
1735
1794
1779
1866
1849
1853
1850
1991
1948
1949
2098
1951
2005
1921
1957
2027
2159
2089
2045
2122
2151
2191
2229
2192
2270
2254
2318
2295
2267
2384
2316
2453
2465
2409
2340
2531
2549
2539
2525
2577
2614
2585
2545
2634
2692
2733
2729
2773
2693
2772
2738
2885
2751
2843
2894
2854
2908
3044
2878
2890
2991
3015
2993
2998
2927
3153
3113
3122
3064
3152
3231
3258
3267
3176
3310
3262
3334
3177
3350
3334
3313
3327
3470
3368
3398
3485
3364
3472
3319
3525
3521
3597
3419
3588
3610
3579
3568
3595
3571
3513
3621
3633
3661
3757
3657
3728
3790
3632
3866
3666
3854
3822
3647
3727
3960
3872
3932
3922
4000
3859
3857
3907
3992
4025
4027
3840
4074
3940
4074
4068
4074
4181
4156
4133
4183
4015
3985
4199
4141
4208
4163
4247
4234
4461
4254
4182
4168
4198
4428
4390
4336
4183
4272
4444
4399
4233
4455
4508
4371
4414
4477
4493
4563
4580
4443
4564
4762
4513
4575
4676
4623
4704
4667
4582
4734
4610
4650
4787
4815
4804
4802
4728
4848
4885
4911
4783
4828
4944
4876
4882
4937
4795
5053
4786
5003
4931
4901
4869
4971
4890
4869
4902
4830
4992
5101
4825
5161
4928
5000
5140
5030
5135
5010
5000
4999
4937
5014
5022
4911
5134
5137
4915
4932
5055
4933
4814
5022
4988
4903
4894
4948
4979
4832
4838
4949
4888
4936
4882
5036
4955
4916
4933
4950
4668
4811
4729
4662
4753
4733
4699
4739
4736
4582
4607
4727
4607
4658
4519
4719
4691
4691
4620
4596
4625
4605
4470
4398
4581
4488
4375
4487
4304
4540
4474
4265
4304
4406
4180
4207
4134
4160
4097
4227
4093
4019
4123
4045
3980
4036
3942
3916
3986
3918
3796
3840
3812
3800
3848
3713
3762
3658
3642
3588
3566
3618
3618
3623
3705
3491
3382
3564
3391
3472
3504
3329
3243
3338
3163
3204
3153
3226
3082
3134
3159
3013
2948
2907
3008
2935
2848
2918
2843
2887
2904
2863
2737
2763
2770
2703
2640
2732
2587
2722
2551
2598
2577
2501
2533
2398
2454
2312
2289
2343
2296
2214
2303
2210
2210
2200
2239
2156
2158
2098
1971
2023
2030
2026
2068
2042
2035
1945
1902
1918
1818
1853
1760
1889
1796
1736
1782
1819
1725
1731
1740
1749
1738
1688
1636
1667
1578
1604
1566
1554
1602
1526
1531
1495
1486
1471
1468
1388
1529
1409
1406
1443
1337
1387
1311
1398
1337
1323
1315
1368
1265
1307
1290
1299
1294
1272
1212
1222
1219
1238
1185
1161
1213
1138
1172
1211
1164
1169
1157
1137
1116
1111
1071
1081
1116
1096
1047
1083
1092
1018
1030
1031
1088
1027
988
1014
1014
1018
984
1005
966
968
993
937
1012
957
953
947
895
925
936
889
936
935
923
901
854
929
843
883
904
849
882
882
906
877
891
856
895
820
801
838
841
830
853
865
822
809
790
797
823
808
839
802
794
797
809
777
793
819
810
789
806
788
774
752
758
777
786
759
759
775
742
772
759
752
777
783
746
762
708
738
742
741
725
722
743
716
720
711
740
706
725
751
739
714
723
761
741
711
710
730
725
708
696
728
712
716
708
697
675
709
702
716
729
698
701
704
705
693
691
693
686
683
690
706
691
700
679
689
684
680
685
687
685
684
677
670
668
657
685
667
684
665
698
683
673
664
658
651
684
635
673
650
654
674
666
667
666
668
665
661
675
656
668
661
667
652
653
642
640
655
656
653
660
641
636
630
654
662
647
646
640
645
654
625
646
661
677
655
649
659
643
651
651
634
642
646
643
633
652
637
646
639
645
650
627
652
625
641
641
633
630
625
633
621
636
630
638
634
642
624
640
632
645
619
631
631
630
615
624
622
634
625
625
628
620
635
625
629
640
640
627
628
626
618
614
622
623
619
619
622
643
633
609
621
621
621
619
602
620
622
609
633
627
608
620
636
616
628
612
618
626
627
632
618
608
621
639
622
632
622
636
616
617
619
620
630
620
622
630
610
622
613
611
623
612
616
619
620
625
610
624
626
619
621
618
611
612
604
611
616
616
622
601
609
609
605
613
617
610
608
614
602
606
617
615
617
612
607
621
618
617
608
602
607
615
609
626
611
613
604
608
612
608
614
612
608
613
612
606
618
604
608
595
606
611
604
618
616
604
615
612
611
601
603
610
602
614
619
615
623
613
612
616
611
602
602
607
601
611
605
615
608
606
606
609
604
608
604
608
605
608
606
604
612
603
612
603
590
598
604
609
609
604
601
598
608
608
605
623
605
607
617
611
601
610
604
591
612
605
613
605
611
