603
609
608
603
601
606
620
613
609
613
617
601
601
611
609
606
617
607
611
604
612
607
617
619
609
610
609
609
612
617
614
593
603
604
606
612
611
614
607
604
601
613
611
606
616
600
602
616
609
609
605
610
606
605
608
605
601
602
599
604
609
603
606
608
610
602
616
615
597
614
607
614
613
611
605
613
607
612
614
608
609
612
605
605
615
598
612
607
607
618
608
605
620
607
609
605
604
606
604
601
616
611
600
597
598
599
612
623
601
610
609
612
605
603
591
611
606
609
604
605
602
606
600
605
603
605
606
600
599
604
608
599
610
603
615
606
603
608
612
600
614
609
610
607
606
586
609
606
611
610
611
612
607
611
602
610
605
611
612
611
621
621
617
611
615
605
609
602
605
604
601
610
609
594
621
599
607
611
605
599
608
605
604
600
604
610
606
605
611
605
603
612
604
610
615
591
605
605
609
607
623
605
606
612
611
609
602
603
613
604
603
611
610
615
609
603
618
613
603
617
605
618
613
607
609
607
610
612
602
609
607
619
605
612
607
608
609
614
611
603
605
616
608
604
602
603
600
611
624
601
612
617
615
615
608
614
614
609
612
606
606
604
612
606
608
611
620
602
606
601
619
613
614
602
606
606
614
606
626
615
620
619
611
610
609
605
614
616
611
613
607
612
613
598
601
625
624
620
624
614
613
608
610
610
628
618
618
612
613
620
623
623
621
615
610
605
615
620
620
625
624
612
630
615
630
613
626
612
635
626
624
616
629
616
632
624
620
624
640
644
620
631
630
636
635
632
633
624
629
639
636
652
636
642
625
635
646
627
646
639
651
653
630
638
638
655
664
653
662
650
658
662
667
666
645
657
667
679
666
693
674
694
696
667
683
666
686
703
686
677
682
678
688
711
721
705
734
724
742
725
706
743
762
739
732
740
766
757
775
777
762
770
804
791
772
838
837
831
853
829
853
849
883
905
870
862
870
881
918
956
956
945
963
917
985
1028
998
1020
992
1065
1073
1107
1125
1133
1135
1129
1191
1210
1236
1235
1218
1248
1262
1264
1331
1354
1412
1453
1449
1407
1390
1485
1487
1489
1555
1495
1494
1593
1574
1653
1701
1674
1728
1744
1752
1779
1821
1789
1852
1882
1826
1887
1877
1920
1943
1970
2039
1961
2019
2000
2064
2018
2052
2099
2117
2202
2119
2179
2181
2243
2277
2310
2282
2422
2291
2360
2472
2461
2566
2515
2460
2416
2578
2530
2545
2524
2624
2515
2592
2606
2633
2698
2633
2823
2775
2825
2796
2763
2742
2874
2870
2887
2910
2867
2944
2873
2945
3072
2962
3005
2997
3109
3103
3090
3101
3198
3165
3203
3241
3202
3233
3334
3358
3216
3377
3258
3456
3402
3373
3343
3564
3511
3353
3442
3441
3420
3519
3418
3471
3585
3468
3556
3593
3615
3609
3567
3643
3619
3610
3552
3676
3726
3686
3753
3727
3716
3745
3807
3880
3834
3759
3921
3814
3930
3863
4033
3895
3992
3990
3887
3932
4069
3924
4056
4081
4156
4042
3994
4130
4160
4172
3992
4116
3970
4185
4134
4156
4284
4261
4313
4067
4208
4191
4304
4293
4294
4300
4260
4415
4435
4321
4348
4440
4497
4475
4538
4552
4392
4577
4536
4539
4569
4772
4631
4550
4531
4670
4691
4641
4687
4713
4711
4711
4746
4689
4729
4730
4694
4826
4779
4750
4693
4893
4849
4922
4921
4884
4830
4868
4773
4797
4914
5015
4839
4792
4829
4925
4907
4971
4984
5042
5052
4928
4968
4808
4975
5006
4891
5045
4950
5010
4743
4874
5065
4804
4981
4892
4935
4987
5075
4902
4971
5081
4933
4814
4995
4883
4955
4923
4935
4948
4838
4931
4766
4788
4701
4782
4739
4712
4692
4678
4742
4759
4587
4709
4599
4500
4647
4577
4694
4529
4665
4450
4548
4567
4585
4586
4360
4491
4459
4506
4490
4417
4370
4453
4466
4387
4182
4220
4478
4277
4170
4103
4239
4181
4098
4001
4030
4026
4099
4011
3973
3952
3776
3855
3793
3855
3853
3891
3731
3787
3719
3722
3555
3610
3574
3587
3532
3557
3554
3552
3530
3515
3408
3475
3262
3421
3397
3238
3250
3307
3270
3201
3210
3094
3196
3170
3098
3015
2993
2937
2919
3045
2937
2898
2796
2895
2772
2978
2684
2701
2792
2564
2685
2531
2673
2542
2552
2544
2488
2344
2469
2321
2411
2258
2304
2321
2291
2249
2246
2245
2217
2228
2089
2140
2127
2125
2119
2064
2185
2065
1857
2005
1976
1977
1922
1936
1938
1961
1844
1810
1814
1788
1793
1694
1687
1751
1707
1612
1735
1691
1659
1628
1718
1597
1534
1595
1493
1529
1501
1558
1544
1459
1447
1473
1478
1438
1437
1440
1393
1377
1345
1393
1366
1341
1334
1287
1306
1305
1285
1274
1284
1242
1222
1262
1244
1176
1215
1176
1179
1214
1144
1198
1121
1096
1143
1150
1119
1076
1113
1071
1056
1121
1063
1080
1067
1050
1032
1059
1012
1047
1044
1014
1013
1004
1000
1018
972
976
966
969
953
984
930
994
898
945
956
948
968
899
902
898
885
852
883
853
899
871
891
870
871
866
857
854
866
884
838
854
815
846
770
827
840
813
846
827
792
840
802
802
773
789
798
814
799
770
765
777
766
776
766
768
798
763
752
753
760
741
773
767
781
763
753
757
752
765
771
753
766
755
738
731
741
745
751
714
711
727
723
707
717
746
701
736
722
734
713
713
717
719
717
708
713
704
699
719
692
708
721
694
711
683
702
696
700
699
672
699
678
669
689
691
695
659
684
684
687
666
681
666
685
692
694
663
669
692
675
670
678
655
663
658
669
666
647
660
653
678
679
659
669
662
665
652
663
662
652
672
658
660
662
653
642
652
651
654
649
640
658
665
661
637
659
645
655
645
665
655
649
649
668
652
645
643
641
647
645
633
631
649
637
643
644
648
630
626
626
633
632
636
654
636
639
628
625
620
645
638
637
631
625
655
631
630
616
636
630
631
637
635
626
640
629
644
618
622
627
638
636
628
617
627
631
629
635
618
631
615
622
626
636
625
629
622
623
622
613
614
611
623
626
610
606
628
614
620
612
611
642
627
639
619
626
622
625
624
611
621
615
621
613
614
626
618
630
618
615
607
619
624
622
619
627
609
607
612
619
629
624
612
620
621
609
610
611
615
614
607
621
620
616
613
602
606
617
618
618
615
613
605
614
616
612
613
609
616
612
608
618
613
609
621
613
595
615
605
621
613
614
611
606
619
608
613
604
607
608
612
618
606
602
614
600
607
610
603
608
613
609
603
603
613
608
606
605
613
605
607
610
601
610
611
605
602
617
601
611
607
602
617
608
602
611
606
594
603
607
608
602
606
617
606
608
610
598
608
603
602
604
613
603
614
606
607
603
614
602
610
602
602
597
603
599
608
600
611
603
616
609
603
608
614
610
603
606
603
604
602
604
