605
605
602
602
606
606
607
611
607
617
609
610
604
601
603
607
603
612
603
611
610
603
603
605
610
608
599
609
607
606
599
609
605
598
613
603
605
608
600
618
607
614
620
607
606
618
605
603
611
615
608
614
604
613
604
609
608
608
599
610
594
616
611
609
610
610
604
612
604
606
606
612
605
608
607
611
603
618
612
602
615
599
611
605
608
613
614
606
603
606
611
603
606
598
611
610
611
600
604
610
605
599
605
604
613
606
617
617
605
601
610
597
615
609
597
611
617
604
606
605
597
610
607
608
616
614
607
609
597
608
595
598
610
598
618
607
605
607
604
603
600
612
602
608
604
615
604
607
596
601
611
611
614
608
607
617
604
606
601
621
604
597
601
610
600
611
610
607
600
606
596
607
602
619
607
607
604
602
615
609
606
604
610
611
605
615
606
595
611
603
601
614
604
606
607
610
609
615
602
611
599
607
604
598
606
611
603
616
602
610
613
606
600
602
612
610
606
613
597
607
606
608
597
612
606
609
606
608
611
605
600
621
607
610
597
618
622
603
615
607
606
607
601
605
618
606
602
614
609
609
610
622
606
615
614
607
610
605
616
616
600
613
604
603
609
610
607
618
613
616
619
603
618
610
618
609
604
623
602
612
611
622
614
613
620
617
600
610
616
610
616
615
620
615
624
617
615
613
614
623
617
621
616
604
630
618
621
624
627
615
612
621
609
614
618
620
623
621
618
632
617
635
639
634
610
621
615
627
625
631
626
627
627
636
629
647
629
628
640
647
647
645
635
647
630
639
616
651
643
635
645
635
622
642
640
621
636
640
664
635
645
651
658
650
639
668
666
671
667
646
655
654
664
653
680
661
683
683
680
667
682
685
693
674
683
691
681
673
680
720
701
722
720
727
695
713
726
740
733
725
743
732
745
745
779
758
755
793
773
776
784
814
792
774
840
817
837
855
853
874
881
849
886
887
843
881
971
905
957
943
978
977
1014
1023
1005
1018
1058
1033
1040
1107
1140
1120
1143
1154
1201
1154
1235
1207
1260
1267
1345
1268
1325
1378
1442
1397
1423
1420
1404
1441
1514
1463
1484
1564
1642
1620
1558
1634
1655
1729
1686
1726
1781
1766
1767
1742
1823
1882
1830
1901
1908
2055
2038
1999
1997
1994
2095
1997
2070
2143
2151
2175
2142
2207
2277
2246
2238
2335
2354
2370
2339
2418
2388
2483
2496
2507
2522
2527
2524
2548
2551
2589
2664
2678
2683
2631
2752
2815
2767
2886
2784
2841
2903
2837
2806
2895
3037
3007
2973
2954
2968
2973
3030
2967
3072
3016
3144
3129
3122
3307
3314
3232
3194
3332
3238
3424
3279
3350
3378
3325
3366
3369
3558
3443
3410
3418
3532
3437
3603
3493
3569
3568
3584
3577
3671
3638
3876
3674
3623
3643
3643
3783
3744
3687
3774
3850
3914
3858
3710
3777
3818
3946
3786
3928
3977
3909
4105
4029
3990
3928
4076
3976
4107
3981
4015
4157
4062
4075
4115
4123
4121
4230
4154
4243
4183
4206
4142
4293
4398
4299
4430
4335
4402
4427
4486
4410
4449
4493
4375
4558
4465
4440
4450
4536
4472
4427
4560
4558
4377
4611
4598
4590
4710
4705
4666
4776
4859
4873
4897
4839
4773
4880
4833
4976
4737
4797
4975
4877
4791
4949
4856
4842
4999
4941
5086
5004
4980
5043
5134
4872
5010
5119
5144
5170
5170
5153
5074
5003
5146
5184
5135
5029
5114
5065
5132
5167
5055
5058
5219
5300
5212
5327
5269
5353
5243
5147
5356
5173
5234
5319
5182
5223
5149
5140
5159
5172
5083
5291
5226
5132
5067
5129
5285
5343
5328
5116
5182
5108
5177
5100
5096
5173
5021
5120
5330
5165
5119
4930
4933
4950
5001
4953
4992
5041
4932
4971
4865
4862
4944
4934
4877
4745
4840
4789
4924
4919
4698
4755
4766
4726
4629
4711
4594
4734
4726
4518
4518
4651
4501
4512
4520
4345
4427
4370
4483
4379
4436
4444
4563
4169
4404
4388
4152
4194
4153
4030
4028
4095
4002
4036
3892
3960
3896
3999
3886
3852
3803
3801
3758
3757
3772
3831
3675
3485
3451
3539
3524
3570
3697
3423
3490
3362
3388
3370
3305
3287
3183
3240
3110
3086
3144
3060
3162
3072
2973
3051
2876
2946
2931
2938
2842
2913
2907
2789
2760
2725
2618
2659
2552
2694
2490
2566
2546
2490
2506
2468
2370
2406
2440
2379
2382
2406
2396
2261
2166
2160
2282
2202
2215
2177
2185
2067
2119
2025
2009
2083
2058
2010
1892
1924
1881
1891
1920
1811
1819
1873
1786
1842
1749
1734
1808
1699
1588
1707
1593
1686
1645
1632
1637
1630
1613
1570
1520
1523
1533
1581
1508
1481
1393
1529
1473
1438
1401
1435
1309
1416
1316
1359
1335
1325
1319
1341
1284
1293
1290
1296
1284
1293
1203
1251
1215
1157
1154
1203
1183
1197
1218
1146
1165
1196
1215
1202
1141
1116
1055
1102
1123
1055
1041
1050
1019
1051
1013
1018
1044
975
1036
973
1002
967
1027
975
976
957
978
955
973
973
958
937
930
937
929
934
949
910
880
865
904
900
875
899
880
901
873
899
858
882
879
889
848
861
860
861
892
831
818
802
824
843
786
844
815
820
833
802
780
845
780
807
795
770
809
808
782
770
790
759
765
752
775
783
764
740
759
778
747
743
762
733
750
738
761
783
771
751
751
755
721
756
734
721
723
743
716
728
702
760
721
726
731
715
728
716
706
722
698
743
718
690
721
692
704
689
699
701
696
710
701
679
701
718
673
684
679
710
670
689
701
681
693
665
674
683
668
682
708
675
675
671
685
680
680
672
655
665
701
660
678
674
686
681
673
664
680
666
671
681
666
666
664
673
666
643
653
640
657
679
668
657
656
653
660
647
643
647
649
649
640
641
638
659
648
656
638
648
624
645
639
648
631
657
641
657
645
649
641
637
633
639
662
644
627
639
630
625
646
624
636
653
638
631
629
629
631
615
635
649
637
638
640
631
627
642
631
627
613
635
623
623
617
640
624
639
634
632
630
641
627
628
630
630
621
626
626
621
626
626
626
628
624
627
624
626
627
619
625
621
628
611
625
617
626
619
638
618
631
621
619
621
612
619
618
628
630
622
625
614
626
619
621
619
621
610
617
618
627
613
622
624
613
615
616
613
618
611
608
606
614
609
605
613
616
608
598
624
608
614
630
622
617
621
608
618
613
617
609
607
608
611
614
616
619
615
606
601
630
602
607
618
613
617
607
617
605
618
612
608
613
609
603
612
619
606
611
614
620
606
596
598
611
609
608
615
604
611
606
607
596
599
604
604
607
604
609
609
603
615
599
609
612
611
606
612
615
600
601
607
597
618
601
607
616
606
600
603
607
619
599
605
607
596
603
612
594
611
603
620
606
603
598
605
600
613
603
612
601
602
617
601
613
605
609
612
613
609
606
608
612
607
