600
604
604
606
608
606
606
608
606
604
609
612
597
600
614
618
604
599
607
610
608
608
597
604
602
608
615
610
617
605
623
614
615
618
603
611
603
606
609
611
613
601
598
611
602
605
617
620
612
605
604
609
606
615
605
608
602
614
608
605
608
599
596
609
597
606
601
604
605
600
606
604
597
597
602
608
602
604
606
613
606
600
604
602
599
610
609
602
606
597
600
619
604
604
611
611
608
610
618
603
605
604
614
602
614
608
608
600
602
597
608
609
603
613
613
604
611
600
601
594
600
600
616
596
606
620
602
605
612
618
611
601
605
614
613
601
611
606
612
607
609
593
615
609
597
602
606
612
604
603
618
603
610
609
612
609
607
600
604
608
613
605
603
602
609
609
615
612
597
609
608
610
603
604
605
611
608
606
589
616
616
607
605
600
619
609
598
612
605
601
603
591
615
608
614
601
603
616
608
600
608
611
597
613
598
616
610
605
616
609
608
605
606
607
603
602
608
610
602
609
602
614
612
607
605
610
627
609
605
609
607
606
612
612
606
619
620
610
613
603
622
613
618
606
616
621
607
601
602
609
609
604
617
606
610
624
611
608
613
623
612
606
604
600
610
609
615
617
619
615
609
601
614
616
612
609
619
613
612
614
618
612
612
624
616
621
625
612
612
601
609
608
618
612
615
615
609
623
616
613
614
621
612
620
610
618
608
604
612
610
610
622
614
612
615
624
617
627
624
632
619
610
616
618
630
629
619
623
615
631
622
617
620
624
633
640
627
633
630
624
632
634
631
621
631
625
626
627
632
629
626
644
647
642
645
644
638
652
642
656
654
644
648
647
651
652
639
664
665
654
652
655
655
671
671
678
687
664
669
674
685
682
700
687
685
680
705
687
693
714
722
701
698
694
709
721
704
735
731
716
758
759
759
781
748
784
785
774
796
770
815
824
766
837
814
836
872
831
821
839
879
900
844
868
897
904
920
958
951
971
976
953
1028
1030
1031
1055
1105
1075
1115
1163
1101
1167
1167
1191
1219
1200
1204
1252
1245
1297
1301
1310
1308
1379
1413
1428
1474
1458
1497
1438
1540
1585
1549
1614
1641
1657
1631
1663
1730
1680
1838
1738
1754
1819
1823
1842
1920
1912
2067
1917
2014
1989
2027
2049
2012
2043
2138
2079
2178
2190
2147
2225
2331
2299
2309
2207
2369
2335
2367
2364
2470
2459
2528
2516
2574
2522
2527
2575
2620
2624
2655
2738
2710
2693
2744
2786
2795
2709
2894
2906
2909
2905
2982
2856
2885
3064
3124
2965
2956
2964
3042
3029
3136
3160
3024
3156
3228
3180
3294
3223
3381
3268
3313
3341
3407
3455
3289
3533
3308
3477
3524
3504
3570
3491
3495
3512
3528
3573
3530
3392
3517
3639
3700
3699
3700
3815
3806
3803
3785
3610
3871
3844
3744
3934
3904
3769
3905
3901
3897
3966
3877
3871
3965
4002
3960
4038
4211
4084
4241
4156
4231
4084
4103
4094
4141
4079
4128
4072
4044
4281
4136
4308
4346
4293
4460
4382
4344
4434
4211
4288
4445
4523
4516
4558
4579
4600
4361
4491
4518
4504
4558
4645
4582
4609
4669
4597
4619
4596
4646
4657
4761
4714
4804
4757
4851
4797
4889
4871
4867
4992
4896
4979
4900
5062
5018
4867
5077
4985
5066
5016
5048
4967
5196
4985
5148
5077
5155
5099
5217
5164
5201
5116
5252
5094
5273
5275
5115
5352
5277
5314
5114
5169
5284
5155
5149
5361
5150
5293
5208
5388
5317
5505
5324
5379
5286
5312
5152
5446
5204
5322
5339
5318
5228
5389
5181
5329
5244
5343
5096
5288
5199
5287
5335
5360
5298
5360
5341
5225
5270
5272
5177
5229
5388
5181
5259
5136
5042
5213
5152
5168
5095
4971
5040
5193
5037
5061
4953
4915
4965
5047
5093
5000
4960
5110
4919
4971
4990
4890
4818
4795
4829
4809
4683
4572
4618
4584
4639
4524
4452
4610
4558
4415
4426
4432
4503
4408
4314
4306
4418
4281
4160
4367
4326
4116
4110
4088
4129
4155
3966
4060
3933
4111
3885
3886
3867
3922
3834
3813
3860
3778
3878
3714
3780
3690
3564
3619
3692
3555
3556
3534
3443
3551
3341
3306
3310
3176
3330
3301
3160
3242
3200
3136
3172
3044
3067
3094
3010
2978
2954
2942
2857
2816
2777
2870
2727
2791
2610
2668
2716
2594
2559
2629
2492
2578
2603
2406
2482
2343
2300
2335
2312
2337
2349
2345
2237
2239
2192
2180
2233
2217
2145
2184
2050
2120
1978
1947
1980
1976
1864
1973
1859
1903
1813
1907
1823
1778
1716
1756
1779
1675
1739
1683
1673
1740
1652
1630
1609
1671
1607
1617
1602
1548
1568
1551
1481
1488
1528
1462
1481
1497
1458
1371
1360
1456
1368
1356
1441
1364
1337
1339
1321
1378
1318
1334
1268
1243
1272
1253
1248
1264
1239
1150
1218
1214
1184
1146
1183
1131
1148
1110
1090
1108
1115
1106
1113
1078
1102
1050
1077
1050
1043
1073
1069
1050
1045
1005
1026
988
1020
999
970
968
957
956
962
943
950
932
932
963
933
925
916
948
920
940
903
885
909
907
892
912
874
891
891
885
868
879
861
836
817
829
837
837
819
810
828
823
843
832
808
805
823
817
815
787
807
816
788
794
817
801
815
765
783
805
799
779
778
757
806
779
779
718
758
750
765
748
767
758
770
758
710
753
748
753
738
724
762
749
711
732
711
715
741
738
709
716
745
722
723
727
684
733
721
739
708
710
710
691
704
675
661
693
708
704
708
714
693
704
683
680
698
691
705
683
671
686
704
674
674
694
668
682
682
682
681
682
672
670
657
683
649
684
678
657
669
669
660
655
663
658
661
655
646
649
669
654
662
657
669
660
654
652
667
666
668
663
655
657
661
661
650
670
644
653
661
657
638
634
660
643
645
639
650
643
647
652
652
654
652
644
636
640
639
635
645
629
661
645
631
635
633
659
666
646
638
641
630
632
634
648
630
642
631
634
634
630
643
636
631
642
630
625
634
622
636
645
636
640
637
619
624
629
626
636
629
641
631
627
621
621
641
630
630
624
624
629
619
631
627
627
615
620
623
620
614
612
629
617
629
626
616
621
618
622
618
611
617
624
626
634
631
619
616
618
621
619
619
625
629
619
625
630
621
607
616
627
625
629
612
624
609
611
630
626
616
616
630
623
611
616
615
613
627
616
608
612
621
595
608
606
610
610
609
613
606
611
615
608
597
628
617
609
611
607
619
611
611
616
615
611
618
611
608
609
618
618
607
605
608
613
612
616
620
596
609
606
605
609
614
626
610
599
605
609
608
614
607
613
604
621
617
606
602
613
599
603
602
604
617
615
608
615
619
601
600
608
608
603
604
608
620
606
613
608
599
600
607
602
605
611
606
615
604
600
610
604
606
612
611
606
612
605
608
602
609
611
602
602
606
614
610
604
608
602
606
607
602
602
