615
607
603
610
612
593
614
602
603
609
605
615
610
606
614
617
600
609
623
612
608
613
605
610
605
613
616
607
622
626
615
629
622
619
613
618
614
621
607
619
609
606
605
606
617
618
612
612
600
607
609
612
611
603
617
610
600
605
602
609
613
613
598
608
614
613
604
605
609
594
602
608
607
601
617
606
608
605
612
619
619
608
609
609
606
610
611
612
608
603
603
611
601
613
613
606
602
610
602
613
602
609
610
616
612
610
609
612
617
611
606
608
606
607
618
598
609
597
609
612
607
609
618
601
609
608
610
609
616
602
610
599
611
611
608
611
604
601
607
606
616
603
606
596
624
612
598
612
613
607
612
611
596
609
609
603
607
607
626
601
614
610
616
610
606
607
617
610
617
616
604
610
611
608
612
604
607
603
610
602
613
602
610
606
610
606
607
605
595
599
607
610
613
607
610
609
610
607
603
605
598
604
610
606
605
607
610
604
613
613
619
610
610
607
612
604
605
605
606
612
610
612
616
606
620
607
617
606
602
612
618
609
614
612
609
612
605
614
614
611
601
603
609
606
607
601
617
605
601
610
615
613
609
614
613
601
606
612
612
614
616
605
617
615
624
604
634
611
618
618
628
611
619
609
609
618
605
607
605
614
617
607
623
613
620
622
610
626
613
623
624
610
615
609
614
617
618
619
611
609
615
618
629
617
618
626
637
622
619
625
612
614
617
621
630
623
608
629
622
639
628
631
616
637
627
628
634
615
629
628
622
634
610
614
640
628
614
631
631
629
621
634
635
639
620
629
633
668
641
641
634
647
646
634
642
641
646
651
653
657
652
655
641
663
659
654
666
653
669
663
662
692
685
662
655
662
648
663
683
685
675
712
700
703
692
699
679
707
695
721
700
708
727
717
729
717
736
726
771
758
775
771
752
765
776
778
793
820
776
797
860
849
841
802
798
826
837
797
880
879
887
908
894
913
909
917
912
960
953
996
1025
1021
1030
998
1030
1058
1103
1075
1146
1159
1171
1158
1202
1196
1211
1219
1266
1279
1314
1290
1353
1384
1387
1411
1426
1482
1508
1549
1574
1588
1570
1605
1683
1596
1670
1786
1734
1760
1684
1789
1882
1818
1799
1893
1823
1900
1928
1986
1929
2059
2036
2140
2153
2131
2122
2163
2195
2200
2219
2366
2231
2296
2342
2350
2395
2509
2437
2550
2437
2577
2530
2634
2595
2641
2631
2669
2600
2789
2758
2792
2785
2813
2833
2856
2918
2881
2900
2894
3036
2973
3061
3111
3085
3008
3090
3096
3182
3152
3145
3165
3217
3302
3208
3283
3370
3403
3300
3230
3418
3530
3377
3384
3434
3566
3461
3557
3629
3657
3584
3734
3765
3729
3593
3640
3696
3692
3706
3623
3688
3849
3851
3838
3882
4015
3836
3877
3852
4018
3929
4032
4012
4025
3979
4051
4080
4104
4064
4013
4102
4144
4167
4358
4322
4247
4225
4200
4157
4260
4304
4371
4339
4253
4359
4363
4413
4479
4357
4443
4431
4459
4454
4461
4433
4684
4474
4535
4598
4554
4670
4473
4823
4611
4543
4812
4676
4739
4834
4763
4845
4682
4665
4710
4861
4877
4781
4905
4894
4875
4952
4863
4873
4912
5034
5116
5068
5165
5073
5117
5125
5231
5184
5269
5315
5227
5124
5251
5305
5148
5231
5340
5291
5266
5273
5306
5222
5394
5503
5518
5250
5336
5228
5537
5456
5626
5479
5594
5404
5581
5405
5400
5517
5615
5526
5528
5560
5467
5460
5507
5667
5523
5647
5653
5582
5720
5692
5519
5622
5643
5494
5573
5608
5669
5433
5657
5483
5465
5531
5601
5561
5403
5720
5593
5499
5530
5586
5497
5579
5530
5545
5661
5463
5522
5403
5397
5501
5314
5355
5441
5307
5363
5210
5287
5257
5214
5371
5180
5187
5196
5168
5276
5113
5290
5209
5140
5152
5175
5141
5009
5085
4976
5056
5165
5031
4886
4871
4922
4836
4954
4775
4872
4684
4775
4781
4726
4740
4815
4590
4629
4682
4628
4554
4573
4574
4394
4316
4504
4397
4290
4416
4364
4171
4136
4145
4041
3993
4050
4134
3927
3920
3971
3980
4091
3911
3997
3815
3803
3831
3761
3676
3651
3704
3659
3570
3603
3372
3544
3454
3471
3334
3423
3287
3330
3292
3236
3269
3215
3070
3153
3068
3089
3022
3090
2976
2933
2903
2938
2876
2863
2796
2727
2818
2736
2714
2680
2571
2617
2597
2525
2487
2519
2557
2434
2449
2418
2431
2389
2335
2242
2345
2202
2197
2155
2225
2117
2130
2135
2078
2056
2126
1948
1942
1968
1952
1966
1980
1876
1857
1851
1830
1831
1822
1775
1767
1677
1729
1792
1709
1602
1655
1706
1586
1688
1722
1661
1541
1575
1520
1511
1565
1523
1457
1417
1441
1420
1477
1461
1422
1412
1375
1415
1398
1354
1327
1317
1280
1338
1296
1338
1367
1319
1264
1289
1221
1207
1172
1243
1205
1234
1155
1202
1172
1221
1152
1121
1158
1144
1117
1066
1123
1068
1057
1099
1075
1065
1049
1060
999
1012
1047
1021
1002
1005
1022
946
1020
992
938
962
970
953
962
948
1000
962
909
940
890
931
962
931
910
918
908
908
893
879
837
906
873
891
849
881
866
870
845
845
853
861
862
862
856
843
855
827
837
791
844
810
828
836
801
794
845
771
814
812
805
769
775
782
762
787
767
773
770
774
787
764
761
778
776
754
775
744
757
735
735
736
754
770
732
748
731
737
741
732
724
725
742
723
718
736
736
711
710
705
726
709
730
710
724
708
708
707
715
720
713
709
683
694
696
713
716
684
691
695
697
695
686
691
717
696
686
687
709
686
692
693
692
702
647
671
679
659
679
687
694
691
690
677
664
675
664
689
667
680
679
661
669
672
663
684
655
644
679
693
655
645
684
654
675
657
651
670
658
653
665
650
665
648
657
653
670
647
660
646
646
655
648
663
654
659
651
648
648
654
646
640
637
639
644
639
638
644
640
627
645
659
633
666
631
634
647
658
635
629
644
636
629
627
649
629
640
636
636
628
643
630
628
643
625
620
637
630
630
628
631
615
624
627
639
634
627
634
638
626
626
614
639
619
643
626
634
636
617
629
620
634
624
622
630
626
619
618
642
626
628
626
622
626
618
631
620
632
616
632
622
616
617
618
616
625
617
615
624
611
627
620
628
604
609
610
616
615
614
627
613
623
615
622
619
614
626
613
605
621
617
629
616
610
625
607
613
604
610
614
627
622
619
611
615
622
612
612
626
601
607
625
603
614
618
628
614
602
605
604
614
602
611
610
614
604
604
599
609
605
603
610
604
612
608
608
605
595
611
605
609
602
606
600
621
612
612
615
613
619
603
610
611
627
607
604
609
609
611
613
602
604
607
606
606
617
622
606
612
606
609
609
602
604
609
603
609
593
609
609
616
602
614
607
611
596
606
593
609
603
612
607
609
608
604
609
599
610
597
607
598
614
609
599
