606
605
609
607
609
615
613
605
612
598
602
609
609
618
603
596
601
610
617
602
601
605
612
607
619
605
609
600
598
611
604
607
596
612
613
608
608
609
609
605
609
611
607
607
613
608
613
611
611
600
605
615
601
601
611
604
609
615
602
614
608
606
607
605
613
603
607
605
613
617
600
608
613
622
607
613
603
600
609
609
612
606
602
605
605
606
604
603
606
587
613
603
611
610
613
604
625
599
611
616
607
617
611
600
603
617
611
624
608
599
607
610
610
610
607
603
604
617
611
612
600
606
612
599
603
617
610
612
597
617
606
608
615
623
606
615
605
612
618
607
605
628
604
607
617
610
614
601
606
612
617
613
604
607
609
605
604
605
611
610
612
608
605
607
616
608
601
608
602
613
605
612
610
604
602
608
601
608
614
610
610
605
615
614
603
610
600
608
607
604
609
604
609
602
599
600
601
606
611
600
612
610
613
620
603
604
604
613
606
604
606
610
615
599
620
616
604
604
601
608
616
612
609
607
610
611
618
616
621
609
609
614
615
605
601
605
601
612
614
608
613
607
610
614
614
611
614
620
611
617
608
604
604
620
623
609
611
613
617
620
611
620
607
609
607
607
622
618
619
616
606
609
618
606
609
608
613
614
622
613
633
612
614
608
616
624
622
605
624
621
626
615
619
628
628
602
617
616
604
622
614
641
622
620
626
624
617
627
623
623
611
612
631
629
637
613
620
635
625
620
616
635
639
629
623
634
641
621
624
622
619
631
627
624
639
633
641
658
631
638
624
641
644
635
645
624
632
638
637
638
651
631
648
651
665
650
661
658
660
664
651
659
661
639
645
661
652
666
666
666
661
653
651
672
680
670
680
704
671
691
699
684
701
718
697
715
728
695
707
723
721
708
730
748
730
731
727
751
749
759
752
756
807
781
759
786
794
795
778
816
794
840
885
847
826
862
847
870
892
895
918
921
897
945
933
921
1000
986
982
1032
1032
1072
1061
1072
1025
1061
1132
1112
1152
1179
1200
1188
1254
1270
1232
1271
1238
1351
1338
1383
1424
1444
1468
1445
1460
1561
1518
1559
1561
1662
1640
1722
1675
1756
1686
1796
1780
1837
1849
1815
1884
1925
1892
1945
1945
2070
1990
2127
2129
2173
2108
2193
2145
2240
2263
2322
2289
2263
2314
2303
2346
2444
2386
2454
2512
2600
2559
2515
2608
2548
2680
2683
2629
2663
2710
2748
2790
2739
2833
2891
2849
2934
3011
3065
3033
3020
3040
3110
3087
3060
3113
3142
3182
3169
3213
3220
3203
3251
3270
3428
3240
3420
3360
3389
3468
3304
3492
3466
3453
3588
3648
3479
3571
3585
3632
3717
3760
3716
3629
3800
3714
3804
3974
3805
3858
3807
3962
3941
4079
3886
4003
3956
4026
4070
4020
4145
4147
4150
4165
4111
4220
4072
4109
4220
4162
4147
4260
4266
4139
4163
4379
4257
4242
4340
4363
4513
4603
4413
4500
4360
4488
4493
4403
4502
4516
4429
4644
4640
4535
4633
4547
4634
4662
4698
4800
4519
4710
4806
4839
4714
4746
4833
4761
4980
4977
4905
4928
4844
4928
4965
5001
5158
5029
5140
5055
5032
5235
5177
5048
5097
5165
5170
5119
5256
5270
5178
5352
5287
5233
5461
5384
5531
5374
5335
5219
5413
5560
5430
5313
5470
5456
5463
5483
5590
5628
5615
5575
5769
5587
5736
5702
5621
5718
5735
5749
5727
5637
5769
5690
5829
5769
5636
5826
5845
5848
5897
5785
5946
5843
6045
5932
5778
5933
5758
5765
5885
5836
5808
5790
5857
5841
5924
5912
5898
5935
5737
5808
5883
5815
5854
5783
5829
5910
5835
5793
5872
5916
5571
5847
5800
5729
5753
5790
5758
5752
5730
5691
5519
5719
5693
5607
5520
5519
5506
5365
5636
5538
5608
5509
5512
5450
5490
5320
5401
5575
5388
5348
5272
5208
5315
5206
5179
5315
5158
5136
5087
5201
4877
5036
4992
5005
5004
4979
4940
4897
4718
4922
4790
4788
4754
4850
4660
4660
4640
4727
4552
4456
4437
4409
4474
4419
4417
4322
4388
4314
4249
4327
4242
4263
4173
4219
4113
4135
4111
4025
4023
4048
3817
3856
3925
3707
3715
3727
3627
3665
3764
3654
3574
3561
3661
3516
3448
3400
3370
3352
3383
3329
3247
3332
3244
3090
3035
3161
2995
3062
2946
3025
2974
2911
2887
2802
2800
2779
2810
2698
2747
2651
2571
2609
2625
2608
2529
2592
2511
2484
2493
2459
2402
2432
2391
2367
2306
2316
2189
2263
2173
2163
2205
2105
2078
2028
2058
2094
1998
2027
1912
1942
1969
1928
1885
1880
1871
1858
1849
1781
1746
1814
1783
1776
1778
1707
1734
1665
1682
1650
1604
1565
1587
1677
1532
1499
1558
1518
1499
1504
1471
1505
1436
1443
1430
1459
1432
1409
1412
1366
1367
1294
1320
1388
1321
1251
1274
1254
1246
1271
1203
1227
1280
1223
1257
1191
1199
1233
1183
1206
1171
1162
1157
1179
1182
1138
1113
1062
1092
1079
1057
1103
1097
1048
1012
1055
1058
1000
993
989
939
981
947
952
970
958
967
993
956
974
970
968
945
954
943
895
948
916
974
936
918
900
910
896
910
866
930
861
879
845
848
874
856
839
826
842
812
852
866
815
842
825
834
846
821
823
784
835
804
820
794
805
811
811
825
774
799
775
790
811
754
787
747
766
769
777
739
753
740
803
783
762
743
763
744
744
783
745
742
728
727
726
744
745
716
726
745
735
705
751
720
727
719
698
720
697
725
738
720
721
700
726
688
706
701
691
707
703
691
702
708
694
691
683
709
712
672
708
692
689
713
684
679
670
693
693
673
672
668
670
671
705
693
679
666
664
663
661
690
675
688
657
665
680
671
679
667
676
678
652
663
681
697
650
675
670
677
672
680
650
641
668
647
661
657
657
669
666
650
667
650
647
659
648
652
657
664
640
646
647
646
644
634
644
633
658
656
636
629
639
649
641
641
655
658
643
643
648
649
630
646
654
648
646
637
637
642
640
636
644
641
638
639
637
630
642
631
641
630
627
634
632
625
639
629
646
651
630
623
629
617
637
623
624
623
623
625
641
623
631
621
619
624
625
629
621
630
624
623
616
622
626
643
621
627
635
615
621
625
624
627
628
631
612
626
629
616
611
610
621
620
618
629
629
618
614
612
624
618
620
622
619
624
626
619
633
615
610
627
614
636
616
616
608
606
604
615
608
610
617
624
621
621
619
620
621
620
616
613
615
611
606
611
616
619
616
614
610
605
611
615
605
604
607
618
618
621
612
614
610
631
615
614
608
606
602
613
611
614
609
614
612
606
616
610
603
609
608
612
609
609
597
601
600
614
604
611
610
601
620
615
605
609
611
615
610
602
607
610
613
617
613
604
617
611
608
606
603
602
605
601
603
610
599
607
612
598
608
611
616
611
610
599
605
610
611
614
607
608
615
599
613
602
605
605
