609
612
616
610
619
611
613
614
615
606
616
613
603
608
601
606
605
606
610
616
607
610
611
597
614
602
609
613
602
614
606
606
618
618
606
608
607
607
607
617
607
609
608
610
608
605
603
606
605
604
614
617
603
618
599
612
603
611
600
602
611
616
618
615
613
607
603
618
601
612
605
616
613
618
602
614
610
606
608
605
606
605
608
611
603
614
606
612
598
611
613
610
603
602
612
614
615
609
605
612
604
611
609
614
609
610
607
615
604
608
611
608
613
610
604
613
620
603
614
612
614
615
603
616
610
600
620
610
611
616
616
604
617
603
611
607
608
606
596
617
611
614
609
606
596
599
604
621
602
604
609
601
611
608
613
599
621
614
610
603
610
604
604
612
613
608
605
619
624
612
602
602
609
606
614
613
604
596
610
607
618
593
614
605
615
604
607
612
610
610
612
610
608
610
610
607
608
610
604
613
612
611
608
609
609
610
615
608
607
614
612
615
601
609
619
608
606
610
608
620
603
616
618
625
612
610
614
615
621
608
607
615
613
602
616
614
615
613
621
606
615
618
600
614
602
619
598
609
610
620
599
610
616
619
626
619
615
617
617
610
612
626
618
613
616
614
610
615
609
617
626
604
601
612
612
614
613
613
604
620
616
615
624
619
615
614
618
622
622
614
617
615
622
631
610
607
622
619
604
617
621
627
631
607
608
632
623
621
620
615
622
620
624
616
629
608
625
625
623
621
626
626
615
615
629
629
630
627
623
633
633
635
629
629
635
612
624
632
646
631
643
627
661
629
637
639
637
642
655
635
639
650
634
643
638
647
661
652
651
648
641
639
655
644
657
656
646
658
669
641
697
676
674
673
654
668
674
681
686
700
694
711
689
700
688
704
734
714
740
732
723
749
702
729
735
762
717
752
745
747
773
780
761
797
770
816
788
794
791
833
815
812
832
830
855
865
895
831
893
910
913
899
910
917
929
971
947
960
1019
960
1019
1017
1042
1025
1114
1077
1117
1145
1187
1186
1155
1148
1251
1234
1246
1296
1278
1321
1289
1351
1360
1417
1427
1404
1520
1522
1495
1513
1582
1562
1598
1654
1640
1628
1667
1675
1710
1721
1794
1888
1842
1858
1992
1885
1913
1944
1931
2009
2092
2195
1998
2135
2138
2267
2146
2176
2252
2251
2329
2347
2368
2335
2458
2397
2401
2367
2501
2493
2592
2495
2569
2740
2600
2666
2680
2728
2796
2697
2801
2919
2830
2842
2955
2841
2925
2879
2989
3013
3045
3069
3069
3090
3084
3215
3151
3201
3257
3190
3257
3265
3333
3395
3375
3299
3476
3318
3477
3554
3548
3550
3529
3637
3563
3656
3631
3695
3641
3695
3760
3735
3738
3840
3717
3797
3820
3829
3915
3866
3949
4054
4065
3908
4095
4152
4053
4153
4115
4033
4189
4130
4103
4296
4309
4036
4099
4302
4159
4234
4234
4252
4247
4291
4239
4421
4269
4504
4456
4479
4433
4423
4585
4548
4546
4470
4642
4445
4537
4514
4509
4692
4427
4776
4684
4648
4735
4627
4721
4814
4861
4740
4837
4812
4849
4811
4735
4909
4823
4920
4967
5053
4923
4963
5121
5070
5014
5098
4997
5169
5133
5088
5157
5184
5137
5113
5374
5259
5344
5317
5253
5251
5315
5372
5419
5435
5299
5252
5324
5597
5386
5527
5554
5403
5589
5522
5616
5596
5579
5576
5587
5540
5761
5672
5820
5686
5698
5632
5609
5567
5828
5599
5970
5805
5814
5698
5755
5637
5656
5923
5866
5770
5701
5650
5991
5967
5815
5844
5809
5805
5907
5812
5892
5758
5667
5866
5575
5658
5703
5729
5748
5880
5757
5868
5847
5877
5675
5764
5797
5877
5889
5699
5626
5801
5725
5677
5627
5552
5735
5652
5529
5582
5600
5498
5486
5630
5454
5454
5581
5561
5388
5424
5343
5420
5427
5398
5463
5337
5301
5115
5359
5239
5083
5290
5157
5187
5150
5041
5146
4946
5016
4819
4993
4841
4915
4902
4879
4837
4838
4763
4844
4739
4766
4615
4598
4651
4610
4632
4502
4399
4420
4396
4473
4369
4286
4235
4247
4298
4305
4142
4139
4224
4203
4075
4104
4047
4066
3997
3961
3864
3835
3852
3740
3746
3707
3718
3636
3517
3544
3551
3426
3472
3427
3489
3345
3481
3343
3363
3163
3210
3235
3235
3247
3095
3098
3147
3003
2985
2953
3041
2935
2838
2859
2870
2827
2660
2667
2651
2733
2617
2677
2668
2527
2600
2541
2533
2502
2452
2459
2400
2430
2381
2324
2377
2307
2176
2242
2253
2208
2157
2137
2113
2095
2130
2037
2066
2183
2019
1878
2045
1899
1965
1927
1962
1927
1787
1825
1781
1763
1745
1783
1739
1735
1699
1700
1661
1670
1631
1585
1600
1680
1627
1528
1484
1520
1511
1483
1526
1491
1476
1540
1388
1403
1407
1387
1382
1310
1338
1364
1334
1367
1347
1313
1311
1294
1237
1243
1231
1233
1258
1181
1195
1205
1216
1158
1210
1157
1149
1166
1118
1146
1142
1147
1114
1143
1105
1129
1054
1029
1077
1091
1047
1042
1060
1053
994
998
1033
1031
1003
998
955
959
1005
968
955
960
970
930
966
963
930
986
936
921
998
909
944
903
886
893
897
924
901
889
913
869
857
899
876
876
870
849
844
814
825
838
847
818
836
801
856
841
819
811
792
785
846
819
783
817
813
818
821
795
779
813
795
779
787
785
771
795
792
804
777
777
776
785
792
763
770
772
762
754
739
757
734
749
779
753
735
753
704
700
728
746
731
736
699
722
705
718
697
722
729
722
718
720
715
723
707
728
720
712
712
711
716
718
688
687
687
685
686
706
698
700
695
671
671
654
697
686
667
682
675
689
700
666
683
663
694
683
693
657
684
711
689
685
672
650
670
662
657
674
662
670
657
661
661
646
661
668
663
652
660
670
670
650
674
670
659
665
663
660
670
650
659
641
662
640
657
664
654
673
655
650
657
655
649
654
653
651
641
644
643
654
650
646
636
641
666
649
647
632
650
646
653
633
621
633
641
625
642
624
631
639
631
644
654
628
639
639
634
622
637
642
634
618
625
627
625
634
631
632
623
624
626
640
628
624
627
630
633
630
646
618
626
624
624
632
621
639
626
626
631
613
624
612
620
620
622
627
631
613
628
614
616
619
615
612
624
627
627
628
613
606
624
611
619
627
619
646
618
629
619
616
627
620
628
615
621
627
612
617
625
618
618
634
616
606
611
615
622
621
616
607
619
604
619
622
614
618
620
611
618
620
612
623
611
613
601
613
613
610
614
606
605
617
610
622
611
621
620
613
612
605
614
613
614
619
612
608
614
610
607
612
616
612
609
619
612
604
601
612
613
607
609
605
619
610
599
612
603
614
609
605
616
615
605
604
614
616
617
607
615
614
605
601
607
625
603
613
612
615
611
606
609
597
605
615
612
608
606
611
612
598
617
617
608
605
599
607
615
605
604
607
613
615
612
612
608
