616
606
617
605
601
610
616
608
612
605
603
614
610
608
608
617
605
608
614
614
608
610
615
609
615
609
611
605
601
612
612
610
608
599
603
618
612
607
615
601
608
606
607
611
613
611
607
612
598
619
610
616
611
607
606
623
607
611
612
604
613
618
610
610
606
617
606
610
612
607
608
612
603
604
603
605
615
622
620
602
620
606
608
610
604
607
613
606
607
609
601
610
613
592
605
613
606
608
607
603
605
602
613
620
602
606
609
604
608
606
593
627
615
611
620
604
621
610
610
613
605
608
606
606
607
612
609
616
613
608
604
606
609
608
605
616
607
599
607
612
612
603
614
610
603
607
606
606
604
605
614
602
605
608
611
607
615
607
605
609
614
602
612
618
615
610
603
607
609
620
612
609
605
609
605
611
611
603
607
598
605
604
604
606
607
615
602
605
608
614
606
605
607
603
605
616
606
601
614
604
613
615
605
614
608
605
607
608
606
619
610
608
614
620
609
614
606
607
601
629
612
611
623
614
620
611
630
608
607
618
616
627
618
616
618
618
611
619
610
597
606
618
607
598
616
620
614
612
623
607
613
610
602
610
622
607
606
615
617
623
626
606
623
620
613
607
613
620
615
607
618
629
605
620
614
615
610
626
623
617
615
613
604
628
618
620
620
597
638
628
627
620
620
635
613
616
615
622
622
634
626
627
625
623
612
606
612
621
627
605
633
632
624
633
625
636
627
623
621
627
623
628
630
620
633
634
627
634
642
645
636
633
631
637
635
638
633
635
632
641
637
635
646
632
653
634
631
656
650
647
643
646
646
652
662
647
659
666
671
653
653
651
677
666
668
660
660
663
679
649
670
674
676
697
682
681
675
680
675
706
706
688
703
708
710
692
732
687
710
710
701
732
731
766
743
752
749
753
789
753
767
775
791
774
786
777
812
826
870
852
828
853
832
863
862
875
866
900
912
872
894
903
958
941
985
985
1018
1000
995
999
1023
1035
1097
1051
1067
1122
1118
1147
1157
1190
1245
1201
1296
1291
1238
1269
1342
1385
1357
1400
1420
1488
1385
1479
1532
1471
1552
1607
1585
1645
1614
1670
1700
1736
1703
1771
1868
1846
1835
1903
1918
1930
2014
1969
2086
2059
2197
2080
2162
2228
2111
2238
2232
2284
2339
2291
2422
2407
2344
2377
2463
2366
2447
2564
2556
2613
2608
2715
2696
2711
2760
2737
2769
2810
2846
2816
2949
2896
2972
2885
3049
2945
3015
2994
2995
3186
3185
3121
3190
3206
3254
3308
3295
3275
3271
3230
3376
3446
3389
3411
3429
3544
3532
3536
3558
3462
3509
3725
3632
3613
3731
3793
3769
3860
3951
3787
3775
3837
3850
3904
3958
3904
3960
3953
4077
3927
4120
3954
4148
4161
4031
4224
4247
4171
4410
4291
4265
4383
4243
4319
4317
4308
4469
4607
4535
4514
4407
4606
4310
4461
4445
4513
4562
4692
4640
4553
4807
4731
4667
4778
4765
4718
4721
4729
4711
4764
4738
4809
4783
4795
4743
4767
4913
4864
4891
4902
4990
4979
5022
5051
5040
5045
5103
5167
4991
5120
5136
5144
5346
5283
5339
5115
5162
5430
5193
5295
5282
5136
5435
5381
5404
5362
5410
5399
5648
5489
5650
5526
5555
5512
5817
5721
5637
5633
5731
5602
5588
5683
5682
5872
5806
5881
5769
5976
5924
5805
5988
5799
6129
5891
5852
5953
5855
5890
5911
5910
6059
5998
6079
6048
6006
6000
5995
6015
5903
5908
5989
5966
6003
6093
6134
6126
6174
6251
6096
6217
6084
6074
6140
5928
6134
6117
6023
6206
6055
5900
6060
6160
6126
6219
5949
6027
6037
6053
6217
6003
5965
6166
5885
5985
5931
5901
5951
5840
6100
5669
6157
5817
5777
5937
5920
5965
5759
5767
5822
5654
5847
5785
5715
5804
5773
5745
5783
5589
5757
5662
5737
5505
5421
5539
5515
5512
5327
5438
5234
5259
5336
5230
5248
5273
5148
5183
5033
5251
5183
5006
5084
5005
5244
4962
4856
4956
4893
4820
4886
4719
4714
4651
4797
4556
4496
4541
4668
4464
4377
4515
4437
4441
4357
4292
4203
4250
4315
4088
4218
4122
4063
4017
4111
4096
4024
4060
3896
3786
3761
3811
3676
3665
3847
3733
3682
3585
3494
3491
3433
3392
3438
3413
3354
3267
3378
3294
3285
3215
3264
3216
3096
3025
3083
2973
2940
2957
2841
2912
2863
2828
2783
2815
2783
2745
2707
2656
2650
2646
2600
2574
2559
2465
2461
2458
2493
2432
2306
2371
2268
2299
2290
2206
2281
2233
2193
2157
2093
2087
2136
2134
2017
1986
1963
1995
1978
1918
1910
1899
1888
1901
1848
1786
1788
1789
1848
1735
1704
1703
1709
1668
1635
1661
1622
1590
1562
1634
1520
1580
1568
1522
1578
1474
1504
1468
1460
1518
1415
1464
1505
1423
1383
1365
1377
1350
1337
1297
1322
1281
1268
1294
1226
1309
1164
1254
1239
1204
1239
1238
1186
1175
1153
1179
1177
1197
1151
1128
1122
1140
1136
1125
1103
1085
1064
1085
1087
1026
1013
1013
1029
1033
996
1022
1008
981
1037
1005
973
1013
960
996
965
987
999
934
959
965
945
960
914
904
968
943
911
941
904
866
906
891
871
889
883
901
849
868
864
854
874
893
844
881
869
853
850
878
843
815
813
864
820
793
831
827
804
809
783
768
792
808
839
796
785
792
776
778
759
814
769
772
781
772
760
766
771
765
782
729
749
737
738
774
770
737
717
725
732
751
733
752
737
726
757
757
723
710
742
725
731
734
725
736
732
725
716
703
712
743
737
716
699
709
731
722
711
714
697
701
700
696
686
699
707
696
709
682
695
699
697
669
706
665
674
696
685
659
702
678
672
686
679
671
672
692
668
668
680
679
680
668
673
672
664
666
674
651
656
677
663
699
639
666
656
658
666
664
655
674
677
655
673
672
658
648
655
646
644
643
672
630
653
639
652
648
638
649
650
634
638
636
630
638
653
655
647
643
656
638
645
649
644
646
658
640
642
632
642
637
653
632
642
637
643
635
634
621
634
635
640
637
633
639
629
630
649
625
625
624
628
647
626
623
623
628
633
626
626
630
621
618
620
632
628
627
622
632
630
613
627
620
624
633
619
629
617
633
621
620
632
623
627
620
624
622
613
620
613
619
632
620
621
616
628
616
623
615
607
618
623
635
628
617
632
623
626
619
622
612
619
630
618
625
611
615
628
627
629
628
619
626
606
618
624
611
608
629
609
625
623
615
604
611
625
611
607
613
608
621
623
613
611
612
612
608
616
611
612
621
614
607
611
613
613
605
612
606
614
612
606
611
611
618
616
613
610
615
612
609
608
609
619
616
606
606
607
611
614
597
615
611
609
611
607
611
608
612
609
610
611
607
612
616
606
614
615
616
621
606
600
612
616
605
610
615
603
614
605
610
607
603
620
619
612
614
612
609
615
606
614
614
603
616
606
605
608
602
