609
610
607
612
612
618
623
613
605
607
609
619
609
614
607
613
604
604
607
616
607
611
606
623
601
606
617
612
613
612
616
614
608
613
609
620
616
611
611
608
606
605
614
613
610
612
606
612
603
604
610
612
605
620
614
613
616
612
614
601
605
603
620
606
614
619
607
605
611
608
613
603
603
605
614
607
610
614
611
613
602
612
617
613
613
613
622
603
611
605
611
619
607
607
608
614
609
604
613
606
608
609
616
617
619
612
610
607
605
627
611
605
608
606
607
606
603
607
607
610
603
606
612
612
600
598
614
608
612
623
623
618
607
604
608
621
613
611
595
612
608
607
615
609
610
605
619
624
607
596
611
613
612
619
607
611
599
610
610
617
607
615
605
606
608
608
611
611
610
610
603
613
602
614
612
606
611
606
614
603
605
607
614
605
615
610
615
604
616
604
616
604
608
616
612
619
617
606
617
609
614
617
615
611
616
609
610
618
608
609
614
615
615
604
612
616
612
609
609
615
610
609
606
609
607
622
613
614
606
607
616
601
612
608
617
614
607
614
613
603
616
615
613
606
611
610
611
611
601
615
610
618
620
613
616
620
615
625
621
623
628
623
607
613
619
607
615
612
608
624
614
626
607
628
605
625
607
627
616
611
619
600
626
616
613
612
624
617
625
623
611
617
623
607
638
615
617
618
612
612
617
633
636
614
623
609
630
631
610
620
625
625
607
636
622
615
631
634
616
629
636
624
637
631
634
621
613
627
626
626
636
628
626
624
638
640
639
623
633
634
635
636
637
643
628
627
631
631
647
645
645
638
640
647
657
667
650
655
648
648
657
655
657
655
657
666
664
673
651
675
675
651
675
669
682
682
694
720
695
694
703
702
692
690
707
714
729
698
727
726
721
746
729
736
736
752
731
757
773
744
762
770
800
793
803
769
788
795
810
819
805
833
847
874
843
859
873
889
912
937
911
884
939
962
965
930
988
960
1015
1032
1042
1064
1032
1050
1153
1097
1182
1179
1113
1198
1216
1203
1275
1239
1366
1308
1352
1339
1320
1365
1443
1458
1489
1539
1547
1483
1566
1577
1678
1686
1679
1656
1694
1717
1748
1763
1734
1829
1891
1917
1857
1986
2028
2044
2021
2094
2054
2110
2127
2149
2161
2258
2164
2233
2263
2270
2409
2343
2397
2405
2403
2511
2376
2436
2513
2597
2626
2618
2677
2744
2689
2705
2747
2797
2867
2781
2825
2895
2900
3004
3050
2910
2990
3109
3037
3102
3063
3157
3156
3321
3143
3296
3317
3414
3292
3311
3331
3433
3371
3407
3551
3482
3607
3417
3418
3668
3646
3632
3647
3709
3680
3754
3707
3843
3905
3705
3783
3795
3814
3823
3984
4147
3966
4021
3988
4056
4005
4000
4056
4262
4261
4188
4258
4255
4390
4296
4324
4181
4351
4280
4417
4477
4423
4398
4371
4380
4488
4405
4358
4409
4376
4421
4524
4607
4596
4672
4639
4648
4753
4788
4638
4733
4819
4696
4663
4759
4688
4605
4743
4807
4821
4906
4710
4841
4903
4969
5063
5067
4908
5063
5042
4856
5227
5222
5227
4989
5297
5169
5155
4979
5159
5163
5335
5250
5325
5300
5350
5207
5261
5496
5357
5355
5411
5476
5429
5440
5548
5542
5609
5546
5626
5528
5594
5726
5585
5644
5627
5732
5846
5838
5832
5823
5847
5534
5843
5970
5880
5882
5988
5769
5910
5813
5910
5791
5948
5990
6004
5918
6033
6010
5985
5886
6009
5917
6188
5997
5922
6007
5960
6005
6164
6104
6206
6325
6116
6078
6058
6146
6135
6032
5964
6031
6051
6002
6016
5966
6104
6169
6116
6050
6035
6095
6059
6090
6213
6102
6199
5987
5988
6067
6070
5860
5870
6042
5869
5890
5926
5942
5901
5870
5904
5904
5705
5865
5863
5762
5840
5749
5504
5670
5737
5803
5764
5822
5669
5562
5629
5545
5512
5414
5470
5523
5530
5461
5399
5275
5222
5270
5352
5200
5385
5167
5192
5171
5143
4987
5018
4934
4963
4967
5016
4924
4971
4846
4700
4785
4680
4677
4699
4629
4577
4623
4475
4647
4335
4343
4453
4376
4381
4474
4432
4305
4228
4096
4242
4212
4105
4061
4131
3965
3983
3922
3894
3964
3773
3849
3749
3660
3699
3621
3616
3523
3538
3584
3443
3449
3342
3499
3340
3360
3390
3316
3195
3216
3162
3240
3139
3090
3017
2965
2994
2962
2910
2790
2866
2883
2849
2797
2771
2729
2750
2713
2559
2617
2558
2465
2498
2441
2494
2499
2356
2383
2303
2246
2374
2281
2240
2144
2236
2137
2227
2117
2174
2110
2119
2114
2044
2030
2047
1975
1929
2049
1955
1972
1867
1959
1868
1908
1831
1747
1699
1775
1751
1785
1694
1710
1635
1736
1634
1577
1621
1580
1560
1589
1510
1547
1514
1442
1474
1519
1495
1476
1420
1473
1342
1397
1392
1409
1354
1337
1335
1337
1264
1328
1327
1259
1245
1287
1236
1253
1189
1240
1186
1235
1177
1231
1190
1208
1156
1208
1142
1123
1120
1086
1072
1097
1093
1110
1138
1033
1040
1026
1079
1074
985
1036
1016
1066
1056
1003
974
986
979
966
974
949
999
950
982
970
890
914
949
944
935
890
965
936
910
889
886
899
936
904
899
890
911
877
869
875
865
847
892
847
868
841
852
827
815
827
847
829
803
857
828
833
817
817
820
829
821
804
766
799
810
783
778
780
768
806
773
772
772
766
729
783
808
766
793
774
774
751
775
752
752
761
751
739
744
736
735
746
741
739
733
716
731
706
728
733
725
730
734
730
719
711
729
727
699
723
733
711
698
689
716
694
700
684
694
711
696
702
689
691
707
702
687
692
690
690
689
692
675
684
691
689
701
679
660
706
693
692
687
690
678
669
665
682
691
668
668
669
659
667
667
675
655
667
678
666
683
664
675
672
660
651
654
664
657
657
674
672
682
666
660
652
674
651
648
661
652
661
673
647
644
665
658
663
650
643
666
647
632
639
651
658
642
640
648
634
650
634
649
641
646
637
636
637
649
645
644
635
649
631
643
630
643
640
643
632
649
637
637
636
642
638
646
636
638
634
642
618
625
644
640
633
629
640
646
635
628
631
635
623
627
609
633
642
625
639
613
616
627
634
634
633
617
620
630
624
628
634
629
624
625
631
623
618
619
624
626
620
618
623
612
622
619
633
618
623
622
614
640
619
615
619
616
613
619
617
632
629
612
622
618
626
608
628
626
609
615
613
623
627
618
618
621
622
613
619
614
620
615
614
614
616
613
630
612
624
616
616
614
602
617
614
602
606
623
613
615
610
622
614
611
616
615
608
606
617
623
615
614
609
613
613
613
610
612
607
616
602
600
613
613
607
617
616
616
628
615
618
608
608
626
620
606
620
604
612
622
596
612
610
608
612
604
620
605
614
607
607
608
610
607
628
608
614
608
612
606
605
608
615
616
605
619
616
610
607
610
612
606
620
613
611
613
606
611
611
