604
603
604
616
604
603
606
611
615
605
604
614
603
616
608
606
613
614
610
613
602
619
607
607
603
613
608
605
625
619
613
608
619
618
618
609
600
606
611
616
605
619
608
597
607
606
613
605
611
617
616
603
611
602
600
614
612
614
617
598
612
611
606
609
617
605
607
604
615
597
608
604
603
612
608
610
609
619
613
611
610
605
611
611
607
614
604
605
617
615
612
614
605
607
608
619
606
597
608
606
608
602
613
609
605
603
611
605
605
610
606
600
605
609
613
606
612
605
617
611
612
610
616
601
615
608
603
600
610
606
609
612
603
618
614
616
603
603
611
616
608
609
611
602
610
610
596
603
611
608
618
624
615
616
607
600
618
610
605
615
600
605
599
616
611
606
608
604
610
618
615
608
611
617
604
608
603
608
609
604
607
609
615
596
619
620
613
615
603
604
606
609
617
614
599
617
610
606
601
612
604
608
607
618
611
607
609
611
604
603
609
602
611
616
600
619
609
608
606
606
613
608
621
605
613
623
608
615
607
607
619
622
620
616
607
605
607
604
612
611
610
607
613
614
627
614
609
620
616
616
612
611
617
612
604
627
616
611
609
617
619
616
607
619
622
605
607
613
615
610
618
616
621
619
617
613
619
622
610
615
616
625
610
626
627
622
618
606
622
624
607
623
625
607
624
616
619
615
617
620
624
616
638
616
623
620
627
625
626
624
620
620
611
626
614
629
618
627
633
628
638
632
645
627
639
627
624
618
650
641
631
623
636
633
633
628
631
642
637
644
638
628
645
640
653
640
644
647
640
650
652
643
641
628
655
642
651
646
662
665
641
681
671
669
671
665
694
657
674
681
650
682
669
693
693
710
684
718
688
687
717
689
693
718
714
696
727
715
715
706
736
747
710
776
762
750
770
768
760
780
800
767
765
792
802
790
805
819
805
884
840
892
848
838
874
867
905
883
866
935
927
927
956
982
956
938
987
1063
1002
1015
1064
1107
1082
1044
1133
1150
1145
1196
1207
1207
1235
1286
1271
1309
1354
1321
1320
1363
1394
1411
1524
1465
1525
1577
1561
1649
1667
1669
1622
1700
1734
1790
1783
1771
1786
1836
1906
1890
1942
1879
1983
1999
2015
2094
2117
2089
2136
2225
2218
2250
2221
2344
2326
2301
2411
2438
2390
2508
2460
2455
2512
2569
2598
2633
2658
2729
2726
2695
2729
2800
2881
2870
2846
3013
3021
2978
2984
3058
3047
3094
3073
3122
3045
3185
3220
3314
3240
3240
3222
3260
3344
3518
3411
3497
3498
3430
3613
3492
3536
3552
3607
3613
3688
3592
3684
3787
3800
3818
3900
3851
3856
3957
3853
3870
4007
4045
3902
4094
4028
4240
4151
4031
3995
4097
4154
4149
4194
4160
4175
4439
4468
4423
4454
4449
4299
4561
4557
4621
4537
4545
4579
4544
4685
4544
4652
4600
4555
4589
4793
4672
4728
4833
4788
4738
4853
4863
4932
4900
4890
4874
4991
4920
4866
4944
5027
5032
4954
4981
5013
4994
5173
5178
5140
5173
5185
5124
5113
5214
5159
5201
5275
5488
5264
5521
5492
5318
5590
5298
5306
5416
5325
5271
5616
5265
5423
5419
5444
5611
5629
5565
5770
5631
5755
5693
5691
5786
5775
5718
5736
5978
5751
5804
5938
5894
5910
5939
5975
5825
5839
5868
6014
5896
6155
6148
6072
6178
6119
6056
6175
6257
6165
6389
6308
6255
6281
6172
6218
6000
6144
6298
6209
6174
6316
6320
6325
6296
6182
6334
6291
6251
6342
6495
6400
6492
6435
6255
6439
6368
6439
6417
6260
6229
6281
6421
6424
6252
6426
6339
6179
6320
6465
6240
6214
6676
6436
6328
6405
6087
6315
6216
6093
6194
6078
6272
6283
6168
6108
6087
6224
5970
6288
5958
5980
6066
5953
6180
5989
6051
5945
5843
5957
5891
5873
6034
5781
5744
5928
5711
5767
5800
5711
5689
5714
5608
5747
5533
5530
5495
5418
5427
5495
5214
5225
5265
5388
5389
5271
5262
5167
5158
5079
5020
5138
4869
5128
5070
5003
5002
4834
4820
4728
4739
4755
4771
4793
4702
4554
4726
4493
4523
4470
4449
4433
4348
4401
4341
4292
4276
4252
4183
4049
4062
4079
4058
4014
4045
3874
3944
3722
3632
3730
3805
3730
3709
3767
3610
3593
3540
3450
3422
3402
3475
3230
3435
3339
3294
3248
3207
3200
3133
3179
3106
2974
2964
3021
2855
2886
2869
2908
2702
2727
2794
2797
2696
2659
2789
2684
2582
2647
2434
2476
2480
2464
2369
2403
2306
2274
2327
2316
2280
2234
2327
2244
2134
2180
2192
2063
2052
2092
2096
2068
2056
1999
1960
1989
1943
1880
1888
1885
1825
1846
1889
1765
1793
1745
1776
1755
1691
1576
1625
1623
1693
1592
1618
1569
1616
1553
1556
1494
1507
1483
1570
1482
1526
1489
1466
1411
1509
1374
1328
1382
1400
1370
1361
1321
1304
1281
1207
1288
1293
1268
1220
1271
1238
1233
1208
1203
1211
1204
1185
1162
1170
1150
1208
1155
1120
1086
1089
1102
1086
1102
1073
1109
1036
1072
1042
1062
1035
1072
1022
1036
993
1032
994
991
985
1017
1020
1059
988
971
1026
945
978
975
966
967
923
918
960
928
937
943
924
886
893
909
930
861
823
905
889
882
836
858
879
843
890
893
832
900
875
840
820
827
839
823
825
863
814
823
832
783
804
807
785
846
809
804
807
805
778
793
796
779
766
806
778
772
764
759
772
765
772
766
753
759
746
755
767
774
762
745
732
736
763
756
762
729
723
694
731
723
706
736
718
731
750
711
730
721
716
694
715
713
720
706
698
703
720
686
715
702
706
687
699
713
696
693
683
685
685
685
683
680
694
698
673
710
686
683
674
691
693
706
690
721
701
676
653
700
678
679
700
673
671
680
684
664
671
679
682
658
694
658
670
659
659
668
657
664
654
654
666
657
665
655
672
673
674
648
660
684
649
653
666
663
640
656
659
645
647
661
655
640
646
645
644
648
646
640
659
650
640
616
636
636
633
638
637
638
636
626
659
646
656
635
656
640
648
634
636
631
638
635
627
637
632
622
641
630
640
643
643
627
646
632
655
625
636
617
633
629
631
629
632
625
625
636
635
631
633
616
616
634
631
623
637
623
626
626
641
622
617
629
617
624
632
614
625
623
612
629
615
618
631
629
632
622
617
617
613
622
623
626
622
611
624
623
624
627
629
624
615
623
624
631
622
615
618
615
615
612
624
614
614
610
606
621
611
626
611
606
610
617
602
606
602
608
616
597
621
629
613
621
625
615
607
620
616
621
621
615
614
621
615
603
624
624
621
609
609
615
620
606
603
611
618
605
614
610
610
616
610
601
605
600
610
613
604
604
621
607
611
611
600
608
616
605
614
610
608
605
611
603
610
623
599
614
602
613
600
608
607
610
598
610
624
605
607
604
601
613
613
602
605
608
608
599
601
600
614
613
606
608
612
616
611
606
613
