597
599
601
602
609
602
604
601
605
602
603
604
601
601
597
603
606
595
600
601
598
605
599
611
609
606
600
602
599
604
606
601
606
597
602
610
601
602
599
605
596
607
604
604
601
612
597
599
599
602
600
602
608
602
604
605
607
606
601
597
604
603
608
601
597
602
601
601
603
600
601
595
603
601
610
595
603
602
595
604
604
609
598
597
601
615
595
593
608
598
607
606
610
597
611
598
601
606
604
602
603
599
604
605
601
605
599
601
598
601
600
599
611
596
607
596
603
610
598
595
603
600
610
595
602
599
604
598
602
603
605
608
596
605
600
597
604
602
607
600
602
593
603
598
602
602
601
598
604
597
605
598
602
610
602
602
606
595
595
602
601
596
602
601
601
606
602
593
596
596
593
599
603
604
593
600
602
610
604
598
608
599
599
600
603
601
594
600
612
601
610
596
606
598
594
602
604
600
605
608
602
598
605
602
604
592
599
603
606
601
601
597
606
604
601
598
599
602
601
611
596
602
603
603
593
602
592
597
604
597
605
598
595
605
596
596
601
608
599
599
603
601
616
597
603
599
603
604
599
589
596
600
601
599
593
598
594
593
601
605
601
600
602
603
603
604
599
596
607
594
599
603
599
605
608
604
598
596
601
598
608
599
598
602
604
604
598
604
600
596
593
595
604
603
596
594
605
598
600
598
598
603
604
593
602
607
597
601
607
604
595
598
594
592
602
602
599
611
597
603
600
598
602
600
601
601
603
599
601
603
602
606
599
601
599
589
603
601
604
597
609
606
599
607
619
611
598
604
599
600
610
610
604
603
599
609
604
592
606
602
614
608
609
604
600
603
599
601
603
604
611
599
601
604
612
606
602
608
601
604
601
614
604
597
613
598
604
604
599
600
595
612
602
605
608
605
609
603
611
604
613
607
595
605
612
613
603
608
614
611
615
617
611
618
610
619
630
615
612
602
613
610
607
616
613
620
619
618
612
613
627
629
613
620
618
619
632
624
628
619
639
627
630
618
622
634
624
620
646
644
636
627
651
643
631
644
644
652
640
646
650
643
662
650
643
646
644
654
666
655
660
642
670
661
684
648
684
670
669
670
676
693
687
689
686
670
679
665
681
675
671
683
675
707
699
685
693
719
702
685
707
706
700
672
711
700
737
723
726
705
700
702
731
726
726
716
711
713
714
732
728
722
707
726
727
723
706
735
728
719
705
724
722
736
755
746
730
734
727
740
720
735
750
752
745
709
737
771
749
719
744
759
752
745
749
732
767
771
787
733
765
724
731
757
761
751
756
799
777
765
740
736
719
742
777
773
763
771
777
800
774
734
758
759
792
729
765
784
773
809
800
789
773
782
808
777
772
768
808
785
793
795
781
761
802
797
833
771
789
813
806
815
798
787
798
800
784
795
817
795
797
827
791
789
782
832
817
828
793
792
805
820
798
820
832
822
828
860
807
845
814
864
811
829
839
793
821
809
860
843
799
832
860
861
802
836
842
835
825
825
842
858
832
884
793
855
848
846
803
870
822
853
848
881
835
830
827
839
854
824
809
824
839
892
821
858
846
825
829
825
833
820
841
823
829
831
859
872
851
837
828
834
828
837
820
833
857
789
822
833
839
812
827
821
809
852
849
876
839
810
807
814
821
804
819
797
823
809
817
821
817
808
784
778
786
798
815
827
826
828
811
813
808
815
794
777
783
823
786
777
759
769
803
791
775
749
795
775
771
761
789
784
746
768
789
759
763
771
751
784
752
737
775
766
761
731
732
759
725
758
745
770
747
738
748
712
709
721
732
717
725
722
729
707
711
710
734
688
731
681
701
724
685
705
698
715
714
710
680
703
684
667
715
680
695
695
684
690
668
642
689
693
673
689
679
676
683
667
657
669
662
689
648
662
649
676
663
675
683
659
636
669
655
671
642
656
631
654
640
661
652
658
640
642
658
652
642
649
644
632
644
633
653
631
648
635
636
623
646
649
641
635
650
654
648
657
631
639
641
641
633
628
637
630
632
617
634
638
624
621
629
638
621
618
638
629
623
625
630
620
626
633
627
615
615
621
618
624
627
626
614
615
615
620
616
622
615
621
621
617
626
619
619
622
614
614
617
624
617
616
607
611
615
626
623
609
611
614
613
606
617
606
618
621
615
621
619
613
613
614
623
612
605
605
621
618
612
612
610
609
612
624
611
620
616
622
616
613
601
600
608
605
605
610
604
608
605
608
609
607
617
616
610
610
607
599
602
607
620
610
599
602
613
598
603
605
614
601
614
611
608
608
605
611
601
605
603
611
605
607
604
611
606
606
607
606
600
605
610
612
603
597
611
607
603
605
602
610
606
609
606
603
604
615
613
604
614
596
608
602
599
600
603
607
597
604
610
602
601
603
604
602
604
593
603
597
603
615
602
601
602
612
597
604
605
605
609
606
604
599
606
601
601
599
602
596
603
603
601
597
605
599
606
609
605
607
601
608
602
599
602
597
600
598
602
607
599
598
599
594
599
606
598
607
603
604
610
608
611
610
602
608
596
596
596
599
602
601
601
603
604
603
597
593
600
599
598
601
604
595
599
606
605
614
604
601
609
605
607
607
601
604
609
603
603
595
597
603
607
606
607
609
607
603
602
603
600
602
601
607
605
605
603
593
606
599
605
594
599
589
595
599
597
604
601
599
606
598
594
601
603
605
601
602
604
607
603
608
597
608
611
601
596
597
598
605
604
600
602
600
594
600
605
598
594
600
600
601
608
604
599
590
602
605
596
591
605
608
606
605
596
601
603
605
596
597
599
592
598
601
603
604
598
601
601
612
601
602
600
599
597
598
612
601
600
601
602
601
596
598
592
599
596
600
592
600
601
605
594
605
590
599
601
602
599
602
598
603
595
601
596
609
590
605
605
607
603
596
603
608
599
603
595
606
599
605
597
604
605
595
612
604
596
596
593
602
608
597
608
605
602
601
595
592
594
605
595
603
593
602
602
601
602
603
595
599
606
597
598
603
598
606
596
600
603
606
605
599
600
601
604
595
607
595
597
600
610
597
603
597
