604
615
609
610
602
600
602
608
609
599
598
610
599
599
591
612
599
602
609
594
600
608
603
601
604
605
601
605
606
602
598
603
597
598
596
607
598
611
598
598
604
601
606
605
600
602
614
605
612
610
607
606
600
598
600
607
603
602
604
602
610
606
610
612
606
600
603
598
611
607
600
613
599
599
595
599
600
604
605
599
599
604
598
598
609
594
610
591
592
608
600
603
600
604
601
598
605
602
605
596
605
599
598
603
595
605
594
603
598
600
611
605
605
604
602
601
610
600
604
604
599
600
600
598
604
603
596
590
602
596
601
604
603
599
606
601
604
594
603
603
601
600
604
607
596
593
598
600
603
599
602
605
605
600
601
605
605
596
600
604
604
600
600
603
600
605
607
595
601
595
605
596
601
595
595
596
602
599
593
604
604
597
602
607
598
605
605
599
598
599
610
597
605
607
606
600
605
609
608
601
598
599
606
600
601
608
598
607
605
596
598
598
603
600
607
607
606
597
607
599
602
592
609
596
597
600
599
603
602
603
605
606
603
602
610
600
613
603
603
604
604
596
604
599
604
599
604
602
596
598
607
599
603
602
604
606
607
608
601
605
596
601
604
612
604
608
601
605
605
605
605
597
597
606
600
603
609
601
599
605
599
601
606
603
602
604
601
605
608
603
605
608
609
607
606
602
608
610
600
603
605
608
613
603
616
605
591
604
606
601
612
611
603
603
605
600
610
625
618
615
600
604
615
601
604
610
601
609
612
601
616
622
612
618
614
611
618
615
606
623
621
611
611
615
619
610
622
630
622
632
615
635
629
616
634
628
637
621
634
631
625
629
638
631
644
624
640
640
661
648
646
633
650
650
655
675
661
653
680
673
671
676
685
688
684
685
689
726
716
697
715
720
723
741
726
734
746
757
742
743
774
781
815
790
818
785
801
812
864
862
861
863
872
896
888
886
933
937
967
983
1013
1052
1024
1024
1112
1102
1115
1126
1154
1174
1166
1289
1277
1307
1339
1315
1423
1351
1496
1531
1601
1638
1587
1661
1709
1719
1762
1851
1829
1938
1893
1967
2013
2108
2176
2166
2268
2269
2337
2296
2454
2498
2402
2494
2546
2578
2660
2617
2694
2787
2772
2873
2796
2918
2932
2978
2964
3033
2979
3140
3024
3127
3071
3183
3128
3111
3140
3099
3286
3058
3288
3095
3087
3118
3075
3110
3117
3227
3086
3081
3045
2985
3049
2906
2940
2951
2986
2810
2813
2838
2686
2724
2711
2597
2629
2490
2554
2454
2445
2440
2424
2367
2371
2279
2257
2199
2129
2088
2067
2019
2025
1977
2015
1886
1932
1902
1819
1846
1769
1834
1812
1743
1658
1726
1643
1576
1593
1632
1541
1569
1552
1530
1505
1551
1537
1449
1453
1387
1437
1403
1362
1291
1336
1343
1302
1281
1312
1322
1284
1327
1308
1218
1230
1219
1214
1202
1198
1176
1186
1152
1165
1074
1126
1112
1123
1113
1075
1124
1076
1039
1070
1104
1072
1079
1025
1029
1023
1054
1054
1009
985
959
972
1006
961
989
1007
969
999
1023
946
940
942
923
929
916
967
910
907
892
890
916
848
878
855
865
875
839
885
844
866
869
870
820
827
811
848
860
835
831
816
849
812
832
845
805
825
829
813
798
760
789
803
809
790
804
797
789
774
782
777
771
789
806
750
764
767
762
754
749
759
732
726
743
780
773
750
746
728
718
741
741
740
731
719
734
723
716
702
726
720
726
719
727
722
710
707
727
707
715
700
714
692
712
685
684
675
683
697
688
695
691
694
690
680
701
689
698
686
672
693
684
668
681
669
676
665
657
677
689
672
679
665
663
665
649
673
681
659
681
659
684
672
661
665
667
667
656
673
666
670
658
675
649
656
642
638
647
666
664
657
646
658
646
664
663
645
645
648
637
647
651
641
645
642
633
651
654
633
635
653
636
634
642
626
645
644
646
635
645
643
643
632
634
631
633
638
630
645
648
627
631
644
632
630
634
620
625
622
635
646
620
621
632
624
636
621
624
638
629
635
631
623
636
619
631
628
623
641
631
638
633
622
637
626
621
622
621
622
617
617
622
632
622
623
631
624
628
622
625
613
620
621
617
613
619
625
628
614
611
622
622
621
608
615
630
607
624
610
610
614
613
623
609
624
620
604
608
623
613
632
619
612
621
608
624
607
627
615
614
610
621
620
617
609
621
613
606
609
618
616
622
611
618
611
603
623
615
611
614
611
606
608
601
606
618
604
609
611
598
618
601
618
614
616
607
620
607
611
608
603
597
613
612
610
609
606
605
605
609
614
613
604
604
598
611
611
612
605
609
610
610
604
608
610
611
608
609
611
610
609
609
622
610
615
603
606
621
609
615
617
613
606
603
613
612
611
597
608
606
613
609
612
612
618
614
606
613
606
606
605
604
599
607
614
606
597
615
603
611
600
603
606
610
609
611
603
609
606
606
599
603
596
609
606
598
610
611
614
596
602
599
604
600
594
593
608
603
607
595
604
613
602
603
606
595
603
601
607
601
599
611
610
595
604
610
610
601
612
606
615
605
605
609
597
599
605
611
602
601
596
603
607
599
603
603
603
614
603
600
609
606
604
611
599
597
613
597
597
601
592
614
604
600
608
606
603
612
601
596
601
607
592
595
600
610
595
596
610
606
606
602
604
604
605
607
595
611
608
601
601
604
597
603
605
607
603
598
605
607
595
613
599
606
595
603
604
607
604
602
601
602
606
603
599
600
614
604
604
607
599
598
595
602
594
614
593
610
596
599
608
597
606
599
599
599
608
599
604
589
604
602
601
600
606
605
605
601
601
601
604
597
598
601
592
605
597
598
605
598
600
606
601
598
603
604
601
602
602
595
604
595
598
600
602
602
599
605
603
608
600
602
599
601
604
606
606
608
600
602
605
600
597
604
598
605
599
598
603
597
589
603
596
600
607
599
604
602
600
597
601
601
596
601
594
597
604
607
600
606
601
598
584
601
598
601
600
601
596
604
594
609
606
611
607
610
604
609
605
612
605
595
602
595
607
604
601
594
597
602
600
596
598
592
599
604
602
602
602
594
604
598
590
606
593
594
603
598
597
600
589
601
596
597
600
606
599
596
601
599
599
596
599
602
601
600
599
602
609
605
600
601
594
601
598
602
605
602
601
595
604
602
600
599
611
604
599
606
609
603
605
602
600
600
594
603
593
598
603
599
