607
599
604
602
605
612
607
602
601
601
600
606
602
597
607
602
598
600
604
604
604
601
598
600
599
598
608
596
606
606
599
593
597
606
601
599
601
602
601
606
595
600
599
600
602
589
596
606
606
602
602
606
595
601
605
600
608
597
597
606
596
590
605
602
598
599
599
600
604
593
605
601
598
598
599
606
596
602
599
607
604
601
598
597
604
603
593
601
598
602
602
601
597
594
591
602
602
596
608
601
598
602
606
592
605
603
602
601
596
608
599
594
603
599
597
604
602
594
607
598
587
600
595
597
598
600
599
602
606
606
603
601
595
604
598
609
601
601
598
599
599
601
598
603
607
605
605
606
600
587
603
598
597
596
604
601
601
597
595
599
601
603
600
600
598
598
606
600
596
601
598
603
607
608
593
606
598
601
603
604
595
601
603
600
601
598
603
593
602
595
592
600
600
601
593
596
603
594
601
601
601
602
615
608
598
601
598
601
606
598
607
600
601
606
611
610
605
600
592
604
593
595
601
594
609
595
601
606
596
597
603
596
603
597
598
596
597
600
596
594
601
606
598
603
607
600
604
606
609
594
592
602
598
605
601
609
599
600
597
607
599
602
594
600
612
604
610
607
603
606
604
605
605
598
605
603
604
601
603
607
600
592
600
603
599
600
610
597
600
599
592
598
596
600
603
596
598
610
602
608
600
598
600
604
607
604
602
598
607
605
605
606
604
600
601
601
609
610
604
605
610
594
599
600
613
599
603
593
601
611
606
606
598
609
613
605
602
612
601
609
613
604
605
606
607
610
618
601
607
615
613
609
615
612
615
614
610
611
624
619
622
617
619
617
618
623
610
621
625
634
625
624
629
625
613
634
637
626
621
626
628
644
635
646
629
641
643
659
660
666
660
660
645
681
664
690
679
681
678
704
676
690
698
705
724
685
705
714
718
743
742
735
739
747
742
752
777
785
771
785
779
822
800
838
820
843
847
830
849
853
893
950
914
953
942
976
966
1024
996
1022
1031
1111
1101
1139
1147
1170
1176
1161
1178
1233
1173
1280
1226
1292
1347
1298
1359
1361
1360
1450
1422
1481
1454
1509
1499
1530
1526
1469
1523
1650
1575
1622
1665
1762
1728
1653
1753
1789
1715
1772
1756
1745
1764
1855
1730
1731
1737
1852
1786
1789
1775
1794
1827
1694
1762
1711
1758
1729
1746
1750
1790
1729
1812
1700
1695
1686
1678
1638
1595
1569
1655
1600
1557
1578
1555
1490
1592
1529
1448
1445
1461
1475
1425
1400
1335
1431
1402
1337
1320
1267
1272
1276
1328
1313
1251
1215
1214
1198
1161
1173
1184
1164
1179
1158
1121
1116
1127
1141
1061
1082
1051
1056
1048
1030
1013
1052
1025
1018
1048
1033
984
1002
1025
975
954
955
959
946
922
990
935
941
933
953
918
893
922
927
899
873
852
909
896
854
890
850
831
859
869
868
839
842
855
837
832
806
849
814
843
817
834
799
829
798
817
833
785
812
808
795
783
787
758
785
784
793
789
762
761
776
759
767
752
747
741
754
767
735
743
752
751
774
719
705
744
744
729
749
712
713
730
728
732
712
740
725
726
700
705
707
725
736
709
702
680
710
699
719
667
700
700
680
698
680
695
685
686
702
689
687
700
691
680
667
676
690
667
664
669
683
671
681
679
679
669
653
671
673
680
659
666
641
659
656
656
653
680
655
652
657
673
632
647
665
661
643
646
661
633
650
641
662
650
652
654
651
634
650
636
640
635
651
640
642
637
644
639
632
639
639
645
636
626
638
629
649
635
651
644
626
631
636
621
632
632
630
621
626
643
625
635
625
633
628
631
616
639
636
632
627
624
627
619
626
626
640
620
632
636
621
614
624
623
620
641
618
623
618
620
620
615
623
629
615
627
624
623
618
627
627
616
610
616
624
612
621
618
622
617
619
625
619
609
612
613
614
617
612
615
607
612
609
626
623
618
609
623
618
619
630
617
621
617
607
613
618
614
615
618
611
616
604
619
610
612
612
619
614
621
606
606
601
614
614
607
608
611
608
614
609
608
614
607
611
616
606
617
611
608
619
611
606
612
615
610
605
600
615
612
606
604
608
608
618
615
604
611
603
612
613
611
611
605
606
607
603
613
601
602
615
613
597
596
601
609
613
611
604
593
609
604
610
603
608
606
604
608
606
615
595
594
596
602
613
603
606
606
605
612
614
603
620
604
603
611
607
606
608
603
609
602
606
597
600
599
597
608
600
603
606
607
605
607
599
603
609
603
606
601
614
603
601
607
611
612
606
611
607
603
607
609
604
602
601
615
602
613
612
611
610
600
603
604
604
608
597
606
596
605
597
603
598
597
605
606
601
605
596
604
610
606
604
604
605
603
608
601
598
595
602
611
601
611
605
597
607
611
601
601
601
598
598
604
598
602
604
594
601
603
609
609
603
596
605
604
605
601
603
604
595
592
609
607
602
599
601
600
597
613
612
608
596
611
607
603
608
602
608
598
606
600
593
605
607
607
598
605
610
612
606
603
603
609
610
598
593
595
602
605
599
601
594
607
594
602
595
603
597
596
604
593
598
608
600
592
601
606
602
607
598
596
598
593
604
598
598
603
600
598
604
602
600
601
606
590
606
598
603
605
602
601
599
601
598
601
601
601
604
601
606
601
604
598
610
598
600
597
600
601
597
604
597
598
594
598
607
602
598
598
606
607
598
608
601
595
598
595
599
607
605
600
596
595
614
598
602
604
607
593
603
602
600
602
596
598
600
599
599
597
593
600
597
591
605
602
601
600
595
597
593
602
598
593
600
599
601
598
603
591
602
606
595
603
598
597
606
603
597
597
600
605
600
600
601
601
596
600
601
600
600
600
604
606
602
596
599
596
604
598
597
592
601
604
597
598
611
604
601
604
589
609
599
602
610
604
600
602
595
611
605
606
606
600
609
595
594
602
597
599
605
603
596
595
600
600
597
598
588
601
600
600
604
592
600
590
590
600
593
601
606
594
598
598
594
605
598
600
594
596
601
596
601
592
602
599
597
594
599
594
600
606
599
604
595
604
590
606
594
593
597
602
603
590
602
601
602
596
591
601
605
597
600
600
595
594
606
591
601
597
595
608
596
595
609
593
593
600
604
595
595
598
603
600
600
599
603
597
599
597
594
