597
596
608
603
605
604
593
601
599
596
603
593
604
597
602
604
608
605
603
606
2481
6184
1121
600
599
588
606
601
600
610
603
602
603
603
600
601
599
603
604
605
605
604
603
603
599
603
605
600
594
600
605
601
609
597
606
599
601
601
601
597
596
599
597
602
601
600
603
601
605
604
598
604
599
596
598
595
597
607
593
600
607
592
599
602
594
607
606
599
600
596
597
600
606
607
605
605
607
604
600
597
598
603
604
602
603
602
597
604
606
602
607
603
599
601
595
599
607
602
596
614
588
600
603
604
594
603
605
594
602
599
609
597
601
609
602
599
603
601
610
602
598
595
603
590
605
611
603
606
605
600
595
598
596
609
600
600
598
604
602
602
599
600
598
607
597
594
602
597
604
596
598
603
610
603
605
599
600
592
604
597
595
601
603
601
597
604
607
600
604
597
600
601
600
604
599
600
609
598
603
601
604
599
604
609
604
599
600
603
605
604
607
598
607
596
599
603
600
613
600
603
609
611
599
606
595
598
601
593
606
594
609
603
612
602
595
604
605
605
612
601
600
602
604
603
599
604
598
602
602
604
603
602
606
596
603
608
608
601
604
603
602
598
604
597
600
609
596
608
600
593
608
601
592
605
599
588
602
595
602
594
593
605
606
595
604
609
590
596
593
601
598
592
606
602
607
601
597
596
606
606
606
603
604
600
604
606
602
604
601
602
615
606
605
603
609
606
609
603
609
611
618
614
594
610
598
602
601
616
605
607
610
612
619
609
618
616
609
619
606
616
620
605
619
609
614
619
626
637
612
616
618
617
619
614
625
630
616
619
614
616
638
629
637
626
636
626
633
628
649
637
647
654
648
649
664
655
662
663
633
671
668
673
672
659
689
681
674
686
715
705
712
700
699
726
732
720
730
730
728
768
795
774
800
792
772
792
808
786
812
844
817
857
818
873
864
868
905
982
911
1020
949
982
970
1030
1021
1023
1065
1087
1107
1075
1144
1192
1272
1259
1270
1321
1324
1330
1432
1378
1440
1458
1487
1531
1542
1586
1568
1668
1709
1710
1832
1783
1830
1862
1906
1954
1990
2044
2084
2103
2158
2218
2205
2220
2308
2336
2312
2382
2446
2490
2465
2416
2538
2625
2571
2596
2647
2683
2724
2676
2694
2809
2713
2736
2736
2756
2815
2816
2748
2735
2762
2731
2729
2703
2652
2689
2762
2750
2872
2736
2670
2671
2626
2653
2544
2572
2516
2507
2555
2436
2470
2553
2414
2433
2409
2313
2325
2236
2255
2215
2152
2128
2153
2100
2017
2092
1993
2032
2041
1923
1920
1871
1824
1831
1825
1722
1746
1665
1626
1687
1613
1654
1645
1593
1519
1596
1551
1544
1554
1503
1423
1435
1418
1437
1414
1337
1388
1394
1366
1326
1315
1328
1290
1254
1262
1277
1276
1237
1252
1253
1200
1257
1266
1192
1182
1207
1140
1156
1160
1178
1129
1156
1095
1137
1090
1131
1060
1095
1079
1151
1086
1057
1082
1055
1049
1062
1022
1031
989
1063
1025
1025
984
997
964
973
998
963
947
984
967
983
953
947
950
965
963
939
922
919
928
912
918
861
889
894
878
892
873
860
860
873
819
869
853
859
859
855
807
852
785
815
849
800
851
826
826
751
817
802
794
804
810
764
790
788
762
791
817
760
779
761
773
733
760
767
747
780
764
750
768
754
787
720
732
747
748
749
716
759
751
728
762
714
729
740
709
711
715
737
726
706
716
706
690
734
706
704
706
706
711
704
701
697
701
679
720
699
697
699
700
687
688
675
684
692
676
685
674
708
673
693
690
671
668
682
672
667
658
654
674
686
684
668
662
674
683
661
646
674
689
665
659
653
668
651
668
650
672
663
657
644
644
639
662
650
657
650
639
647
648
653
664
663
649
663
648
650
642
648
663
641
647
652
647
624
645
648
632
627
645
637
657
649
637
650
627
635
653
636
639
611
621
640
626
627
644
636
646
630
638
631
605
647
646
629
627
631
632
640
632
619
649
640
629
626
621
629
630
622
607
613
618
612
618
636
640
628
623
633
621
611
634
640
615
632
627
618
621
622
614
619
611
629
627
618
636
621
644
614
636
616
613
617
622
615
617
615
616
623
620
611
625
628
617
612
614
613
621
620
620
613
615
628
613
612
622
629
613
618
615
607
611
611
618
622
602
601
623
615
618
618
617
615
617
616
613
625
618
617
607
612
619
615
610
594
627
604
604
606
601
615
608
601
606
615
622
612
611
612
615
604
610
602
607
611
606
608
608
610
609
592
605
615
605
607
621
604
600
611
605
607
611
608
604
606
609
603
606
607
605
601
602
608
613
617
606
607
613
604
611
614
607
593
609
605
611
612
595
607
600
607
620
602
609
611
612
598
611
592
605
609
592
613
605
605
601
605
611
600
614
611
604
600
601
609
606
604
604
611
606
622
608
605
612
607
603
607
601
600
607
614
603
596
604
607
594
607
607
603
602
605
615
600
600
602
609
608
607
607
600
610
608
601
608
602
611
603
603
612
598
594
599
607
603
611
597
603
604
613
605
602
601
608
602
598
603
599
610
597
607
611
601
595
623
592
603
599
607
604
603
605
606
618
598
612
599
608
597
605
604
612
593
607
606
598
613
605
605
600
601
599
613
599
603
605
600
599
607
603
596
600
610
596
602
600
611
607
597
600
607
606
600
614
605
612
597
604
602
602
608
603
603
591
601
607
604
602
600
611
606
601
602
599
612
593
601
605
605
598
606
600
604
600
605
605
599
597
600
602
598
601
597
593
608
601
600
597
599
602
598
596
612
596
608
598
598
604
595
598
604
591
598
600
592
605
595
600
612
589
608
601
604
592
597
598
596
598
600
601
607
605
593
597
594
594
604
597
601
601
602
597
596
596
606
606
593
598
599
599
603
602
606
605
598
611
604
605
600
599
602
599
606
604
599
607
603
611
598
599
596
605
604
596
611
598
601
602
594
593
605
601
597
598
606
605
603
600
597
603
600
598
601
598
604
592
603
606
603
593
593
599
595
599
604
602
598
601
600
602
600
595
602
595
601
593
603
592
604
593
601
594
602
594
606
603
597
604
593
600
601
598
599
597
600
600
599
604
603
611
594
606
603
605
603
598
597
607
593
602
600
595
604
603
606
601
603
605
598
593
593
603
596
611
601
601
604
596
606
595
608
597
598
601
603
603
595
600
604
602
