597
607
606
602
607
601
603
599
595
601
610
606
595
619
604
603
603
605
604
602
599
598
600
599
605
604
602
602
605
607
596
602
597
597
598
598
601
598
604
613
603
608
602
614
603
600
600
603
603
601
606
593
601
607
597
593
606
601
598
588
594
598
602
604
600
595
593
601
600
598
611
595
600
601
596
600
606
594
597
601
596
597
604
600
606
601
599
600
602
604
611
598
598
607
605
589
605
604
599
600
595
603
606
597
607
600
597
607
594
605
607
598
602
610
595
595
602
597
596
611
593
604
612
610
599
605
591
608
604
598
609
598
600
612
595
602
597
608
594
601
593
605
609
600
594
598
598
598
605
601
597
600
598
606
594
605
603
597
601
602
597
597
604
603
605
600
602
601
596
605
593
596
603
606
610
604
597
602
600
599
603
602
592
588
599
597
596
597
597
601
587
597
597
601
603
604
602
600
599
601
609
601
603
600
597
596
603
606
601
604
608
600
604
606
599
597
592
603
605
599
609
601
598
611
599
597
611
592
600
606
598
602
588
609
604
603
596
602
603
608
600
597
611
604
610
606
604
605
607
610
607
604
604
606
604
600
602
605
606
588
602
601
604
608
604
601
605
608
608
597
610
600
609
613
609
614
601
606
612
596
620
611
603
608
608
607
610
604
600
597
604
614
609
609
609
608
604
603
610
609
597
615
608
606
602
602
602
601
606
611
606
599
604
598
603
619
605
604
616
612
617
613
602
614
616
606
614
620
621
610
617
614
628
617
627
618
626
621
609
618
624
615
615
621
635
622
628
627
629
631
623
627
634
634
654
625
623
648
647
644
659
657
654
667
663
654
650
687
674
678
698
687
700
692
682
732
710
704
711
697
758
711
718
725
733
735
741
735
744
767
760
783
808
812
797
814
815
827
849
860
859
888
860
910
961
929
964
984
962
986
1009
1030
1033
1037
1136
1148
1109
1188
1174
1214
1250
1285
1301
1369
1345
1373
1495
1429
1432
1554
1545
1579
1698
1711
1731
1879
1823
1949
1963
2044
2034
2138
2225
2189
2266
2375
2348
2508
2537
2575
2711
2728
2737
2868
2862
2990
3197
3117
3244
3392
3524
3389
3554
3619
3677
3635
3788
4004
3820
3838
3952
4097
4144
4061
4251
4245
4214
4378
4332
4528
4464
4435
4670
4487
4512
4687
4676
4626
4608
4707
4752
4574
4598
4464
4677
4559
4490
4521
4491
4522
4475
4345
4424
4281
4449
4310
4239
4118
4034
3978
3981
4045
4004
3936
3830
3659
3523
3542
3619
3393
3542
3401
3309
3264
3146
3098
3162
2914
2988
2938
2826
2762
2698
2780
2656
2584
2597
2686
2472
2485
2452
2467
2364
2310
2318
2262
2200
2287
2165
2215
2166
2005
2053
1994
1981
2012
1970
1898
1869
1803
1830
1756
1789
1800
1834
1794
1836
1690
1765
1721
1670
1683
1704
1615
1562
1586
1643
1488
1566
1551
1536
1457
1414
1415
1459
1374
1381
1401
1460
1346
1346
1363
1408
1367
1268
1316
1350
1305
1271
1259
1206
1234
1242
1257
1240
1186
1173
1151
1270
1165
1210
1150
1100
1135
1149
1110
1140
1142
1138
1114
1073
1095
1125
1051
1067
1057
1055
1035
1032
1056
1050
1024
987
1010
976
1007
1017
1003
989
971
1018
984
984
975
957
974
939
956
943
931
960
911
918
903
922
909
890
908
911
857
881
876
885
869
897
882
869
863
869
851
834
859
844
831
812
826
822
847
812
795
823
819
816
820
819
793
793
785
773
809
833
822
808
789
792
785
782
774
754
793
782
769
774
760
754
758
780
754
795
765
748
748
751
721
736
729
736
721
697
708
722
738
726
746
741
733
718
722
727
728
723
698
726
711
703
723
704
697
720
689
715
721
700
683
709
718
684
692
692
695
702
692
697
698
708
685
693
684
678
686
681
672
673
680
687
664
669
682
666
672
666
690
668
669
667
673
665
664
657
687
662
661
677
659
667
662
680
666
650
644
655
656
655
654
646
671
663
668
652
657
635
670
653
663
655
660
652
650
664
648
662
643
637
650
642
642
641
648
648
642
629
637
643
648
645
648
636
625
643
631
648
655
637
648
626
615
639
631
629
635
640
647
653
626
643
624
615
629
632
630
637
623
636
631
630
639
633
637
636
637
637
614
630
631
624
630
630
629
621
627
632
641
634
629
618
618
619
632
618
624
619
615
630
630
622
617
612
624
638
639
629
621
632
624
620
623
620
620
628
620
617
615
626
610
626
632
622
611
622
630
624
617
619
631
620
617
619
622
614
629
618
623
615
619
618
624
619
610
619
607
630
612
621
617
615
612
612
611
621
621
615
616
619
617
622
615
619
623
605
620
617
613
607
613
610
614
607
605
610
617
612
601
611
604
602
606
611
606
619
619
615
611
609
609
613
609
605
602
605
611
605
603
612
616
603
609
609
610
619
596
606
609
597
606
606
615
617
618
609
600
604
605
603
602
609
601
615
607
593
601
606
601
597
606
602
606
599
611
597
600
607
607
605
613
602
604
614
599
617
620
620
612
611
602
605
603
604
603
599
603
610
603
605
592
607
612
607
598
602
610
612
608
610
605
612
607
607
604
606
607
608
606
608
604
606
605
607
604
608
610
616
605
596
599
611
595
609
601
607
605
596
616
602
600
610
609
607
612
615
615
605
600
599
605
597
601
601
597
600
607
606
607
605
599
607
605
604
603
604
605
597
600
601
600
594
601
614
600
596
603
604
610
597
608
603
594
601
599
601
597
604
593
607
598
600
608
601
606
607
600
602
597
600
589
601
602
605
606
602
604
602
598
607
604
600
607
600
600
609
591
599
614
612
595
601
608
605
604
606
606
611
604
605
607
596
607
601
600
607
600
606
609
595
601
610
602
602
598
593
603
598
594
598
602
594
599
601
595
599
602
590
600
598
603
599
606
602
600
598
600
606
593
596
600
599
604
606
602
602
592
605
605
599
600
595
592
597
603
594
601
594
601
610
599
605
596
596
596
603
603
598
600
599
598
606
605
604
601
602
602
603
604
600
594
602
612
598
607
601
609
597
602
592
601
592
598
613
597
594
601
600
598
598
601
595
597
602
608
601
605
608
602
598
595
598
601
589
608
594
598
598
596
592
601
596
596
602
596
597
602
605
600
598
591
609
601
601
596
593
598
602
596
603
604
602
603
598
598
606
591
598
605
593
603
600
595
605
597
596
606
598
607
602
597
602
603
600
601
593
598
