595
595
599
610
601
606
604
593
603
605
606
608
602
603
610
598
603
597
601
593
602
606
600
600
589
604
602
600
603
602
603
607
606
601
592
600
602
603
595
597
592
600
602
602
597
599
604
612
600
603
602
598
592
598
607
602
597
594
604
603
595
601
606
599
598
592
597
602
609
603
603
603
602
601
600
609
609
607
600
604
605
597
597
589
597
594
603
601
608
597
594
594
596
595
595
597
595
598
597
611
590
602
599
595
598
606
598
597
601
593
603
596
597
600
598
596
597
596
600
601
608
603
601
598
593
595
604
601
607
600
598
595
601
598
591
600
602
599
591
598
588
608
596
595
605
598
598
599
601
605
593
601
595
609
601
602
603
597
598
605
598
598
603
601
596
602
598
605
602
603
598
594
596
606
598
606
592
597
607
603
602
602
593
600
609
602
594
599
612
602
602
600
597
600
600
602
609
597
602
598
601
595
602
606
605
597
599
603
601
609
602
603
603
600
609
596
602
598
604
614
596
602
605
610
610
597
600
604
601
604
607
595
599
603
599
603
606
596
612
598
613
602
610
610
600
608
606
611
606
606
599
604
600
608
603
601
603
603
604
602
604
609
604
602
606
603
602
600
609
596
600
599
600
605
609
612
606
600
610
608
608
607
603
611
607
611
604
603
601
604
602
599
603
618
607
608
601
605
612
603
623
615
603
610
602
605
622
605
606
600
616
612
613
609
621
599
626
605
599
610
626
616
623
622
614
622
613
613
618
605
626
615
621
619
614
621
632
640
635
624
614
634
635
630
628
639
630
642
619
657
646
643
648
662
644
641
663
658
630
646
654
664
673
692
685
678
674
687
698
698
700
697
719
704
708
710
704
735
717
718
740
720
756
740
772
761
794
767
848
765
796
800
837
856
853
834
899
898
892
935
899
951
935
962
997
1029
995
1022
1054
1080
1074
1134
1119
1201
1186
1258
1181
1284
1352
1320
1397
1356
1439
1452
1555
1491
1511
1557
1681
1718
1790
1781
1931
1881
1951
2050
2051
2129
2265
2254
2269
2396
2531
2539
2667
2636
2836
2800
2913
2958
3043
3115
3317
3280
3408
3437
3536
3641
3808
3886
3934
3900
4131
4098
4135
4373
4398
4487
4484
4456
4633
4674
4734
4875
4744
5130
4836
4991
5091
5118
5452
5269
5397
5359
5222
5237
5397
5352
5295
5362
5380
5296
5514
5333
5305
5246
5261
5186
5113
5320
5270
5139
5156
4952
5005
4835
4879
4839
4848
4779
4524
4525
4435
4447
4405
4379
4238
4136
4046
4162
4021
3923
3884
3726
3769
3674
3550
3561
3451
3263
3291
3146
3119
3120
3078
3052
2959
3059
2864
2832
2653
2809
2750
2700
2585
2556
2591
2577
2458
2332
2385
2402
2336
2282
2332
2221
2200
2192
2074
2128
2137
2154
2016
2013
1998
2055
1889
1975
1942
1867
1881
1847
1851
1796
1893
1743
1714
1759
1787
1718
1669
1637
1654
1635
1639
1655
1604
1601
1589
1540
1561
1546
1514
1517
1576
1480
1512
1368
1484
1423
1428
1399
1414
1357
1349
1380
1320
1340
1326
1302
1295
1362
1278
1273
1269
1235
1171
1151
1192
1193
1172
1202
1189
1150
1207
1200
1113
1183
1159
1094
1171
1198
1138
1063
1146
1088
1102
1145
1084
1081
1081
1055
1052
1072
1023
1030
1002
998
1016
1007
1023
993
1046
992
988
1011
969
938
970
975
961
896
948
915
935
932
935
911
896
917
909
892
849
868
875
859
868
869
892
850
886
846
870
857
834
907
893
832
847
824
839
813
835
819
834
815
847
808
820
798
821
812
826
790
780
808
797
770
784
796
767
758
786
754
776
779
779
758
776
786
780
759
776
748
746
755
763
736
743
723
748
728
739
714
752
731
734
748
724
733
728
725
744
726
716
727
697
711
720
714
714
706
724
723
704
706
709
705
702
703
688
659
712
693
698
688
698
690
699
695
676
680
691
686
682
676
688
675
704
676
662
674
683
701
676
653
681
677
667
675
667
654
651
672
664
673
703
666
651
658
670
664
640
659
662
662
671
658
650
667
661
651
652
656
649
648
671
649
650
658
655
645
665
649
647
653
661
652
652
654
643
643
638
657
653
648
652
646
642
635
663
644
650
649
650
643
640
635
648
620
654
641
645
644
645
647
632
623
643
643
639
639
627
647
640
632
649
621
634
632
640
639
628
631
636
627
605
633
645
629
636
616
626
621
624
629
642
630
649
640
629
628
630
619
622
619
618
640
623
626
617
612
609
622
623
624
636
616
618
627
624
626
601
629
609
622
623
613
622
615
625
619
622
621
623
611
618
628
616
625
617
619
620
619
621
615
624
618
626
618
605
602
621
632
606
634
604
614
621
606
619
626
616
615
610
629
627
615
605
626
611
611
622
613
611
614
616
611
610
612
618
622
613
625
615
614
612
608
615
607
605
626
602
610
617
620
610
607
624
602
602
600
611
623
607
607
607
605
618
613
610
606
610
608
621
601
607
611
612
607
618
612
604
606
616
597
612
613
604
610
601
615
604
607
612
613
616
608
618
609
605
607
593
608
604
610
602
610
613
613
601
610
607
606
610
604
613
599
598
611
597
601
605
600
613
605
614
599
601
606
604
608
607
618
604
603
610
604
611
605
610
614
601
600
604
605
602
611
606
611
610
605
603
605
610
610
609
593
611
612
612
604
604
608
602
593
609
612
600
601
599
606
602
607
601
607
601
605
609
604
592
600
603
609
607
600
603
602
599
601
608
602
598
601
610
605
601
601
596
586
610
596
612
601
601
602
613
589
602
606
599
599
595
595
603
607
604
594
600
605
610
601
600
604
598
603
602
604
613
604
607
598
599
598
601
604
606
604
600
612
594
594
595
594
607
601
598
605
603
599
602
595
602
600
601
602
606
601
603
595
593
601
605
598
605
597
607
600
602
604
608
602
601
600
602
596
607
607
605
609
596
596
607
607
597
601
603
607
605
597
597
600
601
602
602
603
596
602
601
609
596
598
601
596
604
589
605
589
598
599
607
601
606
605
600
598
599
596
596
598
597
596
606
597
600
597
602
601
595
597
599
601
602
588
607
605
603
597
590
599
600
604
601
607
611
601
601
598
603
596
604
599
600
601
603
605
601
606
607
600
602
596
606
594
596
605
592
596
593
597
601
600
594
606
592
603
599
598
592
601
594
597
608
603
598
609
601
593
596
596
599
606
596
600
594
595
599
599
600
594
600
606
600
595
602
600
588
600
590
601
