609
608
606
609
615
599
597
611
605
598
607
604
595
600
601
605
605
604
605
600
605
601
602
597
598
602
609
607
607
602
601
597
600
605
591
603
603
608
603
600
598
601
601
599
604
598
604
608
593
604
602
600
604
600
604
600
604
600
603
601
602
607
600
599
603
599
601
602
598
598
604
596
606
600
604
602
613
601
602
602
604
603
605
602
609
594
601
595
590
605
601
602
606
600
590
601
605
600
604
594
600
605
595
599
604
603
593
600
599
599
610
600
599
592
607
596
599
595
597
607
605
601
600
605
605
602
598
602
602
603
599
600
602
609
600
603
605
594
603
596
595
597
597
607
609
597
613
609
596
600
601
599
608
599
603
600
602
601
602
594
612
603
596
600
596
600
605
605
597
607
604
594
588
603
600
597
605
603
597
603
603
602
602
597
599
600
605
603
607
601
595
609
607
602
593
603
606
601
590
598
591
596
601
598
604
604
604
602
597
593
607
609
608
596
608
609
607
599
601
605
606
603
604
607
595
596
598
608
596
597
609
607
592
608
602
599
599
601
598
593
607
590
603
611
608
614
606
613
604
604
599
606
612
609
607
614
610
605
606
607
605
607
598
605
601
604
610
612
602
604
611
605
611
597
596
604
604
605
613
611
603
616
606
610
605
606
595
607
608
616
604
596
605
607
606
617
598
611
612
612
592
613
602
610
608
616
611
613
610
622
614
609
610
608
617
602
605
613
611
625
609
606
622
613
616
608
620
613
620
620
607
616
620
613
619
623
628
617
624
619
632
630
637
627
629
631
635
645
629
637
638
653
644
642
644
642
659
643
662
673
670
658
655
671
673
672
703
663
686
686
684
690
689
695
689
698
701
709
722
727
709
728
735
705
756
736
740
767
769
770
809
793
786
796
792
810
830
858
845
874
884
861
884
950
880
911
932
989
971
1001
1021
1055
1100
1056
1112
1146
1133
1216
1165
1207
1294
1255
1253
1426
1363
1410
1438
1433
1524
1523
1564
1696
1695
1745
1874
1820
1826
1929
1920
2073
2053
2198
2230
2205
2362
2353
2441
2389
2644
2606
2782
2737
2813
2896
2935
2970
3176
3098
3259
3284
3269
3397
3418
3558
3559
3703
3713
3662
3751
3830
3872
3872
4112
4043
4047
4108
4151
4261
4240
4295
4317
4458
4450
4332
4475
4359
4483
4468
4449
4469
4430
4486
4250
4402
4406
4406
4401
4342
4365
4390
4258
4293
4137
4286
4283
4187
4170
4106
4003
3916
3877
3857
3747
3733
3776
3714
3575
3640
3561
3495
3473
3399
3260
3292
3175
3191
3046
3039
3074
2969
2819
2896
2774
2728
2763
2671
2697
2601
2586
2557
2445
2435
2348
2421
2274
2464
2303
2236
2199
2192
2129
2135
2012
2122
2039
2046
1964
1893
1931
1930
1907
1894
1899
1852
1899
1883
1843
1780
1811
1759
1732
1766
1713
1643
1676
1610
1609
1605
1634
1607
1652
1566
1575
1545
1495
1503
1481
1465
1510
1461
1495
1437
1462
1456
1386
1328
1398
1331
1314
1336
1289
1335
1338
1292
1293
1252
1297
1223
1247
1309
1224
1210
1206
1183
1177
1166
1185
1222
1165
1115
1141
1166
1119
1125
1064
1170
1079
1087
1097
1044
1054
1094
1033
1053
1071
1078
1046
1113
1065
1017
990
1027
1019
1036
1008
1015
960
992
966
974
977
931
965
987
928
912
951
942
928
893
895
912
869
907
898
855
907
914
873
873
873
875
864
849
861
856
860
853
817
847
846
839
827
832
824
811
829
786
803
796
817
812
797
842
824
787
802
783
771
799
788
797
788
774
773
749
775
802
756
787
797
748
753
760
738
740
769
745
737
729
739
739
756
710
731
745
725
724
738
706
705
728
728
712
711
695
711
697
721
693
707
713
703
689
702
718
708
706
728
698
707
709
686
672
695
686
693
693
685
705
699
671
689
672
698
703
692
685
706
687
677
674
683
667
700
679
661
679
678
673
676
685
678
680
678
673
675
658
653
676
679
651
667
656
663
661
657
667
663
646
665
668
676
666
669
664
648
648
656
650
654
655
674
655
649
654
641
649
649
655
655
643
649
642
659
651
639
649
630
633
649
636
637
645
640
632
637
635
647
631
645
635
632
640
640
636
638
638
626
647
632
633
644
631
639
641
637
630
631
630
644
630
628
641
632
650
648
625
652
648
637
619
616
626
628
622
627
624
647
624
624
628
621
646
629
617
618
632
630
622
621
627
624
621
606
617
626
620
619
627
639
624
625
624
621
624
622
614
615
620
626
618
625
613
614
614
620
617
612
619
617
627
629
608
630
630
612
632
610
624
625
613
620
610
616
612
615
605
611
627
615
612
619
628
633
613
624
614
604
610
620
628
616
620
600
625
598
619
620
618
611
614
623
618
616
607
625
616
605
629
612
613
617
603
619
612
604
620
610
607
612
611
611
613
614
618
620
608
617
618
607
612
608
615
608
611
614
608
606
607
605
602
613
610
610
600
606
609
606
598
619
610
611
618
602
613
612
609
607
599
608
605
616
613
606
617
592
611
609
608
616
619
609
618
603
597
601
610
605
614
602
610
607
616
609
608
612
599
617
614
616
603
604
614
611
605
607
610
609
614
602
616
607
600
599
602
602
610
603
609
610
606
609
604
597
610
609
605
607
608
610
605
610
619
609
598
604
599
599
607
603
608
610
607
602
605
603
604
604
612
605
607
603
596
596
611
599
596
604
601
603
605
602
596
607
603
597
597
603
609
602
607
609
605
607
605
608
596
611
605
606
602
593
607
610
596
609
613
601
602
604
600
596
602
598
610
593
595
603
605
602
606
596
599
597
605
603
601
608
605
597
602
609
607
605
602
601
603
595
596
603
596
601
612
608
603
598
600
601
605
602
603
611
606
603
603
607
598
601
608
601
600
597
599
599
604
603
604
603
605
602
607
604
597
603
604
616
611
601
603
594
605
596
603
603
598
601
597
602
599
605
600
600
605
603
603
601
598
604
609
603
596
599
607
594
600
600
602
604
602
602
597
620
609
603
599
606
605
600
603
601
612
596
605
609
597
605
604
600
603
600
598
601
597
593
595
600
607
602
602
601
598
597
603
592
592
601
593
599
601
603
600
604
599
602
605
607
608
595
597
593
606
599
601
597
601
602
596
595
597
597
603
602
602
601
600
600
607
602
604
601
606
596
609
609
599
601
605
603
596
592
595
597
608
594
598
596
597
597
596
598
596
597
603
602
598
603
601
602
600
