602
612
608
614
606
615
604
605
598
605
600
614
601
606
616
601
605
597
601
600
614
595
604
605
600
601
610
604
605
608
603
608
609
601
608
607
609
604
595
604
600
605
606
606
607
602
606
602
602
597
608
604
600
596
604
601
598
601
591
601
601
599
605
592
614
607
606
599
611
595
609
605
602
600
611
599
607
599
604
605
606
605
608
607
609
603
611
611
602
605
606
598
611
600
603
605
603
599
610
587
606
602
591
612
605
607
607
610
602
602
610
598
602
600
602
602
604
600
597
606
603
605
600
604
599
601
602
602
597
610
609
607
603
602
597
605
604
608
601
603
606
607
607
606
607
604
613
602
595
613
593
595
597
600
603
596
602
603
601
598
603
597
606
600
600
599
612
606
602
600
604
605
598
605
603
611
609
598
607
602
616
599
605
605
603
616
610
603
600
597
603
607
604
603
604
600
602
604
601
600
604
601
602
603
600
595
598
609
596
602
604
597
609
605
611
596
605
613
600
602
614
597
608
605
600
607
602
609
608
608
606
603
599
619
596
603
607
604
599
614
602
606
612
610
616
609
608
617
612
605
609
604
607
595
614
621
605
609
617
601
613
611
614
605
611
607
607
604
617
602
613
612
612
614
609
610
597
608
612
609
612
609
614
615
613
614
607
611
604
614
617
607
616
605
609
613
614
613
617
615
612
624
605
618
613
619
612
601
604
615
606
616
612
620
617
622
623
625
609
607
607
620
616
628
621
616
630
619
622
639
628
628
629
624
621
641
651
626
637
630
632
638
652
642
654
660
658
634
663
645
666
641
655
656
691
668
673
683
671
686
690
674
686
701
688
689
712
729
720
748
725
726
732
745
732
752
751
792
774
796
793
806
818
821
846
835
866
842
832
838
853
883
883
902
917
943
957
993
990
986
1036
1068
1069
1135
1081
1140
1172
1230
1201
1202
1326
1315
1303
1325
1361
1410
1486
1486
1457
1584
1602
1660
1665
1720
1836
1853
1860
1961
2077
2013
2077
2220
2212
2224
2432
2372
2571
2626
2782
2843
2897
2898
3058
3153
3210
3289
3426
3438
3480
3739
3832
3814
4191
4103
4338
4393
4397
4548
4708
4666
4911
5095
5064
5209
5067
5345
5543
5627
5511
5619
5868
5931
5966
6134
6261
6198
6274
6339
6443
6543
6499
6469
6720
6666
6751
6811
6714
6686
6643
6819
6747
6675
6860
6735
6450
6734
6640
6612
6651
6606
6559
6527
6252
6485
6376
6376
6168
6151
6121
5884
6041
5833
5780
5522
5561
5570
5235
5315
5132
5174
5061
4959
4786
4716
4816
4493
4516
4411
4311
4283
4301
4171
3980
4124
3846
3762
3761
3712
3823
3524
3546
3439
3417
3384
3309
3255
3153
3184
3132
2993
3047
3067
2940
2980
2796
2708
2878
2654
2699
2647
2728
2466
2538
2536
2484
2502
2512
2468
2455
2411
2379
2230
2325
2275
2152
2207
2199
2161
2173
2060
2053
2020
2116
1937
1991
1918
1960
1922
1972
1922
1978
1911
1851
1897
1883
1757
1838
1708
1695
1702
1746
1633
1694
1672
1742
1598
1626
1620
1575
1568
1529
1547
1507
1531
1532
1559
1512
1421
1468
1393
1434
1428
1430
1383
1422
1405
1322
1357
1323
1330
1324
1303
1314
1256
1317
1288
1229
1238
1360
1234
1267
1190
1219
1199
1199
1202
1170
1198
1133
1127
1129
1149
1159
1173
1153
1119
1086
1076
1126
1127
1067
1068
1075
1081
1054
1027
1030
1014
1023
1004
1019
1013
983
1013
1013
1004
976
982
991
968
956
992
943
974
958
981
901
930
946
900
935
942
899
875
925
874
915
871
921
906
874
860
857
870
826
861
860
867
844
832
829
836
837
837
818
855
865
781
848
837
826
828
792
785
837
808
821
825
808
819
787
799
788
772
811
805
784
768
785
780
763
764
781
741
738
764
777
744
745
759
746
752
729
743
729
752
736
738
758
741
741
708
734
715
723
739
729
732
730
716
731
761
710
720
712
722
706
711
736
704
707
702
720
704
720
695
718
698
707
703
703
711
692
701
698
698
666
688
690
675
685
697
669
729
702
682
688
685
664
692
691
686
677
694
677
660
680
700
687
666
695
664
666
657
677
669
667
677
669
685
678
678
668
656
666
673
678
644
675
644
656
658
693
658
659
665
642
641
666
644
645
665
649
659
651
659
651
636
644
661
661
628
650
646
643
632
654
658
645
657
644
664
629
651
651
652
650
665
633
651
646
645
643
636
623
636
648
631
635
647
656
634
637
633
629
635
628
629
632
634
633
646
651
652
634
634
640
627
644
629
641
630
626
633
639
636
625
648
622
638
623
635
623
622
642
620
633
626
624
629
632
626
634
636
643
625
649
631
629
626
626
635
628
610
623
638
626
615
628
621
631
632
623
615
637
632
625
625
630
613
613
620
611
618
622
618
624
617
626
621
621
615
603
617
609
617
610
623
615
624
616
618
619
620
619
613
613
610
607
619
606
625
615
612
615
607
620
609
620
612
618
617
622
612
628
611
605
613
619
611
607
615
614
606
621
611
611
607
612
616
617
610
622
608
611
610
620
616
607
630
614
608
615
608
609
607
607
617
611
621
614
599
621
602
601
599
613
601
600
601
621
607
614
605
594
605
612
605
612
617
616
607
602
613
616
613
612
620
610
604
609
607
612
618
610
600
609
610
607
606
608
616
608
606
617
619
601
609
607
604
608
612
602
609
603
608
607
612
600
608
605
613
614
611
608
608
606
607
604
617
609
609
612
604
609
614
600
605
609
601
607
613
609
609
610
600
603
601
607
605
607
607
603
600
607
608
606
607
610
595
605
617
599
597
606
606
613
604
605
595
609
600
606
605
604
613
615
608
601
599
610
604
611
604
603
594
607
600
605
608
609
601
597
610
595
607
604
606
607
602
606
603
611
603
612
602
602
611
614
600
614
611
606
603
617
604
595
607
604
606
601
601
596
600
605
605
601
603
605
612
600
604
611
599
604
604
602
607
597
606
605
603
598
610
597
606
608
603
600
596
614
599
604
613
608
595
614
609
602
605
601
590
609
604
604
603
606
597
602
605
599
602
603
612
602
602
597
598
591
602
597
606
602
597
606
599
608
607
603
598
603
605
601
594
604
596
598
598
604
607
601
604
594
604
605
609
610
607
603
604
600
596
600
604
604
599
599
605
597
602
611
606
598
606
604
604
598
601
598
608
605
602
606
605
597
606
600
600
606
606
603
600
605
598
604
596
606
601
603
613
598
599
602
603
604
603
601
597
605
605
