595
596
597
602
605
602
603
600
600
604
604
605
608
607
599
593
601
596
602
602
604
608
608
600
605
595
596
615
595
603
610
604
602
602
603
605
607
605
611
596
600
609
601
598
599
602
602
594
605
595
604
606
609
604
598
600
605
598
589
601
599
602
596
605
606
601
603
598
604
609
601
601
596
603
596
601
604
603
595
601
599
605
595
601
594
602
599
612
605
614
597
599
604
598
609
596
600
591
600
597
605
608
606
608
597
605
597
602
600
599
602
608
599
610
601
604
597
602
612
598
605
604
606
599
602
594
597
603
600
606
602
597
602
601
602
606
597
602
602
607
599
610
604
596
603
591
600
603
605
608
600
605
604
600
603
597
604
605
601
602
594
600
594
606
602
598
610
595
603
597
596
593
601
596
597
603
591
601
607
601
601
599
605
605
600
600
600
589
600
601
603
601
601
599
604
606
605
597
605
596
602
599
599
600
601
599
600
603
598
608
601
599
613
599
599
607
596
599
602
600
602
601
605
606
611
602
600
603
612
603
598
596
599
602
607
598
603
601
608
598
608
603
604
603
614
600
601
607
604
611
597
602
604
603
612
601
593
610
603
602
607
608
605
602
606
604
604
600
607
602
602
598
602
620
613
606
606
613
604
601
605
598
611
607
612
606
614
602
597
598
599
604
602
604
602
608
605
611
614
615
612
611
605
620
605
605
610
610
609
613
613
610
607
622
613
614
605
602
616
618
613
609
618
620
618
611
620
614
616
623
606
627
617
611
622
631
622
622
615
618
640
632
635
640
631
636
649
640
621
639
638
649
647
638
636
664
663
664
672
659
666
667
652
671
694
662
679
666
708
704
689
705
712
692
707
730
740
721
729
720
745
765
753
789
764
784
783
827
836
830
827
833
846
869
870
882
908
890
969
933
975
958
995
989
1015
1060
1040
1077
1122
1105
1102
1158
1202
1212
1278
1285
1310
1366
1416
1354
1484
1428
1571
1528
1641
1730
1718
1688
1788
1870
1899
1952
2015
2126
2100
2220
2283
2376
2517
2451
2578
2606
2672
2802
2907
3029
2966
3148
3216
3139
3335
3353
3387
3529
3681
3666
3856
3730
3961
3987
3963
4036
4154
4165
4082
4076
4199
4137
4139
4160
4044
4168
4137
4029
4040
4055
4027
4097
3886
3797
3877
3858
3734
3760
3583
3583
3569
3538
3472
3246
3317
3201
3274
3113
3031
3015
2967
2916
2845
2806
2741
2670
2771
2671
2628
2568
2575
2565
2493
2350
2445
2340
2256
2239
2228
2149
2241
2140
2094
2166
2100
1980
2086
2023
2003
1905
1932
1934
1860
1877
1846
1746
1769
1756
1762
1725
1704
1658
1683
1618
1682
1698
1611
1574
1617
1642
1575
1565
1574
1607
1596
1487
1492
1415
1480
1426
1486
1413
1424
1417
1450
1340
1398
1377
1324
1413
1332
1348
1394
1308
1321
1259
1257
1240
1198
1261
1211
1242
1243
1254
1186
1196
1209
1191
1168
1177
1151
1202
1139
1127
1159
1158
1133
1129
1090
1118
1150
1118
1014
1068
1085
1086
1088
1037
1002
1032
1026
1031
1059
1026
1022
989
1027
988
962
969
998
983
1023
987
924
967
934
925
938
917
930
884
928
859
926
912
865
870
952
872
933
904
893
874
892
871
860
881
862
870
846
834
832
846
841
832
829
830
802
827
810
801
845
822
820
854
801
815
813
805
829
817
791
806
790
758
792
797
755
781
767
769
775
765
752
772
753
771
783
752
738
729
781
766
753
773
751
733
720
774
758
744
741
710
719
729
740
714
712
732
732
738
733
728
720
710
711
713
721
712
708
724
703
725
702
707
713
700
711
696
685
692
689
695
707
701
678
704
699
688
716
699
683
689
666
690
674
676
671
683
693
674
692
676
683
682
673
666
674
674
670
666
679
668
665
674
676
669
657
636
672
674
671
664
663
682
668
644
665
660
654
647
668
678
660
656
627
660
655
648
651
631
657
645
634
672
659
652
659
652
649
657
645
654
634
648
651
642
658
654
647
634
645
645
647
634
631
653
643
646
629
641
641
651
632
633
628
634
638
651
639
636
622
629
646
634
631
636
637
641
632
648
618
642
641
631
629
642
630
635
649
639
631
627
630
634
624
635
620
640
623
624
622
632
621
629
640
631
619
632
618
616
621
615
632
625
608
636
634
628
628
608
626
624
619
613
626
624
604
623
632
615
617
618
624
635
618
620
620
633
627
624
618
625
616
625
623
612
615
607
615
620
612
609
629
618
615
619
622
616
624
615
627
616
614
619
620
615
623
609
605
609
617
613
611
614
609
615
632
610
618
614
613
613
616
610
614
618
612
617
616
614
612
616
610
606
613
614
612
611
611
610
615
616
620
606
611
605
614
607
622
610
612
622
611
617
610
613
607
610
606
607
601
614
607
610
611
612
616
613
610
615
613
611
605
608
608
605
611
599
610
611
603
633
609
622
612
606
611
611
619
613
610
598
609
602
606
609
607
623
597
612
613
609
609
603
607
608
605
611
602
612
607
605
606
620
611
612
606
598
612
608
612
614
623
602
613
609
606
604
610
607
608
611
601
603
607
603
618
600
617
600
605
606
601
595
614
603
607
607
599
603
613
608
612
602
602
603
619
607
612
606
600
610
604
616
619
606
611
603
608
594
604
602
605
613
597
611
601
607
596
600
611
606
611
602
605
604
602
607
606
605
604
603
600
619
597
601
602
613
605
604
599
613
592
606
606
610
602
602
600
600
603
606
612
608
599
607
607
599
597
596
602
607
604
597
611
598
600
613
602
600
602
599
599
606
609
601
604
594
609
599
596
604
616
603
609
598
606
609
608
605
603
608
614
602
611
603
603
596
605
598
602
607
603
601
608
595
610
601
601
600
603
599
608
597
596
598
603
595
604
604
607
601
592
597
601
603
602
612
599
597
596
602
605
607
601
598
602
607
604
612
602
608
601
597
607
601
597
601
600
604
599
601
603
604
595
602
600
597
604
600
601
603
601
606
600
605
602
599
598
597
603
598
608
601
593
603
594
604
606
595
602
597
603
599
597
594
598
607
600
605
597
597
596
602
601
602
602
600
603
611
599
607
603
607
603
603
596
601
596
598
608
596
601
596
592
600
597
600
606
600
597
601
602
600
609
587
600
600
597
600
600
602
600
605
604
600
598
597
596
608
589
604
600
607
599
594
605
604
599
607
607
606
606
608
607
603
597
599
598
598
598
593
