602
615
611
611
608
601
611
611
597
602
594
606
604
604
597
603
595
604
602
605
599
607
598
604
596
601
594
600
604
599
601
607
602
598
606
601
601
599
606
600
603
612
603
608
604
601
602
604
608
608
607
602
595
607
600
605
603
610
607
602
596
599
605
598
596
602
607
603
605
607
603
604
599
603
596
605
603
601
601
590
604
600
607
607
606
604
607
607
603
608
608
597
600
605
601
598
602
598
600
599
599
599
606
599
603
601
604
604
604
603
603
605
606
595
610
607
603
603
616
607
600
607
603
604
606
602
602
610
612
602
601
608
599
600
606
602
600
607
601
598
609
602
614
598
598
605
597
605
601
604
608
605
603
606
608
605
607
603
602
593
601
608
606
600
599
602
604
610
592
602
600
594
612
602
602
605
599
607
607
594
599
600
590
606
603
599
603
596
601
599
603
601
601
600
593
598
595
599
598
601
598
603
600
605
601
601
604
607
601
599
599
601
604
599
606
602
603
603
606
606
608
606
606
602
608
608
608
605
597
605
600
602
599
603
599
599
605
605
607
602
616
597
600
595
596
603
598
601
605
593
604
604
596
603
610
595
603
610
603
599
593
602
598
600
602
602
599
599
600
599
607
599
601
608
597
606
607
596
605
600
596
601
599
599
602
597
594
606
606
607
606
601
605
606
603
603
605
603
605
607
601
610
608
602
603
599
601
595
611
602
607
599
602
605
605
615
602
611
607
604
603
613
609
602
612
603
604
600
601
612
607
605
607
611
609
606
607
616
617
597
606
607
607
610
624
609
610
605
615
622
615
613
620
624
618
606
614
620
618
612
621
635
633
619
630
636
640
620
632
625
632
635
634
632
641
621
646
635
633
636
648
640
634
655
639
639
657
666
638
675
679
669
668
704
682
690
679
697
691
689
699
703
733
727
726
715
744
725
778
770
740
749
797
773
817
789
808
838
811
793
837
843
856
924
913
934
955
918
907
941
939
976
999
1028
1102
1069
1063
1131
1144
1135
1151
1169
1168
1185
1241
1241
1286
1276
1359
1379
1382
1393
1403
1422
1442
1445
1561
1544
1516
1577
1607
1512
1607
1518
1540
1626
1564
1574
1557
1601
1584
1640
1596
1581
1609
1586
1591
1522
1563
1527
1568
1439
1534
1444
1442
1418
1502
1472
1387
1286
1296
1381
1301
1324
1334
1366
1310
1227
1285
1281
1234
1278
1223
1173
1154
1157
1155
1165
1155
1131
1109
1099
1098
1144
1108
1093
1124
1058
1039
1046
1048
1033
1030
1062
1009
1058
1034
1058
963
962
1006
989
995
978
950
981
931
957
943
961
968
960
966
876
935
953
904
940
928
913
914
923
925
916
893
923
905
877
877
887
843
892
878
863
885
856
872
814
837
856
827
824
865
823
859
825
853
827
817
844
823
794
849
811
784
808
779
803
785
829
789
782
789
793
792
768
764
780
781
786
772
764
750
755
764
753
751
792
743
725
758
748
722
719
751
746
719
736
744
741
731
718
693
701
726
717
711
698
718
702
708
717
700
734
706
741
699
695
694
708
694
698
686
708
673
683
694
684
688
695
672
685
685
682
682
690
697
660
657
681
701
679
667
674
688
676
671
659
666
666
667
682
673
667
660
667
674
662
692
648
656
670
651
656
669
665
645
651
640
654
659
660
671
660
659
663
655
634
657
644
633
637
654
637
656
639
636
660
651
650
647
638
641
650
641
628
639
637
634
651
650
646
645
618
633
637
633
634
640
633
623
627
635
636
629
632
629
624
624
621
620
627
620
619
624
623
627
632
636
626
623
618
620
626
621
609
632
616
622
614
614
633
633
629
627
616
618
618
615
628
621
623
636
616
620
620
628
630
614
622
616
631
611
614
614
609
608
611
624
610
627
614
607
611
598
616
615
615
618
624
612
612
617
605
620
625
618
621
611
612
599
616
613
613
611
614
614
610
612
621
613
606
607
609
620
614
612
610
607
604
626
619
609
612
611
605
607
611
618
597
612
617
620
612
612
601
605
612
606
610
616
612
616
607
607
612
609
618
614
602
620
610
604
601
616
608
607
597
606
611
601
610
611
607
625
611
607
610
602
598
606
607
612
603
610
612
610
612
622
621
610
611
604
607
608
603
607
614
610
609
608
612
604
604
610
601
599
599
608
606
609
607
605
608
622
611
610
606
607
604
602
605
617
605
610
615
595
605
611
615
609
600
602
605
600
616
610
605
601
605
607
598
623
607
597
607
612
594
605
612
604
608
607
603
603
608
601
604
608
602
605
606
603
605
612
612
604
599
601
601
607
603
608
598
590
606
601
605
604
603
591
610
600
608
606
614
607
606
608
610
604
605
602
603
612
604
595
598
603
603
609
603
604
598
611
611
607
598
606
600
604
607
607
606
617
602
597
607
606
603
611
599
602
608
602
616
608
601
612
606
605
608
602
599
595
606
606
599
601
600
600
601
606
591
598
601
604
605
602
602
603
599
600
601
598
608
614
603
605
604
601
600
603
606
597
607
588
601
604
600
602
600
602
611
600
600
610
594
602
607
603
610
599
598
605
596
604
602
602
598
604
604
602
601
605
595
594
603
602
603
604
607
597
599
606
608
597
605
596
602
597
601
593
601
597
605
598
594
611
599
601
601
603
595
599
601
605
598
591
606
608
609
602
609
602
613
604
606
597
602
606
604
596
596
605
604
605
609
599
613
602
605
603
602
590
608
603
599
604
602
600
601
604
597
599
605
595
611
603
600
596
598
604
608
599
602
599
599
607
598
598
597
601
596
610
611
593
609
595
602
601
596
600
603
606
598
601
607
610
600
603
606
598
601
597
596
600
597
607
604
602
603
602
602
603
605
606
608
602
608
612
595
600
609
596
595
602
597
605
604
599
595
602
598
599
593
607
599
602
602
602
597
593
603
603
600
608
595
607
612
607
597
601
606
604
594
601
595
603
604
605
604
604
598
594
605
598
593
601
607
602
597
599
596
597
604
607
602
598
611
598
599
611
605
601
597
607
607
598
599
598
596
603
604
602
601
599
590
605
597
603
606
603
603
603
601
603
604
597
604
604
610
602
604
603
605
603
593
603
597
603
602
602
606
599
597
604
605
602
597
598
608
597
608
599
601
599
604
594
599
