617
608
612
610
601
606
600
604
603
599
604
597
604
593
606
600
600
601
602
605
600
601
600
597
604
606
603
599
596
602
602
604
606
600
607
602
606
601
606
603
596
603
610
600
602
601
603
607
601
595
603
603
595
593
598
598
609
597
596
602
599
606
596
598
606
590
595
605
604
606
609
606
597
598
601
599
599
605
608
594
600
606
609
598
596
604
605
594
601
601
604
600
591
601
604
604
600
600
605
597
596
601
604
601
600
602
605
609
598
614
601
600
599
598
601
596
606
598
602
604
601
603
599
603
604
600
597
608
599
597
606
603
606
598
603
612
595
596
606
604
591
605
598
600
599
598
600
591
601
602
604
608
601
601
602
606
597
603
606
602
607
596
599
597
603
604
601
603
600
595
600
599
598
607
600
603
598
599
601
603
597
606
589
602
607
603
608
610
601
602
602
607
600
600
609
607
614
602
603
606
603
598
604
599
600
599
598
600
597
600
605
591
605
607
597
600
603
601
600
598
603
607
593
605
607
612
600
607
605
595
608
605
612
603
610
605
601
606
607
612
601
607
609
601
614
611
603
614
604
616
606
605
618
612
614
611
613
617
612
611
606
611
612
601
604
612
618
614
610
606
606
606
609
617
610
604
610
607
612
596
618
608
616
609
612
613
610
601
612
618
618
609
619
614
620
624
624
608
612
615
613
616
621
625
634
606
630
621
606
620
638
639
632
618
616
623
635
621
623
624
618
650
627
645
640
648
655
644
661
664
653
645
654
667
638
650
666
651
684
679
657
694
679
704
686
695
694
705
705
699
706
700
725
686
719
726
748
737
720
755
754
770
774
803
810
806
809
843
826
830
884
867
918
908
915
924
933
949
940
955
1012
1012
1022
999
1066
1079
1109
1099
1124
1165
1177
1226
1231
1266
1288
1314
1404
1430
1488
1434
1482
1533
1531
1682
1764
1786
1818
1776
1902
1931
2039
2101
2188
2234
2354
2392
2414
2552
2708
2723
2855
2973
3031
3090
3337
3388
3375
3680
3817
3813
3998
4232
4292
4564
4625
4930
5026
5222
5418
5665
5886
5852
6151
6311
6469
6579
6856
7155
7414
7400
7625
8114
7925
8270
8532
8696
8827
9180
9427
9486
9692
9696
9698
9777
9812
9653
10017
10104
10042
9754
9883
9878
9625
9690
9748
9641
9783
9429
9443
9277
9167
9155
8808
8771
8554
8390
8449
8052
7866
7746
7753
7433
7482
7139
7179
7004
6839
6670
6467
6485
6383
6157
6086
5945
6048
5839
5628
5518
5451
5214
5410
5115
5047
4913
4939
4889
4791
4671
4569
4784
4427
4498
4435
4341
4197
4095
4041
4009
4003
3910
3755
3914
3729
3856
3456
3532
3635
3601
3534
3533
3557
3350
3349
3320
3333
3251
3161
3159
3068
3214
3057
3016
2965
2939
2945
2910
2896
2801
2920
2756
2731
2741
2730
2658
2675
2663
2696
2560
2533
2464
2501
2479
2472
2426
2472
2365
2243
2239
2210
2272
2234
2248
2202
2173
2164
2244
2155
2151
2088
2069
2040
2091
2053
2054
1980
1970
1991
1848
1933
1871
1842
1803
1901
1770
1726
1808
1794
1760
1799
1788
1752
1667
1713
1705
1645
1629
1662
1633
1686
1589
1514
1531
1553
1540
1425
1524
1492
1478
1488
1417
1473
1432
1472
1401
1427
1365
1406
1381
1375
1407
1413
1403
1381
1357
1281
1327
1324
1330
1300
1306
1328
1253
1244
1214
1199
1245
1197
1186
1231
1204
1190
1190
1204
1121
1160
1152
1101
1153
1180
1129
1138
1140
1097
1112
1057
1088
1096
1092
1033
1059
1050
1005
1077
997
1068
1031
1014
1028
1017
983
1004
977
995
965
953
940
932
971
966
950
931
983
956
973
924
963
970
952
918
953
898
904
929
914
902
898
897
885
914
888
877
845
890
883
857
839
853
883
891
875
873
865
817
866
832
835
842
829
851
820
815
814
796
872
821
808
770
804
795
802
801
825
817
790
786
779
796
798
812
798
783
783
771
768
769
770
802
788
767
759
785
750
758
745
773
756
747
757
765
765
744
750
749
726
726
762
740
735
748
748
743
733
722
726
722
729
726
745
717
740
735
747
706
736
712
721
714
705
721
708
710
740
703
698
710
725
721
684
714
695
685
709
706
691
697
687
708
707
695
712
695
698
695
687
696
688
694
699
687
684
680
705
686
679
678
683
689
682
668
690
686
672
659
662
681
667
661
665
668
677
662
665
665
671
663
693
673
663
667
669
684
657
659
667
675
655
657
679
660
663
660
660
652
654
679
657
668
651
657
669
651
651
661
662
666
638
674
643
665
647
635
658
655
645
647
637
654
659
643
636
636
633
640
643
634
663
638
672
645
644
646
647
659
645
634
639
646
631
653
650
628
634
633
625
636
647
647
649
637
641
643
631
641
643
633
647
642
632
635
634
637
638
641
643
627
632
645
626
619
632
637
619
624
626
621
630
633
631
623
625
627
633
617
623
623
617
639
626
633
631
635
639
630
622
629
627
639
627
619
634
628
626
608
620
623
622
634
618
623
621
617
606
622
628
623
621
619
632
615
630
616
626
599
631
623
622
615
616
628
620
631
614
618
628
623
618
627
616
627
617
605
601
612
618
612
613
618
619
613
613
629
623
612
616
618
616
617
615
622
614
605
621
608
619
613
620
605
609
618
613
618
613
607
618
617
634
606
610
618
611
632
606
601
618
599
606
608
617
607
612
617
617
606
621
620
620
622
616
615
612
607
616
608
617
608
603
611
609
616
605
606
608
607
607
602
604
608
604
614
614
607
609
607
609
613
605
612
610
603
599
608
617
607
606
606
609
610
611
607
602
607
602
603
599
601
594
602
603
604
601
606
608
605
613
602
608
610
610
605
602
605
605
605
602
600
611
609
603
605
601
613
603
612
599
604
602
600
603
601
600
615
600
605
600
603
601
599
591
606
602
600
598
606
604
601
609
601
602
610
597
604
606
601
601
604
607
604
595
610
603
610
600
601
603
614
599
602
604
601
605
603
598
608
599
599
603
602
609
612
605
600
604
606
606
594
600
602
607
599
605
602
604
605
605
609
612
611
609
605
605
605
603
600
600
605
597
609
606
597
603
608
602
602
602
607
602
605
604
604
593
599
597
601
601
605
596
596
600
605
600
598
596
599
604
595
599
598
597
600
594
595
609
599
602
602
607
599
597
593
607
601
597
601
604
604
600
604
599
599
601
595
594
600
610
602
602
603
608
603
599
598
603
602
598
597
605
598
593
607
605
602
602
603
605
603
600
605
599
603
605
594
600
604
597
598
598
591
600
599
603
