604
607
600
609
606
602
605
598
602
612
602
599
610
602
606
601
607
601
602
596
607
598
602
601
602
603
607
596
605
604
606
599
605
599
600
596
600
601
600
605
596
603
605
597
599
611
602
603
607
605
597
608
604
601
610
604
611
604
601
609
602
597
602
603
594
600
606
598
600
592
602
601
606
594
603
609
597
601
596
598
604
599
596
600
602
600
602
590
596
596
596
601
605
604
608
602
602
605
598
598
606
602
610
617
603
601
603
594
604
604
604
604
607
600
598
592
607
603
609
600
604
602
595
601
598
597
595
601
606
604
603
604
602
604
599
597
609
599
604
597
604
595
604
602
600
598
595
603
596
600
594
608
605
600
609
596
606
607
598
603
610
611
609
604
606
598
608
607
606
599
607
606
603
610
603
596
609
599
599
602
601
600
606
608
594
598
605
604
609
603
600
603
605
606
606
609
601
599
603
606
602
602
598
606
609
600
601
604
604
606
603
612
597
606
607
606
595
615
610
608
603
602
609
607
609
614
609
606
599
607
606
610
601
608
603
606
617
607
605
606
617
611
612
609
607
606
609
602
612
607
612
620
603
610
603
608
615
617
605
611
625
614
616
613
623
623
609
620
612
601
617
612
619
613
619
616
614
613
622
617
616
619
614
613
621
606
616
631
616
622
626
605
611
626
604
628
623
616
615
627
615
639
623
613
625
640
623
623
633
613
636
638
640
647
618
642
642
648
642
647
656
655
656
641
648
642
666
655
651
673
658
662
657
658
636
674
680
688
680
690
700
695
730
700
714
737
740
747
749
750
742
772
794
761
781
811
790
842
811
795
816
838
854
857
874
861
871
900
890
926
933
940
933
988
979
1036
1039
1103
1109
1085
1129
1133
1160
1114
1226
1248
1279
1309
1328
1317
1357
1379
1472
1552
1504
1592
1591
1669
1731
1820
1858
1924
1918
1998
1900
2020
2139
2226
2255
2384
2471
2492
2676
2778
2893
2954
3010
3213
3274
3326
3526
3744
3900
3873
4137
4226
4328
4556
4791
4861
5115
5229
5592
5719
6044
6252
6390
6697
6853
7227
7387
7599
7938
8088
8573
8519
8951
9391
9318
9854
10016
10191
10612
10516
11090
11313
11874
12051
11938
12155
12327
12646
12427
12781
12661
12808
12541
12898
12666
12891
12720
12891
12703
12453
12491
12644
12331
12284
12159
12167
11960
11770
11682
11383
11010
10931
10850
10481
10277
10020
10131
9762
9492
9498
9139
9014
8852
8668
8575
8329
8333
8168
8120
7796
7702
7488
7427
7105
7177
6819
6791
6712
6575
6470
6496
6323
6111
6083
5980
5812
5760
5737
5836
5586
5662
5395
5266
5158
5039
5110
4991
4967
4688
4708
4595
4679
4552
4577
4497
4470
4528
4261
4299
4280
4211
4353
4225
4089
4180
3916
3966
4105
3821
3782
3781
3802
3701
3676
3643
3574
3624
3547
3542
3447
3451
3412
3295
3356
3311
3201
3216
3120
3199
3101
3066
3092
3034
2893
2951
2878
2874
2919
2815
2679
2821
2713
2590
2680
2647
2720
2656
2546
2642
2477
2500
2429
2546
2452
2347
2416
2312
2324
2244
2287
2178
2202
2128
2279
2171
2152
2159
2202
2131
2024
2151
2045
1984
1932
1981
1843
1910
1920
1917
1924
1908
1845
1834
1862
1788
1836
1724
1817
1786
1743
1776
1694
1706
1733
1647
1658
1656
1582
1646
1632
1523
1505
1458
1579
1537
1536
1540
1492
1452
1472
1416
1427
1405
1422
1434
1385
1397
1380
1400
1341
1383
1345
1344
1374
1308
1327
1304
1260
1237
1279
1228
1292
1235
1227
1235
1221
1219
1235
1204
1186
1202
1204
1164
1105
1178
1159
1164
1157
1128
1137
1146
1100
1121
1084
1096
1068
1106
1134
1128
1071
1038
1081
1031
1086
1043
1058
1027
1002
1064
995
959
989
1014
1000
1018
969
1005
966
919
960
975
958
964
947
967
998
920
914
930
928
992
944
951
983
907
875
924
896
928
945
887
892
874
902
881
912
855
850
881
869
873
844
887
884
874
877
846
853
863
862
839
851
821
808
833
834
788
834
815
814
818
805
848
824
791
773
799
817
786
822
782
818
754
804
764
777
799
772
767
789
773
782
777
787
785
776
798
792
776
732
755
773
772
783
756
783
760
775
750
753
753
749
738
774
738
761
736
732
731
748
722
743
756
732
740
731
739
708
728
715
725
713
718
697
730
732
712
727
718
739
705
705
716
696
705
711
723
709
705
712
718
704
707
687
687
715
704
716
691
698
696
681
694
698
724
692
706
697
698
688
697
698
705
680
692
685
675
680
686
670
704
672
694
667
681
692
672
697
685
685
677
669
667
670
670
669
666
678
664
654
661
687
657
665
678
681
678
679
676
649
666
683
663
650
657
672
671
662
666
653
671
673
647
637
664
649
655
663
658
651
644
652
664
663
657
661
648
642
648
661
643
651
639
648
634
638
651
628
647
632
642
640
653
659
662
656
656
656
645
635
641
657
647
631
632
663
645
645
648
627
650
640
636
648
645
634
639
644
650
641
642
650
619
640
641
638
629
631
635
643
628
625
639
621
632
638
646
639
642
627
651
634
636
626
628
633
624
637
620
636
629
613
626
628
623
619
621
621
619
634
629
626
617
624
634
615
625
637
636
627
622
610
627
626
613
619
618
620
613
607
621
624
612
621
618
621
606
621
611
632
626
616
617
628
609
609
628
615
610
617
620
616
615
605
626
610
611
618
616
611
611
614
615
628
615
608
611
617
623
612
613
609
615
621
629
631
614
624
621
607
613
618
622
610
614
617
627
605
615
611
616
609
606
616
604
620
610
606
622
617
608
605
621
611
613
613
611
612
614
607
615
616
610
612
606
613
607
609
618
621
611
616
599
609
601
606
604
622
610
611
614
603
609
602
598
600
603
620
613
601
621
624
621
606
601
598
612
604
610
598
608
600
603
603
596
606
611
607
616
612
606
608
606
600
610
613
601
604
600
610
601
601
602
598
596
609
601
610
606
600
604
607
606
601
609
605
608
616
610
603
602
607
608
618
603
604
603
606
615
602
599
608
615
600
605
600
605
608
603
608
606
593
612
617
602
604
603
607
607
604
605
611
600
604
599
602
593
607
590
600
605
606
597
596
605
601
608
607
611
603
601
605
609
604
612
602
610
604
607
605
606
599
606
600
604
595
602
603
614
598
593
607
602
612
609
601
611
599
609
600
600
595
599
597
604
607
607
604
610
600
602
603
607
602
595
600
600
602
609
598
603
604
600
601
599
605
596
598
609
598
597
596
602
596
599
593
603
600
605
601
605
603
605
600
604
590
604
610
599
596
606
614
605
605
599
598
