611
598
613
610
619
608
596
619
611
609
602
608
607
603
604
606
601
599
609
612
602
609
605
604
603
599
607
601
606
619
597
609
604
613
604
610
612
601
613
602
610
611
599
604
604
599
603
604
609
600
610
598
608
600
605
600
598
607
611
606
605
611
600
610
607
607
594
608
602
601
601
604
605
607
610
608
606
598
615
606
601
603
601
605
603
603
611
607
605
604
603
598
609
596
599
603
605
597
605
604
613
610
605
607
607
599
609
606
610
599
598
609
601
607
603
604
605
596
608
609
604
605
597
611
604
596
601
613
613
608
592
610
611
605
609
601
600
610
608
602
604
598
601
607
601
604
601
589
610
607
605
599
598
602
612
605
608
607
601
606
605
594
607
604
606
602
611
609
612
608
601
601
601
596
600
599
600
608
596
604
612
600
607
603
600
604
609
600
613
600
601
610
605
603
600
607
610
609
608
593
601
607
598
596
605
603
604
603
606
603
596
609
605
613
606
612
613
602
602
600
600
601
616
615
616
607
608
609
615
604
606
600
612
611
606
610
616
607
612
602
609
611
611
612
622
621
602
602
613
609
611
601
609
604
606
604
614
608
603
599
607
610
610
604
610
608
602
615
603
613
608
618
611
593
609
606
619
616
622
608
616
610
599
611
616
613
614
626
619
615
612
603
622
620
622
603
616
618
610
618
623
621
613
627
621
623
619
615
621
625
609
616
615
623
629
632
628
631
646
630
631
630
628
628
622
645
645
624
657
638
637
658
660
646
650
663
655
663
659
686
689
651
683
684
684
668
670
659
687
701
670
688
705
703
724
707
718
722
726
724
746
734
745
744
776
765
785
769
794
805
804
812
842
855
851
856
858
903
875
871
920
922
944
960
1028
988
996
990
1033
1048
1112
1100
1103
1173
1119
1208
1246
1233
1239
1292
1288
1370
1420
1461
1457
1463
1530
1617
1625
1704
1829
1737
1772
1947
1885
2075
2043
2152
2234
2329
2393
2388
2548
2707
2600
2724
2898
3000
3206
3169
3308
3516
3649
3532
3848
3799
4019
4197
4409
4470
4710
4705
5002
5025
5112
5291
5564
5723
5657
5994
5971
6188
6463
6747
6837
6615
6804
7170
7386
7331
7532
7417
7526
7644
7771
7735
7617
7584
7632
7569
7888
7813
7505
7635
7479
7424
7447
7456
7412
7381
7293
7156
7038
6924
6665
6723
6722
6409
6331
6304
6104
5935
5999
5888
5930
5709
5470
5500
5444
5295
5186
5204
5084
5008
4946
4929
4733
4553
4523
4476
4468
4384
4358
4236
4142
4173
4046
4055
3945
3921
3889
3802
3839
3731
3893
3692
3515
3656
3590
3546
3613
3397
3319
3431
3453
3360
3220
3124
3230
3177
3184
3084
3038
3103
3003
3111
3025
3140
3004
3037
2845
2876
2851
2741
2693
2765
2700
2824
2635
2721
2679
2625
2571
2616
2537
2653
2564
2520
2464
2451
2416
2424
2473
2371
2393
2340
2273
2278
2266
2281
2282
2178
2185
2187
2099
2097
2157
2081
2092
2032
1978
2047
1956
2030
1979
1821
1905
1951
1948
1888
1821
1873
1888
1808
1867
1757
1752
1758
1753
1772
1722
1680
1697
1656
1654
1638
1642
1566
1651
1572
1502
1510
1542
1555
1497
1521
1490
1471
1424
1438
1510
1448
1401
1424
1506
1436
1402
1369
1371
1347
1325
1391
1352
1326
1297
1330
1302
1273
1253
1265
1236
1216
1286
1280
1235
1243
1246
1167
1233
1243
1130
1170
1130
1156
1145
1121
1133
1129
1061
1145
1132
1131
1130
1081
1100
1033
1043
1090
1050
1021
1041
1016
984
999
1001
1017
975
997
1017
1021
1014
994
1033
965
961
970
950
978
938
959
954
968
907
910
904
905
941
886
903
906
903
896
896
901
911
915
889
926
914
885
859
870
906
876
820
849
857
853
853
852
841
854
879
836
858
801
795
850
837
844
843
791
796
830
823
820
815
842
794
781
785
803
778
800
810
763
812
791
796
804
772
786
779
778
787
756
745
775
750
765
777
751
719
786
739
761
768
735
776
735
722
743
727
728
748
735
754
747
746
745
727
731
748
704
737
732
715
710
741
717
735
725
729
722
737
726
711
697
707
686
697
729
714
704
721
689
694
698
695
687
701
702
690
690
711
702
698
713
703
677
687
691
684
677
690
674
680
687
684
672
682
684
698
665
680
671
687
663
668
649
668
665
668
663
672
670
681
664
638
685
670
680
688
658
661
647
666
658
676
668
656
667
670
660
663
673
652
650
661
651
641
661
671
658
660
666
644
662
664
635
662
654
639
662
649
652
659
658
643
645
651
659
643
647
658
672
652
640
638
644
639
648
642
653
643
652
642
641
636
652
644
647
646
641
645
637
637
651
632
635
636
644
631
629
640
631
628
638
632
630
632
633
642
629
620
638
635
632
626
634
639
626
637
619
646
633
642
620
626
623
636
635
630
633
629
624
622
634
637
624
618
624
644
636
629
636
619
627
624
634
617
624
633
618
605
608
621
630
618
629
623
614
616
635
628
629
628
623
626
621
619
621
624
614
618
614
623
617
621
613
625
630
616
625
611
613
616
612
620
641
618
619
623
618
621
621
611
626
609
601
619
623
622
609
621
611
620
617
628
613
613
615
614
621
610
622
616
605
620
611
626
614
615
615
607
622
614
625
622
619
612
615
608
619
612
612
618
616
612
614
606
605
623
601
616
612
603
613
610
615
612
614
619
606
610
600
621
613
606
620
615
605
610
603
623
606
607
610
618
608
610
610
603
613
612
597
614
611
614
604
609
607
608
608
606
613
600
608
614
614
615
607
611
616
609
597
614
604
610
609
614
605
592
612
604
603
608
598
611
616
609
609
606
603
611
609
611
611
604
605
605
618
601
604
595
602
613
617
605
606
605
606
607
608
606
600
602
604
612
596
611
608
605
612
597
599
611
609
607
605
595
603
610
604
605
607
598
607
595
605
601
602
602
599
598
606
609
604
608
596
597
606
600
600
602
598
610
587
604
599
608
598
607
610
597
602
604
597
603
595
604
608
599
601
601
595
606
605
601
601
604
599
601
600
603
608
606
603
608
599
602
606
598
601
597
594
601
605
604
605
596
609
590
602
606
610
600
592
602
603
603
603
605
600
608
604
604
606
603
609
592
601
598
598
592
599
595
606
605
599
605
592
602
603
596
604
594
598
606
603
605
603
604
605
601
597
600
597
608
610
599
597
612
602
594
611
597
604
603
596
607
605
597
599
600
595
597
599
601
597
601
605
597
606
599
600
602
601
606
598
602
593
603
598
603
607
596
594
597
597
