602
606
613
610
614
605
599
607
604
606
617
611
606
599
610
604
604
610
606
616
613
606
605
606
607
606
604
602
602
597
607
601
606
608
596
601
604
618
600
610
597
602
609
609
606
604
603
606
599
601
606
613
599
607
603
606
600
609
603
606
609
605
608
602
614
604
595
604
601
599
609
605
602
597
608
597
601
600
607
601
607
604
602
603
602
596
605
602
612
607
613
599
601
606
615
605
606
602
603
596
603
602
599
601
609
607
603
607
600
607
602
595
606
595
609
599
606
598
602
610
605
603
608
609
601
610
606
596
598
607
598
606
608
601
598
602
609
603
603
597
603
604
604
611
602
613
607
601
608
618
602
612
606
607
605
600
614
603
597
599
605
601
611
605
606
608
602
596
611
607
608
598
599
611
601
602
610
606
610
614
612
603
600
612
603
603
603
608
612
611
606
602
609
608
605
607
604
601
606
602
608
614
608
607
603
610
597
618
605
603
610
609
615
609
615
609
613
609
603
606
610
607
608
608
620
614
605
608
604
614
613
614
607
608
602
619
610
603
601
604
618
614
622
620
611
607
620
618
612
621
613
606
620
614
611
618
599
609
615
612
619
612
624
613
613
609
615
610
628
605
621
612
611
609
629
610
616
622
605
625
619
624
613
623
618
637
612
622
623
615
609
617
621
623
612
616
630
627
622
607
610
637
635
631
625
630
623
634
627
638
633
626
633
640
629
633
641
627
644
645
641
625
645
643
630
651
662
657
670
654
664
665
658
685
676
696
666
681
673
692
668
715
704
711
701
693
709
710
707
718
727
724
730
753
719
767
729
746
750
752
785
765
777
803
803
813
820
815
821
869
897
857
893
880
890
946
949
952
988
966
948
1049
1049
1068
1087
1067
1128
1137
1150
1149
1212
1226
1259
1295
1266
1362
1390
1401
1409
1474
1578
1587
1577
1700
1686
1717
1728
1878
1856
1981
2041
2117
2159
2252
2304
2472
2490
2649
2716
2640
2807
2944
3005
3160
3331
3368
3598
3648
3726
3944
3890
4230
4244
4458
4626
4761
4964
5209
5271
5585
5655
5981
6011
6083
6521
6716
6983
6838
7094
7357
7305
7914
7930
8230
8297
8524
8741
8799
8964
9184
9283
9188
9663
9435
9478
9443
9462
9655
9622
9622
9351
9622
9403
9621
9453
9378
9255
9279
9042
9231
9071
8689
8798
8686
8522
8469
8469
7908
7949
7846
7615
7441
7392
7233
7135
7148
6857
6570
6662
6375
6425
6350
6217
6113
6037
5754
5915
5671
5636
5651
5261
5321
5456
5094
5220
5160
5054
5119
4909
4930
4778
4735
4621
4565
4642
4673
4417
4283
4329
4190
4225
4158
4167
4116
4109
3942
4036
4006
4192
3867
3833
3759
3851
3899
3704
3710
3664
3795
3598
3540
3446
3478
3497
3533
3332
3423
3253
3390
3183
3259
3276
3338
3258
3058
3161
3104
3196
3107
3068
3078
2994
2985
2859
2873
2873
2854
2725
2855
2641
2780
2765
2617
2625
2646
2544
2699
2550
2517
2386
2525
2447
2482
2423
2386
2324
2255
2319
2257
2291
2261
2241
2187
2205
2187
2186
2120
2080
2036
2135
2073
2076
2045
1962
1917
1985
1908
1863
1902
1875
1864
1930
1832
1756
1759
1676
1642
1705
1691
1781
1634
1630
1690
1668
1684
1628
1571
1576
1602
1579
1605
1541
1560
1519
1483
1468
1457
1497
1423
1467
1480
1441
1425
1353
1428
1413
1366
1375
1351
1423
1323
1347
1353
1388
1275
1327
1344
1315
1264
1279
1259
1238
1246
1230
1166
1216
1212
1164
1171
1167
1217
1189
1179
1155
1146
1134
1138
1097
1148
1122
1122
1100
1096
1110
1066
1088
1070
1083
1068
1037
1065
1071
1010
1076
1051
1002
1009
996
982
1017
964
998
1007
1032
990
1019
935
950
956
974
967
930
937
958
928
909
946
949
916
935
903
881
904
910
914
918
890
887
889
883
881
854
836
887
909
854
839
847
872
823
837
872
844
867
855
851
861
831
843
843
841
833
838
788
774
810
814
823
813
821
813
801
836
777
778
788
789
761
799
778
784
779
788
771
783
778
770
810
784
765
753
766
753
772
743
747
757
755
764
765
746
740
756
777
775
740
755
730
767
735
770
734
731
714
726
726
757
721
738
758
726
723
697
735
723
722
713
707
704
707
728
728
706
714
711
706
721
712
727
720
705
708
687
715
724
707
692
704
705
683
700
690
708
710
671
678
679
679
688
684
665
681
677
677
685
663
705
686
677
664
688
670
675
665
674
664
705
661
672
691
666
680
684
681
665
667
669
677
687
668
681
681
677
657
667
659
650
661
691
649
668
659
661
663
643
656
657
652
663
655
670
655
676
661
661
657
661
663
640
646
663
661
667
654
651
654
636
647
652
643
653
642
655
645
661
655
650
636
639
641
643
652
648
649
633
651
642
662
631
630
632
650
638
632
649
634
647
651
629
644
635
628
650
639
642
637
632
646
635
644
641
638
641
636
632
634
632
619
629
640
635
634
621
617
635
627
632
641
633
638
636
621
637
627
633
626
632
632
634
632
631
630
623
614
630
624
629
632
647
625
638
618
616
634
633
622
617
621
617
632
625
622
624
629
627
629
627
621
625
634
627
618
632
641
612
619
616
623
621
613
618
632
622
624
625
631
616
607
620
625
630
631
615
617
611
619
619
615
610
628
625
617
620
614
624
616
615
620
618
611
621
607
622
617
608
608
611
616
620
619
612
611
617
618
612
612
602
621
607
610
610
618
604
608
607
616
615
611
605
611
616
618
614
609
603
612
600
604
613
614
603
606
598
611
611
612
611
618
597
606
619
618
620
605
606
609
616
622
608
610
613
618
610
609
613
608
614
613
605
622
612
613
612
607
611
615
611
609
610
607
606
605
606
608
612
610
607
609
607
610
605
602
610
613
603
608
607
610
610
607
601
612
615
603
606
615
604
599
620
607
612
614
607
602
609
614
602
598
598
598
611
610
603
601
594
605
602
607
596
590
610
607
598
606
605
603
607
610
604
608
606
611
603
596
604
599
598
602
619
600
608
599
602
612
609
610
606
609
610
602
606
601
601
605
604
601
610
606
611
616
606
612
602
605
600
600
599
608
595
601
602
607
597
602
605
603
607
606
599
604
602
607
598
606
599
592
603
602
605
590
602
596
602
592
609
608
600
599
603
593
599
603
607
602
608
615
597
603
605
616
599
604
604
609
610
606
598
599
602
609
599
601
613
599
603
599
598
608
601
608
602
597
606
605
591
606
603
597
606
596
600
603
604
598
609
602
603
610
608
600
602
593
605
603
606
607
596
601
607
603
598
