593
613
603
612
603
599
603
602
593
614
602
593
603
597
612
607
600
604
602
599
608
608
603
607
605
603
603
604
600
603
602
607
598
601
606
612
612
604
605
607
601
604
603
603
601
603
608
601
599
601
599
608
609
603
605
610
601
603
599
604
607
600
604
622
604
609
598
602
600
602
605
606
604
605
604
603
602
602
605
600
598
608
603
600
603
608
597
608
599
601
607
601
597
603
599
601
602
594
601
608
599
597
604
600
598
605
597
602
601
604
610
604
604
612
603
604
603
601
603
607
604
604
620
602
607
611
603
610
604
599
614
607
602
614
602
595
605
621
600
615
614
602
600
599
616
598
607
612
618
606
603
599
614
593
604
603
613
599
608
609
601
603
599
600
603
611
604
610
601
610
612
600
609
613
600
604
607
603
610
608
613
606
605
602
603
606
604
603
600
610
600
601
611
603
617
614
607
611
611
606
606
599
614
619
611
610
613
608
594
617
602
618
611
617
621
625
611
609
617
610
620
614
605
612
611
610
604
610
617
609
625
622
606
617
630
613
618
607
615
610
626
623
611
633
606
621
618
604
609
607
625
623
621
631
620
621
613
626
621
612
631
621
618
619
625
609
633
611
619
626
634
637
619
627
638
646
634
612
626
627
632
623
631
633
628
642
636
631
655
624
650
642
629
648
649
640
645
644
628
643
633
644
643
644
647
656
643
647
673
666
660
666
667
671
676
662
671
677
665
700
647
681
688
698
695
675
689
674
688
716
711
702
720
751
725
715
752
735
761
775
779
742
774
783
813
775
784
808
830
791
844
849
855
835
879
867
864
928
943
927
901
960
978
967
969
1035
1007
1037
1056
1112
1077
1117
1096
1138
1218
1233
1242
1318
1273
1384
1349
1371
1378
1473
1510
1550
1605
1598
1620
1656
1723
1778
1855
1979
1973
1972
2129
2254
2226
2281
2366
2498
2509
2642
2819
2862
2977
2974
3058
3187
3288
3507
3566
3687
3939
4077
4205
4448
4533
4807
4832
5058
5204
5384
5615
6038
6139
6264
6514
6900
6990
7457
7790
7926
8368
8759
8919
9460
9600
10364
10439
10961
11051
11769
11939
12114
12587
13153
13647
13791
14055
14636
14811
15440
15672
16055
16382
17204
17044
17212
17617
17614
17877
18025
17942
18010
17978
18289
18492
18319
18348
18176
18038
18326
18075
17904
17722
17850
17288
17041
17065
16858
16716
16484
15955
15992
15637
15109
14905
14778
14449
13882
13722
13691
13552
13293
12823
12548
12511
12187
12347
12051
11710
11448
11294
11213
10681
10423
10269
10071
10104
9918
9703
9519
9544
9157
9315
9154
8637
8668
8653
8445
8271
8161
8155
8172
7743
7584
7867
7442
7543
7319
7243
7166
6926
7068
6898
6815
6681
6724
6541
6613
6466
6390
6372
6467
6283
6318
6187
6056
6093
5925
5873
5862
5592
5521
5469
5554
5488
5423
5371
5340
5337
5309
5263
5114
5102
5148
5005
4840
4895
4742
4755
4667
4685
4601
4499
4472
4504
4407
4334
4332
4134
4112
4307
4117
4143
4021
4070
3872
3955
3915
3734
3801
3670
3769
3775
3642
3555
3488
3532
3449
3427
3387
3365
3417
3409
3301
3133
3047
3187
3011
3016
3028
3083
2891
2981
2973
2967
2833
2840
2863
2787
2751
2597
2603
2748
2544
2681
2511
2586
2492
2456
2559
2464
2495
2412
2330
2388
2321
2334
2264
2281
2158
2268
2192
2187
2192
2048
2146
2093
2071
1985
2042
1965
1982
1982
2024
1875
1971
1907
1918
1824
1876
1820
1761
1822
1752
1780
1740
1745
1787
1682
1649
1718
1657
1676
1660
1654
1711
1716
1612
1674
1590
1605
1580
1525
1523
1517
1506
1549
1487
1465
1466
1514
1414
1431
1451
1434
1390
1376
1408
1365
1415
1347
1370
1347
1261
1325
1316
1231
1326
1278
1239
1260
1303
1226
1284
1255
1237
1187
1231
1271
1193
1203
1218
1173
1169
1204
1189
1138
1112
1132
1152
1190
1116
1081
1117
1130
1167
1075
1066
1071
1101
1060
1054
1068
1012
1076
1047
1073
1104
1074
1008
1069
1050
1008
1045
1016
1024
1014
999
996
977
981
1015
971
1012
952
969
954
959
944
988
973
931
961
940
949
980
952
915
922
925
916
941
924
928
891
916
898
917
899
906
906
856
874
857
886
898
887
876
899
861
884
866
846
801
874
882
823
847
820
874
811
836
850
860
854
850
832
804
840
825
831
823
823
847
792
822
790
801
786
822
831
786
818
778
802
809
768
787
784
825
761
787
780
766
789
753
757
782
768
752
788
783
757
763
769
751
740
777
777
743
766
771
736
780
749
746
774
750
743
747
752
734
760
735
767
727
752
731
735
700
751
729
722
733
708
728
728
726
709
737
695
722
714
735
720
730
705
722
730
710
719
709
711
701
708
695
696
714
707
699
754
725
705
673
700
694
691
693
675
707
702
677
693
694
699
700
675
688
704
675
683
681
667
665
687
699
673
681
677
697
672
649
679
667
706
686
654
689
669
671
698
668
665
672
673
680
663
682
683
677
670
656
675
673
655
667
660
663
657
655
645
655
663
679
657
679
678
657
654
658
684
662
643
661
671
671
653
653
646
644
650
653
645
654
663
640
659
655
650
650
647
641
639
642
662
661
658
648
656
649
653
639
639
642
643
640
648
632
641
642
646
642
633
637
636
641
625
643
635
637
621
625
635
631
640
639
653
645
631
633
635
637
647
629
633
631
620
639
638
637
641
622
638
641
624
638
636
623
626
639
641
622
636
621
632
631
622
630
627
634
626
621
621
644
615
617
622
624
620
615
625
633
621
625
614
634
618
617
638
624
622
627
623
619
622
634
618
634
618
626
624
633
625
612
624
621
627
617
618
614
611
617
629
617
625
617
623
623
610
614
611
618
610
613
616
615
605
624
610
616
614
610
604
611
619
614
611
610
616
614
616
614
611
607
624
610
615
615
617
611
606
608
609
605
620
597
605
595
617
612
617
615
616
601
606
607
610
609
625
611
622
612
604
610
618
607
613
608
601
606
612
620
615
607
612
617
601
605
606
602
606
614
609
611
612
612
619
608
612
604
610
610
610
608
618
613
594
614
600
602
622
604
620
601
613
604
594
609
615
599
601
606
608
608
616
612
611
613
604
610
614
604
606
604
602
605
610
598
600
605
611
614
614
610
607
605
609
606
620
607
599
611
618
597
601
597
607
605
599
599
605
612
605
607
606
609
607
605
602
611
599
600
604
599
596
610
604
609
603
602
598
607
607
602
608
600
598
602
607
604
606
601
605
606
604
610
606
611
599
604
601
608
611
605
612
612
605
596
612
606
598
596
615
601
596
606
609
607
604
602
600
603
604
595
607
605
594
606
604
609
598
601
605
596
600
596
