607
609
610
610
608
615
606
607
606
599
600
612
612
606
599
609
605
611
594
607
613
599
607
602
606
605
605
608
606
613
605
599
594
606
598
602
611
601
599
598
603
602
601
608
603
598
599
599
613
602
605
589
610
605
604
594
602
601
598
608
594
601
612
600
610
607
605
609
595
601
612
600
605
598
616
598
600
600
600
609
600
612
611
597
606
596
603
609
609
604
617
600
606
598
601
609
602
602
603
614
606
610
601
608
601
602
601
600
599
611
604
599
605
609
595
609
599
607
610
603
602
608
605
604
607
614
603
603
613
605
603
607
596
601
598
612
613
608
602
607
608
608
603
608
610
608
607
611
602
602
612
606
602
603
601
607
612
618
597
614
604
610
599
612
603
622
604
605
604
605
608
606
608
603
606
617
604
613
602
612
613
615
604
606
606
613
611
599
618
605
611
619
611
607
611
610
615
602
601
614
614
613
603
616
614
612
619
600
607
612
614
613
621
608
615
612
613
608
615
618
613
614
623
609
610
609
609
617
622
604
607
617
616
608
623
613
612
606
630
622
603
610
612
615
623
625
612
611
612
612
613
608
621
610
616
627
620
614
630
610
605
634
641
619
616
634
642
631
627
629
625
628
630
620
627
626
623
622
620
631
633
620
624
626
617
630
634
624
627
634
627
641
631
636
622
630
620
635
624
625
645
644
661
642
626
649
634
644
655
644
639
654
655
672
662
653
666
656
673
652
667
667
659
681
689
682
689
679
686
688
692
720
678
677
682
712
712
722
746
730
749
737
762
760
753
759
766
777
786
782
776
812
789
800
765
849
865
885
848
893
904
894
953
943
952
963
941
1012
967
974
1026
1017
1100
1023
1106
1140
1092
1177
1167
1215
1189
1233
1314
1322
1416
1345
1390
1484
1492
1500
1570
1638
1669
1809
1692
1804
1798
1983
1985
2058
2168
2188
2242
2364
2337
2455
2493
2643
2731
2776
2856
3044
3112
3162
3386
3409
3610
3869
4027
4078
4277
4297
4557
4654
4929
5070
5239
5484
5723
5861
6171
6141
6565
6851
7018
7349
7621
8067
8262
8683
8660
9077
9401
9719
9693
10323
10502
10919
11204
11380
11811
11930
12461
12477
13099
13082
13899
14105
14167
14439
14432
14767
14714
14972
15040
14907
14832
14944
15223
14938
14694
15128
15040
14987
14769
14962
14663
14562
14637
14251
13952
13873
13618
13593
13466
12915
12725
12669
12601
12160
11895
11482
11637
11324
11118
10752
10566
10793
10312
10375
9998
9927
9763
9568
9487
9015
9048
8813
8945
8482
8630
8402
8152
8019
7954
7741
7805
7786
7509
7434
7698
7527
7206
7142
7013
6625
6768
6822
6799
6414
6529
6484
6332
6360
6169
6036
5956
6152
6144
6048
5963
5926
5618
5971
5715
5679
5503
5459
5441
5480
5367
5267
5249
5265
5025
5011
5262
4947
5036
4854
4866
4864
4891
4715
4725
4703
4746
4497
4537
4510
4436
4368
4399
4387
4223
4106
4248
4098
3986
4044
3921
4048
3808
3849
3848
3716
3715
3652
3625
3653
3667
3689
3622
3529
3457
3455
3413
3489
3328
3379
3188
3269
3167
3111
3036
3065
3019
3082
2877
2899
2915
2872
2966
2915
2844
2812
2659
2732
2772
2689
2624
2602
2494
2579
2526
2499
2404
2360
2334
2393
2456
2379
2315
2300
2331
2243
2164
2198
2323
2300
2167
2077
2103
2139
2108
2177
2053
2021
1934
1984
1978
1913
2018
1909
1987
1830
1846
1860
1843
1767
1798
1807
1782
1761
1702
1790
1723
1711
1652
1705
1650
1688
1561
1587
1578
1591
1629
1574
1578
1545
1477
1563
1470
1431
1473
1446
1429
1405
1449
1406
1352
1409
1454
1447
1377
1349
1346
1357
1354
1334
1414
1326
1269
1345
1332
1287
1230
1246
1301
1266
1207
1224
1214
1186
1234
1209
1189
1171
1212
1188
1138
1149
1116
1126
1152
1159
1122
1118
1093
1104
1152
1123
1116
1131
1180
1073
1114
1065
1068
1060
1072
1056
1045
1031
1027
1050
985
991
1025
1011
1060
1010
1001
991
949
998
950
1016
972
989
936
939
979
937
974
917
935
971
929
908
889
912
898
949
906
904
897
916
895
899
920
871
899
884
915
899
890
895
827
896
881
879
866
867
849
861
887
854
865
843
879
830
864
824
828
823
845
850
815
842
844
829
837
820
834
821
830
823
822
827
843
795
841
796
802
809
792
801
805
761
773
798
797
786
773
783
763
787
802
785
755
770
766
764
750
751
757
727
775
762
752
730
755
758
759
756
745
722
798
758
739
770
735
761
752
742
732
748
739
729
740
725
752
742
729
725
758
759
718
735
696
704
707
731
720
729
706
717
726
724
693
716
699
711
706
697
706
693
713
713
699
705
699
692
718
728
698
687
696
693
685
689
684
702
703
683
695
700
708
690
699
691
680
689
688
680
709
690
686
673
699
663
680
688
678
677
677
670
679
662
672
680
669
671
656
653
666
670
660
669
664
672
665
667
680
691
657
667
674
655
670
662
660
676
688
672
646
671
671
652
671
661
655
664
646
661
654
631
662
651
675
674
668
649
653
663
639
642
650
628
637
648
644
662
630
637
640
654
656
648
641
645
649
649
647
641
642
642
639
643
646
639
646
654
631
642
634
638
634
665
637
642
635
636
640
621
644
635
635
634
623
633
628
650
637
643
632
627
626
633
634
641
635
620
638
635
621
613
627
625
636
613
630
626
638
629
615
623
616
622
635
630
615
628
622
632
621
634
641
637
629
627
624
620
628
619
621
626
621
614
631
617
621
612
638
607
626
617
615
630
619
613
612
617
620
613
622
628
619
614
610
627
620
618
622
609
622
616
627
619
611
633
621
619
610
623
634
611
620
618
609
618
621
614
623
614
618
614
617
629
624
624
609
619
617
628
605
619
618
607
623
613
610
622
605
608
627
612
601
611
612
612
605
606
603
608
613
606
605
617
597
614
611
611
611
611
620
604
611
618
608
617
612
617
615
617
627
616
604
604
613
615
608
606
602
612
609
608
604
609
616
614
594
613
620
607
609
600
598
609
604
611
613
621
601
601
612
604
610
605
610
603
597
605
613
614
613
599
604
602
610
607
604
611
602
608
605
599
612
608
608
602
602
604
609
606
609
610
602
608
609
606
602
614
609
607
608
599
605
602
599
602
605
604
601
593
601
605
593
593
595
601
608
607
600
604
611
595
598
608
608
603
604
612
613
596
615
605
609
605
596
609
615
605
605
602
599
605
604
603
599
607
614
613
608
596
605
606
600
608
603
597
607
604
601
601
603
608
606
599
606
613
602
601
598
601
598
595
602
607
604
609
608
601
603
605
597
610
596
599
601
600
599
605
606
599
608
587
599
602
