601
598
610
603
604
601
603
605
605
610
605
607
612
611
608
613
614
600
616
615
604
605
601
593
608
599
600
603
595
613
603
606
603
606
604
608
606
604
612
612
602
606
604
607
595
607
601
597
599
613
610
594
610
598
602
607
604
612
613
612
609
603
606
604
610
597
610
601
604
615
604
603
606
603
601
597
607
606
601
595
607
594
606
601
596
606
613
603
607
615
605
612
604
610
609
601
607
614
612
604
607
614
597
600
603
604
604
606
606
606
609
609
606
596
609
605
614
606
600
602
604
612
607
608
617
616
597
606
622
605
605
604
604
615
607
610
605
605
613
601
608
616
616
612
612
606
607
609
604
615
610
605
610
612
609
606
605
598
600
602
613
614
601
611
612
610
612
613
605
601
610
603
606
613
607
615
607
610
597
613
610
610
608
608
608
612
607
613
613
608
612
613
620
625
611
614
617
610
614
610
620
614
611
611
619
613
632
608
620
609
618
614
608
615
614
616
619
606
614
615
615
616
619
610
615
616
613
618
615
625
611
615
613
606
623
615
616
608
625
615
631
627
622
611
627
636
622
622
627
631
620
617
627
612
628
613
633
621
613
631
610
630
622
625
627
624
636
639
620
622
632
629
640
629
617
637
632
650
627
631
646
639
634
630
624
641
625
638
647
643
647
650
631
638
651
650
644
642
653
655
661
658
656
666
666
634
661
655
667
682
661
672
670
682
680
680
688
676
675
673
679
680
694
695
689
691
702
685
706
716
722
725
734
731
734
772
743
766
745
763
807
846
777
799
804
799
843
829
809
819
844
863
884
921
897
901
917
921
955
1002
962
980
999
1030
1045
1036
1096
1073
1064
1165
1091
1213
1181
1190
1242
1296
1312
1360
1386
1344
1478
1470
1522
1591
1626
1600
1726
1659
1804
1786
1769
1867
1969
2062
2097
2179
2328
2282
2383
2496
2609
2651
2721
2921
3020
2955
3043
3249
3395
3445
3685
3758
3858
3987
4248
4383
4551
4830
4866
5099
5446
5439
5658
5892
6084
6465
6707
6827
7088
7515
7926
8029
8288
8829
8851
9426
9858
10303
10822
10793
11322
12019
12103
12488
12924
13316
13713
14003
14729
14893
15290
15671
16181
16722
16669
17318
17749
17768
18609
18471
19327
19048
19301
19491
19887
20048
20047
19728
19667
19655
19835
19688
19524
19705
19682
19511
19515
19178
19192
18901
18599
18194
17971
17755
17344
17148
17258
16456
16678
15796
15793
15505
15207
14723
14517
14306
14201
13955
13631
13581
13272
13110
13146
12370
12160
11986
11891
11698
11620
11300
10991
11055
11035
10701
10409
10331
10081
10236
9907
9608
9815
9529
9364
9092
9035
8798
8968
8695
8758
8471
8560
8335
8141
8220
8006
7983
7905
7619
7727
7586
7594
7597
7720
7365
7412
7130
7416
7388
7014
6841
6876
6878
6756
6666
6550
6723
6599
6525
6268
6284
6258
6221
5960
6022
5932
6002
5960
5978
5759
5730
5673
5712
5662
5713
5362
5330
5182
5124
5156
5037
4845
4971
4953
4857
4841
4869
4832
4752
4733
4624
4643
4573
4343
4500
4386
4451
4103
4061
4237
4109
4090
3955
3996
3909
3843
3776
3763
3659
3638
3793
3569
3517
3559
3495
3587
3510
3380
3407
3325
3404
3154
3194
3145
3141
3119
3035
3131
3009
2961
3068
2892
2875
2893
2828
2726
2830
2739
2724
2626
2678
2721
2637
2612
2471
2526
2523
2531
2465
2346
2443
2417
2315
2435
2326
2315
2376
2212
2300
2165
2102
2077
2135
2096
2165
2048
2074
2004
2054
2001
1970
1970
1962
1973
1936
1874
1902
1927
1892
1806
1804
1830
1800
1842
1791
1720
1782
1701
1702
1736
1674
1713
1655
1657
1684
1616
1624
1649
1610
1592
1566
1567
1555
1502
1520
1476
1539
1511
1509
1494
1470
1545
1398
1362
1453
1388
1322
1397
1348
1360
1358
1329
1338
1294
1311
1266
1305
1298
1295
1270
1274
1282
1274
1264
1268
1271
1200
1160
1214
1269
1189
1212
1094
1165
1164
1215
1182
1206
1081
1180
1176
1185
1125
1142
1154
1037
1130
1140
1118
1104
1110
1074
1100
1099
1053
1096
994
1046
1065
1052
1062
1027
1040
1019
1042
1025
1025
1010
1006
1049
950
1006
1059
1006
981
965
982
983
1002
1005
936
947
965
982
942
952
947
958
938
949
922
878
920
954
940
940
931
952
911
929
901
878
887
905
894
909
876
913
883
879
842
873
840
888
853
860
871
825
831
847
911
856
837
854
866
856
811
824
830
847
779
850
842
824
810
815
806
826
794
812
801
815
823
828
829
827
790
815
815
776
782
800
783
800
769
766
801
767
758
779
770
801
795
804
804
781
782
776
770
736
756
764
763
751
738
731
752
744
756
743
735
765
750
769
741
742
720
748
747
745
720
734
726
738
717
726
750
753
732
734
716
726
741
705
723
723
709
744
708
710
707
718
743
713
728
722
740
695
709
704
716
694
679
710
688
711
701
708
723
696
707
727
720
690
680
673
680
668
694
694
683
674
689
678
698
675
697
703
672
694
673
681
662
680
669
682
668
671
674
674
675
660
669
678
680
663
669
660
670
661
664
687
650
687
672
663
658
669
658
659
658
663
657
665
664
650
669
666
656
661
658
656
658
665
658
676
657
669
666
668
681
648
665
644
660
636
653
658
653
661
633
648
643
647
656
656
633
642
648
657
656
639
658
631
639
651
631
641
647
646
642
660
653
637
641
638
642
644
622
640
647
628
638
638
635
627
615
634
634
626
645
632
631
634
638
632
626
622
629
634
633
627
627
639
624
623
648
614
630
620
629
624
625
613
632
632
627
629
627
634
628
629
627
617
627
622
629
625
615
625
609
636
638
613
619
623
625
630
627
616
611
612
626
625
618
629
629
622
634
615
623
623
615
625
606
612
616
605
627
617
617
620
614
634
605
619
612
620
625
623
609
626
616
615
628
610
605
615
612
613
606
623
608
612
607
605
623
621
611
620
612
618
606
612
621
619
607
613
605
617
611
620
610
623
623
612
614
618
615
610
612
610
613
607
604
608
605
621
606
601
609
606
608
617
608
610
616
607
604
612
609
613
612
612
599
620
616
600
608
613
603
610
606
601
609
607
603
604
604
605
621
599
606
607
604
600
604
609
608
607
612
605
606
607
602
613
603
614
612
606
605
596
613
613
601
614
610
616
614
612
605
600
616
612
611
616
616
611
605
598
612
601
600
601
606
602
607
607
607
604
591
604
599
605
603
611
599
616
607
598
597
598
610
608
610
599
602
602
605
607
595
598
597
594
602
598
607
601
620
599
621
599
604
605
600
607
610
602
605
602
596
598
609
596
602
598
609
603
608
601
604
606
605
608
603
594
604
606
599
596
605
600
614
604
609
604
603
602
606
602
611
