610
603
613
606
601
605
607
601
610
611
607
608
605
601
601
609
604
610
601
605
599
607
597
595
596
607
604
602
608
604
603
600
609
594
612
607
598
607
603
609
601
604
599
612
600
598
601
611
597
594
612
599
597
597
604
603
594
600
608
599
608
609
601
602
607
601
595
598
604
606
600
599
599
599
603
601
602
606
604
605
605
601
603
602
598
600
601
601
596
602
606
602
600
604
605
606
603
600
615
603
602
605
605
606
604
603
598
607
611
611
599
602
604
602
601
600
613
605
600
607
606
601
614
604
609
603
601
601
599
600
599
604
606
605
599
605
595
606
607
600
601
602
590
605
599
607
598
602
594
603
597
597
600
591
598
601
600
599
602
603
606
606
605
596
598
605
600
603
593
599
599
606
601
614
599
605
604
600
595
604
597
602
606
595
606
610
603
605
596
595
600
598
594
601
589
603
608
589
603
594
596
606
596
606
605
612
608
603
600
606
598
597
600
611
605
594
599
609
598
590
597
602
611
603
607
597
600
598
600
606
597
600
593
604
606
599
603
589
600
598
595
595
605
600
602
597
599
597
603
602
605
602
604
607
599
601
602
598
600
600
603
598
601
602
597
597
613
603
597
602
603
604
600
594
604
602
604
595
600
597
605
603
606
606
603
600
619
600
609
609
622
613
600
611
604
614
597
599
606
599
608
612
598
607
600
599
604
608
604
611
606
609
609
602
602
618
612
609
605
602
618
613
610
619
607
607
611
602
616
621
609
602
621
614
616
625
605
622
612
610
626
618
626
618
619
620
622
613
614
642
615
632
632
631
634
636
634
616
626
640
630
627
644
651
645
665
647
657
650
662
651
668
652
659
669
663
665
678
668
659
691
689
681
710
715
703
723
695
716
713
739
733
739
736
769
759
785
794
809
827
773
824
808
832
790
829
879
867
893
870
940
957
958
949
979
959
1028
1046
1074
1134
1125
1140
1165
1176
1185
1227
1229
1235
1335
1274
1335
1346
1398
1369
1375
1512
1619
1559
1669
1676
1750
1698
1782
1718
1828
1834
1906
1990
2005
1958
2007
2016
2120
2093
2225
2201
2350
2329
2354
2271
2300
2378
2289
2240
2425
2298
2315
2327
2393
2359
2366
2316
2524
2327
2246
2342
2399
2351
2302
2298
2178
2260
2243
2168
2138
2018
2019
2080
2112
1980
1957
1996
1822
1888
1853
1867
1833
1842
1806
1725
1760
1810
1789
1667
1703
1606
1638
1652
1577
1581
1567
1554
1569
1521
1479
1453
1451
1418
1411
1421
1384
1386
1385
1392
1344
1367
1314
1306
1347
1239
1280
1269
1238
1244
1257
1171
1238
1214
1227
1200
1181
1119
1189
1162
1198
1090
1162
1143
1188
1115
1132
1089
1064
1010
1077
1106
1071
1029
1034
1064
1060
1065
1051
1015
1042
1004
1007
1032
1042
986
1023
963
971
987
988
976
970
1011
920
926
920
914
952
936
929
931
905
896
878
954
916
890
914
915
902
877
908
881
858
883
879
839
888
855
861
838
842
838
829
834
827
817
821
823
810
820
855
788
810
805
807
779
780
777
793
776
761
778
768
772
745
791
770
749
760
776
744
741
722
757
752
759
718
761
743
759
759
744
763
757
718
738
742
751
731
721
755
717
735
699
706
727
720
687
723
721
715
740
711
727
697
717
707
709
689
685
715
699
683
661
688
713
688
667
690
667
675
684
688
673
673
681
674
677
658
691
675
665
669
678
673
675
679
658
653
660
657
668
659
674
655
669
662
636
665
654
665
663
663
659
647
662
661
657
649
656
639
662
673
654
637
659
622
652
652
655
645
648
641
643
644
633
635
653
645
652
625
640
646
632
645
641
652
642
623
626
639
638
628
635
648
624
637
640
656
642
641
632
616
641
639
638
639
639
638
646
644
640
609
632
631
636
625
646
618
637
617
621
621
630
627
614
621
637
628
619
622
643
619
622
618
631
617
641
623
613
622
641
627
627
612
622
630
629
623
621
619
622
623
617
617
624
611
621
618
628
630
618
612
612
628
626
617
622
618
620
622
615
621
623
616
620
614
621
600
608
609
615
612
615
628
612
615
619
613
622
632
611
612
615
613
611
606
613
609
610
619
625
597
618
619
603
618
620
613
608
614
620
612
607
623
602
606
609
610
608
613
612
612
604
607
621
601
604
607
605
614
616
608
606
615
603
607
609
608
608
601
608
605
618
605
610
596
604
606
608
609
606
606
607
608
595
605
613
612
602
603
601
603
619
611
604
601
605
609
607
581
603
610
608
604
610
620
619
603
610
607
606
605
610
606
606
602
601
614
608
609
606
608
607
605
611
606
613
604
598
612
601
608
604
604
606
607
604
606
601
611
602
598
603
605
595
606
609
609
610
603
610
598
605
605
598
591
612
600
604
613
612
608
593
605
604
609
609
603
601
605
601
608
608
606
605
603
596
606
600
607
618
598
600
605
604
609
600
607
605
612
609
598
601
609
604
602
601
607
603
610
601
597
604
604
602
618
607
600
616
607
605
607
609
604
604
605
600
614
597
606
599
610
595
599
598
594
608
602
608
607
607
604
604
601
613
610
601
603
600
605
594
603
603
604
602
608
589
607
607
603
604
605
601
598
592
605
597
607
597
603
598
596
604
602
601
605
595
598
609
602
593
598
601
602
596
600
604
592
598
596
602
603
601
606
596
603
597
604
598
605
604
594
596
604
600
612
603
596
605
603
596
601
599
596
605
590
604
598
595
598
603
608
601
603
603
599
604
602
608
598
600
605
611
601
606
592
600
597
597
596
601
595
606
607
601
596
601
588
602
600
597
606
598
597
604
601
607
602
602
603
598
604
600
609
593
606
607
597
603
605
606
605
616
610
601
597
597
606
605
597
605
604
598
599
602
605
598
599
599
599
606
596
599
601
599
595
607
603
599
598
598
603
595
602
607
599
606
605
607
605
598
603
591
597
605
605
602
607
585
606
595
600
601
595
594
602
607
599
606
602
602
593
599
604
598
598
603
598
592
592
597
599
606
599
600
600
604
610
600
596
603
604
597
601
598
605
601
601
593
603
602
595
598
607
597
601
595
604
604
602
604
596
604
598
598
605
595
594
595
597
595
601
604
595
605
603
606
602
602
599
607
594
598
607
599
592
599
600
602
605
595
593
593
604
597
597
599
601
603
598
593
606
600
