616
609
607
601
598
607
607
607
601
597
609
612
610
601
600
606
599
604
602
599
602
607
596
610
602
604
607
606
606
604
601
596
617
600
609
602
605
605
603
602
611
604
611
601
603
612
614
608
604
608
610
598
604
609
606
594
605
602
597
603
605
599
606
611
607
604
598
595
605
601
605
595
603
602
606
602
601
597
610
599
605
603
608
602
607
603
604
610
607
608
608
596
599
603
605
605
596
600
608
596
606
599
607
604
595
603
603
609
606
600
607
612
602
606
611
610
602
610
607
613
608
605
606
599
608
604
605
599
603
608
603
611
601
603
597
595
595
615
606
595
610
602
613
612
599
610
601
604
612
599
605
595
603
598
606
601
600
601
601
603
601
598
604
598
604
604
601
597
602
597
601
604
595
601
602
596
608
595
601
599
595
600
596
603
600
602
603
599
604
595
604
610
595
608
603
604
607
608
610
602
601
605
601
602
600
615
599
604
606
605
606
597
598
610
606
604
602
593
605
601
599
605
606
608
604
592
599
601
607
610
600
600
600
609
608
602
605
598
608
604
599
599
597
605
600
607
608
600
603
594
595
608
603
601
601
604
606
603
612
610
607
597
610
597
603
594
605
603
612
616
602
610
604
605
615
603
612
608
608
600
608
603
607
613
610
598
600
603
592
608
603
603
606
613
610
601
609
607
598
606
611
608
609
614
612
615
608
604
616
605
617
610
608
613
613
625
612
610
615
622
608
607
602
616
621
619
621
624
608
621
616
609
624
608
607
620
626
636
620
632
616
629
630
635
636
632
613
640
630
633
651
640
645
653
635
653
672
649
640
649
651
658
666
663
663
659
669
694
677
682
671
670
689
691
705
700
712
709
723
704
701
724
716
747
762
759
735
759
768
759
746
796
772
790
805
790
847
835
836
862
860
896
886
949
918
939
1000
956
1006
1028
1028
1039
1091
1100
1150
1176
1161
1175
1165
1241
1268
1267
1334
1315
1405
1400
1426
1410
1451
1567
1599
1679
1691
1758
1784
1831
1877
1946
2032
2087
2107
2131
2141
2207
2281
2336
2310
2356
2412
2434
2467
2525
2535
2686
2625
2749
2802
2837
2901
2994
2996
2978
2983
2932
3033
2998
2972
2936
3003
2943
2936
2988
3120
2988
2930
2893
2876
2950
2827
2861
2868
2782
2844
2762
2790
2670
2612
2600
2563
2490
2445
2523
2456
2362
2297
2334
2243
2210
2224
2156
2167
2128
2160
2152
2096
1896
2109
2032
1914
1917
1867
1907
1869
1825
1824
1782
1759
1732
1729
1709
1697
1649
1666
1634
1646
1622
1652
1601
1511
1563
1517
1535
1497
1411
1404
1433
1379
1493
1410
1415
1348
1421
1400
1393
1338
1358
1354
1364
1309
1271
1318
1276
1256
1267
1276
1256
1192
1292
1238
1230
1198
1198
1210
1207
1186
1161
1181
1165
1171
1107
1087
1129
1082
1101
1094
1113
1105
1104
1162
1064
1035
1094
1091
1060
1008
1085
1066
997
981
1045
998
999
1021
1047
961
1011
1012
920
968
990
988
929
969
954
952
952
955
948
949
944
902
924
941
899
916
892
904
912
859
898
817
889
865
866
852
856
853
846
858
874
853
847
837
814
826
841
827
853
852
817
821
800
816
808
831
775
776
783
805
780
816
779
753
773
769
763
790
779
790
762
759
759
731
772
755
720
754
766
745
745
750
727
747
724
747
747
717
708
730
735
746
731
733
722
703
737
688
687
703
692
702
713
723
726
708
734
694
702
682
706
683
703
718
690
681
699
701
719
690
699
696
696
680
672
703
681
675
695
664
668
674
684
691
676
683
685
673
666
665
678
687
668
672
663
658
654
671
663
675
654
670
655
659
652
654
654
656
655
651
666
653
652
655
641
645
640
650
660
649
656
673
667
652
646
633
630
652
643
637
638
644
658
647
638
638
631
636
643
629
641
627
628
626
649
648
630
638
651
621
639
635
652
644
623
634
630
633
626
632
650
621
617
633
628
630
630
637
631
655
627
621
638
628
648
637
624
621
635
626
624
623
623
633
636
625
624
633
612
640
623
617
631
620
633
623
622
617
623
630
628
619
620
632
625
633
625
620
628
625
630
615
617
622
625
616
623
608
620
616
633
612
615
616
617
615
622
607
614
613
631
624
616
608
613
610
616
611
617
621
611
636
618
613
610
612
611
616
611
606
605
620
622
619
615
620
612
613
614
611
606
621
616
611
615
611
621
615
615
612
614
606
609
611
598
613
614
614
602
616
606
614
615
613
608
616
614
608
612
607
608
616
605
613
614
614
606
607
612
614
605
609
614
612
612
607
606
613
621
621
602
613
612
607
614
611
608
599
602
614
616
605
608
612
608
609
612
611
609
611
609
608
606
617
620
600
608
604
600
599
622
604
604
604
603
611
615
603
614
610
598
607
603
604
614
606
605
615
607
602
610
602
606
598
606
605
603
598
614
602
604
598
612
613
612
606
606
602
609
611
616
609
614
606
599
610
609
606
609
600
604
605
605
612
600
597
606
601
617
598
596
607
602
606
607
614
620
610
612
607
609
601
614
604
605
607
608
615
607
607
593
607
604
603
600
608
608
612
612
607
608
599
603
601
600
604
602
594
604
605
608
599
607
599
607
600
602
601
612
605
603
600
605
606
608
597
607
602
604
598
613
600
604
602
599
607
610
615
604
610
605
603
603
590
598
608
596
606
603
604
610
602
596
597
608
605
598
601
600
603
596
604
599
596
598
600
607
605
607
601
596
603
607
599
597
599
602
612
603
614
605
606
603
613
596
606
593
594
607
602
601
594
595
596
596
599
594
605
607
599
599
598
601
596
600
599
594
600
603
610
604
604
606
595
602
600
596
602
605
601
604
604
604
606
601
604
602
598
604
607
606
597
602
599
611
597
603
603
604
603
609
599
604
598
596
601
605
605
596
596
601
603
604
602
597
607
600
599
603
602
607
599
606
603
598
596
598
603
598
601
605
607
604
604
598
606
599
602
599
602
605
596
599
595
608
595
608
603
598
599
601
597
594
601
603
599
608
598
595
598
605
603
611
602
594
607
596
598
599
595
598
599
598
603
594
602
598
605
597
597
605
604
603
594
605
602
601
601
602
606
597
602
599
597
601
589
606
600
598
608
600
594
596
602
605
595
599
595
594
603
598
602
600
597
595
602
602
605
605
597
605
595
592
607
595
603
609
602
594
597
600
