607
612
608
611
613
603
610
610
600
606
602
607
600
601
606
605
607
603
607
603
605
610
604
600
604
602
612
612
609
605
600
601
608
604
602
610
599
609
611
594
611
609
610
605
600
610
605
602
606
602
601
600
599
610
598
599
602
607
603
606
604
602
607
606
608
604
602
596
599
594
602
601
614
600
608
606
600
602
598
603
605
613
600
612
603
611
606
598
602
597
602
606
606
595
609
601
597
604
603
601
602
601
597
605
602
605
606
600
608
604
596
606
601
606
596
599
600
607
600
607
603
604
607
599
595
605
598
593
606
605
603
599
605
599
602
600
603
600
603
597
602
596
595
614
607
608
598
613
603
597
602
603
603
598
606
603
602
601
602
602
607
600
597
601
606
609
607
602
611
610
605
598
597
599
607
602
601
613
608
612
613
601
608
604
608
611
602
603
610
604
609
597
611
611
606
594
603
600
602
600
603
613
606
599
602
597
608
606
604
604
606
606
599
597
597
605
599
597
614
603
596
605
598
606
610
605
604
602
602
593
599
604
600
602
610
601
611
592
609
601
613
604
607
604
610
604
611
605
613
605
609
606
611
616
601
603
605
610
602
607
609
612
609
601
605
609
604
597
608
604
602
605
602
601
617
601
615
602
603
605
605
607
608
605
603
608
610
611
604
607
607
605
594
608
613
616
613
594
604
609
613
610
605
606
623
610
615
608
610
613
611
617
610
611
625
616
613
619
612
617
626
612
606
623
613
616
609
622
631
631
621
619
623
623
620
622
629
615
637
641
637
618
623
630
648
637
635
633
646
656
670
659
653
668
650
684
660
663
675
688
671
694
700
692
674
679
656
699
710
685
694
712
728
724
732
723
694
758
732
717
782
779
722
812
780
803
804
817
813
851
858
842
872
922
903
862
894
932
958
983
956
1009
978
1023
1015
1075
1078
1125
1141
1195
1248
1204
1229
1289
1257
1391
1385
1357
1439
1406
1510
1535
1581
1594
1619
1693
1776
1847
1788
1955
1886
1938
1967
2151
2118
2229
2298
2369
2382
2532
2494
2517
2731
2730
2786
2880
2910
3020
2998
3126
3278
3336
3402
3261
3502
3486
3508
3575
3591
3473
3750
3615
3694
3685
3700
3753
3730
3802
3862
3749
3840
3848
3823
3691
3733
3680
3643
3562
3709
3635
3542
3499
3566
3472
3406
3377
3419
3227
3157
3099
3156
3103
3017
3051
2983
2869
2898
2790
2801
2811
2684
2688
2593
2724
2481
2598
2379
2470
2437
2355
2433
2339
2209
2215
2189
2222
2172
2094
2113
2002
2065
2038
2030
2058
1971
1970
1973
1761
1782
1924
1860
1888
1738
1835
1818
1768
1831
1674
1745
1730
1671
1678
1674
1604
1623
1650
1583
1557
1619
1573
1532
1526
1539
1491
1425
1430
1485
1535
1438
1491
1396
1396
1450
1380
1455
1357
1387
1303
1348
1344
1352
1272
1289
1342
1289
1294
1258
1248
1210
1232
1245
1247
1172
1223
1193
1173
1185
1149
1165
1113
1139
1086
1117
1086
1121
1074
1124
1081
1073
1066
1094
1094
1063
1057
1069
1027
1041
1071
1050
1034
1040
1025
994
972
992
1010
1033
1019
951
992
999
965
979
991
951
920
948
968
917
924
931
937
909
922
896
885
901
889
889
896
884
862
890
871
866
891
852
865
891
852
845
844
856
834
859
831
803
803
827
831
874
855
824
785
810
792
817
864
820
778
783
763
798
754
788
765
773
756
797
762
773
777
788
746
764
774
743
734
772
763
754
758
727
767
757
729
765
728
739
725
749
728
710
734
733
727
711
718
732
740
743
727
716
702
699
721
701
686
698
727
709
711
719
691
716
722
722
684
703
668
705
695
693
688
703
688
697
690
671
686
658
665
677
662
680
689
686
664
685
697
661
672
666
664
643
659
651
664
659
663
696
667
680
656
641
652
665
657
664
654
648
644
661
662
672
640
656
683
656
650
644
665
636
660
653
639
659
643
640
653
651
639
663
633
666
640
640
638
635
648
651
632
639
651
665
665
637
635
637
651
630
643
647
637
653
641
626
635
630
644
630
629
649
650
645
645
647
646
640
631
629
641
634
629
622
635
627
633
618
638
634
627
628
646
623
630
625
622
634
625
632
644
624
621
629
618
633
622
624
621
620
638
614
625
612
620
616
615
621
637
609
632
623
620
614
625
622
609
621
620
616
610
625
609
622
632
625
621
632
631
623
618
625
624
620
620
631
624
610
624
614
620
619
618
623
618
623
604
616
624
629
620
622
623
624
621
616
622
632
605
614
613
628
621
621
620
617
611
613
624
613
613
623
618
616
612
615
611
610
606
608
605
615
606
607
614
614
610
614
610
598
620
607
604
613
608
610
611
613
607
621
616
616
616
610
617
616
620
617
629
613
616
617
610
604
618
608
611
615
608
605
618
610
610
611
613
614
602
616
611
612
621
616
605
604
607
596
605
612
598
610
605
607
620
616
602
603
598
614
612
607
615
603
605
609
597
610
615
608
610
612
603
605
608
611
602
622
612
618
615
607
603
600
613
605
598
620
614
612
604
623
612
611
612
609
616
607
601
609
614
609
606
604
604
613
603
600
601
605
609
611
608
613
611
609
616
601
602
606
596
599
599
595
596
610
601
604
600
608
603
603
598
598
608
599
610
609
596
606
602
610
597
612
601
607
605
611
603
611
604
601
604
606
615
608
605
603
605
611
603
608
611
611
596
605
604
601
611
591
610
600
601
596
604
601
602
603
603
603
602
598
595
602
598
600
604
600
601
607
599
598
608
609
598
606
600
601
602
610
601
598
607
598
605
606
605
604
610
606
599
606
597
601
604
608
600
596
601
608
601
602
603
602
596
599
608
607
608
595
605
605
612
602
598
605
604
610
606
598
603
599
600
603
602
604
614
601
600
593
595
604
604
606
604
607
602
601
603
601
603
602
599
603
597
594
598
601
600
601
596
601
605
603
602
611
613
603
604
603
607
602
599
606
606
603
602
603
595
603
612
599
600
601
594
606
599
606
600
604
600
602
598
610
604
602
606
603
595
608
599
594
602
603
603
603
604
605
601
605
606
603
601
599
602
593
599
602
589
609
599
603
602
596
605
600
606
606
605
597
605
595
616
605
605
600
601
596
596
599
607
603
599
601
600
597
601
600
600
598
601
605
601
600
593
593
596
603
602
606
605
595
604
599
604
601
594
596
593
608
602
598
601
600
601
599
597
594
595
595
602
