607
624
610
605
609
609
607
603
598
599
605
598
606
614
601
597
608
605
606
607
603
605
604
605
606
603
612
606
601
606
616
607
606
607
611
600
602
600
607
604
600
607
610
605
609
599
602
610
612
606
597
601
602
609
602
608
605
608
612
607
606
596
599
602
610
601
610
603
603
606
616
603
601
597
603
601
614
609
613
600
613
611
608
608
607
597
607
596
601
605
604
613
608
607
595
603
601
599
606
607
600
614
604
612
600
598
603
603
602
604
600
607
608
597
601
608
614
593
607
610
602
597
601
600
604
610
600
608
601
602
601
606
598
604
607
608
606
601
606
604
603
601
609
602
612
605
605
598
601
598
597
595
601
605
594
595
597
601
596
613
604
606
610
599
611
603
597
604
599
610
607
604
608
605
605
602
602
604
601
603
600
600
602
596
601
599
608
596
598
608
599
609
599
609
603
606
602
601
614
608
598
604
609
597
606
603
597
605
602
598
606
607
608
607
598
601
599
601
603
606
611
610
613
603
607
606
594
603
603
606
602
598
605
606
602
601
605
591
605
605
605
607
607
601
613
605
599
616
605
613
604
620
612
605
603
606
603
602
610
608
597
606
607
607
601
608
607
611
620
609
604
600
606
621
605
615
604
615
613
600
606
606
609
608
606
615
622
613
613
613
609
615
616
605
611
613
611
617
619
631
630
618
614
619
613
623
627
613
610
613
627
627
622
619
611
621
624
621
617
632
639
636
624
644
627
632
639
649
644
648
639
657
636
647
648
633
646
651
670
664
672
659
673
672
672
659
665
691
659
706
700
695
693
691
719
700
705
735
741
747
712
760
738
733
765
762
780
773
771
780
795
800
814
829
845
849
873
853
866
924
893
899
915
915
968
950
1002
990
1030
1104
1072
1079
1100
1165
1100
1180
1243
1194
1284
1280
1315
1384
1355
1412
1416
1486
1558
1546
1523
1633
1797
1806
1883
1896
1861
1951
2150
2131
2176
2326
2314
2367
2472
2528
2550
2617
2834
2828
2956
3054
3255
3222
3267
3532
3663
3687
3869
4071
4089
4250
4312
4455
4663
4605
4719
4950
5109
5082
5214
5443
5623
5590
5855
5922
6000
6105
6102
6245
6436
6367
6478
6553
6455
6590
6566
6573
6503
6496
6618
6471
6490
6601
6437
6419
6353
6582
6396
6568
6339
6267
6160
5999
6097
5803
5849
5872
5649
5580
5706
5387
5185
5206
5162
4994
4958
4999
4905
4842
4711
4665
4593
4537
4505
4295
4297
4098
4115
4144
3979
3868
3814
3794
3682
3670
3588
3549
3425
3367
3365
3344
3312
3259
3295
3243
3128
3189
3033
3026
2923
2836
2864
2802
2738
2819
2805
2668
2621
2652
2613
2652
2558
2481
2494
2457
2446
2465
2468
2496
2291
2316
2329
2348
2172
2218
2175
2232
2206
2193
2103
2177
2162
2047
2001
2026
2026
2019
1918
1962
2016
1935
1919
1930
1889
1826
1836
1843
1814
1818
1770
1784
1762
1713
1671
1680
1674
1671
1623
1619
1660
1626
1693
1655
1628
1577
1491
1532
1549
1486
1456
1480
1428
1413
1476
1463
1526
1407
1369
1386
1426
1354
1357
1364
1346
1345
1331
1363
1382
1292
1281
1296
1277
1272
1265
1268
1286
1234
1223
1189
1245
1190
1223
1151
1155
1154
1092
1096
1164
1121
1105
1172
1113
1116
1108
1114
1054
1063
1055
1008
1028
1065
1040
1072
1046
1042
1036
1011
986
1030
1025
1002
1024
988
968
935
992
968
963
977
947
970
962
918
962
897
925
950
917
910
906
916
900
895
897
895
912
857
890
894
870
861
870
892
871
870
856
864
847
863
826
823
815
835
830
831
855
809
843
847
794
834
807
799
803
811
811
806
777
794
811
805
784
789
768
803
800
757
762
765
794
796
780
750
794
754
762
763
745
789
749
735
750
776
758
745
766
729
752
722
738
753
719
745
745
740
716
730
716
731
718
719
725
740
691
727
702
734
692
724
716
708
708
700
703
680
708
686
704
690
705
691
712
694
688
698
672
696
693
691
700
674
682
728
685
682
681
684
699
676
699
690
667
661
662
673
685
673
676
670
674
664
668
658
665
670
685
662
660
666
666
661
648
694
644
659
663
671
663
682
655
661
674
656
669
647
684
666
678
681
665
650
650
654
667
659
655
654
648
644
653
645
649
647
639
647
652
668
636
642
654
639
649
643
639
648
648
653
652
638
638
655
649
661
630
650
628
625
650
638
651
650
636
631
621
637
623
645
636
639
641
634
641
641
630
626
635
640
641
638
638
636
638
636
635
632
641
646
625
627
630
631
618
637
630
630
627
630
636
630
636
620
638
632
634
630
626
620
620
620
623
631
622
617
629
623
625
632
619
630
636
619
637
628
629
623
638
620
628
621
624
615
622
616
631
615
623
619
616
612
614
621
628
622
613
620
627
613
618
628
610
623
621
619
623
620
640
607
603
618
617
623
619
633
616
623
623
629
620
622
619
622
622
619
614
605
617
608
622
617
627
608
623
621
613
616
613
624
613
616
623
602
609
613
615
617
612
616
609
621
607
622
611
610
608
618
613
619
605
620
625
620
616
629
615
618
613
621
620
623
622
608
617
609
612
608
618
619
600
604
607
606
608
615
616
601
611
610
605
615
615
613
608
615
610
606
616
618
611
616
617
614
607
602
604
610
612
604
603
606
614
607
619
606
609
600
614
608
601
605
609
615
613
606
599
606
603
611
616
608
608
602
606
596
602
602
610
617
609
604
607
614
611
614
613
614
607
610
615
597
610
599
605
608
606
600
611
596
613
613
611
600
607
596
608
607
609
602
603
603
608
594
601
607
610
601
596
604
615
607
601
608
610
610
611
602
593
609
594
601
597
607
603
602
605
606
609
604
604
604
608
595
602
602
604
603
603
605
608
602
590
600
609
599
601
610
608
607
602
602
599
603
601
603
606
598
603
602
601
606
607
610
608
599
599
601
603
599
605
607
604
606
600
597
595
594
612
602
602
604
602
598
599
596
597
610
600
604
607
597
607
610
608
613
613
597
602
593
608
605
605
605
612
602
602
599
605
603
604
609
601
607
607
601
595
603
604
603
604
598
603
606
603
603
606
607
598
600
609
599
599
597
599
599
597
611
599
612
604
588
601
599
603
606
608
604
599
605
596
605
599
601
605
607
600
599
600
599
597
588
597
597
598
591
597
602
592
600
597
595
602
600
601
606
595
595
603
591
610
603
605
604
599
598
605
605
603
604
599
608
607
607
604
605
600
609
593
599
601
599
606
609
