602
601
605
604
601
609
611
603
608
598
605
610
598
605
595
607
609
612
604
598
610
604
601
602
607
606
601
597
604
601
597
602
603
599
610
603
608
598
597
599
605
609
609
602
602
610
602
605
606
601
611
599
606
599
607
605
612
604
600
603
605
604
609
608
603
608
599
602
616
605
605
602
601
614
609
603
605
604
603
603
607
605
607
605
592
606
598
602
601
600
607
610
607
597
604
615
608
606
609
606
595
604
608
598
604
609
599
602
605
603
602
606
605
599
599
607
612
600
597
615
606
608
607
601
607
602
600
611
601
608
605
603
611
606
602
602
600
600
610
610
593
599
606
598
596
609
607
599
594
595
598
597
598
601
606
608
613
595
600
599
610
597
610
602
609
614
599
609
604
600
604
606
603
608
605
604
598
607
610
606
611
607
607
604
597
598
596
606
606
602
602
600
604
599
603
599
594
609
605
602
599
610
593
607
602
607
596
598
605
601
598
608
600
603
603
609
609
601
596
603
606
596
594
601
606
600
609
598
608
605
603
611
606
607
614
602
608
610
610
601
609
601
608
603
605
608
596
595
609
605
600
602
607
608
598
611
613
608
607
611
606
604
591
604
609
605
614
607
606
608
612
608
613
604
611
599
614
608
609
607
613
609
598
609
621
609
616
604
612
610
614
611
606
612
614
604
603
618
613
610
620
624
620
610
618
618
611
620
626
620
618
622
621
617
626
611
616
625
620
645
622
619
635
624
615
632
635
623
628
620
626
619
629
645
643
634
643
655
647
657
649
662
654
653
661
653
685
655
666
658
659
657
679
669
698
682
706
698
697
690
721
698
724
722
751
725
764
735
742
751
753
805
761
800
793
791
812
793
838
837
848
824
868
879
880
911
915
933
958
969
1005
976
1046
1083
1021
1112
1084
1123
1169
1225
1205
1184
1254
1285
1335
1319
1374
1366
1352
1488
1516
1557
1548
1594
1687
1756
1815
1812
1842
1943
1952
2002
2140
2211
2270
2308
2328
2420
2568
2708
2773
2825
2759
2954
3067
3021
3210
3378
3225
3535
3711
3696
3764
3843
3926
4131
4298
4247
4424
4609
4569
4774
4748
4874
5071
5026
5067
5383
5355
5287
5516
5416
5515
5557
5508
5565
5522
5551
5672
5567
5582
5561
5637
5572
5596
5403
5354
5416
5373
5254
5338
5150
5139
5104
5007
5055
4733
4672
4641
4705
4520
4629
4322
4418
4280
4231
4226
4013
4051
4056
3886
3911
3753
3757
3634
3603
3543
3559
3504
3356
3381
3273
3244
3173
3144
3120
2994
2884
3047
3008
2938
2897
2825
2787
2805
2798
2647
2631
2582
2474
2594
2465
2459
2381
2416
2369
2371
2462
2414
2281
2316
2333
2275
2205
2154
2265
2165
2225
2138
2100
2159
1990
2018
2082
1999
2011
1962
1940
1943
1860
1850
1862
1811
1883
1768
1783
1818
1792
1788
1753
1733
1738
1732
1705
1696
1653
1621
1600
1633
1587
1606
1604
1560
1605
1580
1614
1575
1480
1486
1440
1452
1465
1487
1450
1484
1442
1436
1410
1401
1378
1390
1356
1322
1361
1366
1319
1338
1352
1323
1308
1281
1255
1268
1234
1281
1161
1163
1216
1229
1183
1216
1182
1164
1171
1138
1116
1175
1159
1107
1127
1140
1133
1116
1087
1061
1094
1095
1089
1081
1082
1019
1028
1036
1008
1008
996
1006
1007
1008
1014
987
1022
949
979
950
951
944
960
945
938
937
948
936
946
915
942
920
927
887
871
903
908
920
903
878
892
898
887
884
837
880
888
879
848
851
855
850
820
895
872
827
844
823
861
838
807
874
822
830
776
806
809
802
805
801
800
799
786
783
807
769
814
782
762
779
778
793
757
754
769
768
775
749
763
749
750
756
747
754
754
715
734
734
766
765
712
743
730
733
716
735
732
727
714
740
726
730
737
710
719
704
727
722
724
731
708
707
701
708
676
709
698
700
710
705
700
707
684
699
682
706
715
679
687
688
671
692
698
697
698
699
691
672
667
683
665
668
710
692
682
690
680
671
673
667
673
672
665
670
699
681
673
669
666
691
652
676
666
674
683
672
657
661
645
652
667
657
648
654
671
665
646
652
649
651
663
665
652
656
641
659
652
672
654
652
660
642
650
646
637
642
656
645
665
636
646
652
663
639
647
646
645
645
638
632
639
643
627
643
637
645
643
650
637
649
641
649
643
635
650
648
630
638
643
630
635
637
631
645
637
640
631
631
637
631
653
638
624
630
633
620
636
624
637
630
638
624
629
624
626
644
638
619
631
635
615
636
624
619
633
620
642
627
618
616
609
620
624
627
620
608
623
621
629
621
621
622
613
625
623
630
634
620
614
621
621
624
617
615
608
627
621
623
607
618
637
628
627
616
613
614
630
626
619
617
629
618
616
613
608
621
623
616
611
609
622
615
616
618
619
612
613
610
624
609
624
615
621
618
613
614
602
616
612
625
624
611
616
615
622
612
615
610
607
619
618
612
616
614
607
616
611
615
612
612
607
605
611
609
603
637
617
621
610
616
612
612
616
603
614
613
609
615
618
619
622
615
611
616
617
613
608
601
612
615
617
615
615
615
610
601
606
603
609
613
609
607
606
619
599
622
610
610
607
610
596
614
605
602
612
601
605
606
612
614
602
603
610
606
604
606
612
605
608
610
600
610
608
615
602
611
605
607
609
609
608
607
601
597
612
605
605
600
605
605
613
604
599
600
598
603
608
604
590
610
604
606
598
604
601
612
606
606
606
599
598
606
604
601
613
603
609
603
608
611
606
601
612
615
599
616
601
599
613
605
602
609
603
603
604
605
608
609
596
598
597
606
609
605
607
610
599
604
614
602
608
607
602
598
599
603
604
610
601
606
611
602
598
603
596
604
609
602
604
602
606
604
604
598
606
602
605
597
598
594
598
599
604
608
598
602
593
599
602
609
608
608
604
603
602
599
600
603
596
604
594
590
596
590
600
596
608
605
596
593
604
602
596
604
601
606
598
602
603
600
597
592
605
597
604
602
601
610
599
597
598
600
607
590
601
595
603
598
604
603
606
600
602
603
608
607
588
606
606
604
606
601
601
601
604
610
593
606
598
594
598
600
603
600
600
605
601
599
606
600
594
600
608
602
600
602
601
606
600
605
593
604
597
606
598
601
602
597
600
605
599
603
598
600
602
602
600
599
601
599
605
601
606
592
604
597
607
590
605
599
606
600
596
606
597
600
609
605
601
595
607
602
600
597
599
594
604
599
604
604
590
604
606
594
598
