612
599
616
605
601
607
608
609
607
606
597
605
603
603
606
610
611
611
603
616
596
597
604
611
601
605
609
607
605
613
608
596
599
604
606
595
603
604
605
605
595
599
596
600
607
610
602
606
606
606
600
602
602
608
606
616
608
607
599
607
594
606
606
603
604
597
607
609
602
594
606
598
606
602
602
607
601
598
604
605
605
611
594
611
613
593
606
612
601
611
607
601
595
603
602
595
603
610
600
608
608
599
605
605
598
604
602
598
605
607
600
602
601
613
603
601
602
605
601
604
598
605
608
613
605
604
606
594
604
605
596
602
603
608
603
602
602
602
598
608
601
606
602
603
602
604
602
595
606
598
607
599
608
602
589
597
614
610
613
605
612
604
605
608
606
605
610
612
599
600
598
614
596
613
606
596
611
601
602
609
607
604
611
603
601
597
600
604
604
602
611
595
608
608
608
601
605
603
609
607
604
598
616
599
602
609
604
597
604
599
604
603
611
605
613
610
595
613
613
597
604
606
598
606
605
613
604
615
603
596
606
610
613
611
601
605
595
607
609
610
616
612
604
622
611
596
608
616
605
608
601
607
607
614
614
611
602
616
610
607
612
607
599
612
606
618
611
622
617
614
611
611
617
608
616
606
616
597
608
603
621
614
611
616
602
605
618
613
609
603
615
615
618
614
614
623
604
624
631
624
612
611
632
625
615
621
627
628
615
620
636
632
643
628
621
622
642
641
629
637
626
658
634
632
628
638
651
644
673
652
664
644
662
661
656
657
653
652
659
643
662
666
667
668
673
680
677
692
694
693
756
709
685
712
719
726
745
731
726
727
761
756
769
794
768
793
809
802
825
823
822
837
831
856
867
884
874
870
959
951
909
957
997
991
1008
1057
1088
1030
1097
1084
1109
1174
1167
1183
1219
1285
1259
1323
1375
1369
1386
1495
1489
1479
1629
1654
1670
1708
1800
1720
1850
1894
2016
1964
2011
2226
2250
2361
2374
2579
2518
2562
2669
2752
2879
2998
3104
3248
3263
3328
3652
3614
3806
4044
4010
4020
4352
4473
4549
4643
4834
4916
4976
5173
5356
5567
5711
5627
6032
6020
6240
6205
6439
6552
6737
6947
6871
7116
6937
7419
7242
7272
7433
7374
7420
7513
7394
7492
7525
7342
7368
7453
7272
7368
7293
7275
7160
7055
7054
6949
6842
6855
6840
6741
6564
6456
6406
6415
6201
5980
6080
5731
5804
5743
5750
5618
5516
5324
5205
5292
5132
5111
5011
4843
4829
4677
4604
4699
4596
4401
4367
4254
4127
4045
4103
3988
3988
3925
3709
3850
3742
3712
3760
3589
3448
3480
3407
3316
3350
3091
3244
3167
3190
3198
3083
3057
3048
3006
2971
2888
2819
2916
2762
2829
2721
2662
2661
2630
2654
2535
2520
2593
2490
2484
2439
2414
2390
2369
2358
2344
2344
2220
2328
2303
2231
2272
2301
2169
2168
2100
2101
2038
2056
2016
2108
2003
2027
1917
1967
1942
1874
1931
1864
1807
1869
1871
1862
1792
1822
1759
1804
1746
1722
1743
1750
1657
1656
1701
1650
1656
1604
1674
1575
1537
1545
1485
1588
1473
1452
1450
1453
1420
1452
1438
1368
1395
1444
1392
1380
1376
1403
1338
1351
1318
1300
1305
1290
1356
1283
1234
1255
1285
1239
1273
1232
1190
1215
1237
1232
1215
1173
1207
1153
1168
1172
1141
1174
1113
1125
1127
1108
1121
1113
1130
1065
1094
1083
1052
1100
1022
1035
1018
1060
1074
1029
1046
997
1020
962
1005
1021
1000
989
973
957
975
974
968
977
946
947
935
990
949
947
938
964
919
912
904
895
892
886
914
908
881
852
881
886
879
851
856
892
870
905
843
878
881
835
862
829
827
830
819
807
827
806
838
826
815
778
805
846
804
794
788
779
813
819
792
798
794
802
800
780
797
754
762
752
774
750
770
783
740
780
762
785
755
746
778
748
743
749
722
739
753
749
748
737
718
745
753
736
725
747
717
709
736
711
746
700
751
707
709
734
718
694
715
716
720
700
709
721
722
712
714
699
703
691
713
708
698
739
687
700
697
698
702
693
677
692
669
699
693
692
682
709
690
706
687
699
697
677
686
694
673
659
691
671
709
672
669
689
684
674
679
668
662
675
648
672
688
655
671
684
664
682
668
646
651
659
655
654
677
654
660
675
658
656
672
656
651
656
651
654
679
641
665
661
665
659
657
659
648
644
665
653
643
645
641
645
642
639
662
644
651
657
647
654
635
653
667
646
633
640
636
656
640
647
636
650
633
637
652
641
642
645
637
643
642
631
641
627
640
632
644
626
631
639
627
645
635
636
642
636
631
632
621
629
622
637
620
640
631
635
634
623
642
632
633
653
629
621
626
634
623
633
646
629
622
641
628
635
620
615
635
605
631
631
618
618
625
632
628
627
625
627
623
615
647
631
621
622
626
607
625
610
596
616
624
622
629
612
614
612
622
615
615
628
622
623
634
622
614
622
622
612
623
631
609
629
616
618
619
607
629
634
623
626
628
617
615
627
615
621
624
629
612
621
619
625
610
602
625
627
614
613
619
612
616
617
620
611
605
624
611
612
627
611
624
622
614
617
622
613
610
611
619
613
604
629
621
606
613
610
614
610
613
606
612
618
623
616
611
605
608
612
603
613
613
605
611
602
613
613
606
614
610
602
607
600
612
601
618
616
614
612
620
614
603
608
619
596
607
611
617
599
618
615
612
607
605
606
613
609
615
598
610
614
609
609
602
607
612
602
617
607
596
614
610
608
615
610
606
606
611
611
607
604
607
602
606
607
606
607
613
604
603
610
599
608
626
608
603
610
605
614
607
611
601
608
601
610
601
602
608
602
616
620
605
605
610
594
611
603
604
607
607
610
601
604
600
605
594
607
603
606
603
611
603
616
608
602
603
601
608
599
611
601
600
600
614
598
600
610
613
599
602
603
598
603
598
612
608
601
603
605
605
605
605
602
601
607
601
599
603
604
592
602
609
606
599
606
607
607
602
598
598
599
600
610
604
596
603
604
598
598
607
604
611
608
609
604
599
607
600
605
595
591
603
602
600
604
605
595
596
605
603
609
595
596
599
606
594
600
603
599
606
595
602
605
602
608
607
596
600
597
600
608
597
594
600
604
603
596
607
602
599
598
610
607
605
595
598
605
605
601
595
596
599
596
603
597
604
596
601
603
596
599
602
611
600
605
598
602
607
596
596
609
597
594
600
596
603
599
595
607
601
604
596
603
610
607
604
604
602
601
604
601
602
600
596
597
599
613
600
600
596
601
603
