612
603
606
615
607
609
604
600
607
598
608
606
611
614
616
606
596
605
601
618
613
599
604
604
599
602
610
611
605
605
608
612
602
608
607
605
603
604
606
599
598
607
609
606
597
615
597
603
608
605
602
603
603
602
610
608
615
608
602
606
608
613
611
604
609
600
610
610
609
595
599
615
598
600
608
604
614
597
608
604
595
617
610
603
596
608
602
600
597
610
601
601
592
604
603
606
605
600
599
609
599
599
595
598
603
601
610
600
600
604
605
603
604
602
606
610
600
597
600
607
602
610
611
603
611
608
607
612
597
598
603
601
602
608
608
601
612
605
604
599
602
602
611
601
610
603
605
603
604
605
610
604
612
598
608
598
606
609
598
600
603
603
606
607
601
612
606
604
607
597
609
606
600
614
614
608
604
607
606
608
612
608
608
595
607
608
611
603
607
603
612
600
609
604
607
606
604
601
595
604
602
599
602
616
605
605
603
603
603
607
601
608
603
604
612
605
596
605
607
612
608
599
616
606
608
613
611
614
605
607
593
610
612
603
604
608
611
606
616
608
609
605
604
600
610
601
604
603
612
602
603
611
613
611
610
607
608
605
609
613
610
605
605
617
607
618
606
609
610
608
615
604
613
619
615
619
611
609
619
618
616
611
611
611
618
608
619
614
606
619
628
618
615
608
633
615
629
617
611
629
630
630
610
622
619
631
632
628
630
619
624
629
647
628
621
632
627
628
630
632
635
638
654
640
646
643
645
635
638
645
646
650
649
653
656
673
673
641
664
672
668
689
689
710
681
666
697
699
691
719
707
717
735
752
738
755
735
764
753
772
740
755
759
791
805
780
793
808
823
840
826
855
899
851
882
903
912
948
976
963
988
980
963
1098
1043
1010
1050
1083
1137
1165
1204
1186
1172
1204
1287
1308
1357
1411
1498
1447
1491
1519
1604
1607
1668
1657
1773
1746
1847
1813
1956
2001
2052
2175
2209
2279
2395
2503
2456
2655
2741
2742
2855
2936
3037
3187
3341
3375
3462
3687
3701
3879
3923
4165
4273
4324
4736
4741
4846
5050
5094
5334
5419
5545
5801
5725
6072
6060
6276
6585
6675
6725
6781
7020
7253
7120
7275
7708
7569
7744
7837
7944
7841
7803
8069
8075
7855
7991
8001
7950
7866
7997
8027
7850
7813
7760
7903
7646
7514
7513
7659
7304
7274
7295
7187
6916
6821
6873
6604
6619
6491
6262
6267
6262
5983
5862
5828
5673
5650
5638
5485
5571
5144
5201
5106
5123
5012
4852
4771
4772
4658
4581
4402
4524
4358
4276
4314
4251
4044
4169
3965
3965
3829
3689
3814
3733
3527
3526
3508
3362
3396
3381
3202
3199
3310
3254
3078
3126
3043
2955
3149
3083
2949
2904
2841
3021
2800
2746
2897
2763
2685
2705
2671
2675
2629
2425
2575
2504
2548
2552
2498
2500
2429
2426
2478
2322
2320
2273
2296
2229
2260
2219
2122
2074
2135
2154
2124
2007
2025
2032
2102
2023
2024
1947
2041
1960
1967
1887
1826
1894
1812
1771
1879
1840
1791
1831
1802
1740
1748
1679
1665
1726
1695
1672
1597
1599
1645
1621
1582
1583
1540
1623
1562
1543
1502
1523
1530
1415
1492
1395
1371
1413
1413
1381
1446
1347
1360
1377
1364
1354
1307
1316
1258
1332
1280
1340
1337
1277
1268
1242
1214
1208
1209
1235
1230
1154
1171
1177
1141
1179
1151
1154
1151
1136
1139
1119
1063
1061
1090
1097
1070
1096
1086
1088
1053
1065
1087
1068
1036
1059
1006
1026
1045
969
1042
1029
1022
1020
1005
973
1016
971
963
949
937
945
953
992
917
921
907
925
884
955
901
894
924
916
909
920
866
878
884
887
900
867
865
872
880
863
871
872
856
867
822
841
865
847
834
860
803
825
844
803
804
835
826
819
836
791
834
816
778
798
815
755
786
805
778
794
769
774
778
802
784
780
779
790
786
772
761
775
782
788
747
787
778
750
739
773
750
778
730
742
733
717
775
741
719
715
743
710
741
725
776
727
735
735
733
728
713
721
709
708
728
698
707
722
707
703
725
715
689
709
710
730
724
729
722
694
708
680
699
702
687
698
691
670
713
693
683
702
718
703
679
666
687
712
694
677
681
697
667
695
695
682
671
675
666
664
671
678
661
667
655
679
651
673
667
670
689
686
679
676
687
680
672
667
663
680
673
659
654
653
676
657
652
678
668
674
649
649
656
677
661
686
660
651
667
646
653
660
649
656
652
649
656
644
648
658
651
632
640
639
642
642
645
643
646
638
640
665
639
633
660
659
652
653
635
627
651
637
645
641
624
648
637
641
634
643
641
660
621
632
637
645
643
640
637
635
633
661
625
641
644
637
640
639
632
625
639
629
639
628
618
634
629
621
644
622
622
637
611
614
630
629
619
620
620
636
640
625
630
612
631
629
613
625
632
636
621
623
616
620
629
634
621
637
635
613
621
623
623
619
624
628
612
627
633
620
625
607
634
635
633
625
622
618
622
628
613
613
614
624
628
625
612
615
621
621
624
627
605
621
612
619
637
621
620
616
623
623
611
624
611
620
624
609
615
631
621
600
620
615
610
609
611
616
616
630
620
619
617
616
620
616
610
614
615
614
621
616
619
615
615
611
607
611
616
611
613
617
607
608
612
620
612
603
619
611
619
611
615
598
615
614
607
621
608
607
607
618
624
611
604
610
605
613
598
616
616
604
617
600
608
607
603
614
614
611
620
613
607
612
605
611
602
598
613
609
611
613
602
613
608
607
610
611
603
606
602
609
611
611
615
614
612
619
609
600
601
608
607
602
610
615
608
608
602
601
601
616
611
603
600
609
604
602
604
600
611
614
599
605
612
605
615
612
606
605
607
602
604
604
606
607
605
606
600
602
598
597
603
605
609
602
612
601
598
605
612
611
594
614
600
608
594
605
602
592
609
605
598
608
603
606
607
597
592
610
597
603
603
600
611
597
598
607
598
609
606
594
601
615
601
606
600
598
598
600
604
607
603
596
592
598
603
599
599
599
606
587
601
613
604
603
602
600
606
598
605
597
595
597
603
599
604
607
600
609
598
603
598
601
603
620
600
612
604
604
608
610
593
606
599
601
599
609
607
601
599
602
597
599
600
607
603
599
592
596
607
602
600
599
600
607
607
603
597
598
603
600
604
606
604
601
608
598
613
598
603
614
616
612
608
605
611
603
608
593
604
610
603
602
605
604
605
606
599
601
593
599
606
599
603
598
597
599
604
604
598
597
603
594
601
599
606
593
596
596
596
599
597
596
599
602
597
599
594
603
