600
602
611
604
614
605
606
611
598
606
606
603
598
606
609
607
600
613
606
602
603
605
605
604
604
603
604
600
602
609
600
608
604
602
602
599
603
602
607
607
603
596
597
605
602
603
608
609
603
607
607
594
605
605
598
601
607
608
603
597
605
594
604
599
605
601
604
599
598
605
606
610
611
601
609
605
596
609
602
606
597
603
603
602
589
600
604
604
611
602
599
599
604
601
602
595
598
621
602
602
600
599
595
608
604
602
605
611
602
611
594
603
607
599
610
601
605
612
607
605
602
611
598
606
602
605
603
596
607
600
598
607
599
595
599
598
598
604
597
604
606
607
610
604
606
601
600
592
598
598
603
608
598
604
605
594
600
600
613
603
601
605
608
610
597
607
607
603
603
610
599
600
614
615
609
613
605
606
604
609
605
603
603
601
605
605
608
597
599
596
597
610
606
610
609
592
612
612
596
606
600
604
611
609
615
601
616
604
609
603
610
606
608
619
604
606
607
611
606
604
606
614
602
598
607
614
595
610
622
601
604
615
602
606
613
606
614
611
605
597
608
607
609
609
601
608
606
611
602
621
609
606
599
618
615
607
614
610
612
606
604
618
609
609
609
610
600
611
609
611
620
610
617
612
610
617
604
609
625
619
613
619
618
618
604
622
622
610
622
625
616
629
619
610
605
621
620
619
622
616
632
620
616
633
641
630
631
629
627
631
650
627
627
639
636
641
619
639
661
641
654
644
636
636
648
651
644
654
652
650
674
657
671
665
675
671
659
701
692
709
683
681
666
692
702
693
693
702
706
714
708
754
727
753
739
759
759
748
778
752
828
814
825
775
837
815
864
822
858
889
892
870
941
893
969
948
994
998
1015
1014
1038
1085
1041
1120
1139
1166
1207
1225
1199
1263
1278
1292
1346
1373
1352
1471
1504
1533
1538
1595
1597
1687
1698
1810
1854
1891
1942
2027
2083
2071
2199
2311
2207
2333
2511
2642
2597
2747
2866
2866
2962
3174
3294
3291
3506
3611
3756
3779
3846
4178
4284
4388
4500
4697
4953
5035
5256
5427
5605
5804
6026
6140
6266
6582
6551
6766
7069
7195
7267
7397
7646
7909
8097
8324
8213
8260
8711
8780
8925
8997
9019
9117
9035
9195
9276
9306
9193
9351
9248
9318
9136
9372
9027
9058
9006
9110
9133
8800
8954
8738
8942
8660
8642
8566
8187
8271
8006
7684
7869
7561
7539
7585
7296
7076
7114
6915
6853
6626
6890
6520
6415
6341
6283
6222
5986
5739
5691
5613
5588
5555
5258
5215
5149
5135
4910
5022
4799
4781
4728
4590
4542
4553
4442
4403
4311
4167
4115
4127
4019
4119
3925
3868
3811
3745
3701
3641
3610
3660
3642
3610
3591
3594
3488
3425
3399
3354
3380
3305
3278
3171
3085
3156
2979
3008
2982
2846
2940
2894
2954
2961
2813
2789
2804
2802
2760
2764
2647
2596
2814
2551
2538
2616
2485
2522
2524
2410
2404
2419
2287
2330
2238
2295
2220
2308
2251
2209
2240
2192
2136
2090
2184
2102
2098
2050
1957
2091
1960
1928
1923
1961
1841
1922
1896
1821
1737
1859
1747
1798
1764
1762
1787
1771
1825
1726
1717
1581
1667
1702
1649
1640
1611
1578
1552
1556
1593
1591
1590
1472
1517
1491
1503
1456
1449
1462
1460
1443
1422
1417
1362
1412
1372
1314
1359
1330
1316
1315
1309
1322
1287
1322
1305
1238
1277
1239
1281
1247
1239
1244
1245
1203
1184
1183
1152
1186
1139
1127
1132
1122
1156
1141
1134
1168
1116
1105
1136
1126
1068
1075
1064
1123
1049
1077
1053
1034
1076
1025
1046
1015
1045
1001
1051
1005
1021
989
955
964
1007
999
959
956
957
967
953
918
936
951
933
908
951
944
915
911
907
888
915
899
883
880
849
908
883
841
892
851
837
851
842
799
887
868
868
850
856
837
821
832
846
842
818
829
838
839
830
787
787
814
796
805
834
821
790
775
762
786
804
815
789
783
792
770
777
770
766
768
795
746
754
780
759
742
771
752
746
760
761
769
748
749
768
756
748
758
734
728
742
734
719
723
765
719
745
728
728
746
693
710
732
726
694
725
729
715
717
716
739
718
710
713
709
698
718
715
707
715
717
714
701
711
691
695
705
695
698
710
707
718
675
669
702
679
689
689
698
698
708
691
702
702
672
698
676
692
675
667
675
684
680
692
665
681
689
648
658
665
686
675
652
675
667
666
665
660
671
644
673
658
650
662
681
661
667
679
670
672
663
646
658
647
662
675
654
659
668
653
662
666
679
658
662
671
658
652
657
655
659
656
648
652
638
642
653
651
656
652
649
649
666
641
643
662
656
639
657
638
645
640
650
647
641
641
634
639
631
645
636
637
662
647
637
629
637
631
637
628
629
653
634
649
636
631
638
640
636
629
638
627
646
638
628
640
635
637
622
634
634
627
621
630
630
635
625
633
622
629
637
627
633
626
609
619
635
624
624
627
627
617
632
623
629
619
620
629
629
628
633
634
625
619
624
624
619
628
633
632
612
621
620
620
623
611
626
623
613
626
626
623
624
624
626
620
624
614
619
604
622
613
632
631
617
614
625
627
613
603
628
621
621
621
633
626
611
620
611
621
616
607
616
620
612
636
618
606
611
616
615
613
618
605
609
613
609
621
614
624
610
612
618
611
623
614
619
624
613
620
610
609
605
614
618
624
619
605
606
613
611
612
602
616
631
616
608
613
618
609
612
611
613
618
608
610
612
602
611
610
610
615
603
617
604
609
611
612
618
602
605
607
595
612
609
602
608
610
612
611
602
595
610
617
613
623
605
617
601
606
616
605
607
614
606
597
616
605
604
610
601
612
592
602
608
598
604
600
604
600
605
607
599
607
604
603
608
613
608
604
602
602
612
605
593
620
605
603
607
610
605
607
603
612
597
603
601
605
608
601
602
603
615
604
603
604
611
604
611
610
602
602
610
611
600
601
607
611
608
608
611
609
597
605
611
604
600
617
604
611
598
613
596
596
605
600
606
599
599
600
607
605
599
608
598
597
607
604
602
600
605
597
604
614
604
601
606
602
604
601
597
600
604
598
601
603
598
596
599
596
600
603
604
610
604
597
612
592
593
600
600
599
601
598
605
606
597
609
604
603
595
608
597
605
605
596
607
596
595
607
600
611
599
603
605
597
599
610
597
601
598
595
599
606
592
595
599
601
607
602
605
600
603
605
600
604
603
604
605
601
601
605
621
592
602
604
596
599
601
598
601
604
601
600
603
603
600
600
603
597
603
603
596
595
595
611
615
589
605
597
604
609
601
601
607
591
