605
612
611
600
607
603
616
605
605
609
606
617
605
617
606
602
611
598
598
602
613
603
613
611
596
609
610
600
604
603
615
614
601
613
606
612
609
608
615
600
602
604
603
612
607
598
591
596
592
604
596
605
604
607
611
601
601
606
604
603
600
604
602
606
604
604
611
611
601
603
596
605
596
602
605
598
599
597
607
600
605
605
600
603
611
603
597
605
603
603
604
607
607
603
600
606
605
598
603
613
596
603
606
610
598
607
601
605
600
602
600
595
607
599
607
598
605
605
598
605
605
604
601
604
604
597
603
608
602
609
611
604
601
606
602
602
609
605
607
603
608
609
604
597
601
607
608
605
605
605
602
609
605
595
604
608
600
602
599
613
602
603
597
603
606
599
612
609
596
618
598
599
603
609
595
610
593
604
595
605
605
602
605
603
614
602
600
609
612
603
603
604
622
606
602
606
606
604
595
605
601
599
614
605
606
599
607
612
618
605
607
606
604
608
615
614
608
601
604
598
614
604
610
613
606
603
611
604
605
605
613
605
606
616
614
597
617
617
602
602
608
608
608
616
604
607
611
608
608
620
609
603
615
615
601
611
603
613
606
605
609
614
606
614
610
608
613
608
615
616
611
625
612
618
611
605
607
611
620
613
612
626
608
628
610
633
615
615
619
616
620
620
618
610
632
613
640
618
608
614
636
632
622
622
635
635
612
637
635
618
632
620
635
627
653
634
639
646
633
633
656
640
639
646
638
665
670
650
659
655
663
665
658
661
662
673
678
676
681
675
705
710
692
697
694
729
678
718
727
725
723
745
724
733
733
772
766
774
765
764
768
791
799
830
846
844
864
885
852
915
860
890
903
924
974
965
964
957
1045
1029
1065
1045
1081
1129
1098
1146
1217
1183
1243
1239
1243
1274
1366
1345
1447
1407
1441
1444
1583
1564
1659
1717
1734
1745
1807
1851
1925
2002
2046
2145
2169
2305
2319
2349
2534
2500
2545
2800
2903
2994
3076
3172
3230
3284
3637
3561
3767
3908
3981
4083
4310
4395
4597
4577
5002
5105
5406
5437
5596
5915
5842
6148
6336
6464
6775
6887
6963
7219
7360
7465
7621
7922
8190
8300
8368
8538
8702
8713
8878
8968
9482
9250
9234
9417
9553
9414
9299
9319
9420
9391
9421
9491
9419
9291
9314
9128
9411
9132
9233
8960
8894
8777
8688
8501
8380
8237
8165
7907
7899
7792
7551
7464
7403
7359
7283
7115
7122
6717
6765
6662
6593
6429
6344
6364
6121
6206
5850
5725
5676
5486
5324
5494
5356
5217
5236
4951
4849
4785
4861
4637
4625
4506
4441
4499
4329
4375
4269
4303
4191
4039
4060
4112
3922
3963
3898
3802
3746
3718
3591
3559
3661
3491
3588
3467
3488
3446
3433
3350
3228
3303
3159
3304
3082
3106
2993
2972
3029
2994
3009
2935
2927
2820
2925
2948
2852
2836
2783
2777
2638
2675
2599
2687
2672
2504
2553
2529
2490
2431
2348
2343
2340
2345
2292
2256
2322
2321
2258
2229
2266
2283
2143
2049
2096
2121
2065
2127
1986
2064
1998
1966
2014
1971
1930
1914
1907
1830
1837
1795
1843
1779
1725
1743
1750
1722
1798
1738
1649
1738
1667
1648
1653
1622
1644
1631
1627
1465
1508
1581
1535
1556
1474
1521
1467
1383
1470
1442
1459
1452
1414
1470
1392
1398
1416
1358
1313
1334
1357
1374
1319
1326
1272
1341
1268
1261
1269
1287
1203
1180
1285
1253
1227
1194
1234
1247
1219
1203
1152
1151
1192
1159
1094
1099
1123
1191
1041
1130
1086
1063
1123
1069
1082
1043
1026
1083
1037
1005
1023
1048
1018
1036
1023
1047
1055
1021
986
973
982
966
972
978
989
952
973
973
935
935
909
940
925
916
895
896
916
924
912
883
905
870
904
916
917
888
891
871
874
870
884
869
902
853
874
855
858
830
857
862
848
834
843
823
826
854
858
854
834
807
795
805
805
848
812
821
824
805
851
796
821
787
801
783
760
794
819
795
797
805
766
793
771
797
760
736
770
742
776
762
740
760
730
784
760
740
749
733
741
759
747
734
734
713
752
748
719
721
743
710
710
715
738
726
716
738
725
713
731
726
719
721
727
698
726
730
723
701
687
727
715
717
706
718
711
706
698
705
697
677
696
700
688
680
690
680
679
683
669
697
676
663
701
683
674
715
674
687
689
657
665
669
677
673
683
688
677
722
687
682
680
667
670
661
680
671
679
676
671
674
667
687
677
662
668
653
669
667
654
660
668
676
680
658
668
657
670
669
650
655
667
679
652
664
656
683
653
639
643
657
661
667
657
642
640
665
649
640
646
642
661
654
656
653
656
636
650
648
643
672
639
636
657
640
645
637
651
641
647
635
637
633
641
628
634
652
653
634
647
637
640
632
631
632
638
636
645
646
626
634
636
644
630
636
619
633
631
622
628
630
641
627
624
647
624
629
629
632
642
630
629
643
630
629
618
619
627
621
618
624
628
629
615
619
635
633
622
622
623
630
623
622
615
622
626
643
619
617
619
634
630
608
623
630
621
627
615
623
617
624
611
630
620
620
616
633
602
620
615
609
624
627
623
618
615
626
619
628
614
607
618
620
615
625
624
615
610
618
624
620
611
627
610
617
634
615
627
617
621
612
632
615
599
617
607
615
616
613
618
611
620
616
622
613
614
613
612
613
607
612
622
608
603
629
605
610
606
607
596
610
608
619
601
623
610
610
615
611
622
620
607
604
610
609
602
603
606
598
618
603
612
612
611
600
617
615
595
599
601
609
592
597
594
616
607
605
608
618
604
601
603
607
614
599
612
595
617
611
599
608
611
602
613
604
614
610
601
616
605
603
600
602
600
606
607
604
611
594
608
603
610
618
609
608
602
600
602
607
612
600
600
611
599
607
601
602
600
601
601
604
601
608
603
609
606
613
611
605
614
601
596
602
603
607
599
610
609
609
605
604
608
609
601
598
600
603
596
604
601
605
599
615
606
601
613
598
601
604
607
601
604
601
613
613
596
602
609
602
605
600
605
611
593
605
601
599
604
604
609
606
607
604
606
602
601
609
607
608
597
605
607
602
601
601
606
605
604
605
602
602
603
600
602
589
589
600
597
607
603
597
609
612
599
593
606
592
604
600
602
601
602
601
611
601
599
613
595
594
598
604
601
609
600
606
600
594
602
603
602
602
604
603
597
604
604
599
598
603
594
601
596
601
603
603
600
606
609
599
600
602
598
602
598
598
601
606
598
601
600
594
603
597
604
594
587
590
597
596
594
601
606
594
596
595
601
606
592
604
603
599
604
602
610
610
