606
604
609
607
612
611
604
613
605
604
603
601
605
597
603
604
604
596
610
607
605
598
601
607
603
602
601
600
607
606
605
604
603
602
610
611
598
600
603
607
604
605
601
600
604
597
606
609
594
602
610
596
597
605
605
604
600
601
602
594
601
604
603
603
611
601
607
594
595
615
612
606
601
598
596
609
607
607
604
596
606
595
598
602
596
604
597
603
600
605
598
606
614
596
601
606
595
601
596
598
609
611
600
601
604
587
606
605
598
598
606
595
604
594
605
606
603
594
604
608
602
607
597
597
612
599
590
604
603
613
604
600
607
601
608
605
599
601
616
599
594
611
612
601
607
594
610
608
596
616
608
604
600
602
599
611
596
608
607
616
598
599
604
600
606
602
613
612
606
616
609
605
606
606
595
611
604
605
622
609
600
615
604
602
606
615
613
611
608
609
605
608
614
602
608
606
600
608
608
601
602
612
606
607
602
596
607
605
609
611
621
600
613
610
604
608
608
611
603
603
607
613
605
617
612
607
612
610
607
610
616
608
606
609
609
619
618
602
612
600
609
616
612
615
609
610
610
617
620
616
614
620
618
612
607
622
610
619
611
610
613
611
607
600
610
610
619
610
603
618
608
604
627
614
612
617
613
606
620
616
618
614
622
609
622
612
614
620
625
620
620
623
626
618
622
612
617
621
633
623
636
622
628
627
631
623
620
637
638
643
644
638
643
643
636
635
611
644
661
636
651
672
653
648
659
651
655
646
677
667
665
662
668
658
700
684
675
685
708
716
705
692
712
735
698
740
726
706
723
733
706
747
765
750
751
773
779
797
808
797
839
824
827
812
830
810
844
892
856
867
911
867
907
939
942
945
1041
1032
1073
1025
1040
1109
1095
1118
1116
1164
1165
1239
1207
1324
1286
1312
1427
1385
1390
1488
1574
1586
1617
1642
1679
1715
1733
1898
1927
1887
2014
2121
2158
2222
2327
2318
2487
2631
2605
2713
2762
2891
3037
3187
3250
3380
3557
3615
3787
3830
3954
4190
4232
4400
4554
4804
5023
5124
5402
5518
5570
6009
6322
6353
6669
6724
7173
7265
7451
7601
7946
8365
8230
8510
8963
9023
9157
9580
9544
9843
9961
10376
10546
10537
10709
10984
10950
11063
11022
11381
11034
11062
11278
11256
11032
11077
10972
11039
11038
11011
10911
10726
10742
10594
10310
10197
10103
9890
10046
9726
9413
9138
9007
8753
8766
8672
8336
8275
8127
8084
7705
7597
7725
7562
7370
7407
7086
7015
6977
6688
6594
6553
6309
6311
6120
5983
5971
5671
5770
5569
5753
5595
5559
5418
5353
5427
5284
4885
5069
5087
4926
4750
4614
4700
4661
4473
4540
4258
4357
4345
4351
4245
4433
4194
4201
4244
4140
4084
3832
3938
4002
3894
3885
3914
3753
3775
3739
3711
3602
3579
3558
3586
3422
3469
3505
3432
3351
3461
3359
3292
3287
3275
3305
3217
3097
3038
2984
2934
2995
2948
2943
2861
2695
2858
2861
2782
2738
2781
2728
2709
2768
2755
2654
2679
2624
2636
2573
2523
2427
2443
2441
2454
2393
2319
2254
2302
2267
2266
2225
2130
2110
2113
2101
2141
2154
2014
2088
1982
2064
2027
1930
1938
1972
1910
1892
1810
1886
1872
1866
1811
1885
1840
1835
1740
1757
1702
1694
1757
1701
1709
1667
1688
1630
1640
1599
1636
1592
1573
1520
1512
1568
1531
1531
1474
1467
1469
1474
1461
1409
1465
1415
1412
1402
1347
1342
1391
1321
1334
1320
1355
1280
1313
1279
1302
1299
1223
1298
1259
1287
1194
1283
1230
1238
1269
1186
1193
1159
1152
1152
1114
1174
1189
1188
1129
1117
1097
1129
1123
1078
1117
1091
1086
1142
1063
1093
1074
1057
1041
1037
1050
1060
1001
976
1026
990
1044
993
1013
1000
1000
1015
997
983
973
950
970
961
976
943
961
941
912
919
901
913
966
988
937
910
904
921
953
910
930
897
894
882
894
913
903
879
856
897
876
883
853
861
866
867
844
854
839
841
829
842
845
876
845
855
836
805
846
814
791
849
801
830
798
794
807
802
830
827
745
816
795
786
803
790
831
776
806
740
786
773
781
756
794
763
813
781
745
759
769
776
768
758
768
776
768
752
754
783
760
748
744
728
755
742
721
730
750
744
720
724
748
752
728
750
720
761
712
701
705
734
719
715
733
730
720
737
703
685
730
700
695
746
716
721
709
704
721
716
701
697
696
707
708
707
702
728
694
709
710
714
693
689
676
703
695
671
695
676
713
685
683
697
696
672
671
681
678
680
693
665
672
674
679
698
674
682
655
663
656
677
688
661
677
663
679
673
663
665
677
659
674
667
665
672
668
650
660
683
668
660
656
667
644
657
683
663
666
666
684
671
659
645
657
681
656
665
640
656
653
650
643
667
649
654
650
648
655
655
650
641
655
652
639
641
642
651
640
650
650
648
638
642
648
645
639
648
636
639
636
635
642
638
634
636
650
639
654
629
649
651
654
636
630
647
644
636
637
629
637
645
631
621
634
630
625
633
633
631
639
629
621
637
634
632
633
619
601
641
636
637
644
623
631
632
625
638
628
647
634
642
625
620
616
626
626
618
642
619
630
627
635
637
612
630
623
625
626
634
615
625
644
621
625
623
622
635
620
619
621
628
630
630
629
622
628
618
614
620
612
620
620
614
622
615
614
616
611
612
623
611
612
624
615
631
619
623
624
617
622
610
610
619
627
618
616
628
614
614
623
614
610
610
615
621
612
611
606
625
603
611
610
606
612
626
623
606
622
607
612
619
612
614
605
608
621
607
622
603
615
605
617
601
609
612
614
612
625
613
616
612
611
620
610
615
617
611
610
611
609
625
610
618
614
602
609
610
617
602
613
612
599
611
603
610
613
614
608
603
616
595
608
607
616
603
614
609
613
604
606
612
603
610
600
608
609
609
618
600
603
606
611
602
607
608
610
604
603
615
596
607
610
599
610
606
609
603
613
608
607
612
596
616
598
605
600
593
611
605
607
614
611
610
612
608
605
600
611
607
594
604
609
613
609
608
608
600
604
612
592
606
603
605
613
601
607
608
608
601
609
611
607
607
600
604
608
599
600
596
604
610
605
606
612
609
606
602
603
608
603
603
607
612
599
605
603
602
607
599
599
610
609
608
606
602
597
602
616
607
597
606
606
604
609
607
606
612
609
608
610
608
608
609
599
605
606
602
601
604
606
602
605
604
598
602
604
599
603
599
607
600
606
603
603
600
592
614
594
607
606
605
601
599
604
596
600
598
605
605
601
612
603
593
598
602
606
599
605
609
607
601
608
600
596
599
613
598
604
606
605
