604
604
608
604
610
615
606
599
608
609
600
606
595
600
600
600
598
603
605
596
601
600
597
618
602
600
609
605
613
604
604
600
601
602
601
604
606
598
598
601
605
595
598
600
599
605
596
601
600
607
599
606
603
596
597
602
604
598
602
606
586
609
598
603
604
609
601
603
600
595
598
599
600
601
595
596
598
606
600
597
597
606
607
597
606
610
600
597
600
602
598
597
609
603
598
599
602
599
607
598
605
604
597
598
600
597
603
601
603
599
602
593
599
596
606
600
598
600
597
602
605
610
595
598
608
602
597
605
605
605
600
597
607
602
598
597
604
600
607
606
602
603
604
605
599
596
606
599
603
602
601
600
604
600
596
598
599
602
607
606
595
600
609
599
600
604
613
596
602
611
605
602
599
598
603
597
600
605
598
598
602
605
592
603
603
611
600
603
607
599
601
610
601
601
601
601
609
601
603
602
606
598
607
612
607
603
599
603
596
612
600
613
603
603
600
607
609
607
609
616
614
609
606
601
611
611
606
608
603
610
612
609
603
612
605
605
606
611
617
618
612
613
598
604
618
605
610
609
607
607
612
615
596
611
595
615
611
607
605
614
607
613
599
614
601
609
611
605
611
607
609
615
601
609
610
603
600
616
618
599
611
605
618
609
612
621
618
608
609
618
613
611
618
610
623
627
622
617
622
620
622
622
621
615
616
630
619
619
623
611
620
625
627
624
633
606
620
626
617
628
636
620
628
631
645
641
629
638
638
642
630
647
635
638
638
648
653
658
646
647
666
652
665
664
673
653
659
667
660
681
656
685
700
686
681
714
718
713
700
751
718
777
738
739
754
735
750
743
789
787
778
804
815
813
828
830
861
826
866
887
867
922
905
916
947
956
924
968
1002
1001
981
1081
1039
1063
1131
1160
1166
1171
1227
1209
1221
1300
1339
1343
1391
1460
1457
1523
1521
1529
1614
1619
1690
1781
1837
1910
1862
2053
1976
2121
2083
2239
2333
2308
2466
2525
2569
2687
2775
2843
2886
3113
3193
3257
3404
3474
3730
3738
3891
4137
4267
4409
4542
4441
4648
4881
4910
5006
5261
5367
5342
5603
5934
5773
5947
6077
6275
6362
6465
6481
6546
6804
6740
6798
6830
6707
6974
6780
6934
6750
6747
6785
6917
6966
6818
6914
6734
6568
6502
6476
6404
6333
6092
6246
6181
6082
5762
5833
5617
5681
5617
5396
5337
5314
5204
5176
5188
4954
4997
4773
4799
4690
4642
4525
4431
4449
4235
4346
4317
4173
4120
4160
3980
3885
3761
3799
3804
3709
3608
3562
3548
3569
3532
3502
3516
3381
3338
3320
3286
3313
3205
3145
3255
3078
3104
2984
3162
3147
2955
2978
2994
2887
2882
2915
2820
2882
2915
2793
2821
2757
2786
2741
2662
2697
2716
2625
2568
2566
2588
2578
2564
2491
2473
2438
2448
2358
2438
2398
2430
2421
2390
2307
2327
2258
2288
2205
2190
2184
2199
2249
2188
2132
2125
2019
2106
2051
2007
2037
1989
2050
2016
1968
1935
1896
1883
1922
1908
1869
1822
1929
1764
1755
1724
1799
1761
1760
1733
1704
1725
1684
1652
1634
1605
1586
1570
1537
1585
1556
1571
1509
1479
1533
1479
1495
1536
1423
1381
1428
1371
1488
1435
1394
1347
1376
1379
1333
1371
1311
1295
1321
1304
1277
1322
1244
1212
1263
1292
1277
1204
1256
1208
1230
1184
1205
1249
1235
1173
1158
1117
1216
1134
1119
1082
1089
1148
1114
1085
1101
1061
1074
1086
1102
1078
1049
1098
1062
1015
1065
1058
1044
1039
991
1035
1034
1013
1016
1013
1002
1003
944
937
969
925
965
931
983
967
910
953
975
931
932
945
921
900
894
920
928
897
876
872
912
896
884
890
883
900
878
832
894
859
884
873
816
830
864
856
813
841
795
859
823
818
858
835
828
826
845
827
831
770
811
810
777
754
792
809
800
776
779
780
803
777
767
760
775
748
741
782
747
792
757
787
781
754
762
735
778
747
751
750
731
772
735
731
748
739
744
744
725
749
743
743
727
719
750
740
742
732
726
712
714
737
717
730
723
694
691
713
712
715
695
693
697
737
712
727
729
738
697
664
701
689
706
691
717
700
716
708
683
692
694
688
674
684
693
683
671
689
684
699
699
685
697
679
681
681
668
670
670
681
677
684
678
684
670
660
685
668
675
657
678
667
656
662
671
671
662
666
651
660
681
653
670
666
646
660
645
645
667
651
650
638
663
652
655
648
654
639
651
661
658
647
662
655
655
649
650
646
654
641
655
646
643
646
661
652
640
643
637
631
648
658
650
634
647
641
634
643
639
637
645
643
647
638
637
645
627
645
631
622
650
643
647
653
638
639
630
628
642
646
634
618
631
634
647
639
635
641
651
617
636
631
625
642
619
620
635
629
640
624
639
622
639
622
622
630
626
634
627
625
639
636
614
623
627
638
633
636
615
632
634
619
646
622
625
615
613
628
635
620
627
628
623
633
605
629
623
617
631
622
617
613
601
619
624
619
626
627
611
615
612
607
622
614
612
616
621
614
611
616
614
609
616
614
624
613
614
621
616
613
610
629
604
616
614
611
612
615
623
609
614
610
631
609
612
616
619
616
621
630
607
606
615
622
615
615
617
623
605
611
607
615
608
607
611
603
607
605
597
619
600
610
608
613
609
605
605
610
616
609
608
604
615
609
612
611
605
607
605
606
611
598
606
595
605
604
611
613
612
616
617
604
610
601
607
612
596
605
620
605
602
604
611
607
601
598
607
606
606
611
610
613
613
606
613
610
610
605
611
602
603
597
601
615
605
605
600
605
605
605
609
604
615
602
611
600
601
602
603
611
602
607
601
601
607
606
603
603
613
610
613
611
600
607
602
610
607
612
607
608
607
610
608
611
604
603
602
604
604
601
605
600
604
603
610
601
603
604
603
600
604
608
602
597
601
600
608
610
598
604
611
610
595
612
598
603
598
594
599
604
592
607
606
597
603
597
604
600
591
600
602
605
608
601
601
605
602
598
610
606
606
603
602
601
611
604
602
602
597
606
609
611
601
607
603
602
602
605
605
604
601
620
604
597
604
609
608
597
602
600
600
608
605
600
606
608
599
616
600
603
602
598
613
599
595
611
600
596
608
606
598
601
593
601
596
599
598
598
595
601
604
596
606
595
599
612
603
605
605
591
601
598
602
598
595
604
598
599
606
602
599
602
608
599
597
601
600
604
603
610
613
605
593
599
609
609
590
610
600
599
601
601
604
602
598
595
593
594
597
599
602
594
602
604
590
607
598
597
605
