599
604
606
603
610
607
597
605
606
599
605
604
602
597
591
610
603
591
607
604
598
603
601
611
600
596
601
606
602
608
600
614
609
595
609
598
605
603
603
603
607
599
600
614
601
598
604
595
605
604
601
606
600
598
598
607
602
604
603
598
599
598
598
598
595
603
604
601
600
595
602
600
602
603
604
591
611
601
598
604
598
600
604
601
607
603
599
609
612
604
609
604
606
605
601
593
601
598
616
604
607
602
606
594
603
605
605
601
591
596
600
598
608
608
601
596
605
595
598
605
592
604
589
601
610
601
605
605
606
605
593
603
606
595
603
604
603
605
603
597
602
599
594
612
604
599
598
597
604
605
600
607
606
604
604
601
603
613
603
606
598
602
616
604
605
613
604
608
616
607
604
610
615
609
604
602
604
603
598
602
606
604
605
597
598
603
608
600
603
597
610
605
605
609
603
600
600
600
604
604
603
606
599
604
604
601
605
610
606
604
613
597
606
610
605
603
601
601
602
615
597
612
604
610
603
612
601
619
610
608
607
601
605
607
606
612
616
613
603
614
605
607
608
605
611
607
608
617
618
618
612
615
601
604
605
604
618
610
614
601
606
618
611
616
611
605
623
619
624
607
614
606
615
609
603
620
610
618
608
608
605
617
607
623
619
632
615
622
614
622
613
604
615
617
613
621
606
618
619
618
626
615
629
623
623
624
630
613
621
613
629
631
616
621
623
633
637
637
627
639
623
635
640
662
645
667
643
629
638
647
654
677
665
638
643
661
644
665
665
690
665
685
680
686
686
677
687
677
693
690
709
704
732
749
713
726
733
712
755
730
753
739
777
768
788
800
772
780
846
810
823
828
826
829
860
867
879
883
887
916
925
938
968
950
970
1028
1065
1029
1048
1090
1137
1063
1219
1150
1195
1256
1240
1337
1279
1381
1330
1405
1438
1490
1497
1529
1575
1669
1580
1673
1728
1799
1880
1882
1974
2101
2145
2188
2283
2349
2478
2532
2573
2679
2789
2845
2887
3088
3121
3281
3316
3446
3586
3811
3976
4208
4208
4352
4458
4688
4720
4906
5103
5130
5379
5445
5765
5961
5945
6206
6137
6525
6549
6705
6929
6977
7213
7407
7233
7491
7652
7560
7947
7826
7831
7956
7684
7864
7924
7872
8146
7871
7858
7776
7950
7607
7912
7602
7506
7622
7422
7401
7296
7071
6944
6935
6801
6689
6591
6352
6181
6193
6292
6135
5902
5918
5794
5755
5802
5466
5468
5370
5266
5321
5081
5035
5065
4870
4839
4674
4551
4536
4644
4377
4487
4234
4396
4221
4424
4113
4051
4209
4103
3892
4045
4045
3980
3827
3827
3697
3681
3695
3568
3563
3558
3448
3455
3426
3442
3337
3274
3506
3327
3204
3367
3273
3353
3150
3113
3106
3134
3190
2946
3140
3081
2890
3001
3019
3072
2963
2958
2796
2812
2857
2884
2813
2725
2857
2780
2727
2623
2612
2587
2559
2563
2576
2467
2537
2518
2396
2377
2325
2320
2356
2383
2306
2392
2298
2331
2188
2310
2188
2302
2196
2193
2061
2131
2101
2080
2068
1991
2051
1939
1911
1958
1956
1970
1901
1866
1850
1846
1807
1923
1805
1830
1775
1812
1668
1761
1709
1706
1670
1725
1601
1595
1687
1646
1511
1590
1579
1532
1500
1522
1564
1521
1468
1451
1401
1475
1409
1383
1405
1400
1441
1381
1361
1359
1295
1350
1407
1383
1331
1347
1283
1307
1287
1295
1244
1319
1217
1257
1247
1261
1198
1241
1180
1217
1176
1197
1163
1170
1117
1168
1134
1183
1144
1092
1132
1102
1153
1111
1059
1056
1077
1118
1092
1018
1067
1025
1068
1055
1077
1041
1013
1039
1015
968
1013
980
1034
985
986
991
965
983
934
965
963
956
950
968
913
921
959
938
984
911
952
926
904
938
940
882
904
872
915
933
896
915
869
889
904
865
848
885
874
847
817
869
846
845
874
842
829
808
844
816
833
813
846
815
821
839
820
818
821
822
820
805
801
793
785
790
787
782
781
781
787
798
794
796
780
801
775
779
760
748
737
757
759
780
750
766
731
765
737
751
730
727
757
756
747
742
744
726
740
740
733
751
729
752
750
743
736
726
731
732
716
748
716
732
732
704
732
723
729
725
717
723
727
716
721
735
695
674
683
707
693
709
697
694
679
694
716
696
712
706
694
713
700
681
695
694
695
693
664
696
688
679
691
689
664
655
671
684
681
682
696
701
680
690
669
666
671
692
667
664
682
689
691
687
672
682
676
667
678
670
645
672
683
670
651
664
659
653
661
680
662
658
656
670
663
653
643
658
657
655
654
663
674
670
638
652
662
646
644
633
663
640
646
638
644
658
636
635
662
658
654
641
664
655
645
650
652
645
641
656
642
635
633
647
642
641
623
635
638
636
640
658
654
649
649
629
647
646
620
652
641
636
654
641
634
620
636
623
624
623
637
628
623
629
624
624
621
613
635
640
638
616
632
613
631
631
642
632
629
631
635
633
630
635
622
619
640
629
634
636
619
629
627
619
626
613
630
626
632
631
626
621
629
616
629
614
614
629
624
616
611
632
632
623
605
620
624
640
630
630
617
624
614
623
620
617
615
632
610
623
611
610
621
634
614
630
623
614
624
613
610
620
620
623
613
612
617
624
617
614
616
610
618
609
619
615
615
624
623
611
619
617
620
616
615
618
606
614
600
615
604
605
617
616
616
613
606
614
616
612
626
613
611
612
614
609
602
619
614
602
611
613
625
598
614
621
615
614
620
606
613
607
614
609
606
601
613
596
596
605
610
608
611
615
609
601
603
606
606
615
601
605
603
617
611
607
602
597
598
602
607
613
604
613
600
606
599
617
601
603
606
608
615
605
604
607
607
605
613
600
612
611
601
602
608
597
600
607
605
605
607
612
601
600
607
600
608
598
602
609
606
609
606
601
602
602
601
608
611
606
604
601
606
601
598
610
601
613
600
600
602
608
593
600
608
603
602
607
606
593
608
600
602
605
601
604
603
611
601
614
606
610
604
601
596
603
610
602
596
608
602
604
599
600
607
600
601
598
594
604
602
605
601
592
597
601
598
601
604
610
597
600
603
595
596
598
598
594
597
604
599
601
605
601
601
600
604
597
601
607
605
605
601
602
602
605
605
602
602
604
603
607
597
605
602
601
595
602
602
610
596
604
609
596
597
606
593
602
600
599
602
596
601
597
607
603
597
603
600
601
596
613
599
601
604
605
598
602
609
609
600
599
601
598
599
596
613
594
595
610
595
597
604
593
598
607
594
598
595
600
599
604
600
603
597
600
601
594
600
599
608
603
603
