603
609
601
609
610
599
602
600
606
603
605
607
595
598
607
604
598
597
596
607
606
585
605
591
612
609
608
606
599
597
601
609
599
603
601
613
595
594
609
600
602
606
606
603
606
609
607
604
603
591
607
599
597
604
598
604
607
609
597
602
601
600
609
603
597
605
603
596
598
598
601
597
603
601
603
593
602
603
603
597
600
609
610
602
602
603
607
615
590
606
605
600
606
608
596
601
611
607
597
606
600
609
602
599
601
605
602
599
607
601
594
603
604
613
604
603
608
604
607
609
596
610
600
602
606
602
612
599
611
605
606
599
614
604
601
603
596
606
597
601
601
588
595
612
601
601
611
599
609
605
602
612
601
592
601
605
603
602
604
604
617
609
607
606
608
612
601
619
605
597
606
608
604
595
606
603
603
602
606
597
602
599
619
608
607
607
603
611
602
600
598
607
610
612
599
607
609
600
606
605
607
607
602
609
610
602
613
604
605
609
604
610
608
601
606
613
611
606
601
600
600
607
606
604
600
592
609
602
603
607
601
617
616
610
601
599
613
610
601
611
615
611
606
605
611
607
606
609
607
626
622
610
616
609
612
610
606
622
615
608
604
609
618
617
610
616
614
619
623
608
629
630
618
613
608
620
612
616
636
607
617
613
612
612
615
613
621
621
621
608
623
611
631
616
617
610
635
637
624
639
628
614
616
632
635
640
631
621
622
625
633
644
630
629
616
627
641
635
641
633
636
630
644
637
654
639
635
656
656
655
657
669
670
639
669
658
664
692
659
674
673
699
689
701
710
708
707
701
680
713
709
724
715
765
753
750
763
757
785
769
788
801
798
765
790
832
821
866
836
837
859
847
839
894
922
909
927
955
988
952
999
1003
1027
1043
1085
1086
1046
1089
1144
1147
1198
1224
1242
1236
1300
1323
1321
1385
1425
1445
1424
1546
1631
1650
1711
1720
1735
1826
1852
1880
2019
2053
2045
2219
2261
2339
2395
2494
2681
2624
2786
2739
2961
2967
3138
3227
3262
3480
3555
3737
3919
3915
4026
4231
4526
4565
4821
4779
5189
5246
5522
5606
5765
5900
6304
6358
6390
6691
7002
7155
7226
7416
7433
7741
8037
7994
8207
8281
8661
8731
8723
8844
9124
9070
9123
9252
9063
9014
9141
8924
9192
9039
9100
9056
9151
9039
8951
8854
8703
8817
8533
8414
8492
8322
7994
8066
7854
7691
7599
7480
7666
7101
7097
7035
6874
6834
6763
6602
6460
6562
6361
6268
6043
6132
6055
5743
5520
5459
5600
5399
5400
5295
5221
5197
4995
4865
5045
4716
4730
4813
4821
4695
4656
4533
4464
4508
4314
4418
4287
4006
4183
4134
4179
3988
4085
4157
3907
4006
3855
3863
3836
3848
3683
3855
3791
3793
3744
3711
3674
3596
3562
3476
3504
3409
3456
3273
3482
3347
3337
3302
3246
3275
3136
3206
3263
3088
3220
3040
3139
3061
3063
3026
2919
2909
2924
2734
2755
2863
2833
2690
2688
2748
2685
2608
2687
2647
2658
2539
2642
2486
2582
2513
2524
2420
2359
2354
2447
2416
2328
2279
2325
2280
2320
2171
2255
2057
2160
2115
2051
2097
1967
2096
1988
2013
1943
2026
1949
1907
1835
1913
1921
1829
1839
1794
1777
1750
1770
1821
1813
1757
1769
1672
1667
1678
1626
1654
1637
1623
1589
1601
1540
1636
1565
1582
1546
1556
1503
1461
1407
1486
1475
1433
1468
1409
1431
1370
1388
1433
1407
1378
1354
1303
1364
1347
1393
1338
1349
1282
1307
1269
1218
1284
1192
1258
1262
1275
1179
1150
1188
1186
1204
1229
1238
1169
1134
1126
1166
1155
1155
1087
1145
1105
1086
1069
1138
1131
1076
1100
1038
1045
1079
1038
990
1035
1028
996
1013
1010
1039
994
1007
1018
996
948
984
988
968
977
969
985
954
948
920
913
925
946
956
911
926
935
886
956
921
893
947
886
906
883
863
882
909
863
871
868
890
846
856
860
860
862
865
833
846
828
814
854
821
857
809
825
824
837
826
851
791
808
834
838
787
776
839
797
800
777
806
799
790
790
787
813
770
809
802
788
798
773
789
794
793
779
773
748
788
755
770
772
755
791
730
730
745
790
736
735
778
783
732
725
746
750
742
739
744
734
737
718
754
735
729
739
729
732
722
718
738
729
705
718
717
728
715
708
722
695
692
715
696
728
696
704
689
717
707
691
721
707
702
674
687
717
679
736
704
696
662
707
694
676
693
666
688
701
681
687
706
681
691
708
706
693
692
666
664
689
666
671
674
682
668
673
668
675
689
668
663
676
653
673
679
683
663
653
670
656
658
678
669
682
655
681
654
673
673
662
678
656
661
674
656
652
657
657
661
663
650
666
635
632
641
656
645
659
662
647
649
643
648
670
645
658
668
646
661
645
634
639
657
651
639
642
644
649
650
645
640
629
642
640
661
639
634
637
656
640
635
650
639
647
618
646
647
650
627
639
632
642
624
635
651
628
649
642
642
630
643
641
640
638
622
642
633
643
633
627
619
630
626
641
635
627
636
635
626
637
619
632
621
624
614
628
624
642
634
627
624
630
627
616
625
621
629
622
630
629
632
628
627
630
628
622
629
618
620
612
631
632
630
622
630
614
624
624
627
629
617
625
618
614
620
614
621
614
613
610
621
623
619
618
625
612
626
626
609
618
623
616
614
611
614
619
612
614
605
608
626
614
607
626
612
613
605
609
624
606
612
614
619
621
611
618
613
607
622
601
610
609
618
612
609
621
616
604
608
605
624
627
609
610
624
600
618
614
628
619
614
616
615
617
613
609
611
604
616
601
609
599
604
617
609
603
615
608
607
609
614
597
613
609
603
603
598
610
605
611
610
605
602
609
607
602
604
610
618
612
599
613
612
606
612
611
606
599
601
602
610
613
609
614
607
604
611
603
602
608
608
605
612
607
618
595
612
610
607
605
602
608
616
605
614
615
605
603
611
605
621
611
599
613
602
602
602
597
598
604
605
600
607
610
619
604
613
612
609
605
600
604
597
609
605
595
605
611
602
595
609
600
609
611
600
606
610
609
601
602
604
609
609
607
602
596
600
596
607
608
610
599
602
598
604
602
602
607
597
599
610
601
607
600
597
605
599
603
607
595
599
607
603
608
601
602
610
608
595
605
604
606
607
598
600
598
599
595
596
606
599
610
593
603
603
604
599
598
596
604
605
606
601
593
604
606
600
607
601
603
606
600
602
611
598
599
610
607
597
600
607
603
598
599
600
612
598
598
594
602
603
595
593
602
608
597
609
600
606
602
603
595
595
608
601
603
596
598
598
603
613
601
597
609
602
601
