603
610
603
598
602
598
606
615
605
604
605
610
604
603
603
607
606
604
599
609
603
601
596
597
595
601
605
602
608
606
603
606
602
598
604
612
604
610
602
606
599
603
602
608
608
601
615
611
605
606
606
604
602
601
604
601
612
606
607
593
608
602
599
609
601
610
610
604
601
595
602
595
607
604
607
613
604
612
601
606
604
605
599
602
604
612
612
603
604
614
606
606
601
602
611
605
607
599
603
607
602
606
601
602
601
606
617
603
605
607
599
600
602
595
602
600
606
609
600
605
603
599
599
602
603
601
609
615
602
611
606
610
606
605
605
607
613
604
605
611
591
599
601
609
606
603
607
611
599
607
607
607
601
599
601
610
613
611
603
608
604
606
609
604
604
595
604
600
600
602
608
605
607
611
606
612
607
598
604
604
603
596
612
610
613
607
624
605
603
620
603
594
598
618
608
598
601
608
602
607
620
614
611
612
605
612
613
619
608
605
615
612
615
615
613
594
598
601
603
607
607
608
601
615
600
615
606
605
607
623
599
609
611
610
617
620
619
616
609
612
612
620
615
614
614
620
612
623
618
615
617
624
614
607
625
624
604
620
608
614
613
615
623
616
612
621
617
626
615
610
621
613
611
617
625
613
636
623
622
629
630
619
621
628
635
621
625
614
621
632
632
622
619
619
617
616
632
627
625
618
619
632
618
634
649
631
623
637
636
658
626
637
633
637
640
658
642
639
649
653
642
642
636
655
641
654
664
672
667
666
668
676
665
687
667
706
678
696
699
701
694
711
702
704
735
688
735
738
736
751
762
741
747
743
774
777
774
797
798
793
797
812
814
796
836
878
868
887
889
886
904
880
929
962
934
971
995
964
1013
1077
1092
1036
1143
1152
1130
1154
1167
1214
1210
1276
1236
1333
1339
1386
1409
1398
1548
1546
1576
1622
1683
1661
1709
1777
1816
1890
2004
1988
2004
2154
2164
2231
2277
2479
2543
2601
2717
2817
2859
2915
3183
3181
3210
3407
3464
3732
3798
4049
4190
4186
4310
4568
4670
4865
5252
5268
5354
5580
5823
5986
6408
6455
6647
6817
7016
7209
7382
7504
7815
8266
8237
8614
8875
8987
9088
9417
9373
9763
9875
9861
10178
10329
10259
10357
10345
10507
10520
10567
10570
10409
10584
10478
10286
10676
10453
10367
10133
10072
10276
10116
9810
9945
9657
9508
9559
9206
9085
8842
8585
8488
8530
8515
8260
8019
7815
7884
7735
7548
7657
7365
7247
7237
7131
6831
6907
6524
6679
6518
6411
6545
6308
5940
6007
5925
5690
5779
5686
5699
5591
5418
5446
5228
5362
5274
5283
5158
5097
4992
4880
4879
4913
4730
4710
4616
4549
4587
4616
4403
4464
4420
4416
4496
4365
4273
4196
4365
4301
4276
4162
4134
4131
3966
3982
3933
3883
3808
3866
3766
3667
3746
3637
3682
3827
3661
3641
3561
3562
3580
3451
3473
3560
3460
3381
3482
3309
3284
3203
3189
3295
3214
3028
2983
3121
3048
3008
2950
3005
2936
2945
2861
2853
2753
2802
2801
2717
2665
2521
2565
2569
2644
2596
2572
2511
2442
2404
2445
2351
2463
2401
2348
2327
2380
2268
2288
2197
2202
2230
2243
2162
2129
2111
2020
2019
1954
2044
1948
1934
1927
1953
1889
1910
1893
1880
1858
1879
1838
1777
1808
1729
1792
1749
1751
1790
1708
1629
1671
1608
1626
1720
1647
1738
1590
1584
1554
1546
1560
1590
1530
1502
1534
1513
1459
1475
1530
1425
1438
1373
1414
1467
1379
1322
1392
1382
1351
1337
1320
1353
1348
1347
1290
1323
1300
1318
1209
1258
1262
1254
1194
1188
1218
1212
1238
1150
1214
1175
1163
1153
1138
1170
1154
1152
1141
1094
1101
1075
1142
1116
1093
1063
1066
1088
1116
1095
1047
1077
1004
1036
997
1034
991
1009
1007
933
1072
996
967
966
1019
1020
984
948
960
961
974
1014
961
982
951
951
912
934
939
925
904
948
925
932
889
891
942
901
908
885
886
871
875
869
898
844
838
862
877
880
863
872
859
858
883
853
810
846
830
856
859
829
880
854
846
830
835
841
806
805
806
818
836
848
813
822
818
798
778
792
804
778
810
829
773
770
789
790
784
776
766
782
797
789
759
761
734
737
762
789
762
748
748
742
752
738
737
772
764
736
737
732
747
746
743
771
723
725
749
729
729
730
729
734
731
755
733
744
728
743
711
734
710
720
711
716
717
708
717
690
739
717
711
688
691
691
690
712
705
705
700
712
725
695
711
706
696
685
698
711
692
716
699
680
702
717
701
675
696
691
674
684
674
689
676
679
689
698
694
681
687
672
669
676
678
685
663
664
685
664
673
688
664
664
676
660
671
667
672
661
670
671
673
676
633
668
664
666
653
673
643
651
667
659
649
669
655
656
653
639
663
666
653
646
662
663
659
658
645
659
664
659
674
650
646
660
650
644
648
646
649
649
638
630
654
655
651
631
641
641
641
632
643
637
636
640
633
639
645
633
639
637
636
634
639
642
637
627
637
621
631
643
633
640
648
638
633
637
629
625
631
628
624
644
630
631
633
644
632
630
637
639
631
629
631
627
631
643
635
642
643
630
637
641
630
631
631
630
618
626
628
624
624
630
623
618
621
619
628
628
624
625
628
621
629
612
622
621
624
612
614
616
619
615
637
625
622
618
624
620
632
629
619
619
618
615
622
626
617
615
611
621
618
630
612
617
615
613
620
616
617
613
607
623
611
614
621
625
604
621
617
611
611
616
610
611
611
620
627
616
618
606
615
618
615
612
604
616
608
617
608
605
617
611
597
618
606
617
608
610
616
611
603
615
620
617
612
612
609
610
619
609
617
612
599
621
604
610
621
611
615
616
608
612
613
612
616
610
619
614
612
598
622
609
615
605
612
615
613
615
612
608
612
612
604
620
608
606
612
608
607
598
607
620
607
594
614
613
599
617
602
608
607
606
606
608
606
608
617
615
620
601
606
619
609
593
606
603
605
607
606
610
607
603
610
597
608
608
596
602
617
602
609
607
601
612
599
602
609
600
604
598
606
596
602
607
597
609
599
597
604
612
612
602
612
608
607
614
613
604
601
602
597
606
607
609
596
605
598
614
601
604
609
607
599
603
597
607
602
607
597
600
616
600
599
601
602
603
602
608
612
608
599
605
600
602
599
599
611
605
604
598
592
601
595
605
596
605
600
607
597
590
605
599
608
598
603
606
596
600
594
603
600
607
602
606
602
600
612
601
597
602
597
608
601
602
606
603
600
601
600
600
604
608
593
603
598
601
606
597
593
599
596
607
609
605
604
600
598
610
599
602
607
597
596
604
608
