597
609
604
601
600
604
609
601
603
601
609
596
609
594
596
602
599
602
599
595
602
602
606
600
605
598
605
604
603
614
606
594
604
599
602
604
596
597
596
615
597
603
603
598
602
606
597
606
595
604
598
601
590
604
604
606
597
597
600
605
593
607
594
591
607
599
603
606
602
600
608
609
606
602
596
601
594
603
601
605
600
599
596
607
607
604
604
597
606
603
598
602
615
600
606
598
597
600
601
604
609
605
603
608
612
594
606
605
605
611
614
605
605
598
598
608
604
608
605
612
597
599
600
597
606
605
600
606
603
606
596
605
607
607
602
599
600
606
609
606
607
608
596
604
603
609
596
602
593
610
599
602
609
600
604
609
606
611
609
597
607
609
614
602
612
608
602
609
597
608
603
600
605
604
613
606
607
615
605
606
605
602
610
599
605
611
610
608
602
606
601
606
610
606
599
613
606
606
609
618
606
598
606
608
610
609
614
607
613
607
612
608
615
608
614
613
610
612
615
613
611
619
615
603
613
612
612
616
608
600
614
619
617
611
620
605
612
619
610
621
632
605
616
607
623
611
622
619
614
613
619
611
623
614
608
612
611
634
612
619
625
621
612
619
623
628
617
615
621
635
619
621
630
626
616
609
621
623
635
616
618
625
613
628
635
622
623
617
629
633
642
626
618
616
615
620
632
618
620
641
637
633
654
626
642
644
636
636
620
656
640
639
658
657
649
648
648
638
673
648
657
685
681
659
667
655
690
673
691
666
688
694
683
701
691
708
740
709
747
733
707
729
732
740
741
749
760
759
755
791
808
749
826
822
814
791
885
868
852
879
872
905
949
930
923
950
928
989
997
1016
1017
1032
1028
1045
1079
1085
1099
1177
1192
1163
1224
1232
1258
1285
1370
1392
1470
1435
1435
1580
1525
1695
1650
1796
1728
1849
1868
1959
1960
1988
2072
2170
2256
2344
2387
2456
2443
2582
2606
2808
2840
2969
3045
3279
3223
3420
3659
3599
3777
3986
4180
4314
4501
4588
4819
4934
5178
5338
5382
5675
6187
6209
6567
6689
6888
7299
7574
7703
8166
8453
8684
8987
9184
9549
10161
10157
10446
10997
11216
11150
11553
12032
12359
12683
12830
13221
13453
13819
13888
14102
14300
14521
14673
14632
14798
14800
14598
14753
15077
14735
14835
15007
14549
14757
14424
14655
14440
14247
14044
14081
13627
13727
13386
13153
12917
12632
12614
12209
11882
11694
11854
11504
11329
11039
10940
10529
10786
10538
10335
10037
9922
9432
9487
9383
9284
9093
8862
8374
8652
8402
8357
8171
7958
7674
7766
7619
7451
7434
7411
7298
7162
7183
6971
6867
6795
6686
6544
6374
6525
6346
6372
6210
6125
5996
5898
5907
5798
5927
5601
5819
5652
5549
5591
5498
5547
5436
5212
5394
5224
5236
5108
4946
4945
4784
4958
4901
4766
4641
4813
4614
4612
4686
4635
4664
4435
4399
4349
4424
4321
4237
4316
4150
4162
4108
3924
3895
3775
3841
3889
3684
3785
3630
3745
3758
3655
3540
3609
3702
3608
3385
3450
3334
3375
3324
3233
3215
3161
3165
3061
3159
3101
3054
3037
2973
2951
2880
2848
2790
2818
2813
2731
2769
2779
2787
2662
2578
2660
2530
2504
2507
2477
2394
2497
2408
2371
2344
2278
2325
2206
2246
2238
2226
2134
2227
2214
2173
2124
2145
2159
2113
2010
2074
2015
2016
1983
2002
1825
1887
1896
1903
1901
1891
1823
1905
1820
1863
1727
1811
1789
1791
1716
1678
1656
1661
1597
1659
1623
1601
1624
1541
1636
1545
1579
1523
1544
1509
1440
1506
1466
1456
1434
1406
1451
1417
1449
1361
1419
1320
1416
1350
1363
1417
1369
1355
1335
1251
1313
1283
1240
1285
1254
1246
1283
1255
1224
1280
1228
1277
1184
1180
1264
1177
1175
1182
1144
1161
1182
1194
1125
1112
1141
1136
1191
1069
1147
1129
1099
1123
1061
1046
1089
1080
1081
1100
1068
1061
1094
1052
1034
1037
1043
1040
1009
1026
992
1020
1012
981
1003
1017
945
970
972
958
955
953
939
961
927
932
914
985
953
942
919
926
963
952
867
925
930
894
910
894
900
890
918
893
921
907
863
868
888
907
866
870
828
862
838
880
903
885
832
852
861
844
830
873
848
827
826
828
862
853
827
780
812
842
828
774
843
846
815
822
795
825
810
779
785
802
784
791
786
791
801
774
776
806
746
766
789
784
738
780
769
790
760
773
768
759
764
750
758
742
764
762
750
747
741
740
740
743
743
766
750
772
729
748
737
754
728
739
739
731
728
733
728
726
737
750
713
742
722
692
716
734
717
709
697
718
708
728
695
728
724
730
713
704
718
718
694
705
714
709
701
708
711
691
688
684
696
679
690
710
675
725
692
680
675
690
682
671
685
688
668
693
685
662
669
688
691
675
678
662
662
673
679
673
652
696
703
661
672
688
679
675
671
670
679
691
664
655
683
669
670
671
661
654
662
663
663
667
661
655
637
662
651
664
659
666
638
645
643
675
644
637
653
641
647
653
646
663
658
651
654
659
657
633
659
666
648
649
646
645
644
659
649
639
657
645
646
648
656
644
652
646
638
647
649
633
634
640
651
644
645
652
637
639
642
650
639
641
641
657
641
617
642
627
634
637
619
648
630
629
632
616
638
646
616
632
632
629
626
628
625
635
623
629
630
635
637
637
644
632
633
622
628
634
627
628
625
621
610
624
627
619
616
622
613
618
633
630
620
621
628
616
624
617
623
619
616
631
619
623
618
627
612
627
618
615
615
620
626
631
622
611
634
631
633
618
631
622
621
617
624
610
614
613
620
609
612
623
617
620
617
624
622
612
616
619
603
609
618
618
616
606
618
609
618
602
619
612
610
621
625
608
617
615
604
618
617
606
613
615
602
613
606
623
610
603
626
613
615
609
612
624
613
612
620
614
609
606
616
624
606
609
615
615
627
613
615
607
609
607
606
608
610
609
610
605
605
610
606
613
606
613
614
604
605
600
594
603
604
606
605
610
611
602
603
607
604
606
607
606
599
612
609
606
598
596
609
601
614
612
610
611
601
616
596
604
612
604
613
609
611
608
596
606
596
602
608
605
611
599
606
590
603
615
611
607
607
611
610
608
605
605
616
602
602
606
595
601
598
610
600
602
604
600
595
606
601
615
609
607
600
610
601
603
606
606
604
609
606
609
610
601
609
604
606
606
604
598
602
606
604
602
611
620
600
599
606
603
607
604
602
595
589
601
604
610
588
601
602
599
602
604
594
609
600
593
606
603
600
605
596
602
606
599
605
606
600
603
600
596
599
614
600
610
598
609
602
598
600
605
605
604
608
598
605
596
593
601
605
604
605
603
597
593
599
603
