611
602
601
609
605
601
600
606
602
601
614
603
595
595
603
603
590
598
601
600
601
601
604
613
600
603
609
599
606
591
597
616
607
605
610
607
607
608
607
597
603
603
599
607
602
592
608
602
606
604
603
600
595
602
596
600
603
604
602
605
602
601
607
610
602
604
599
601
604
599
598
597
607
606
600
613
609
613
602
595
594
601
600
609
598
603
599
606
601
600
601
606
604
601
605
599
604
608
603
601
602
612
600
596
605
600
604
603
613
613
608
605
605
608
605
603
611
604
609
601
610
599
603
597
602
617
607
602
607
601
600
602
603
607
598
597
609
602
604
609
609
605
614
603
608
604
600
607
607
610
611
615
612
605
613
599
605
595
607
607
611
612
608
602
604
605
620
604
604
600
606
610
617
599
604
611
611
608
618
609
614
605
612
609
605
609
607
612
598
610
612
611
606
614
613
615
608
622
605
615
609
601
604
609
608
605
625
624
610
605
616
610
609
617
603
608
617
618
610
621
631
618
602
617
613
612
612
612
603
606
616
613
606
610
614
613
616
613
614
614
614
615
615
614
606
626
611
622
618
625
623
624
611
610
614
606
613
606
617
622
623
606
635
623
632
619
628
614
613
620
608
619
631
632
625
619
616
621
636
619
639
620
625
627
636
613
626
644
625
633
622
628
624
644
620
648
637
632
615
629
638
650
641
624
653
643
638
644
646
616
641
635
637
659
647
648
664
665
648
663
683
638
681
658
687
685
660
682
660
688
717
705
707
693
704
686
700
707
743
736
738
717
720
740
756
764
749
759
760
764
795
801
791
815
849
817
859
873
854
852
903
879
872
941
941
918
893
951
985
1021
989
1014
1060
1035
1060
1050
1072
1182
1159
1213
1139
1203
1272
1304
1299
1308
1309
1371
1440
1439
1482
1577
1572
1641
1663
1811
1707
1927
1863
1952
1909
2076
2099
2219
2252
2344
2427
2359
2499
2598
2645
2918
2947
2968
3135
3260
3529
3489
3727
3783
3922
4090
4077
4393
4423
4718
4663
5133
5278
5348
5620
5818
6120
6281
6534
6651
6954
7234
7492
7840
8308
8493
8583
8769
9172
9336
10018
10038
10391
10567
10841
11107
11664
11692
11895
12055
12771
12879
12853
13275
12990
13475
13699
13997
13666
13657
13610
14026
13801
13747
13814
13633
13661
13805
13843
13387
13610
13563
13185
13038
13138
12701
12558
12424
12230
12357
11902
11702
11405
11119
11060
10702
10344
10584
10196
10112
10166
10175
9630
9592
9235
9518
9088
8875
8830
8694
8366
8383
8267
8260
8015
7867
7675
7545
7607
7395
7365
7228
7261
7009
6995
6890
6817
6748
6781
6649
6454
6341
6286
6417
6332
6258
6180
6038
5928
5899
5869
5794
5774
5737
5676
5561
5721
5584
5534
5609
5502
5551
5339
5302
5354
5245
5128
5182
4945
4986
5099
4892
4801
4824
4884
4666
4783
4630
4673
4733
4606
4557
4612
4474
4490
4411
4388
4189
4279
4304
4216
4100
4144
4002
3940
3925
3900
3956
3831
3807
3795
3682
3741
3666
3609
3591
3531
3510
3424
3424
3306
3420
3211
3376
3191
3185
3094
3197
3078
2970
3122
3075
2904
3009
3060
2866
2883
2933
2801
2770
2709
2700
2536
2636
2593
2564
2531
2468
2511
2454
2507
2411
2341
2364
2434
2287
2341
2367
2265
2207
2148
2269
2255
2107
2104
2105
2162
2078
2033
2018
2068
2007
1931
1978
1959
1918
1970
1917
1986
1874
1840
1827
1830
1753
1759
1852
1741
1737
1732
1733
1674
1725
1615
1690
1635
1658
1631
1611
1582
1517
1576
1542
1543
1452
1503
1478
1509
1483
1450
1490
1477
1390
1435
1424
1397
1411
1440
1406
1443
1370
1318
1349
1341
1315
1272
1260
1307
1328
1290
1307
1280
1250
1234
1201
1240
1212
1256
1275
1249
1195
1161
1140
1237
1167
1166
1151
1158
1137
1165
1146
1134
1113
1153
1107
1109
1093
1136
1091
1118
1111
1104
1079
1084
1084
1045
1031
1054
1017
1050
984
1057
1048
1040
1024
1016
1008
992
968
1023
998
993
1020
975
965
1000
954
981
965
953
947
946
1002
931
961
929
922
927
938
905
911
922
936
916
909
901
926
905
898
898
911
878
905
888
890
842
907
904
848
870
826
891
841
891
851
825
844
840
862
874
848
831
843
834
829
835
848
777
814
840
823
819
818
797
786
793
803
803
783
777
789
784
799
780
783
769
767
778
753
775
773
781
774
780
791
773
800
752
754
778
758
749
748
771
745
753
748
747
737
767
735
738
734
739
766
721
751
721
753
746
759
715
745
724
744
738
728
730
700
725
722
712
715
744
724
713
707
708
677
722
699
709
744
697
726
701
689
706
712
702
719
705
720
711
695
686
715
698
698
701
696
700
708
689
681
703
682
686
686
690
701
680
683
691
694
661
663
666
684
692
684
669
660
676
680
700
665
679
661
687
673
677
688
673
671
686
665
663
704
671
659
665
683
680
644
660
654
664
653
645
666
661
665
673
650
649
659
636
654
654
663
642
652
645
659
640
643
665
674
643
669
669
646
648
661
659
650
635
655
630
641
643
659
647
649
660
639
642
646
660
638
651
656
636
641
655
649
662
655
651
627
640
641
647
629
646
645
635
651
635
641
638
639
639
635
643
630
632
631
639
648
633
642
633
635
643
631
627
636
632
621
632
628
630
627
643
640
637
622
624
642
628
627
632
631
635
621
625
628
629
625
619
618
617
617
630
619
627
617
626
614
613
628
623
624
623
621
647
617
613
609
619
630
618
604
616
617
621
626
629
617
621
618
615
628
617
611
634
613
621
625
614
612
620
618
626
618
611
621
598
627
622
619
611
625
605
617
617
616
612
619
609
613
611
617
618
617
616
615
612
617
620
623
617
624
623
615
610
608
614
620
605
613
609
609
613
608
613
612
615
612
614
616
613
604
603
615
613
611
613
605
609
612
609
598
609
601
606
606
604
599
603
613
607
607
600
618
613
605
605
614
612
598
622
603
611
605
609
607
614
598
602
602
604
602
606
609
609
617
615
605
618
605
610
612
605
598
617
606
600
606
607
612
606
599
620
606
610
608
594
609
604
608
613
601
605
603
605
602
607
602
598
616
611
607
610
607
613
602
600
615
608
603
613
599
606
604
607
602
606
592
607
600
604
610
606
607
602
609
594
596
602
605
600
605
602
600
611
602
599
610
605
606
611
592
601
607
605
605
598
603
611
605
596
601
603
599
606
607
597
604
609
600
600
607
594
599
603
608
613
602
610
601
602
605
612
602
602
609
600
607
603
603
601
597
595
603
601
597
604
602
601
609
599
616
605
590
609
602
609
610
594
602
610
594
591
604
602
601
595
600
599
594
595
606
