616
613
606
607
613
605
612
603
600
614
594
614
610
606
607
610
601
608
612
601
619
609
604
617
619
614
619
613
631
623
631
621
625
605
614
614
611
606
610
611
604
605
608
619
617
622
616
603
626
613
611
598
614
598
610
596
602
606
600
598
606
594
605
607
601
603
607
602
604
610
586
605
602
598
605
608
607
611
604
599
606
604
607
605
613
605
610
608
608
599
605
615
611
610
608
605
592
616
605
605
598
594
604
597
601
607
603
599
619
607
604
607
609
603
609
612
611
606
612
603
611
610
610
612
604
610
602
601
608
607
602
603
603
606
608
604
605
617
613
605
595
604
610
595
602
603
600
604
595
605
609
610
609
608
599
604
617
601
616
602
600
613
614
611
608
604
619
605
605
606
612
607
605
613
613
611
608
613
614
605
610
600
616
598
610
619
609
613
621
611
618
613
606
607
608
617
615
613
613
613
610
618
614
600
622
608
617
622
617
624
628
618
612
614
616
623
623
629
605
615
601
621
617
615
615
609
618
629
620
612
617
628
619
631
625
615
612
610
615
610
621
625
622
631
615
611
620
617
611
610
630
640
621
619
629
627
637
613
629
613
624
630
619
634
623
632
627
613
635
622
607
654
629
621
630
634
632
633
623
628
622
620
627
650
633
650
648
643
621
633
644
637
632
652
629
621
620
657
649
649
647
650
665
666
662
651
649
662
649
659
641
660
664
664
660
692
672
676
679
690
706
698
678
706
693
685
692
678
719
721
709
722
719
724
733
756
773
772
791
793
759
760
764
812
791
825
810
818
816
870
849
881
851
890
885
889
917
922
970
926
962
1001
980
1055
1067
1011
1065
1128
1160
1088
1141
1139
1215
1251
1249
1286
1322
1305
1389
1385
1467
1398
1435
1522
1548
1595
1663
1614
1747
1747
1860
1871
1953
1978
2138
2225
2177
2378
2351
2413
2461
2643
2626
2868
2825
2978
3035
3234
3266
3400
3635
3616
3724
3971
4185
4374
4404
4512
4794
5108
5270
5469
5640
5756
5990
6262
6323
6730
7021
7158
7354
7808
8262
8308
8890
8962
9577
9967
10309
10581
10928
11262
11734
11861
12696
12719
13064
13384
13989
14422
14310
15082
15602
15880
16141
16821
16997
17288
17837
17802
18389
18591
18174
18351
19023
18883
18807
19034
18734
18857
18982
19066
19144
18491
18595
18752
18490
18126
18519
17983
17351
17378
17096
16915
16931
16420
16155
15717
15766
15306
14962
14702
14420
14198
13918
13625
13676
13272
13094
12986
12705
12470
12301
12041
11856
11611
11200
11091
11013
10692
10525
10442
10258
10130
9907
10021
9803
9787
9463
9287
9561
9200
8968
8847
8855
8505
8627
8061
8256
8137
8237
8250
7688
8025
7865
7610
7623
7424
7544
7453
7234
7413
7219
7213
7078
6887
7040
6955
6896
6899
6538
6679
6637
6851
6397
6438
6321
6176
6260
6102
6116
5968
6024
5979
5912
6001
5647
5543
5651
5538
5628
5437
5343
5339
5351
5045
5173
5024
4995
5092
4875
4749
4707
4896
4745
4742
4593
4462
4501
4524
4446
4518
4417
4462
4228
4156
4137
4063
4106
4025
4039
3876
3840
3784
3780
3752
3807
3676
3600
3701
3442
3609
3424
3436
3532
3399
3319
3318
3156
3198
3239
3026
3162
3038
3059
3013
3031
3030
2912
2854
2863
2703
2788
2796
2785
2706
2739
2727
2704
2572
2564
2621
2574
2502
2628
2529
2450
2425
2291
2458
2460
2254
2275
2264
2250
2382
2152
2240
2181
2169
2195
2076
2033
2136
2047
2035
1966
2052
2031
1938
1923
1916
1959
1931
1971
1940
1825
1844
1878
1818
1759
1810
1719
1732
1744
1705
1686
1718
1639
1701
1606
1627
1615
1616
1621
1596
1563
1621
1642
1527
1530
1510
1465
1526
1482
1407
1513
1488
1456
1513
1423
1424
1444
1382
1420
1390
1374
1367
1404
1349
1267
1356
1345
1272
1365
1296
1291
1274
1273
1249
1265
1192
1276
1211
1220
1225
1195
1224
1165
1162
1145
1183
1150
1154
1136
1180
1136
1180
1161
1137
1157
1106
1097
1112
1108
1105
1072
1074
1043
1110
1084
1044
1013
1048
1032
1069
1078
1072
1029
1051
1004
1061
1016
985
1036
991
1020
995
1014
1042
991
1007
979
988
969
1001
948
941
964
961
948
935
921
917
958
974
923
919
939
922
933
916
934
948
936
925
927
910
888
906
859
880
877
886
896
853
901
869
861
883
870
867
844
836
829
862
856
856
868
875
857
814
851
818
835
836
835
811
832
846
817
806
831
830
788
778
780
783
800
800
812
787
822
813
778
808
777
794
803
804
751
803
767
771
757
749
764
786
784
774
776
765
769
745
762
752
773
743
742
728
769
785
797
767
752
757
761
731
767
741
753
743
750
765
715
742
725
732
747
749
714
737
710
717
711
748
695
728
736
731
709
727
719
725
715
722
728
709
707
709
694
715
708
739
697
742
695
695
696
700
723
694
728
693
692
692
690
692
687
681
665
683
686
687
676
698
688
676
667
703
689
687
676
687
682
685
659
665
672
668
698
679
674
671
675
654
665
678
682
670
661
688
677
662
646
658
696
656
681
672
656
655
672
653
668
643
674
661
651
650
675
653
651
667
678
661
651
658
663
673
669
645
650
659
667
651
635
650
645
647
669
666
641
675
638
664
630
647
645
670
639
644
641
647
667
652
655
657
652
628
660
652
646
639
641
647
636
656
658
626
634
639
656
652
643
631
621
656
639
630
634
631
636
646
636
647
637
641
640
625
637
641
628
637
644
636
633
649
630
641
639
650
621
629
625
636
629
630
634
644
627
637
620
641
636
638
623
636
622
624
637
638
636
642
616
631
628
637
630
626
621
629
614
613
630
613
636
617
613
626
614
615
629
610
629
613
618
611
620
622
629
623
617
611
619
639
633
631
613
635
633
615
615
612
618
624
618
603
634
621
617
621
621
617
618
619
621
608
607
618
610
607
615
603
612
615
612
622
615
615
611
616
609
608
614
613
618
612
613
614
611
611
614
608
615
617
615
617
614
609
608
611
615
609
612
606
609
609
611
615
607
618
604
607
603
615
612
616
606
606
603
602
602
611
622
602
611
603
613
610
607
611
601
617
609
601
614
614
612
610
611
613
616
616
605
610
602
605
610
598
613
603
606
606
614
601
608
609
611
619
606
611
596
611
611
615
606
594
613
600
604
601
607
600
615
612
602
606
597
605
616
604
606
600
613
601
600
613
597
603
603
594
610
596
603
606
603
605
601
610
600
606
599
607
607
605
601
609
599
605
593
605
607
607
598
601
609
600
607
611
611
593
605
598
613
598
602
595
596
599
606
602
598
605
601
612
602
599
608
606
606
597
589
601
599
602
594
601
600
604
607
604
606
604
598
609
597
596
602
601
