604
597
609
605
603
600
610
603
608
601
601
605
601
602
609
604
604
605
605
600
601
607
598
607
602
605
612
603
612
601
609
590
615
604
611
605
607
602
596
590
607
612
604
599
605
598
604
604
601
601
602
601
615
611
604
602
605
612
609
608
602
603
598
607
606
609
597
601
602
602
601
605
606
603
608
605
594
604
606
608
607
601
593
604
597
603
602
604
606
596
603
605
611
596
610
608
603
603
607
603
609
603
607
607
601
604
616
605
616
601
603
600
614
610
592
616
605
602
606
604
614
604
604
598
597
610
606
598
604
602
606
605
603
604
615
609
606
603
609
618
611
609
607
609
604
608
616
611
599
613
630
607
607
619
606
613
608
606
612
614
603
616
622
621
623
616
610
624
614
610
611
605
608
616
615
613
606
619
607
608
620
607
616
605
616
615
608
617
613
613
602
613
610
620
609
615
613
619
612
614
603
602
627
608
617
614
610
611
612
608
622
604
625
619
625
617
615
610
613
616
618
615
611
612
637
623
620
630
611
613
620
620
631
623
624
624
627
632
622
631
633
612
637
628
619
625
627
612
629
626
625
627
620
621
633
628
625
615
617
632
645
631
623
623
623
628
624
644
626
623
626
630
629
618
613
626
633
633
650
652
639
652
631
654
643
653
635
649
635
651
639
624
636
645
638
666
651
668
670
649
668
644
646
653
660
669
662
663
665
671
666
658
662
677
677
669
666
670
687
691
689
682
707
712
699
723
721
718
740
743
728
747
716
756
756
774
775
777
776
792
776
809
806
783
765
832
860
862
881
874
907
921
872
915
945
931
940
933
1004
957
975
1001
1040
1044
1058
1078
1145
1082
1090
1111
1238
1229
1233
1280
1256
1374
1360
1384
1385
1464
1484
1495
1546
1528
1627
1707
1675
1736
1783
1881
1944
1988
2027
2107
2163
2247
2289
2435
2482
2638
2687
2723
2883
2915
2985
3058
3308
3341
3488
3621
3744
3981
4088
4320
4343
4591
4745
4702
4991
5279
5553
5751
5839
6339
6334
6633
6824
7239
7469
7889
8091
8370
8697
9034
9500
9876
10238
10592
10925
11422
11364
12205
12531
12853
13561
13445
14133
14599
15228
15500
15741
16373
16670
16896
17679
17857
18255
18657
18818
19189
19471
19614
19742
20117
20288
20224
20065
19867
19929
19943
19921
20409
20130
20097
20136
20057
19610
19730
19658
19565
19053
18579
18372
18275
17908
17598
17048
16888
16626
16461
15914
15573
15635
15630
14894
14547
14382
14189
14072
13787
13782
13419
13370
12768
12627
12460
12538
11931
11815
11541
11229
11306
10726
10935
10969
10746
10377
10248
10208
10114
9925
9843
9671
9565
9518
9185
9083
8903
8939
8793
8859
8645
8439
8467
8308
8109
8302
8160
8130
7867
7985
7830
7674
7593
7897
7707
7521
7548
7352
7404
7318
7172
7035
7118
6932
6828
6892
6663
6838
6580
6503
6474
6537
6377
6441
6190
6112
6197
6098
6050
6059
6060
5877
5736
5862
5839
5672
5569
5320
5403
5290
5336
5163
5250
5121
5137
5078
4981
5041
4991
4883
4813
4956
4603
4580
4502
4512
4438
4459
4404
4352
4266
4217
4079
4027
3973
3990
4033
3932
3959
3807
3835
3699
3749
3656
3531
3684
3549
3580
3531
3386
3454
3432
3382
3157
3116
3255
3160
3182
3155
3079
2987
2999
2982
3028
2864
2965
2751
2835
2813
2736
2786
2659
2714
2670
2669
2683
2621
2548
2524
2553
2381
2463
2529
2365
2442
2299
2339
2352
2271
2239
2345
2233
2182
2093
2135
2179
2123
2198
2092
2077
2052
2003
2014
2002
1985
1983
1901
1885
1894
1919
1875
1907
1875
1800
1842
1735
1803
1756
1779
1832
1722
1660
1662
1699
1671
1691
1699
1618
1601
1587
1636
1685
1644
1587
1573
1497
1554
1632
1563
1440
1513
1493
1505
1481
1433
1471
1437
1470
1526
1391
1373
1417
1391
1327
1301
1286
1371
1337
1338
1287
1317
1315
1257
1288
1253
1325
1216
1286
1228
1203
1247
1322
1221
1176
1194
1165
1174
1215
1169
1188
1134
1150
1108
1183
1126
1189
1054
1092
1166
1070
1111
1135
1070
1097
1072
1058
1081
1046
1086
1063
1064
1080
1053
1062
989
1014
1039
1036
1030
1020
1037
1023
1012
1030
955
1042
1013
1005
975
1010
966
962
1043
987
962
952
975
949
951
937
979
947
911
925
957
949
934
940
939
932
961
928
890
883
914
924
896
896
875
874
889
898
892
900
897
872
831
867
869
862
859
840
841
857
858
847
839
865
819
821
836
865
808
841
826
823
839
825
819
829
834
794
813
799
825
833
809
807
779
814
774
828
799
784
800
778
814
764
774
795
785
785
782
797
759
780
798
777
783
753
779
762
770
768
755
746
761
766
764
747
755
722
743
765
761
767
726
724
737
725
738
754
749
730
737
739
737
716
734
743
751
721
714
745
717
726
699
733
730
711
719
711
730
724
739
717
721
706
693
720
697
701
723
711
714
717
716
706
702
704
672
701
698
679
700
709
699
702
685
700
697
682
676
679
699
688
685
662
683
700
695
672
685
673
682
681
675
682
668
675
671
658
681
676
687
693
652
691
677
671
683
648
681
665
676
659
647
658
657
662
666
672
675
665
673
648
663
663
672
663
665
661
652
648
663
644
659
665
662
651
671
664
670
659
655
657
656
665
661
651
651
648
643
671
647
649
656
651
654
656
637
633
646
644
652
640
643
631
633
629
637
642
624
651
636
640
630
642
639
636
639
651
622
649
630
641
641
631
624
640
616
636
639
625
639
623
638
642
625
636
639
639
638
638
623
630
640
637
635
637
629
638
637
645
620
624
629
627
635
632
632
635
618
632
626
611
629
622
620
614
619
627
632
614
640
627
627
615
621
620
619
619
628
627
616
630
616
614
623
633
613
620
624
619
618
614
624
628
626
619
621
617
618
622
633
629
630
620
623
613
619
618
622
625
621
609
614
623
612
619
615
615
607
620
626
608
617
616
604
618
614
623
609
614
613
630
614
618
610
618
616
600
612
614
620
610
609
612
606
608
619
612
608
611
601
609
607
626
614
613
608
599
605
601
620
605
603
604
615
613
603
613
612
608
611
607
614
614
608
609
611
610
606
604
610
606
616
606
615
611
606
616
614
607
608
611
602
596
608
624
613
614
610
611
606
605
605
608
620
603
611
612
600
607
609
620
614
598
613
608
612
615
602
602
608
610
610
612
612
607
596
602
611
606
605
612
615
607
608
604
592
611
609
609
595
607
607
608
600
599
611
605
613
599
595
622
602
603
614
607
598
615
612
602
597
592
602
599
601
610
597
601
603
604
602
599
600
607
598
600
602
600
594
609
604
594
608
611
602
608
598
604
601
603
602
604
596
605
607
598
602
599
605
597
605
608
603
599
601
