601
611
605
604
604
602
610
614
599
612
603
594
610
606
601
604
596
615
602
604
610
609
600
602
607
603
606
606
612
605
600
602
617
597
605
602
600
603
608
601
602
608
601
601
606
610
601
609
613
604
598
602
602
609
602
601
612
602
599
605
602
597
590
612
597
603
602
611
597
603
604
604
608
604
604
606
599
605
605
603
603
601
608
601
602
602
603
609
600
603
608
611
607
595
599
606
605
605
601
608
603
615
598
598
595
614
603
612
607
612
610
607
600
610
603
608
603
606
610
607
605
605
598
609
613
606
611
604
598
602
616
599
613
615
605
614
601
613
608
605
615
610
606
617
619
605
607
612
605
612
610
610
604
604
600
608
605
607
626
606
611
612
603
611
611
614
590
611
615
605
603
611
611
608
605
602
602
613
602
603
619
615
608
618
613
604
611
607
606
612
604
617
607
610
609
604
608
622
614
617
625
610
611
625
612
615
621
620
625
619
623
619
622
615
613
612
614
606
612
624
622
616
635
623
612
625
624
631
621
616
624
606
607
618
620
629
621
615
630
624
612
621
616
627
609
620
614
637
630
619
632
615
627
618
625
620
642
625
616
627
622
622
611
633
640
627
626
639
614
624
629
623
634
621
620
639
639
633
632
636
641
646
642
640
641
626
632
659
629
633
649
643
644
635
640
662
651
640
627
650
648
639
655
663
665
683
645
646
671
659
669
663
670
679
670
676
697
690
663
669
673
694
693
713
673
683
691
737
712
700
705
716
680
711
750
724
740
762
752
753
759
784
801
777
792
782
790
808
787
838
829
841
870
837
869
895
951
917
915
933
966
997
996
979
1012
1037
1099
1093
1088
1103
1105
1105
1147
1206
1217
1206
1208
1305
1287
1423
1353
1357
1440
1464
1540
1552
1524
1640
1617
1681
1778
1842
1862
1922
2047
2074
2150
2231
2272
2332
2387
2465
2538
2682
2763
2913
2918
3032
3156
3227
3419
3507
3665
3749
3739
3910
4219
4256
4569
4759
4773
5225
5285
5451
5565
6005
6102
6211
6325
6734
7208
7200
7474
7945
8303
8691
8938
9158
9564
9929
10365
10643
10824
11238
11573
11721
12296
12698
12816
13570
13688
13993
14311
14773
15166
15553
15798
16297
16686
16575
16803
16998
17259
17208
17723
17672
17739
17688
17745
17584
17556
17572
17690
17451
17633
17684
17258
16994
16607
16922
16616
16132
16414
15903
15605
15494
15116
15007
14852
14604
14372
13704
13761
13441
13089
12957
12731
12699
12136
12264
12036
11792
11682
11336
11434
11054
10984
10633
10417
10284
10226
9933
9827
9839
9369
9438
9483
9315
8862
9093
8919
8711
8835
8531
8401
8313
8242
8111
8173
7946
8071
7746
7750
7568
7708
7404
7307
7470
7315
7051
7141
7121
7183
6986
7088
7037
6937
7020
6596
6970
6577
6499
6581
6297
6226
6275
6185
6100
5887
5993
6047
6006
5938
5853
5890
5786
5740
5672
5726
5482
5583
5462
5293
5468
5159
5295
5184
5110
5039
5029
4895
4902
4953
4846
4776
4684
4724
4783
4632
4594
4505
4389
4433
4385
4371
4238
4227
4151
3965
4036
4036
3996
3937
3879
3872
3779
3818
3804
3656
3689
3617
3479
3499
3457
3453
3282
3334
3302
3195
3152
3190
3156
3123
2989
3102
2940
3031
2979
2991
2829
2845
2822
2841
2820
2778
2879
2729
2646
2719
2666
2726
2617
2552
2497
2531
2478
2488
2384
2388
2478
2310
2341
2317
2393
2270
2272
2268
2209
2162
2163
2194
2077
2157
2053
2178
2012
1986
1943
1945
2060
1917
1915
1926
1903
1887
1876
1781
1833
1850
1822
1784
1758
1765
1754
1688
1759
1714
1702
1785
1737
1553
1634
1644
1680
1572
1614
1563
1634
1530
1516
1516
1528
1526
1493
1457
1412
1458
1458
1506
1437
1369
1460
1404
1358
1420
1394
1384
1364
1397
1445
1313
1294
1434
1352
1289
1249
1319
1321
1294
1218
1198
1261
1241
1285
1210
1202
1264
1228
1178
1165
1176
1199
1238
1112
1130
1154
1129
1125
1124
1129
1169
1144
1096
1126
1109
1117
1121
1091
1059
1084
1047
1037
1078
1033
1009
1016
1050
1043
1045
1051
1022
995
1030
1063
996
994
1040
1057
1003
1048
1002
1009
1003
978
975
984
982
1008
957
981
985
931
929
939
957
958
941
920
953
924
897
885
909
888
892
914
921
905
855
889
871
880
896
879
896
856
910
886
860
903
837
863
852
872
848
847
880
836
870
847
798
887
827
806
843
830
866
835
807
812
854
845
818
820
828
791
844
819
816
810
809
784
804
785
768
781
752
793
792
782
790
788
790
780
773
796
780
794
778
770
771
762
741
759
745
731
756
766
768
776
767
780
756
733
768
737
764
721
772
713
763
714
746
716
727
752
729
728
731
739
733
736
728
726
717
716
711
720
723
719
735
734
731
731
706
707
708
727
699
712
719
727
681
704
714
705
721
716
701
703
690
729
686
721
690
703
694
681
704
705
707
716
691
682
687
674
691
691
698
678
687
678
692
679
678
709
691
691
671
664
679
686
667
682
667
680
680
658
680
681
678
656
649
668
678
684
664
664
676
666
662
649
673
667
674
683
668
660
650
672
667
652
650
659
650
660
666
638
660
676
644
647
659
650
648
654
655
661
662
657
645
636
659
654
651
664
648
647
668
641
650
654
656
636
644
651
651
638
647
640
657
652
624
640
645
649
653
648
641
636
642
638
660
627
653
636
641
636
628
628
650
636
623
646
636
634
632
627
636
638
632
638
626
626
627
630
629
643
652
632
630
613
627
634
638
628
617
631
628
626
628
620
623
635
619
633
633
615
624
625
622
634
620
624
631
618
620
632
619
628
620
622
612
626
613
632
624
621
617
620
620
625
623
624
633
626
622
628
617
631
608
634
617
615
611
624
625
615
626
609
610
616
625
617
624
612
634
630
619
616
621
610
615
619
601
624
608
628
620
620
613
620
608
609
613
606
615
602
601
627
613
598
626
607
622
608
613
614
604
613
617
611
612
616
616
617
610
608
618
610
614
617
611
621
624
625
605
614
609
610
619
605
617
630
607
617
608
610
607
610
599
616
611
605
606
600
610
606
604
612
611
605
617
599
608
619
607
606
612
604
603
612
613
603
607
593
613
607
605
615
605
606
619
612
603
607
603
610
611
613
603
610
617
617
609
605
617
604
616
607
604
602
613
611
610
602
606
602
611
604
604
604
608
615
604
606
600
605
608
606
619
607
612
604
603
603
606
615
610
604
610
608
607
611
611
606
605
605
615
607
606
607
601
610
599
595
609
602
603
596
599
613
602
607
600
609
595
616
605
601
607
612
608
610
602
603
609
603
602
604
610
602
610
597
607
603
599
606
594
597
617
607
604
606
607
604
606
611
613
604
