598
595
599
608
608
608
603
609
604
605
601
607
599
601
598
609
608
610
612
602
600
612
606
600
605
602
612
608
609
611
609
609
607
603
603
605
605
608
601
609
606
602
605
610
613
602
606
610
599
604
606
594
607
601
607
602
603
603
604
607
597
609
601
616
607
595
601
609
602
607
612
602
607
607
608
604
612
613
592
619
609
602
607
609
608
609
600
600
602
615
609
605
599
600
598
601
605
602
607
597
602
603
612
601
608
619
604
601
607
597
607
594
600
590
594
598
594
602
601
614
606
601
607
599
609
604
594
604
614
609
604
605
611
604
597
615
607
603
602
609
604
609
604
615
610
609
607
616
607
596
614
610
603
617
617
604
614
610
603
609
601
608
603
618
601
607
606
603
621
615
602
611
600
614
612
611
619
605
620
617
617
616
620
610
615
617
613
614
614
626
609
619
624
619
618
611
613
613
616
601
609
604
623
620
615
608
611
623
615
622
626
612
607
628
608
624
611
634
628
631
618
620
632
618
639
613
629
619
628
628
624
623
634
620
620
622
638
613
633
616
621
627
607
621
623
619
632
633
641
631
629
636
617
629
639
629
619
631
639
629
629
642
629
638
625
639
634
624
637
618
638
639
638
626
648
647
649
648
637
648
632
646
658
640
634
644
639
647
655
640
655
655
665
666
655
661
655
654
664
666
653
661
651
670
662
673
664
663
688
690
678
680
711
691
709
707
686
698
718
710
687
737
700
718
735
711
751
741
732
743
749
751
739
788
770
819
766
809
801
814
808
822
865
852
823
831
866
862
923
907
888
916
899
923
938
977
967
991
1035
1022
1018
1055
1039
1043
1112
1151
1139
1188
1219
1215
1286
1240
1331
1313
1376
1423
1418
1473
1524
1529
1526
1589
1630
1646
1762
1798
1907
1876
1950
2018
2095
2203
2164
2311
2345
2421
2545
2607
2762
2813
2886
2944
3106
3207
3408
3356
3532
3627
3695
3894
4114
4275
4431
4507
4706
5091
5141
5285
5680
5729
6103
6280
6497
6771
6817
7315
7321
7826
8075
8505
8778
9349
9472
9900
10321
10545
11045
11645
12104
12582
12841
13234
13904
14101
14522
14925
15610
15962
16052
16929
17168
17569
18434
18624
19039
19502
20192
20350
20822
21021
21243
21591
21442
22230
21995
22267
22125
22200
22333
22296
22341
22569
22415
21882
22440
21964
21643
21553
21403
21359
20953
20964
20733
20146
19988
19581
19101
18755
18774
18364
18138
17638
17348
16997
16762
16467
16261
15936
15641
15471
15473
15192
14865
14553
14461
13793
13710
13452
13228
13090
12695
12609
12405
12462
12010
12254
11539
11555
11605
11360
11275
11116
11157
10835
10739
10579
10461
10253
10021
10128
10054
9890
9584
9692
9532
9295
9298
9559
8965
9108
8960
8818
8877
8852
8741
8606
8777
8474
8396
8523
8255
8243
8011
7963
7985
7910
7775
7770
7573
7612
7512
7520
7267
7363
7198
7293
7082
7258
6994
7067
6860
6807
6903
6536
6632
6363
6419
6324
6376
6283
6090
5985
5990
6007
5887
5937
5830
5916
5713
5755
5655
5440
5441
5306
5325
5161
5226
5056
4999
5010
4961
4890
4789
4674
4686
4736
4597
4478
4448
4434
4440
4360
4206
4421
4199
4159
4110
4096
3923
3976
3928
3784
3866
3889
3917
3665
3645
3611
3591
3548
3571
3367
3505
3435
3362
3430
3307
3362
3223
3178
3358
3270
3138
3067
3078
3029
2966
2958
2799
2878
2878
2804
2732
2834
2713
2741
2661
2562
2633
2521
2614
2618
2494
2478
2489
2403
2385
2349
2403
2354
2390
2301
2318
2334
2118
2252
2240
2303
2162
2187
2181
2172
2100
2114
2069
2033
1981
2132
1989
1963
2043
1934
1970
1912
1869
1749
1840
1817
1812
1760
1779
1715
1749
1769
1789
1741
1734
1690
1731
1735
1701
1700
1634
1536
1673
1607
1634
1579
1587
1564
1546
1549
1548
1466
1482
1512
1462
1506
1523
1513
1483
1497
1460
1387
1437
1386
1380
1391
1353
1382
1286
1355
1309
1345
1364
1304
1316
1239
1281
1275
1263
1320
1279
1217
1224
1235
1250
1322
1202
1223
1161
1250
1193
1247
1191
1171
1173
1147
1146
1183
1174
1135
1161
1111
1087
1130
1105
1135
1151
1119
1091
1088
1097
1039
1090
1130
1029
1067
1058
1039
1079
1032
1024
1081
1058
1026
1109
1036
1063
1028
1018
971
1016
1010
1008
1013
1053
947
1020
972
959
939
972
982
984
939
935
933
937
903
957
947
945
914
952
905
877
943
889
881
930
880
875
864
909
897
907
897
885
923
852
861
864
846
909
886
845
896
860
853
850
853
867
866
873
886
856
858
806
838
871
817
833
812
803
837
835
809
827
813
802
842
839
807
827
838
801
814
788
821
802
814
796
779
774
794
782
782
789
773
788
778
770
765
799
783
766
784
791
739
771
782
794
753
753
785
767
744
756
761
739
760
729
759
740
766
760
722
744
730
754
730
729
759
759
726
743
749
732
724
694
765
706
741
721
727
732
720
716
730
740
738
724
736
716
713
722
687
702
710
700
718
701
709
701
688
710
674
716
684
715
687
677
704
689
691
687
698
693
674
701
690
680
694
685
681
688
702
692
697
671
679
692
656
701
684
671
689
683
687
696
680
671
663
670
676
664
682
677
669
679
660
661
678
661
659
673
670
655
662
671
656
669
672
671
663
663
661
660
660
676
660
649
642
651
665
650
665
657
649
657
666
640
642
646
648
642
659
654
644
649
634
644
659
640
650
650
639
653
640
662
638
643
639
626
639
651
653
647
639
656
640
641
624
626
634
644
643
628
659
633
655
633
647
634
658
624
629
630
645
645
629
643
644
630
637
636
645
630
636
625
637
626
638
627
631
635
636
624
625
636
631
624
619
620
630
630
619
622
630
630
619
627
624
625
624
621
620
630
625
603
622
621
617
613
626
610
631
628
632
615
615
619
625
621
628
624
604
629
623
625
628
628
610
623
616
617
620
624
622
618
630
617
624
621
619
609
614
622
620
620
621
626
616
614
620
614
618
632
617
613
604
619
633
598
617
609
614
613
626
617
617
614
611
618
607
611
606
610
609
602
627
604
620
624
625
618
617
614
606
596
606
605
613
613
605
611
606
606
609
605
612
613
615
615
619
603
620
603
626
618
617
614
601
610
604
615
609
609
608
603
608
610
600
621
607
609
615
603
600
615
603
618
604
612
598
611
608
609
621
611
602
600
612
608
611
611
606
601
614
602
608
612
602
613
605
613
607
607
601
602
608
605
605
606
592
607
608
605
600
620
594
612
608
601
607
604
609
602
600
615
611
601
599
594
606
609
609
601
607
601
600
608
603
602
599
605
604
596
598
598
596
609
602
601
602
597
596
605
599
599
607
601
614
612
602
609
602
608
600
601
598
603
602
597
604
605
607
605
607
