593
615
609
612
614
610
609
608
600
605
606
608
595
609
613
596
611
602
605
602
608
605
607
606
609
601
607
605
616
604
608
596
604
604
603
615
613
606
606
607
603
605
603
603
609
608
605
606
609
605
603
594
601
607
603
608
598
610
607
604
610
605
599
599
602
605
612
608
610
602
606
610
598
606
600
607
608
604
607
602
601
610
595
606
600
599
604
607
619
611
606
601
608
599
607
607
595
614
608
610
601
600
605
609
602
607
618
604
606
607
610
613
608
610
609
606
607
606
603
603
601
613
608
607
592
606
606
605
613
613
607
604
608
610
609
599
617
615
613
608
610
610
620
614
612
606
613
619
613
600
613
604
601
609
620
609
605
619
615
609
620
617
600
613
607
611
602
604
611
612
612
614
606
610
619
611
613
623
625
616
614
625
609
608
622
613
621
604
623
609
616
604
619
616
615
604
621
623
627
619
615
618
622
615
608
625
622
613
634
620
625
621
611
634
629
629
618
625
624
608
623
630
628
626
616
634
636
628
615
620
628
640
624
638
624
621
623
619
632
641
619
645
634
629
626
631
635
640
641
625
631
627
625
621
633
625
648
632
630
625
637
619
642
628
641
640
634
638
642
637
634
622
639
647
637
643
639
641
644
632
656
641
661
647
628
649
635
644
661
645
642
652
672
654
650
636
670
664
650
648
658
666
639
677
671
672
671
669
691
686
678
683
690
689
674
711
711
698
714
721
703
730
701
745
727
741
747
739
741
754
745
757
757
763
757
814
801
817
847
838
800
820
833
861
890
865
872
884
871
898
923
916
980
940
954
1018
1018
970
1005
1024
1039
1107
1083
1075
1114
1130
1209
1172
1191
1206
1269
1325
1349
1369
1398
1459
1444
1479
1496
1577
1556
1670
1620
1724
1762
1825
1823
1944
1970
2003
2200
2292
2286
2328
2344
2467
2559
2635
2737
2811
2968
3038
3200
3353
3387
3464
3678
3741
3848
4106
4215
4309
4485
4667
4850
5068
5431
5491
5771
5903
6017
6421
6580
6939
7124
7572
7686
7930
8234
8689
9039
9496
9893
10199
10607
10828
11520
11728
12467
12665
13090
13749
13839
14459
15074
15330
15724
16340
16899
17349
17905
18232
18699
19240
19459
19773
20695
20808
21460
21769
22040
22050
22315
22863
22822
22966
23142
22739
23066
23195
22897
23027
22646
22844
22905
22714
22643
22362
22247
21837
21591
21418
21041
20797
20770
20069
19659
19375
18966
18670
18436
17852
17778
16942
17104
16707
16928
16214
16105
16124
15591
15312
15182
14740
14550
14147
13856
13800
13359
13383
13153
12902
12833
12574
12492
12256
12024
11861
11876
11644
11669
11265
11287
11002
10860
10871
10582
10375
10375
10275
10041
10028
9912
9735
9790
9569
9461
9556
9427
9317
9200
9095
9231
9253
9008
8822
8712
8721
8423
8532
8206
8446
8212
8224
8043
8098
8119
7899
7745
7785
7738
7490
7433
7451
7555
7308
7506
7120
7123
7182
6887
7133
6890
6626
6660
6578
6637
6429
6374
6500
6213
6169
6214
6086
6114
5915
5800
5853
5744
5798
5521
5657
5539
5449
5329
5297
5397
5249
5222
4948
5121
4905
4905
4795
4733
4669
4710
4704
4688
4500
4603
4435
4366
4314
4295
4219
4132
4335
4169
4024
3966
3898
3855
3941
3787
3706
3656
3571
3683
3610
3529
3524
3543
3453
3446
3368
3370
3360
3314
3278
3099
3243
3041
3246
3039
2988
3041
2906
2921
2828
2874
2944
2912
2873
2801
2756
2601
2750
2665
2655
2773
2606
2585
2533
2401
2445
2410
2543
2324
2361
2410
2338
2347
2185
2189
2261
2311
2203
2193
2212
2238
2115
2229
2149
2063
2114
2039
2017
2101
1972
1989
1937
2000
1961
1925
1833
1943
1855
1832
1904
1877
1791
1834
1771
1746
1755
1726
1720
1729
1656
1666
1677
1730
1599
1669
1560
1556
1604
1552
1555
1555
1594
1513
1453
1513
1483
1529
1454
1444
1498
1463
1419
1441
1409
1397
1421
1430
1370
1417
1409
1389
1382
1340
1302
1369
1376
1299
1310
1338
1289
1260
1218
1272
1300
1207
1239
1285
1222
1255
1200
1222
1225
1178
1196
1201
1219
1255
1191
1182
1206
1173
1178
1143
1167
1093
1158
1160
1111
1107
1114
1105
1087
1127
1083
1087
1086
1103
1039
1062
1090
1040
1042
1057
1013
1078
1039
1010
1016
996
1050
1038
1008
999
1029
1001
1012
1017
1005
1020
1035
1006
1032
996
1002
972
957
1000
953
904
920
968
966
881
929
937
943
904
918
922
915
933
949
911
928
881
890
897
879
914
900
892
880
882
893
899
847
884
891
864
864
855
848
821
859
851
885
836
842
879
822
845
869
853
830
824
818
806
823
819
826
854
853
799
812
802
790
807
833
808
793
782
794
813
839
784
818
766
780
812
829
764
775
791
783
723
799
761
769
742
764
779
761
776
750
779
741
773
757
764
727
726
748
749
762
730
731
736
790
748
753
755
744
754
730
718
729
759
754
775
716
727
729
744
718
701
738
711
693
740
705
722
718
714
685
724
715
708
691
726
702
687
716
710
703
716
697
737
707
713
718
712
719
698
686
701
707
678
691
693
698
687
677
685
695
704
679
686
695
700
701
682
694
662
668
704
683
681
681
677
664
692
651
673
668
665
683
675
696
685
662
677
680
657
677
682
696
660
675
661
648
692
660
652
685
667
669
657
647
680
666
666
655
664
659
676
660
662
670
657
640
651
663
639
650
658
636
666
651
662
652
655
651
643
658
661
651
649
646
650
664
640
651
651
651
650
656
639
655
633
631
629
645
639
634
660
643
668
644
641
656
627
640
637
644
622
634
653
643
629
642
636
643
643
634
637
626
638
620
626
620
641
630
634
621
629
639
630
627
625
640
636
632
632
635
636
646
632
630
628
628
632
622
627
633
627
628
641
619
629
630
629
638
630
623
624
633
619
636
617
627
622
609
624
617
631
633
621
611
633
617
636
626
625
620
630
610
624
627
622
629
622
616
622
630
616
628
618
618
626
616
609
627
612
613
614
610
614
616
615
633
613
615
613
612
623
629
624
619
606
621
617
621
613
615
618
623
622
599
618
619
601
622
623
622
614
614
631
608
612
618
618
602
613
603
626
614
612
614
610
617
602
610
601
615
617
602
608
614
605
603
602
598
604
609
618
611
602
614
616
609
616
608
604
614
608
607
609
612
612
617
606
613
601
604
605
601
615
614
611
604
608
603
598
613
603
606
610
609
611
600
612
611
611
605
614
614
606
608
605
608
614
599
612
605
610
620
605
601
611
612
595
613
608
600
601
600
595
601
606
600
607
606
614
608
608
608
598
604
604
618
610
611
606
604
597
612
601
613
603
608
605
616
607
603
607
605
604
606
605
596
609
606
611
598
597
618
604
605
605
606
602
602
598
604
600
608
598
604
605
608
