625
615
619
635
616
618
621
615
617
623
620
628
620
606
624
609
622
611
612
616
621
613
626
639
634
624
619
618
625
623
623
610
613
611
618
627
618
629
608
611
631
619
613
618
627
621
624
616
624
630
601
620
617
618
624
621
625
623
611
614
615
624
624
614
620
620
613
619
622
624
616
619
618
615
623
612
620
615
620
620
620
623
633
626
616
616
604
629
621
615
621
618
630
604
621
619
622
609
619
621
616
627
614
619
616
621
617
618
614
622
612
630
614
607
618
616
637
618
618
612
622
622
627
619
614
625
606
618
613
622
618
612
620
628
624
617
642
622
607
621
616
618
618
615
620
622
615
618
608
621
609
618
628
608
606
619
618
609
624
634
624
625
636
605
600
618
618
630
621
609
620
601
610
606
612
623
630
613
616
616
613
620
612
626
610
624
613
635
620
622
623
620
622
613
613
637
620
625
619
631
622
622
623
622
631
624
626
634
632
618
624
624
618
623
617
613
621
608
642
632
629
633
620
630
633
625
615
637
629
635
621
642
629
624
636
627
629
652
630
635
636
644
625
633
639
629
629
640
631
634
631
631
643
640
636
637
633
635
634
642
652
639
634
657
645
624
631
634
645
633
628
651
647
648
644
646
643
639
638
653
648
658
651
642
639
662
672
645
647
659
664
647
659
645
691
667
680
657
662
662
673
674
671
673
649
684
667
684
675
676
691
671
701
666
684
697
687
681
684
702
700
683
714
708
709
725
709
721
731
719
727
696
705
731
770
732
728
745
732
758
741
747
753
744
735
754
787
768
746
776
779
777
788
744
801
798
817
824
783
821
837
826
837
819
815
854
863
875
832
896
926
920
892
913
914
959
914
952
917
983
978
965
1018
955
999
1010
986
986
1026
1058
1057
1033
1123
1106
1166
1173
1097
1195
1222
1202
1206
1277
1282
1236
1284
1286
1338
1352
1388
1379
1381
1414
1428
1406
1529
1467
1591
1624
1607
1604
1635
1744
1739
1785
1792
1726
1892
1901
1962
1904
1992
2066
2093
2151
2248
2131
2361
2419
2406
2431
2476
2553
2584
2674
2795
2710
2787
2946
3047
3088
3200
3140
3325
3300
3443
3478
3698
3675
3846
3891
3966
4047
4212
4233
4309
4469
4461
4646
4663
4931
4937
5330
5226
5313
5424
5551
5786
5899
6026
6305
6455
6481
6456
6749
6958
6935
7187
7063
7401
7534
7815
7811
7960
8141
8386
8797
8856
9160
9260
9555
9724
9978
10048
10284
10035
10491
10930
10895
11022
11486
11511
11781
11895
11925
12555
12704
12740
12750
13229
13438
13851
13730
14171
14422
14616
14364
15055
15288
15476
15290
16010
15876
16123
16347
16585
16873
16881
17507
17720
18189
18394
18569
18826
18996
19232
19580
20156
20242
19861
20657
20717
21042
21442
21318
21609
21628
21988
22323
22731
22711
23272
23569
23914
23692
24188
24293
24771
24814
25283
25417
25830
25537
26024
25773
26288
26189
26750
26840
26888
26888
27415
27022
27414
27875
27944
28620
28512
29035
29148
29065
29164
29108
30050
29888
30108
29965
30313
30091
29798
30415
30573
30563
30987
30791
30689
31150
31400
31620
31922
31789
32669
32122
32139
32547
33048
32498
33203
32618
32504
32840
32884
32875
33125
33140
33240
33206
33386
33244
33391
33837
33700
33828
33802
33683
34099
34097
33966
34498
34207
34494
34462
34871
34582
34423
34563
35086
34370
34757
34762
34937
34716
34812
34920
35090
35188
35471
35504
35110
35932
35780
36044
35539
36117
35764
35814
35762
35704
35544
35384
35012
35111
35281
35356
35358
35418
35847
35711
35384
35656
35623
35467
35835
35681
35616
35854
35655
35512
35465
35242
35144
35520
35077
34832
35031
34993
35080
34987
34640
34948
34756
34330
34411
35014
34475
34721
34101
34635
34403
34359
34329
34042
34210
33609
33590
33427
33438
33384
32706
33301
33274
32753
32609
32641
32673
32170
32135
32415
32449
31940
32046
32093
31950
32124
31460
31392
31569
31365
31104
30944
30637
30582
30457
30218
29961
29690
29411
29996
29107
29448
28569
29174
28845
28735
28767
28586
28044
27866
27736
27779
27424
27241
26913
27254
26485
26651
26387
26142
25963
25643
25456
25338
25128
25061
24759
24745
24400
24506
24218
24169
24143
23792
23417
23399
23056
22821
22586
22709
22438
22207
21820
21749
21609
21071
20925
20910
20643
20539
19989
20266
19973
19532
19503
19350
19515
18989
18920
18881
18312
18356
18364
17930
18013
17673
17418
17029
16998
16640
16487
16337
16030
16236
15844
15400
15322
15285
14863
14744
14727
14336
14337
14352
13869
13919
13584
13531
13326
13430
13240
13054
12760
12621
12453
12739
12133
11940
11817
11583
11153
11132
10822
10953
10807
10691
10466
10523
10111
10293
10032
9946
10066
9731
9734
9525
9343
9192
9070
9099
8936
8702
8649
8575
8446
8199
8308
7920
7867
7841
7670
7669
7461
7668
7220
7313
7249
7272
6866
6771
6832
6745
6451
6625
6594
6185
6242
6077
6204
6124
5882
5711
5879
5783
5548
5523
5382
5365
5369
5202
5208
5207
4793
5023
4954
4739
4732
4624
4586
4509
4459
4418
4450
4369
4299
4248
4306
4030
4108
4059
3966
3980
3787
3854
3722
3681
3588
3702
3594
3510
3655
3474
3498
3356
3340
3282
3219
3233
3145
3135
3139
3121
2989
2997
2943
2938
2921
2912
2770
2786
2839
2771
2710
2652
2604
2615
2571
2543
2487
2627
2551
2494
2410
2380
2339
2486
2394
2435
2365
2240
2293
2330
2220
2168
2157
2139
2072
2153
2103
2099
2025
2071
2014
1955
2028
1972
1991
1976
1922
1909
1883
1936
1879
1865
1815
1760
1708
1771
1696
1788
1698
1758
1667
1637
1698
1695
1685
1550
1593
1540
1563
1572
1515
1529
1579
1555
1477
1535
1467
1486
1453
1498
1440
1412
1437
1452
1390
1426
1408
1433
1387
1329
1373
1371
1286
1353
1334
1340
1307
1226
1280
1255
1254
1262
1246
1294
1221
1222
1198
1152
1187
1196
1170
1242
1164
1175
1148
1150
1146
1124
1125
1145
1119
1135
1117
1097
1092
1092
1096
1101
1052
1060
1080
1044
1062
1044
1055
982
1003
977
1000
1028
1026
1003
1014
967
1001
1025
1003
977
998
969
969
962
988
964
954
927
979
913
945
957
919
915
911
910
916
893
931
872
882
919
848
903
856
871
879
895
877
882
898
919
872
854
858
841
906
836
820
844
842
814
862
832
849
851
846
842
822
799
821
803
827
802
818
825
832
832
797
822
818
809
811
770
793
801
802
792
810
793
776
786
785
769
788
764
762
774
772
766
795
742
746
752
748
766
745
737
757
724
724
765
719
724
734
734
736
722
726
762
724
753
753
724
725
723
719
729
732
722
731
728
730
710
713
706
718
727
698
705
713
712
691
726
722
688
691
696
700
688
690
705
694
679
691
703
689
694
702
707
669
692
677
686
682
671
674
714
670
679
669
677
679
663
679
698
658
675
667
667
687
681
675
668
665
677
684
666
686
668
681
677
659
665
667
675
651
669
668
646
656
676
672
662
661
657
654
656
667
668
649
669
666
664
655
660
653
645
653
646
658
651
652
632
647
641
631
654
653
653
647
635
641
652
666
649
628
639
663
639
639
650
650
634
650
639
643
650
635
633
628
635
628
625
629
635
644
647
637
643
645
641
638
