629
633
618
621
629
623
618
626
613
622
617
608
616
628
616
615
626
614
617
615
627
624
622
635
619
616
613
616
616
626
611
627
615
618
617
616
623
618
616
605
611
618
622
613
624
619
617
624
623
619
623
618
617
620
626
622
620
622
616
622
609
612
630
624
611
616
620
620
626
613
617
614
612
609
621
620
602
618
612
627
622
607
609
613
616
621
628
611
619
604
615
619
618
624
600
623
617
636
606
626
634
613
622
618
615
628
610
623
615
611
620
612
619
626
612
622
615
626
611
617
632
620
618
614
627
620
606
611
603
610
624
616
612
620
608
616
615
605
608
617
617
611
628
614
616
618
614
610
617
614
622
625
604
612
628
614
617
612
609
608
620
618
613
635
605
618
616
612
609
613
622
624
611
610
626
608
624
614
623
621
623
611
618
626
618
624
614
628
621
619
618
621
610
621
621
631
616
618
608
621
611
605
626
606
617
612
620
621
614
615
618
612
618
635
604
626
618
627
630
625
611
608
620
626
624
625
613
623
625
625
613
634
630
617
627
621
635
632
625
637
618
627
618
634
628
628
629
613
627
617
626
639
622
628
630
632
636
631
636
624
635
623
625
622
627
624
641
638
631
631
637
644
645
638
648
647
640
641
647
651
617
636
640
643
634
648
649
652
644
643
634
656
663
642
662
643
644
637
665
642
647
675
672
680
664
645
672
666
673
677
659
672
666
663
658
658
661
675
679
668
697
664
686
681
702
684
688
694
684
714
699
712
684
698
685
721
720
725
728
699
715
741
730
715
711
723
711
741
737
749
748
756
764
738
775
765
747
775
755
767
815
770
789
774
806
825
830
810
825
807
817
815
866
833
898
865
843
894
857
852
911
942
927
916
921
929
941
1000
950
987
945
1012
968
1066
1044
1030
1050
1063
1033
1094
1076
1075
1091
1166
1137
1111
1140
1183
1224
1269
1229
1291
1314
1269
1329
1318
1338
1434
1441
1409
1457
1471
1513
1485
1471
1548
1589
1607
1614
1764
1659
1756
1731
1814
1954
1887
1914
1945
1962
2058
1997
2139
2205
2127
2228
2286
2349
2367
2343
2515
2581
2660
2624
2592
2817
2801
2915
2948
3063
2960
3144
3106
3376
3316
3452
3477
3535
3705
3783
3785
3889
4004
4094
4202
4258
4349
4634
4473
4747
4721
4941
5018
5053
5166
5346
5447
5680
5644
5721
5982
6034
6224
6355
6247
6419
6564
6942
6947
7210
7348
7598
7650
7702
8013
8051
8047
8328
8439
8579
8828
9081
9089
9434
9276
9557
9700
9868
10239
10258
10305
10713
11156
10954
11271
11226
11319
11804
11709
12070
12118
12378
12590
12574
13026
13012
13229
13526
14101
14127
14343
14268
14820
14792
15240
15370
15398
15735
16061
16313
16303
16660
16495
16587
16826
16852
17240
17544
17464
17751
18104
18473
18764
18813
19129
19251
19383
19696
20038
20123
20017
20135
20660
20963
20826
20671
20871
21366
21266
21490
22160
22121
22273
22092
22291
22487
22905
22953
22934
23533
23493
23778
23942
24236
24082
24463
24514
24709
24515
24440
24743
24607
25036
24986
25220
25334
25167
26014
25495
25858
25865
26429
26194
26450
26412
26448
26505
26554
26605
26541
26748
26784
26869
26629
26908
26990
27446
27176
27006
27307
27435
27307
27550
27290
27722
28214
28231
28396
27975
28097
28550
28504
28506
28226
28155
28294
28544
28196
28381
28380
28416
28446
28539
28231
28801
28889
28879
29209
28768
28836
29224
29064
29144
29129
28974
28823
28719
28805
28796
28905
28609
28848
28762
28706
28617
28636
29044
29229
29157
29191
29435
28758
29146
28800
29154
29026
28730
28937
29034
28786
28621
28712
28927
28862
28491
28251
28040
28666
28557
28255
28392
28068
28455
28047
28294
28467
28261
28248
27697
28141
28178
27911
28173
27911
27412
27468
27086
27393
27215
27318
27090
27050
26680
27090
26487
26810
26205
26646
26369
26467
26708
26454
26245
26513
26153
25819
25813
25956
25478
25417
25382
25161
25303
24715
25554
24655
24246
24273
24078
24172
24095
24052
24120
24031
23534
23680
23476
23177
23263
23101
22766
22940
22863
22724
22533
22656
22129
22126
21905
21656
21127
21123
21321
21064
21132
21053
20786
20370
20298
20517
20382
19881
19886
19917
19707
19529
19478
19355
19162
18686
18776
18396
18516
17974
18086
18014
17824
17555
17291
17155
17260
17053
16694
16760
16479
16481
16448
16245
16033
15745
15789
15779
15642
15441
14949
14756
14643
14617
14347
14336
13832
13926
13667
13617
13514
13291
13242
12730
12866
12751
12693
12551
12336
12273
12016
12140
11892
11539
11376
11590
11262
11227
11088
10705
10887
10558
10357
10090
10198
10070
9883
9892
9819
9676
9695
9307
9437
9140
9116
8747
8905
8873
8619
8651
8415
8386
8251
8138
8032
8013
7733
7697
7571
7512
7321
7106
7018
7115
7016
6935
6914
6736
6701
6531
6375
6419
6412
6440
6308
6003
5917
5875
5856
5804
5700
5614
5488
5401
5423
5267
5355
5096
4930
5031
4997
5052
4762
4916
4793
4652
4442
4369
4429
4341
4177
4418
4380
4202
4216
4159
4248
3944
3900
3894
3862
3833
3712
3637
3774
3718
3485
3461
3403
3320
3257
3281
3233
3382
3352
3152
3150
3119
3157
3000
3032
3039
2998
3020
2854
2892
2784
2868
2660
2779
2732
2634
2653
2592
2649
2529
2555
2511
2467
2471
2440
2425
2315
2330
2298
2322
2253
2246
2294
2209
2196
2178
2117
2192
2153
2101
2035
1978
2038
1945
1946
1927
1961
1923
1927
1938
1944
1851
1835
1862
1862
1776
1749
1730
1742
1713
1753
1700
1673
1718
1659
1743
1678
1636
1556
1666
1540
1613
1490
1603
1553
1538
1570
1438
1474
1534
1456
1496
1449
1407
1410
1364
1391
1452
1446
1405
1345
1405
1361
1366
1357
1340
1328
1331
1224
1263
1270
1268
1255
1230
1258
1269
1236
1281
1192
1159
1220
1179
1141
1163
1192
1128
1161
1110
1106
1142
1128
1131
1109
1077
1131
1117
1097
1090
1058
1024
1087
1094
1067
1025
1026
1045
1043
1052
1023
973
1029
1028
1042
970
996
973
997
949
974
954
953
957
949
973
965
967
985
948
922
923
948
947
928
908
928
931
912
912
913
930
909
870
856
903
863
870
903
861
870
862
898
852
912
846
876
871
835
863
822
858
856
802
805
843
802
827
815
813
857
821
820
805
797
764
799
821
789
824
776
779
784
749
797
783
791
800
759
766
764
779
738
763
740
757
728
754
785
760
747
763
737
728
712
724
743
740
741
733
725
733
728
728
750
716
743
718
740
724
733
747
706
732
709
745
715
717
720
710
719
725
719
697
686
717
701
701
696
704
711
700
686
696
693
696
709
698
704
679
689
686
684
676
691
712
711
686
664
693
684
698
681
679
681
672
693
676
679
709
679
678
702
686
704
664
678
654
664
655
667
653
664
674
679
671
663
672
651
648
661
679
665
663
655
663
648
657
665
654
663
658
665
648
660
649
654
654
644
651
656
647
660
651
657
636
648
649
650
662
637
658
645
652
665
646
638
654
647
639
640
655
653
649
664
647
646
648
637
628
639
635
658
657
629
646
630
634
621
638
633
627
644
628
630
630
624
617
629
646
641
635
648
639
641
637
629
630
650
641
628
630
628
