631
632
612
632
625
625
615
622
620
622
632
631
628
617
621
636
622
632
633
635
641
620
635
626
626
637
646
661
656
656
652
652
643
654
636
642
625
627
637
634
635
646
637
654
642
651
672
632
635
643
628
632
620
626
616
615
629
620
624
617
620
620
640
621
610
626
628
615
619
617
614
622
608
614
621
617
623
623
626
618
612
613
622
620
618
616
627
617
623
629
622
634
638
629
620
620
626
633
614
622
637
637
636
623
632
626
623
620
622
628
610
613
628
623
617
621
628
630
625
617
623
624
619
620
617
640
636
629
612
622
617
619
617
621
633
625
621
624
620
635
617
619
614
617
620
634
624
622
635
629
620
616
619
628
631
624
636
619
633
616
609
623
622
628
610
628
631
625
610
623
632
626
614
620
622
630
620
623
617
629
619
623
626
619
628
617
634
623
634
616
634
629
638
626
629
620
623
630
624
629
638
616
630
644
627
630
637
610
630
626
637
627
629
623
645
628
637
627
632
639
645
618
634
625
632
629
637
615
637
647
623
640
646
632
638
632
652
633
629
640
650
620
632
634
645
638
651
644
645
633
663
636
642
637
636
643
652
657
657
641
657
632
636
651
648
653
647
653
648
658
651
658
675
652
660
652
656
644
644
681
669
665
651
659
681
662
673
662
671
681
683
670
667
664
661
667
697
687
682
697
686
712
678
716
680
712
676
696
717
674
714
712
723
711
721
709
735
717
727
750
726
722
729
714
750
735
753
725
742
776
751
740
736
735
776
763
753
774
767
765
751
806
822
791
805
820
802
822
821
847
818
848
838
831
810
848
918
860
877
872
876
890
876
900
889
978
948
960
921
931
947
1038
961
1007
987
1022
1022
1035
1060
1036
1101
1071
1117
1145
1103
1118
1162
1124
1157
1168
1205
1168
1217
1276
1292
1288
1282
1396
1337
1419
1364
1422
1420
1456
1455
1441
1516
1516
1557
1617
1676
1563
1667
1734
1720
1803
1821
1844
1936
1915
1953
1988
1986
2067
2084
2106
2200
2190
2245
2289
2360
2446
2545
2559
2622
2624
2717
2881
2958
2919
3054
3030
3136
3207
3248
3332
3462
3423
3625
3469
3723
3781
3825
3983
4066
4174
4346
4455
4510
4659
4779
4887
4985
5113
5320
5394
5373
5530
5626
5886
6026
6045
6149
6448
6703
6614
7124
7005
7373
7718
7644
7683
7704
8046
8389
8548
8771
8813
8870
9140
9270
9458
9788
9904
10096
10369
10851
10936
11209
11627
11971
11851
12290
12338
12588
12767
13307
13042
13468
13714
13756
14303
14697
14832
15226
15202
15796
15825
16300
16584
16709
16852
17055
17543
17673
17918
18276
18701
18969
19251
19258
19723
19906
20317
20214
20736
21069
21613
21741
22135
22524
22761
23349
23658
24000
24400
24375
24712
24589
25299
25581
25916
26050
26303
26562
26836
27063
27394
28250
28257
28304
28520
29218
29568
30295
30243
30356
30752
30981
31427
31687
32003
32175
32179
32216
32750
32873
33188
33333
33642
34212
34150
34236
34843
34725
35162
35660
35773
36364
36146
36483
36643
37544
37322
37500
37261
37819
37548
37937
38415
37796
38322
38783
38824
38550
39538
39578
39436
39791
39660
39743
40049
40197
40878
41025
40397
40480
40736
41141
40875
40768
40939
40810
41552
41203
41421
41747
41760
41551
41806
42294
42233
42506
42439
43126
43089
43022
43438
42820
43271
42951
43921
42822
43278
43373
43187
43992
43435
43189
43810
43564
43894
43690
44024
44199
44000
44069
44465
44373
44238
44565
44660
44574
44643
44234
44623
44452
44464
44507
44451
43899
44005
44444
44290
44166
44813
44575
44217
44270
44498
44282
44824
44294
44516
44806
44331
44354
44241
44406
44361
44336
43712
43594
44354
43755
43368
43590
43371
43812
43632
43866
43785
43374
43618
43411
43114
43077
43254
43010
42837
42777
42292
42318
42214
42672
41466
41995
41558
41326
41258
41137
40963
40778
40594
40608
41000
40850
40838
40646
40601
39930
39938
39808
39884
39891
39459
39659
38998
39006
38746
38591
38585
37608
37667
37495
37848
37005
37023
36996
36449
36484
36521
36257
35978
35660
35853
35574
35283
35456
34895
34212
34877
34512
34135
33560
33540
33526
33073
32606
32550
32467
32273
31915
31675
31516
31026
30993
30969
30769
30432
30108
30315
29921
29766
29318
29172
28907
28414
28548
28320
27996
27563
27047
26913
26903
26355
26210
26171
25726
25617
25102
25209
25076
24943
24354
24263
24265
23985
23870
23493
23149
23370
22508
22353
21944
21953
21629
21423
21200
20859
20739
20216
19890
19885
19772
19324
19224
19133
18799
18498
18205
18258
18182
17711
17485
17391
17362
17235
16813
16392
16367
16222
15683
15867
15579
15338
15084
14861
14620
14429
14322
14057
13832
13744
13804
13375
13374
13230
12973
12842
12583
12651
12395
12197
11945
12025
11844
11552
11383
11260
11149
11164
10866
10818
10362
10568
10241
9957
9788
9847
9741
9633
9262
9382
9056
9094
8916
8832
8624
8717
8459
8282
8465
8394
7939
8031
7838
7592
7675
7555
7255
7376
7077
7233
6861
6818
6811
6590
6540
6426
6566
6331
6317
6039
6213
6022
6083
5975
5990
5756
5632
5543
5502
5418
5248
5257
5106
5322
5121
4912
5050
4892
4893
4710
4819
4600
4584
4502
4491
4366
4304
4275
4128
4183
4183
4136
4123
4060
3996
3865
3720
3775
3669
3769
3678
3751
3621
3543
3561
3472
3481
3402
3396
3391
3341
3351
3073
3182
3168
3142
2950
2996
3132
3020
2945
3008
2820
2908
2949
2749
2772
2754
2760
2706
2686
2731
2639
2578
2578
2550
2491
2447
2451
2333
2464
2390
2392
2302
2338
2249
2265
2245
2131
2104
2106
2225
2136
2103
2101
2059
2190
2003
2023
1979
1921
1909
1951
1927
1981
1800
1895
1794
1891
1827
1855
1804
1727
1740
1761
1723
1755
1695
1700
1675
1623
1684
1665
1675
1621
1623
1575
1564
1530
1530
1555
1557
1535
1531
1437
1454
1530
1425
1439
1441
1399
1410
1377
1424
1339
1402
1428
1394
1384
1328
1397
1307
1308
1325
1356
1311
1246
1293
1266
1228
1284
1247
1217
1177
1241
1193
1220
1140
1213
1189
1229
1207
1203
1163
1181
1166
1106
1154
1152
1130
1161
1139
1100
1119
1100
1104
1091
1036
1054
1003
1097
1064
1067
1059
1079
1038
1034
983
1059
1001
1044
1020
995
1020
994
1004
1025
998
995
977
963
959
968
960
943
971
954
941
965
952
953
918
928
946
909
938
948
893
874
903
880
927
877
866
896
890
900
872
898
879
901
857
878
841
872
891
853
849
863
858
865
854
845
857
814
823
844
811
871
839
807
820
829
798
770
824
796
789
790
783
795
791
810
776
803
776
774
780
794
817
778
747
774
768
765
779
804
788
779
762
770
758
767
766
765
725
763
764
749
777
757
735
742
733
736
732
719
735
721
739
725
703
727
738
726
736
730
721
700
722
722
727
723
732
701
726
686
735
710
691
708
695
719
709
714
714
704
691
728
689
715
706
687
693
699
700
696
696
706
696
699
693
680
671
675
679
693
682
677
667
663
663
697
670
677
684
663
688
679
677
677
656
681
670
714
657
688
673
667
658
676
684
680
671
658
680
662
662
674
669
657
648
666
663
662
663
672
671
652
646
662
662
659
647
654
663
647
650
634
665
635
652
664
649
654
649
668
640
637
656
620
647
644
661
645
643
