621
617
633
616
621
641
621
626
616
628
614
614
632
631
633
638
625
625
626
643
623
623
620
628
636
615
627
627
632
629
634
617
636
630
640
631
619
629
626
621
626
641
636
626
627
621
639
619
630
621
636
616
637
619
627
623
638
639
619
637
623
622
616
649
628
652
634
623
627
627
632
637
626
628
628
615
623
631
615
638
614
621
629
630
638
621
626
628
634
625
620
638
627
626
637
617
636
628
628
628
628
630
624
630
615
643
621
627
632
619
618
628
627
626
621
639
628
629
635
627
638
628
625
629
631
628
622
629
623
624
609
623
631
631
630
611
622
640
628
615
629
626
623
617
619
626
636
621
632
629
619
624
620
631
627
627
625
624
627
633
617
631
625
625
653
636
635
640
614
632
624
631
626
611
627
625
624
622
630
635
619
622
618
630
623
631
624
629
621
629
633
633
613
633
646
635
650
638
638
633
645
641
643
632
634
643
625
638
629
646
615
629
645
624
632
632
639
632
616
625
637
622
641
630
640
637
641
653
643
630
646
647
638
653
646
645
633
624
644
663
635
640
650
642
644
646
640
660
639
642
663
663
643
641
657
643
679
641
634
662
665
657
643
671
645
660
664
645
647
672
646
669
649
681
660
671
688
663
665
670
665
659
677
659
670
700
681
683
661
679
699
691
683
689
683
680
688
693
690
680
714
693
689
707
700
691
705
688
706
727
725
690
709
734
733
741
732
723
748
721
745
716
719
723
775
747
764
754
773
777
748
767
776
765
778
771
813
782
819
813
804
799
801
796
808
817
799
826
810
834
850
861
847
905
845
850
887
889
921
891
888
948
973
969
908
902
917
961
948
955
967
1027
983
1032
1039
1051
1010
1048
1106
1107
1090
1046
1119
1127
1108
1128
1151
1107
1180
1229
1227
1198
1248
1277
1270
1320
1298
1401
1316
1395
1371
1441
1435
1497
1534
1555
1534
1549
1539
1569
1675
1693
1661
1703
1751
1792
1804
1869
1822
1849
1928
1967
2081
2008
2107
2135
2178
2198
2276
2270
2364
2389
2385
2554
2576
2615
2668
2621
2792
2824
2913
2969
3116
3023
3172
3227
3328
3506
3451
3472
3652
3647
3733
3899
4027
4089
4133
4274
4394
4562
4600
4780
4850
4940
5061
5217
5178
5388
5577
5416
5780
5909
5962
6205
6444
6585
6717
6850
6898
7437
7391
7299
7603
7747
8037
8207
8267
8346
8710
8905
9004
9350
9541
9626
9843
9999
10192
10664
10905
10873
11246
11446
11610
12070
11925
12054
12654
12787
13159
13171
13574
13673
13865
14212
14356
14691
15005
15214
15568
15906
16148
16337
16729
17228
17161
17373
17831
17936
18240
18823
18873
19288
19541
19771
19661
20492
20235
20919
21192
21928
22264
22669
22710
22957
23573
23686
23859
24242
24545
25196
25377
25676
25746
26064
26258
26368
27000
27252
27837
28175
28505
28450
28973
29494
30038
30222
30651
30432
31339
31756
31326
32482
32102
32315
32613
32852
32687
33164
33781
33426
34163
34643
34763
35409
35178
35468
36147
35905
36602
36552
37246
37044
37747
37689
38211
38330
38000
38052
38607
38755
38563
39082
39356
39159
39676
39533
40285
40389
40163
40665
41121
41031
41299
41705
41757
41899
41883
42254
42199
42444
41874
41878
41938
42200
42745
42458
42924
42867
42752
43095
43556
43532
43753
43442
44612
44091
43679
44095
44443
44873
44103
43938
44247
43783
43887
44385
44470
44352
44272
44998
45018
44654
44641
45238
44885
45786
44981
45622
45505
44948
45087
45685
45438
45863
45167
45596
45235
45628
45853
45583
45579
45245
45011
45203
44801
45837
45538
45404
45427
45318
45608
45741
45775
45437
46458
45876
45434
45395
45369
45286
44740
45363
45078
44956
44564
44380
44629
45016
44706
45001
44480
44513
44822
44345
44052
44375
44351
44238
44198
44116
43911
44048
43746
43587
43098
43294
43085
43093
42983
42833
42624
42819
41822
42318
42220
41765
41773
42032
41530
41729
41575
41736
41462
41028
41365
41003
40780
40475
40380
40241
39940
39653
39444
39690
39211
39470
38840
38706
38375
38064
38529
37883
37714
37259
37616
37603
37427
36965
36817
36580
36550
36200
36313
35661
36002
35308
35771
34425
34477
34307
33957
34234
33940
33846
33056
33569
33197
32950
32410
32237
32548
31977
32081
31327
31111
30847
30990
30669
30199
30276
30112
29228
29332
29138
28502
28416
28142
27958
27577
27527
27355
27226
26886
26875
26597
26247
26119
26110
25525
25175
25291
25220
24722
24380
23974
24066
23578
23415
23073
22754
22647
22430
22317
21797
21618
21198
21082
20988
21010
20730
20232
20048
20208
19884
19641
19381
19250
19225
18951
18589
17907
17622
17749
17746
17298
17239
16884
17004
16598
16312
16014
15733
15988
15645
15426
15366
15157
14681
14858
14711
14228
14394
13883
14013
13648
13675
13419
13025
12904
12878
12504
12534
12158
12001
11855
11855
11653
11514
11236
11182
10872
10932
10720
10617
10367
10216
10400
10364
10088
9933
9823
9522
9318
9347
9303
9130
8913
8717
8759
8691
8461
8447
8341
8204
8109
7802
7769
7631
7518
7368
7302
7282
7248
7143
6980
6974
6766
6946
6549
6709
6469
6454
6400
6203
6336
6126
6057
5833
5910
5835
5734
5540
5315
5470
5314
5192
5378
5174
4979
4866
5058
4883
4960
4944
4737
4778
4668
4613
4622
4534
4455
4449
4316
4218
4158
4232
4043
4141
4042
3880
3856
3894
3871
3847
3760
3784
3686
3489
3536
3599
3549
3445
3470
3386
3387
3343
3298
3345
3234
3230
3113
2978
3141
3098
3009
2948
2955
2886
2859
2839
2684
2811
2745
2696
2740
2692
2712
2696
2522
2586
2510
2486
2526
2458
2393
2439
2405
2449
2367
2401
2395
2330
2356
2207
2209
2252
2251
2199
2151
2132
2135
2130
2098
2041
2066
2031
1954
1911
1991
1917
1912
1957
1931
1871
1867
1847
1825
1796
1867
1740
1728
1795
1722
1742
1663
1679
1672
1667
1577
1648
1556
1615
1618
1553
1558
1571
1603
1530
1552
1521
1475
1565
1534
1435
1477
1432
1435
1503
1375
1445
1364
1367
1339
1348
1389
1400
1395
1367
1374
1372
1301
1323
1337
1230
1271
1345
1244
1283
1251
1219
1215
1256
1192
1236
1267
1227
1239
1202
1192
1155
1238
1190
1207
1193
1190
1126
1147
1124
1123
1054
1088
1118
1089
1091
1098
1064
1112
1085
1096
1063
1056
1048
1011
1035
1066
1061
983
1029
1003
983
1020
1011
1024
999
1032
985
1000
963
994
957
952
969
932
929
978
908
947
941
941
897
969
906
906
971
917
925
931
923
887
892
927
891
918
901
872
886
898
903
875
875
897
853
842
853
844
834
845
850
830
826
818
858
835
858
829
827
806
848
855
807
819
825
836
792
811
783
815
792
790
795
818
825
783
801
777
773
792
808
791
786
776
773
762
781
751
756
770
743
766
746
749
762
754
744
774
768
742
760
765
760
732
740
759
724
730
745
768
741
743
747
742
697
768
760
704
739
705
730
723
720
706
732
721
732
675
707
680
699
724
698
676
712
691
709
702
738
678
685
709
705
708
682
678
715
705
716
706
712
696
680
699
706
675
669
687
684
690
686
696
682
686
680
679
678
681
698
676
679
691
682
671
700
681
673
679
670
667
644
685
666
682
695
666
670
657
688
663
657
655
660
664
681
674
660
663
660
658
649
665
647
662
661
652
654
648
662
666
645
646
650
