660
649
628
646
637
629
668
650
657
663
630
667
654
657
656
652
649
657
656
662
629
637
656
664
662
638
650
664
656
677
674
662
654
648
650
663
662
639
643
653
664
650
649
635
658
651
677
674
662
661
650
663
653
637
636
648
645
642
629
644
654
656
643
682
647
645
646
643
652
636
646
634
658
646
640
637
643
631
645
639
653
639
648
643
631
642
627
629
648
645
654
662
643
648
660
653
637
649
648
638
641
654
637
648
639
641
637
655
638
653
640
651
651
642
644
635
657
647
631
648
645
632
652
650
640
641
650
632
644
641
639
642
645
637
630
646
630
653
655
660
657
651
659
644
650
652
654
651
634
646
650
652
660
644
636
638
642
658
641
643
644
638
639
660
643
639
648
658
648
631
661
642
652
647
675
648
650
671
662
660
645
646
654
648
650
656
646
663
644
679
669
654
641
648
649
644
644
655
670
653
671
664
653
663
677
643
653
650
675
672
660
666
644
669
668
663
658
663
673
681
674
657
662
676
674
680
674
670
666
687
674
667
665
680
659
666
666
691
658
679
656
674
684
702
698
673
684
698
708
705
697
679
678
706
671
678
697
684
689
691
693
694
681
712
719
710
732
707
695
715
711
721
727
740
718
723
732
743
740
734
757
751
726
734
734
766
767
758
752
770
759
755
749
730
769
758
755
783
765
784
780
790
793
792
811
800
811
775
833
811
768
824
835
833
821
828
862
863
859
856
865
837
859
827
871
863
878
899
895
927
937
915
899
895
926
916
926
930
925
975
982
1006
976
991
1000
989
985
1038
1040
1024
1002
1042
1070
1081
1071
1104
1063
1083
1121
1186
1086
1163
1162
1114
1239
1222
1211
1243
1262
1255
1294
1323
1346
1319
1344
1364
1410
1389
1446
1376
1415
1431
1411
1505
1514
1517
1632
1693
1594
1653
1662
1754
1770
1796
1828
1830
1820
1920
1880
2091
1970
1971
2061
2064
2084
2168
2158
2218
2226
2280
2379
2436
2486
2450
2498
2680
2624
2745
2814
2782
2882
3014
2980
3115
3147
3197
3339
3318
3331
3579
3481
3566
3562
3806
3816
4002
4257
4133
4284
4294
4500
4719
4699
4754
4850
5025
5089
5406
5396
5474
5501
5764
5896
6087
6179
6364
6668
6582
6706
6994
7312
7350
7575
7702
7747
8004
8221
8477
8658
8902
9084
9405
9437
9901
9788
10187
10311
10607
10997
11341
11595
11772
12322
12517
12537
13043
13091
12982
13370
13725
14154
14624
14860
15405
15444
15782
16574
16285
16970
17400
17791
18279
18810
18969
18898
19445
19962
19996
20608
20927
21387
21906
22388
22296
22808
23240
23774
23857
24671
25303
25517
26279
26203
26577
27231
27786
28417
28605
29123
29448
30478
30520
30963
31155
31551
32371
32611
33485
33834
34770
35269
35784
36727
37084
37538
38095
38508
39216
39187
39845
40324
40729
41174
41452
42031
42049
43420
43414
43938
44753
45526
46025
46612
47087
47760
48046
49028
49638
49984
49914
50340
51257
50960
52072
52342
52213
53376
53167
54071
53662
54602
54934
55257
55820
56457
57204
57963
57468
58983
59111
59519
59713
60551
61243
61275
60898
61798
61734
62310
62592
62431
63011
62741
63208
63115
64030
64301
64662
64852
65535
65535
65535
65535
65535
65535
65535
65535
65535
65535
65535
65535
65535
65535
65535
65535
65535
65535
65535
65535
65535
65535
65535
65535
65535
65535
65535
65535
65535
65535
65535
65535
65535
65535
65535
65535
65535
65535
65535
65535
65535
65535
65535
65535
65535
65535
65535
65535
65535
65535
65535
65535
65535
65535
65535
65535
65535
65535
65535
65535
65535
65535
65535
65535
65535
65535
65535
65535
65535
65535
65535
65535
65535
65535
65535
65535
65535
65535
65535
65535
65535
65535
65535
65535
65535
65535
65535
65535
65535
65535
65535
65535
65535
65535
65535
65535
65535
65535
65535
65535
65535
65535
65535
65535
65535
65535
65535
65535
65535
65535
65535
65535
65535
65535
65535
65535
65535
65535
65535
65535
65535
65535
65535
65535
65535
65535
65535
65535
65535
65535
65535
65535
65535
65523
65058
64933
63846
63796
63696
63218
63366
62961
62779
61849
62294
62162
62617
61832
61508
61134
61482
59992
60311
60396
58921
59372
58215
59029
57728
57392
57451
56775
56362
56518
55850
55258
55489
55162
54386
54485
54173
53951
53708
53381
52672
52195
52104
51133
51304
50695
50680
50150
49520
49188
48374
48193
48100
47483
46930
46855
47284
46318
46064
45696
45418
44786
44873
44412
44094
43193
43184
42648
42744
41837
41685
41413
41034
40048
39892
39820
38740
39289
38509
38000
37150
37310
36827
36450
36223
35817
35384
35038
34828
34726
34186
33879
34001
33403
32807
32350
31812
32097
30861
30756
30393
30417
29920
29667
29597
28802
28016
28360
28118
27572
27247
26810
26570
26374
25803
25391
25808
25168
24893
24592
24371
24292
23953
23341
22996
22992
22603
22404
21996
21525
21425
21116
20737
20585
20193
20040
19828
19676
19119
18858
18801
18593
18473
18108
18068
17806
17528
17509
16948
16725
16751
16569
16264
16080
15716
15495
15172
15212
14772
14774
14285
14267
14011
13715
14052
13494
13335
13103
13101
12814
12748
12665
12362
12242
12334
11844
11985
11511
11393
11317
10997
10624
10915
10734
10578
10437
10234
10015
10041
9824
9366
9683
9552
9237
9252
8993
9041
8759
8687
8614
8652
8469
8331
8457
8235
8175
7811
7880
7669
7429
7577
7524
7633
7176
7180
7093
6974
6977
6836
6548
6651
6383
6456
6255
6256
6199
6081
6255
6061
6091
5896
5993
5741
5757
5630
5536
5541
5510
5424
5187
5137
5146
5100
5006
4942
4904
4889
4823
4688
4646
4623
4706
4456
4512
4411
4436
4317
4354
4430
4196
4258
4078
4125
3968
3976
3946
3883
3922
3863
3853
3828
3712
3658
3597
3458
3444
3656
3491
3427
3361
3315
3329
3472
3366
3308
3142
3190
3162
3056
3127
3122
2961
3052
2998
2839
2842
2838
2864
2815
2752
2694
2738
2693
2679
2527
2593
2562
2553
2513
2468
2467
2454
2432
2349
2394
2384
2287
2322
2312
2328
2214
2294
2262
2269
2157
2241
2088
2150
2168
2166
2144
2080
2115
2028
2024
2000
1990
1985
1914
1952
1913
1958
1883
1875
1886
1868
1840
1758
1766
1794
1782
1794
1752
1806
1722
1645
1722
1681
1660
1719
1709
1676
1672
1639
1578
1592
1578
1573
1575
1572
1571
1524
1514
1544
1508
1475
1461
1447
1459
1495
1379
1474
1488
1400
1426
1367
1374
1297
1408
1392
1303
1383
1373
1331
1316
1362
1371
1313
1275
1261
1303
1269
1274
1283
1317
1250
1154
1196
1198
1198
1193
1214
1208
1147
1184
1171
1156
1116
1125
1131
1137
1147
1183
1180
1109
1127
1094
1170
1058
1144
1136
1071
1083
1082
1062
1028
1041
992
1001
1044
1034
1051
1059
1032
1017
943
1008
1019
1018
991
985
979
1010
966
966
934
930
986
959
981
928
965
938
947
983
889
966
955
950
908
916
883
950
886
911
905
913
856
931
874
862
891
872
896
854
870
868
907
885
852
850
872
860
866
883
851
856
874
810
843
856
840
821
859
796
821
821
827
823
807
802
837
798
784
813
816
764
812
784
807
791
795
812
802
787
786
783
819
787
768
778
811
796
781
780
771
758
783
736
759
740
760
778
752
752
768
750
744
753
757
745
727
750
735
743
736
738
751
749
756
732
738
719
707
720
735
729
735
718
700
708
695
727
729
718
706
702
714
714
703
711
730
710
697
701
687
684
717
710
695
686
705
724
688
717
681
699
