645
653
641
639
634
641
652
645
620
625
655
657
657
643
647
639
631
647
670
647
640
649
639
645
640
647
653
630
643
647
652
645
645
656
641
637
640
650
648
641
646
641
638
645
653
636
629
649
658
661
621
660
634
654
636
634
657
663
633
635
656
641
655
647
667
630
639
645
644
635
656
654
648
645
632
659
624
637
656
643
649
653
638
661
652
629
634
644
641
635
645
642
650
647
647
646
638
629
661
636
628
648
638
632
648
644
662
648
647
649
638
629
651
634
634
638
639
639
656
635
648
643
647
637
639
647
656
629
633
634
641
638
649
648
627
654
645
658
651
649
653
646
661
653
638
652
637
632
645
635
639
635
663
643
637
656
651
661
634
658
662
629
647
634
640
652
655
638
648
646
647
640
651
648
649
670
643
639
646
661
652
648
641
651
635
667
636
639
647
642
647
658
644
656
662
653
647
661
653
653
654
656
655
649
661
661
661
664
666
649
655
645
675
648
682
656
669
650
676
650
678
686
673
669
677
671
667
673
666
673
662
658
684
667
679
668
665
698
679
678
679
677
685
675
705
678
682
689
678
692
682
697
695
674
702
692
677
686
694
706
684
677
679
707
701
697
698
710
714
700
729
704
721
722
712
718
708
725
731
739
712
722
717
716
722
723
721
744
737
754
713
750
747
761
736
757
762
749
758
765
771
780
746
766
769
812
781
801
773
821
824
784
825
812
802
797
848
793
844
810
842
869
868
895
833
857
873
910
862
856
882
882
892
897
919
932
926
962
929
935
958
967
951
977
989
1010
965
995
995
992
1005
1009
1040
1029
1028
1060
1067
1063
1067
1118
1124
1152
1162
1175
1149
1152
1161
1196
1250
1225
1218
1208
1326
1223
1285
1347
1343
1352
1408
1374
1436
1479
1453
1512
1471
1414
1492
1538
1588
1493
1595
1627
1610
1627
1619
1775
1800
1808
1909
1838
1866
1859
1985
2013
1966
1975
2102
2030
2112
2278
2239
2290
2320
2373
2390
2527
2465
2551
2640
2677
2800
2820
2774
2916
2938
3009
3060
3062
3162
3251
3348
3334
3480
3584
3698
3769
3723
3971
3935
4137
4234
4317
4335
4417
4557
4672
4823
4882
4880
5077
5047
5205
5405
5679
5813
5917
6111
6206
6441
6609
6780
7006
7047
7077
7287
7435
7661
7938
8229
8165
8197
8670
8721
8786
9349
9712
9863
9970
10234
10605
10600
10914
11218
11558
11704
11818
12060
12284
12614
12907
13148
13508
13731
13755
14395
14711
15054
15357
15863
15987
16382
16709
17078
17671
17878
18113
18734
18859
19050
19248
19716
20102
20578
21070
21267
22106
22318
22580
23264
23309
23646
24159
25041
25172
25695
25878
26020
26401
27069
27140
28080
28277
28743
29151
29470
30030
30960
31405
31474
32587
32735
33094
33834
34681
34851
35194
35336
36647
36470
37362
37266
38304
38436
39091
39585
39877
40610
41212
41839
41719
42340
42997
44103
44223
45088
45417
46163
45746
47076
46860
48024
47527
47885
48194
49161
49338
49468
49671
50717
50775
51659
52441
52250
52938
53499
53646
54182
55057
55898
56026
56226
56899
57013
56873
58008
57956
58374
58123
58293
58671
58860
59487
60096
59401
60068
60344
61111
61573
61951
62204
62396
62853
63109
63202
63572
64171
63732
63666
64455
64239
64279
64477
64732
64237
65047
64782
65535
65318
65535
65275
65535
65535
65535
65535
65535
65535
65535
65535
65535
65535
65535
65535
65535
65535
65535
65535
65535
65535
65535
65535
65535
65535
65535
65535
65535
65535
65535
65535
65535
65535
65535
65535
65535
65535
65535
65535
65535
65535
65535
65535
65535
65535
65535
65535
65535
65535
65535
65535
65535
65535
65535
65535
65535
65535
65535
65535
65535
65535
65535
65535
65535
65535
65535
65535
65535
65535
65535
65535
65535
65535
65535
65535
65535
65535
65535
65535
65535
65535
65535
65535
65535
65535
65535
65535
65535
65535
65535
65535
65535
65535
65535
65287
65443
64970
65535
64817
65457
64824
64700
65301
64596
65158
64099
64046
63667
63767
63844
62705
62725
62687
62322
61959
62108
61632
60965
61083
60371
60173
60157
59748
60131
59266
59193
59072
59547
58717
58791
58468
58140
57893
56762
56601
57141
56524
56174
55753
55552
54929
54892
54421
53767
53694
53852
52369
52994
52517
52098
52510
52336
51948
51218
51375
50187
50607
50210
49295
49554
49054
48500
48050
47512
46558
46503
46921
46300
45495
45338
45021
44677
44474
44087
43800
43738
43296
42866
42675
42937
42143
41455
41726
40773
40444
39875
39398
39291
38871
38409
37946
37589
37536
36901
36664
36358
35698
35589
34817
34723
34623
34035
33763
33661
33197
32896
32080
32308
31725
32051
31667
31190
30608
30400
30130
29705
29229
29308
28534
28365
27725
27873
27044
27115
26893
26435
25818
25504
25423
25447
25097
24756
24653
24385
23888
23543
23604
22666
22857
22686
22417
22084
21631
21514
21194
20944
20823
20365
20291
19695
19728
19172
19228
18997
18709
18507
18259
18068
17528
17360
17407
17167
17082
16647
16408
16449
15917
15884
15700
15584
15159
14722
14767
14502
14199
14204
13979
13971
13683
13463
13186
13007
12976
13056
12747
12611
12134
12215
12026
11959
11808
11640
11412
11350
11198
10704
10862
10667
10579
10146
10113
9968
9760
9710
9640
9551
9335
9204
9081
9076
8663
8855
8729
8631
8520
8262
8659
7939
8091
7939
7908
7920
7609
7633
7475
7456
7291
7230
7190
7008
6840
6858
6749
6671
6596
6443
6343
6454
6189
6148
6340
6180
5892
5996
5943
5753
5678
5740
5694
5506
5497
5521
5258
5377
5252
5186
4953
4954
4856
4811
5065
4803
4658
4577
4714
4642
4472
4545
4401
4308
4325
4235
4233
4156
4186
4135
4128
4000
3817
3976
3958
3914
3855
3792
3606
3664
3581
3581
3578
3480
3533
3393
3370
3442
3363
3162
3294
3192
3052
3127
3175
3027
2975
3084
3012
2925
2955
2980
2896
2833
2885
2814
2859
2749
2680
2664
2527
2672
2712
2725
2504
2487
2491
2480
2466
2456
2387
2290
2402
2321
2331
2271
2278
2201
2289
2281
2123
2329
2196
2072
2158
2126
2067
2097
2044
2057
2013
2011
1934
2010
1989
1891
1908
1923
1839
1870
1907
1901
1828
1848
1884
1750
1835
1780
1707
1828
1707
1746
1744
1630
1698
1723
1609
1677
1714
1631
1669
1616
1590
1565
1581
1442
1574
1570
1599
1506
1515
1491
1514
1490
1438
1410
1379
1424
1434
1432
1438
1386
1387
1334
1384
1403
1371
1396
1310
1331
1289
1340
1324
1315
1253
1324
1280
1225
1301
1200
1234
1264
1254
1228
1173
1199
1190
1211
1177
1209
1148
1200
1151
1159
1202
1175
1171
1155
1125
1106
1152
1222
1147
1115
1067
1071
1075
1095
1060
1096
1088
1054
1037
1069
1072
1007
1018
1014
1017
1035
1029
981
962
986
985
997
957
997
971
990
988
957
976
988
974
968
981
937
936
942
976
947
938
939
925
945
967
926
909
906
906
904
869
902
932
894
894
884
906
867
855
869
881
882
891
902
866
842
878
870
843
879
828
845
832
846
828
871
821
820
822
876
822
827
796
818
793
833
814
842
830
799
822
814
778
785
800
810
813
790
753
790
751
803
782
790
767
799
766
786
767
767
778
760
746
752
770
754
747
769
743
725
713
767
742
741
757
720
750
729
715
712
755
756
744
708
746
734
725
728
750
730
743
747
719
721
743
725
711
718
704
720
721
689
718
728
680
712
737
722
689
706
676
703
689
706
701
698
700
675
685
714
686
676
674
686
695
