655
657
643
660
652
635
649
648
668
656
654
661
652
646
655
649
645
654
662
645
642
655
650
661
632
647
658
652
641
631
644
665
654
655
652
666
647
647
666
638
662
656
642
642
648
639
654
639
663
648
632
659
644
655
664
640
648
664
636
647
650
642
659
640
658
647
652
653
658
650
656
640
657
645
661
652
661
655
654
653
654
666
681
653
665
630
646
653
669
652
650
637
645
673
656
653
647
654
638
640
652
634
661
633
647
645
652
656
646
627
655
655
663
660
637
658
649
653
657
645
660
667
647
653
668
640
651
661
656
647
654
657
653
657
647
643
657
649
652
648
665
639
657
641
649
659
653
663
636
668
649
638
653
643
656
661
645
656
660
651
650
647
632
656
662
648
655
646
654
645
650
654
669
646
656
642
644
659
662
648
652
636
667
669
681
660
643
656
648
660
659
691
681
651
655
654
661
664
667
666
664
672
654
687
665
671
669
657
705
679
657
673
674
669
669
684
682
685
662
700
664
686
679
693
658
686
677
672
679
692
686
687
702
670
672
692
689
691
672
697
680
710
686
680
694
682
687
701
702
689
691
689
705
721
697
713
713
700
715
708
729
720
714
730
741
719
733
738
742
739
741
711
746
735
746
750
743
760
750
755
731
724
764
750
742
738
785
780
730
761
767
757
783
793
792
792
768
797
780
812
810
809
813
843
789
812
801
836
852
853
823
852
848
846
870
854
835
873
877
875
873
924
912
920
895
900
935
923
952
913
924
942
935
1001
968
955
977
948
992
989
975
1020
1003
1021
992
1013
1095
1062
1084
1084
1106
1109
1062
1090
1163
1155
1191
1145
1138
1160
1219
1241
1231
1256
1235
1278
1260
1278
1281
1277
1337
1388
1357
1462
1407
1425
1477
1514
1533
1552
1564
1516
1577
1580
1592
1678
1688
1655
1709
1727
1744
1793
1810
1825
1872
1944
1983
1900
2024
2099
2063
2108
2165
2102
2171
2249
2287
2290
2423
2372
2445
2544
2496
2649
2632
2688
2874
2810
2975
3104
2940
3154
3196
3247
3301
3255
3228
3373
3522
3615
3658
3769
3907
4054
3975
4068
4222
4314
4352
4572
4688
4652
4699
4974
5194
5299
5445
5397
5527
5552
5744
6062
6161
6332
6275
6559
6754
6872
7071
7013
7364
7797
7618
8114
8330
8361
8636
8698
8829
9223
9269
9536
9719
10229
10469
10670
10876
11163
11238
11737
11813
12281
12356
12693
13354
13137
13703
13651
14010
14428
14804
15127
15676
15491
15880
16038
16644
17218
17233
17832
18177
18482
19083
19385
19737
20224
20374
20968
21489
21612
21909
22314
23075
22876
23343
24330
24476
25185
25453
26352
26641
27159
27512
27766
28219
28585
29113
29545
30237
30748
31036
31878
31740
32606
33178
33512
34167
34351
35382
36120
36427
37326
37710
38522
38747
39415
39953
41252
40869
41339
42097
42385
42810
43662
44318
44408
45422
45942
45936
47300
47408
47952
49052
49330
50511
50740
51274
51782
52647
52853
53151
53824
54284
54892
55143
55010
55655
56223
57280
57092
57998
57821
58993
58817
59251
60504
61411
61749
61993
62760
63654
63116
64018
64937
64832
65041
64710
65331
65535
65535
65535
65535
65535
65535
65535
65535
65535
65535
65535
65535
65535
65535
65535
65535
65535
65535
65535
65535
65535
65535
65535
65535
65535
65535
65535
65535
65535
65535
65535
65535
65535
65535
65535
65535
65535
65535
65535
65535
65535
65535
65535
65535
65535
65535
65535
65535
65535
65535
65535
65535
65535
65535
65535
65535
65535
65535
65535
65535
65535
65535
65535
65535
65535
65535
65535
65535
65535
65535
65535
65535
65535
65535
65535
65535
65535
65535
65535
65535
65535
65535
65535
65535
65535
65535
65535
65535
65535
65535
65535
65535
65535
65535
65535
65535
65535
65535
65535
65535
65535
65535
65535
65535
65535
65535
65535
65535
65535
65535
65535
65535
65535
65535
65535
65535
65535
65535
65535
65535
65535
65535
65535
65535
65535
65535
65535
65535
65535
65535
65535
65535
65535
65535
65535
65535
65535
65535
65535
65535
65535
65535
65535
65535
65535
65535
65535
65535
65535
65535
65535
65535
65535
65535
65535
65535
65535
65535
65535
65535
65535
65408
65070
65077
64634
63694
63934
63102
63092
62951
62431
62144
61534
61581
60879
60728
60492
59821
59746
59482
59415
58703
58839
58317
57567
57393
56678
56224
56704
55602
55545
54639
54217
54045
53239
52927
52384
52427
51856
51878
51671
51224
50334
50094
49967
49404
49117
49574
48709
48006
47558
47407
47082
46875
46214
45909
45098
45168
43933
43871
43252
43018
42142
42127
41696
41346
40943
39941
40011
39537
39582
39388
38879
38019
38235
37467
37409
36953
36653
36255
35853
35295
34890
34975
34150
33996
33663
33149
33109
32745
31896
31308
31061
31098
30724
30366
29729
29597
29551
29197
28974
28464
28349
28107
27521
27117
27157
26756
25991
26069
26031
24922
25089
24737
24450
24048
23801
23414
23264
23110
22660
21935
21812
22084
21464
21423
20888
20772
20618
20333
19808
19966
19961
19591
18864
19059
18602
18312
18101
18114
17522
17387
17249
16958
16909
16280
16170
16401
15788
15405
15341
15007
15045
14818
14760
14445
14272
14116
13675
13694
13609
13477
13401
12953
13092
13000
12361
12281
12233
11705
11605
11648
11620
11476
11068
10618
10937
11119
10804
10591
10374
10213
10098
10100
9763
9741
9747
9712
9514
9350
9227
9068
9071
8724
8824
8775
8367
8482
8260
8294
7872
7955
7880
7693
7700
7586
7489
7192
7325
7136
7225
7083
7030
6924
6815
6588
6680
6546
6398
6440
6299
6445
6256
6137
6103
6082
5823
5773
5697
5585
5501
5575
5505
5376
5277
5313
5092
5113
5239
5185
4974
5147
4855
4942
4718
4700
4667
4683
4617
4386
4448
4527
4424
4395
4212
4206
4218
4072
4013
3980
3984
3992
3858
3836
3924
3809
3677
3710
3610
3526
3559
3612
3486
3426
3457
3460
3418
3352
3266
3261
3221
3196
3151
3069
2957
3129
3159
3037
3001
2944
2884
2932
2841
2713
2846
2689
2816
2683
2757
2579
2646
2579
2618
2543
2612
2551
2473
2450
2496
2471
2378
2492
2381
2309
2344
2308
2360
2270
2285
2246
2217
2159
2110
2140
2110
2130
2125
2149
2082
2048
2095
1992
1998
1898
1872
1938
1876
1922
1929
1866
1824
1862
1856
1920
1722
1824
1795
1711
1743
1794
1664
1754
1711
1698
1694
1715
1617
1642
1651
1676
1651
1625
1567
1611
1631
1597
1567
1573
1591
1500
1516
1547
1512
1518
1464
1461
1470
1440
1429
1433
1442
1397
1387
1359
1292
1385
1382
1384
1323
1296
1293
1307
1271
1283
1302
1264
1254
1320
1302
1272
1297
1252
1235
1210
1223
1208
1224
1234
1215
1182
1199
1194
1184
1169
1182
1149
1171
1156
1139
1143
1141
1148
1097
1125
1118
1117
1060
1084
1071
1076
1043
1116
1042
1030
1046
1030
1046
1004
1041
1047
1020
993
1008
1069
1039
1019
1016
994
1049
1020
996
971
974
977
970
970
947
950
969
946
973
963
935
943
935
924
945
903
947
906
902
932
945
932
907
890
897
888
874
890
881
895
884
881
878
807
881
865
826
871
849
869
852
862
854
856
869
829
799
856
815
815
817
820
878
831
847
820
808
833
819
808
813
809
843
820
792
818
800
835
784
791
813
777
766
786
736
761
802
753
795
788
773
813
773
785
779
749
755
771
787
740
773
736
771
750
733
742
751
758
722
750
744
756
731
767
747
757
734
759
756
754
758
732
724
724
691
721
725
726
738
727
730
722
720
720
695
706
738
699
701
712
