592
605
604
611
607
608
603
597
608
608
603
603
604
605
615
599
604
601
599
601
609
600
596
601
601
595
599
605
605
602
605
598
603
605
601
604
606
597
606
596
602
606
604
606
612
600
608
602
605
608
606
604
610
600
601
614
606
599
608
602
600
600
602
610
604
611
599
601
608
599
605
598
604
602
600
601
597
607
601
590
616
602
610
597
603
597
598
597
604
601
598
597
600
587
607
598
605
606
603
598
595
598
607
602
598
598
597
603
607
606
599
602
606
597
592
609
606
595
599
595
600
592
595
598
601
602
605
603
604
606
605
600
598
604
602
602
609
610
601
602
603
613
604
599
593
606
601
593
604
606
607
606
596
605
601
594
594
608
604
601
600
601
607
612
604
600
595
603
602
604
597
596
598
596
606
605
605
604
604
604
600
604
604
598
598
605
607
602
606
609
605
603
605
601
604
605
600
601
606
603
598
604
608
602
598
599
597
598
602
592
603
606
608
610
603
602
605
601
595
602
596
600
605
606
597
607
601
601
599
607
604
610
595
601
602
601
600
596
603
604
602
607
597
599
602
610
603
601
603
600
600
600
606
605
606
599
605
604
600
603
600
597
601
600
603
610
605
610
601
597
599
606
597
596
599
596
603
604
598
610
611
601
603
603
602
599
599
602
601
600
606
600
604
601
611
604
603
603
603
602
603
601
610
603
599
606
605
596
602
597
606
602
607
609
603
609
599
607
603
602
608
606
596
595
609
614
597
601
607
610
598
606
599
605
601
600
602
604
607
610
601
612
610
606
611
605
605
603
608
598
607
610
613
620
597
608
622
612
608
603
612
607
610
606
596
614
606
609
592
613
610
618
610
612
611
616
610
611
605
608
621
618
607
607
606
613
615
610
620
620
620
615
607
618
606
625
613
609
615
618
636
627
611
619
627
618
623
623
613
620
623
646
640
615
626
631
636
625
636
633
644
629
631
640
631
644
622
652
645
643
662
642
629
653
647
664
658
649
661
645
667
650
660
666
676
673
677
685
650
661
683
679
699
702
681
717
657
684
701
710
690
709
718
696
727
711
722
733
739
748
742
771
762
750
774
744
773
790
782
809
776
812
797
782
787
792
781
819
830
804
833
833
838
841
885
839
855
885
890
893
870
868
893
908
923
950
906
958
944
963
972
945
1010
957
952
971
999
999
1034
1024
1046
1038
1065
997
1055
1039
1068
1050
1072
1087
1143
1047
1089
1117
1132
1097
1157
1118
1116
1147
1217
1247
1149
1206
1191
1209
1227
1221
1250
1286
1229
1282
1234
1273
1350
1339
1376
1331
1294
1277
1318
1404
1297
1390
1390
1400
1379
1396
1405
1437
1451
1411
1424
1401
1405
1512
1478
1449
1493
1512
1461
1481
1532
1524
1587
1481
1534
1598
1531
1598
1535
1580
1584
1605
1564
1648
1622
1489
1589
1564
1585
1522
1651
1664
1595
1635
1682
1625
1593
1628
1623
1657
1679
1684
1595
1622
1665
1773
1673
1619
1694
1699
1736
1712
1702
1748
1748
1637
1736
1665
1740
1651
1721
1710
1715
1719
1748
1752
1683
1871
1762
1725
1748
1788
1762
1771
1740
1725
1720
1733
1762
1770
1784
1803
1814
1722
1775
1748
1799
1729
1824
1707
1759
1845
1802
1763
1714
1801
1728
1790
1750
1745
1684
1737
1782
1726
1739
1755
1778
1757
1800
1796
1737
1715
1804
1715
1774
1773
1705
1781
1832
1749
1736
1749
1751
1762
1768
1727
1771
1716
1762
1721
1724
1810
1726
1739
1709
1740
1701
1737
1681
1759
1725
1753
1727
1719
1616
1718
1630
1682
1756
1670
1709
1651
1696
1709
1652
1610
1620
1606
1638
1675
1639
1633
1609
1687
1634
1614
1610
1522
1546
1592
1556
1586
1574
1605
1547
1590
1523
1523
1469
1489
1532
1457
1490
1509
1515
1474
1510
1487
1522
1489
1472
1417
1449
1444
1463
1481
1427
1444
1384
1364
1402
1423
1402
1383
1332
1408
1392
1339
1375
1332
1348
1375
1360
1315
1331
1271
1316
1321
1328
1274
1265
1277
1263
1260
1256
1290
1273
1256
1151
1220
1230
1196
1230
1268
1171
1213
1193
1143
1168
1133
1124
1165
1150
1160
1137
1136
1118
1074
1149
1100
1081
1051
1052
1094
1076
1057
1092
1045
1020
1019
1056
1004
1005
1029
991
978
1014
938
956
988
960
986
930
941
940
906
929
962
974
905
909
908
935
910
895
888
905
896
862
908
873
909
919
875
856
850
855
841
839
894
853
806
823
802
839
809
778
802
808
814
789
799
821
805
806
795
765
795
798
783
761
791
764
772
782
782
773
742
755
738
752
743
745
734
748
720
743
752
708
760
749
735
737
745
734
724
727
748
715
730
690
708
714
718
693
693
723
734
704
695
701
704
696
706
698
680
671
698
692
700
685
682
684
711
666
673
681
679
677
677
675
683
663
681
671
665
651
664
670
657
670
656
657
642
660
661
670
662
660
667
662
644
670
648
650
680
657
659
653
661
651
651
647
652
647
636
646
639
637
638
653
657
648
642
629
639
645
639
624
642
648
650
637
639
652
635
638
632
633
636
645
628
636
638
635
632
635
639
632
642
628
620
618
641
615
619
628
639
633
618
627
628
629
628
622
629
623
631
621
621
626
623
624
621
627
623
621
631
621
612
621
615
630
627
626
615
629
624
628
618
617
623
617
610
619
624
631
614
621
622
615
619
599
628
619
619
633
613
617
615
614
603
617
614
603
621
626
619
614
616
614
602
615
619
615
614
611
609
608
627
618
617
614
618
616
624
608
615
619
611
618
605
619
612
618
620
617
608
605
619
601
615
610
603
621
614
610
622
609
600
602
609
608
611
611
614
606
605
618
611
605
600
612
600
603
605
596
610
598
606
606
606
602
606
610
597
610
599
609
614
617
608
602
603
614
611
606
616
599
604
610
608
602
612
604
610
608
605
610
604
611
608
606
607
619
602
602
598
605
601
608
615
602
605
612
611
601
601
609
606
604
605
607
604
604
600
606
614
598
610
608
599
619
608
599
608
600
609
601
607
604
602
601
603
608
604
605
598
602
605
596
601
603
608
601
611
600
601
605
595
609
611
611
611
609
608
606
596
600
599
604
613
607
603
604
606
606
601
611
595
606
610
599
605
605
600
605
608
610
603
605
597
605
610
609
601
607
603
605
604
596
600
606
600
600
600
612
601
604
608
597
604
599
603
608
606
602
598
604
604
597
601
598
595
605
597
603
610
605
609
600
605
612
602
609
603
600
604
604
597
619
594
608
608
601
616
610
605
607
609
604
595
603
603
598
597
600
597
