601
604
603
602
599
606
597
597
604
593
597
597
598
598
606
609
601
604
595
607
604
598
602
602
596
604
601
597
598
599
598
607
594
596
607
597
599
594
601
602
604
598
601
603
595
603
601
603
603
602
605
604
599
590
601
600
598
601
601
602
600
597
599
605
605
608
592
605
603
595
603
606
610
601
594
605
606
607
602
600
603
606
597
603
601
604
602
596
601
589
601
599
606
609
603
604
599
602
604
607
601
601
602
605
594
594
595
609
599
604
602
591
596
605
599
607
607
597
602
605
602
601
606
600
599
603
592
598
605
597
597
592
595
595
597
603
606
606
611
598
596
601
594
602
608
596
603
601
601
603
603
599
603
596
598
601
602
592
606
603
598
597
595
596
605
604
599
599
605
606
604
602
601
601
598
602
600
602
597
591
601
600
601
602
599
598
601
604
597
598
605
601
600
601
600
602
598
610
607
604
599
596
604
603
606
604
601
607
597
596
601
600
600
599
603
602
598
599
600
602
604
604
603
606
600
592
603
602
597
605
602
602
608
606
604
608
598
607
611
599
593
596
600
591
608
596
599
603
594
601
596
607
601
600
607
591
603
612
596
597
601
606
603
598
593
600
599
598
605
605
598
602
611
603
598
606
602
603
598
598
609
605
609
604
602
606
603
602
603
597
601
598
607
601
596
603
598
604
600
598
604
599
606
605
601
603
605
603
601
594
604
600
603
596
600
601
607
601
610
598
603
596
604
604
606
592
602
602
610
597
600
602
597
591
603
596
610
602
603
599
608
592
598
607
593
606
595
606
604
608
602
596
606
610
600
604
609
610
601
605
597
607
610
604
599
604
601
612
603
598
601
602
607
603
611
599
607
600
608
606
599
602
602
602
599
612
598
599
598
602
607
603
611
608
603
610
594
602
601
616
602
600
610
608
597
611
599
604
606
603
602
617
610
616
611
603
613
611
615
613
605
607
619
615
617
617
613
609
618
616
614
615
620
624
619
622
614
619
621
610
619
626
613
611
623
640
623
622
616
637
632
619
647
636
623
632
653
640
633
635
635
665
642
624
668
644
663
672
652
674
667
657
657
645
668
671
681
661
673
685
672
704
690
722
687
711
693
696
721
723
706
736
728
751
731
724
725
774
727
749
728
742
775
757
797
768
756
767
801
782
813
786
802
805
832
814
824
836
836
877
899
840
853
861
867
913
937
895
916
917
919
978
909
932
974
965
948
978
991
994
982
993
1000
979
986
1001
1028
1030
1018
1043
1032
1089
1091
1072
1153
1051
1130
1096
1038
1107
1105
1209
1126
1164
1140
1177
1173
1195
1138
1179
1212
1158
1156
1159
1199
1218
1187
1222
1176
1241
1257
1219
1207
1230
1241
1305
1250
1281
1291
1276
1236
1242
1297
1369
1331
1276
1277
1311
1253
1334
1271
1264
1312
1297
1319
1335
1320
1332
1270
1351
1418
1326
1370
1331
1308
1345
1366
1375
1313
1350
1381
1360
1359
1287
1295
1374
1281
1304
1372
1366
1295
1343
1342
1302
1358
1355
1365
1322
1292
1366
1346
1350
1330
1346
1314
1378
1374
1383
1341
1283
1296
1374
1292
1339
1319
1322
1332
1263
1347
1341
1300
1355
1347
1325
1329
1301
1266
1350
1339
1337
1350
1226
1304
1287
1338
1299
1282
1263
1304
1320
1213
1271
1291
1307
1278
1240
1256
1262
1280
1235
1256
1270
1206
1226
1280
1245
1238
1245
1244
1219
1254
1178
1211
1193
1214
1253
1173
1173
1191
1207
1218
1237
1184
1145
1194
1085
1170
1111
1144
1192
1138
1086
1141
1090
1118
1139
1135
1083
1109
1086
1048
1116
1100
1085
1093
1104
1056
1032
1059
998
1066
1009
1005
1062
1009
1044
1019
1004
991
1023
1036
1019
969
1035
996
1006
970
981
984
982
970
955
943
936
976
955
928
886
929
937
916
924
917
923
904
922
876
889
901
909
906
892
864
887
898
891
831
892
893
847
856
840
857
862
853
856
845
810
819
840
828
812
776
826
836
831
815
772
792
771
804
780
771
789
756
754
789
770
770
757
762
763
762
738
772
764
731
737
735
742
743
716
746
732
737
727
730
736
736
731
712
722
720
728
716
718
717
708
686
704
691
678
710
690
708
702
699
702
685
683
683
692
707
698
681
682
678
675
684
687
677
692
670
682
665
677
684
670
685
666
659
677
660
666
654
644
683
677
666
659
658
650
654
644
649
657
657
655
666
656
645
661
662
662
646
652
639
635
664
640
643
656
648
646
632
629
644
632
640
648
639
622
629
633
645
639
634
645
624
637
631
627
634
639
649
626
627
636
633
622
630
625
635
631
618
621
629
628
617
618
620
632
635
615
623
633
617
623
631
617
626
618
620
622
619
623
617
626
612
620
613
621
603
633
619
617
619
631
608
621
616
628
608
620
613
615
624
617
616
631
609
613
615
624
628
607
606
610
610
618
614
618
605
610
607
605
615
610
618
600
623
603
610
615
614
609
612
618
612
613
621
597
616
615
614
613
609
610
615
614
611
602
607
606
611
596
604
608
613
617
608
604
610
602
609
614
604
611
611
611
602
610
604
606
606
604
608
602
609
603
610
606
611
607
606
606
600
600
608
605
611
606
613
620
606
604
599
602
601
599
599
606
620
602
603
608
598
604
609
606
608
608
602
602
601
605
610
603
605
604
604
609
608
594
605
607
599
601
603
602
605
598
598
611
600
608
604
596
608
604
599
598
610
604
597
600
597
604
597
597
608
599
605
608
603
594
606
606
597
603
605
602
605
604
601
605
605
604
599
610
599
594
604
600
603
607
606
603
598
600
600
605
608
612
607
590
604
603
607
598
601
599
607
600
598
600
597
597
608
605
593
604
599
604
608
594
600
602
596
603
602
598
605
603
601
609
608
593
596
599
596
601
601
602
599
602
607
596
605
606
598
598
611
603
608
597
608
600
600
601
603
596
607
606
605
600
606
596
600
605
601
598
602
588
609
605
597
599
598
602
600
600
598
602
604
601
607
605
606
602
601
600
602
602
610
599
607
603
598
598
607
595
601
603
601
599
604
591
603
604
594
602
597
607
599
602
601
604
598
597
606
599
591
602
598
596
584
605
594
599
601
599
585
605
599
598
601
607
606
594
603
598
603
596
611
602
599
595
602
593
590
601
601
610
600
598
602
594
598
604
606
596
603
599
603
604
598
605
603
595
605
603
600
598
597
596
598
594
601
602
