603
601
601
606
610
599
604
601
599
606
601
603
602
604
606
598
595
605
607
601
599
602
601
597
602
605
605
607
605
603
609
599
594
599
597
588
597
600
602
603
602
604
605
601
596
607
596
596
603
598
597
606
602
604
597
599
599
592
600
604
598
600
600
600
600
605
603
596
599
603
600
601
598
598
606
598
610
601
606
603
591
600
584
599
599
607
600
605
608
602
602
604
606
602
602
598
597
603
607
607
602
604
603
603
597
609
601
596
602
603
605
602
600
601
604
595
601
606
600
597
601
604
594
601
602
604
593
603
595
601
600
597
597
605
593
598
611
604
611
596
599
607
601
598
594
600
587
598
601
599
597
604
603
609
605
603
598
607
608
607
600
601
600
599
603
598
607
603
596
601
598
597
603
599
598
603
595
600
601
600
598
595
600
598
600
594
595
602
601
600
605
598
603
601
601
612
598
591
597
600
592
604
603
593
600
593
607
596
598
609
604
595
600
598
603
595
590
596
603
598
607
600
595
605
602
607
602
602
594
595
602
590
602
607
598
601
592
610
601
594
605
600
609
598
606
596
598
603
604
598
601
601
596
607
603
605
603
598
600
596
603
601
594
599
602
609
595
595
604
602
596
600
603
597
600
605
599
604
602
604
606
607
601
604
602
602
594
596
601
604
600
603
600
596
601
593
602
604
599
605
596
596
605
606
605
610
602
595
585
597
601
600
613
599
612
596
595
603
600
598
605
606
605
606
603
606
604
605
603
594
612
596
613
605
608
602
602
604
595
601
595
604
597
604
596
606
601
606
592
611
600
596
600
604
602
594
607
610
606
604
605
596
606
608
604
602
604
607
608
601
612
598
607
604
599
604
611
611
600
604
613
609
590
608
606
608
601
617
622
612
618
607
601
618
604
619
612
608
605
618
607
616
605
625
614
618
609
619
620
617
608
616
612
613
620
625
627
617
621
631
630
632
623
635
612
632
633
638
628
634
634
633
644
648
651
635
619
651
631
639
649
639
651
648
650
651
646
668
656
635
662
661
653
659
679
681
689
673
698
697
681
684
694
675
682
691
691
688
681
700
717
713
713
730
744
748
759
718
760
771
741
802
750
777
790
774
797
787
805
837
796
829
829
847
857
824
879
857
886
897
940
914
905
937
906
934
953
897
940
974
995
983
989
992
1003
1010
1068
1074
1071
1095
1113
1103
1121
1083
1115
1125
1098
1147
1137
1147
1156
1182
1220
1229
1258
1275
1227
1265
1303
1263
1236
1339
1321
1366
1469
1450
1407
1381
1437
1439
1498
1497
1461
1489
1445
1513
1572
1505
1482
1514
1656
1561
1621
1577
1686
1704
1644
1730
1651
1648
1724
1761
1712
1759
1832
1801
1751
1729
1782
1802
1801
1805
1803
1790
1854
1822
1906
1844
1921
1913
1895
1856
1899
1877
1946
1848
1923
1975
1863
1964
1899
1867
1925
1988
1994
2036
1900
1885
2014
2004
2008
2003
2045
1984
2067
2002
2009
1930
2018
2081
1989
1994
1890
1978
2079
2050
1918
1987
2093
2018
2010
2020
1995
2038
2098
2098
2024
2033
2075
2041
1944
2088
2037
2068
2071
2051
1938
1959
2031
1962
2108
1981
1972
1988
2040
2069
2002
2029
1986
1998
1988
2019
1947
1960
1996
1943
1944
1985
1947
1963
2012
1957
1945
1852
1845
1958
1932
1943
1828
1979
1854
1896
1903
1933
1893
1851
1855
1771
1809
1825
1724
1832
1863
1883
1832
1811
1785
1744
1791
1808
1849
1843
1791
1825
1795
1814
1771
1767
1752
1713
1844
1755
1719
1721
1665
1705
1701
1670
1627
1770
1619
1681
1674
1724
1567
1599
1553
1660
1625
1588
1602
1564
1591
1509
1538
1621
1523
1490
1548
1477
1524
1461
1487
1428
1493
1431
1448
1425
1415
1407
1403
1402
1329
1365
1374
1401
1367
1329
1362
1376
1342
1294
1248
1279
1320
1310
1268
1307
1284
1218
1280
1231
1263
1217
1234
1210
1192
1144
1213
1139
1219
1181
1188
1131
1139
1154
1079
1125
1082
1150
1102
1034
1107
1080
1066
1043
1042
1068
1037
1051
1033
1020
1008
1023
990
1029
1006
984
968
1001
923
960
966
952
967
948
1003
912
910
921
888
922
884
914
892
883
921
883
883
870
898
855
847
877
840
871
830
884
912
845
865
850
799
844
843
822
851
830
831
810
804
812
784
770
799
790
800
779
802
798
771
779
787
779
757
810
771
775
765
780
786
731
761
751
759
759
746
754
784
747
747
744
714
735
741
730
715
723
748
719
711
726
694
720
705
729
721
712
713
710
720
687
711
690
704
680
688
703
680
687
690
700
677
680
684
688
684
678
691
667
683
667
696
681
675
675
667
658
673
655
688
662
666
661
675
671
666
655
678
649
642
662
655
650
654
671
656
650
644
658
650
654
652
645
653
651
654
637
636
653
656
641
640
630
641
645
639
630
632
639
633
641
634
643
641
640
640
646
637
624
631
626
641
635
633
612
631
647
639
636
623
635
623
633
627
626
643
638
616
626
624
625
635
630
624
624
619
614
622
623
633
620
617
612
626
623
622
615
596
620
622
621
619
623
621
625
614
612
623
609
620
616
612
615
623
616
609
622
627
609
623
619
625
626
624
612
615
614
615
608
619
621
611
601
621
608
604
617
598
615
620
617
610
610
619
609
609
612
613
609
607
610
611
606
609
605
617
615
613
607
609
619
616
602
615
605
609
611
602
607
610
608
622
606
613
604
609
609
601
601
612
606
606
605
599
599
599
604
608
603
603
607
607
601
604
599
604
614
598
615
608
611
606
596
603
611
599
612
598
602
603
605
597
609
597
616
603
598
610
601
601
617
600
598
603
602
600
600
607
595
607
600
609
605
601
606
610
613
604
608
602
604
603
600
608
604
598
604
601
602
595
605
609
608
599
602
601
596
605
595
593
602
597
605
598
599
607
600
595
610
604
605
606
606
603
604
607
605
605
605
593
610
611
608
598
605
606
608
601
603
597
602
603
601
603
610
605
606
603
599
601
603
601
607
598
597
601
614
593
603
595
599
609
604
602
603
590
603
603
602
595
602
602
606
594
592
604
602
593
604
600
601
599
605
600
602
605
598
607
602
594
596
603
603
604
595
606
599
597
595
595
603
607
609
602
613
598
598
606
597
604
602
598
597
605
595
601
593
604
596
593
604
603
595
608
598
595
602
594
602
606
596
598
601
595
596
605
604
600
598
598
611
597
592
601
598
604
597
602
603
602
598
603
609
597
611
600
602
603
595
593
601
603
597
601
597
595
601
598
595
