600
605
605
604
609
597
599
595
605
602
602
611
606
604
599
605
606
598
607
600
616
606
614
602
609
604
609
611
608
616
607
608
617
598
602
612
607
607
603
606
601
607
613
605
618
604
613
612
596
608
604
589
614
611
606
609
599
601
599
598
598
600
610
599
603
596
608
602
598
610
598
605
604
602
606
598
600
605
603
601
603
600
597
602
605
604
602
606
601
595
617
611
606
601
594
601
594
605
605
600
605
606
594
602
601
599
610
601
606
601
593
603
603
601
606
599
602
605
605
597
606
596
612
607
607
600
610
603
598
600
603
606
602
604
598
605
597
602
603
602
597
599
605
603
598
600
600
602
599
613
602
604
602
604
600
598
600
599
601
605
606
601
606
605
603
598
602
599
600
601
598
598
597
598
606
596
608
607
601
599
601
599
603
602
598
599
606
595
595
604
601
604
603
592
601
603
605
599
599
595
601
602
600
600
609
598
610
601
598
599
592
602
600
598
599
602
600
596
602
599
601
599
606
601
600
598
601
609
595
593
595
601
592
599
603
597
595
599
608
602
600
604
600
604
603
596
601
604
607
597
600
603
609
595
597
605
605
602
610
607
605
609
598
604
603
602
606
591
598
597
597
603
600
600
600
606
596
597
599
602
596
607
601
602
598
611
607
589
602
600
597
604
597
606
597
601
598
610
600
604
606
604
608
608
607
603
605
602
606
593
596
604
609
608
598
602
605
604
597
604
605
602
600
598
603
599
603
610
601
610
602
594
603
599
600
604
597
606
608
607
596
611
602
599
620
607
613
609
605
613
597
616
598
609
606
609
603
604
611
604
604
612
603
607
611
602
597
611
602
602
600
608
612
612
604
616
610
610
603
605
599
610
614
608
602
614
623
616
609
613
610
614
612
608
618
615
600
595
618
604
611
607
621
622
610
623
617
613
629
613
612
620
614
636
626
622
620
633
623
630
624
616
619
629
635
621
633
632
625
627
640
635
628
630
650
641
639
638
659
640
644
654
654
662
666
671
667
676
650
655
669
671
683
669
677
661
668
675
683
688
701
706
701
698
715
704
714
715
713
705
729
737
732
718
725
730
748
751
752
777
749
776
787
795
753
786
801
780
805
838
820
818
779
832
845
858
868
831
863
849
859
911
904
926
918
934
923
967
968
960
941
999
948
995
999
1005
1037
1008
1022
1070
1065
1074
1093
1032
1102
1136
1131
1098
1144
1185
1176
1134
1185
1295
1228
1216
1236
1277
1237
1345
1347
1338
1302
1351
1363
1339
1412
1363
1401
1442
1455
1492
1427
1434
1464
1533
1534
1579
1572
1583
1581
1565
1632
1579
1657
1641
1624
1642
1737
1764
1739
1737
1703
1787
1772
1721
1745
1792
1833
1876
1772
1897
1852
1865
1941
1915
1932
1905
1960
1999
1958
1928
1931
1932
1996
1981
2002
1953
1957
1961
1980
1966
2096
2039
2045
2077
2045
2038
2176
2109
2109
2179
2124
2054
2011
2092
2052
2150
2203
2042
2108
2075
2203
2137
2192
2159
2126
2109
2198
2095
2115
2140
2180
2137
2053
2016
2061
2162
2102
2103
2101
2238
2104
2208
2039
2159
2102
2128
2103
2076
2100
2200
2110
2141
2191
2062
2146
2084
2163
2107
2093
2069
2106
2154
2062
2119
1944
2075
2011
2072
1984
2022
2036
2091
2002
2013
2038
2069
2043
2020
1947
2020
1994
1958
1997
2082
2045
2012
1934
2015
1977
1904
1957
1982
1883
1952
2002
1857
1918
1828
1885
1854
1909
1931
1833
1909
1903
1896
1925
1747
1864
1865
1793
1823
1755
1835
1727
1788
1781
1730
1743
1770
1715
1671
1706
1712
1642
1738
1653
1668
1765
1628
1694
1668
1642
1613
1628
1609
1623
1572
1520
1522
1587
1608
1532
1613
1560
1533
1506
1482
1415
1559
1512
1452
1459
1455
1460
1407
1431
1431
1396
1382
1430
1392
1395
1316
1319
1384
1379
1354
1307
1312
1355
1308
1281
1326
1334
1237
1245
1261
1249
1253
1272
1163
1202
1193
1263
1187
1235
1209
1182
1210
1177
1161
1123
1187
1131
1069
1140
1145
1112
1071
1077
1100
1037
1155
1085
1094
1089
1064
1027
1081
1047
1042
1015
1041
980
1030
990
1027
1034
976
941
986
912
970
930
965
939
927
895
904
943
925
941
923
948
921
906
904
944
878
888
910
867
880
865
886
872
863
844
894
914
840
863
854
850
851
816
840
846
812
835
796
839
821
804
842
792
803
828
773
804
812
778
812
790
800
791
807
778
792
776
775
746
773
767
741
755
742
786
747
764
756
727
761
744
770
744
755
749
747
714
710
731
727
719
731
713
725
712
735
701
687
709
730
684
697
709
686
700
693
704
697
692
674
674
682
672
671
677
662
677
700
689
664
693
684
672
655
681
683
657
670
674
674
666
688
664
658
666
675
651
674
672
658
671
643
648
638
677
677
662
665
652
671
658
658
654
641
651
652
640
668
635
642
658
633
649
633
640
648
643
646
649
651
647
638
644
632
633
631
650
633
625
632
627
633
638
638
633
624
623
641
651
645
628
626
640
627
620
635
629
627
617
634
622
636
623
617
626
620
633
619
636
633
629
638
632
616
629
628
629
630
618
620
622
610
619
631
617
627
623
619
615
620
615
612
612
615
610
612
623
616
627
609
615
624
618
618
608
619
609
625
617
607
629
606
614
606
617
615
610
612
613
612
612
614
608
617
608
608
616
609
611
617
619
620
611
612
607
609
611
611
603
620
616
622
603
612
604
609
615
606
615
608
610
613
599
601
607
603
597
605
610
617
598
612
609
605
615
605
613
611
616
623
614
610
612
615
605
606
614
602
610
607
603
603
613
604
603
611
608
606
605
600
610
601
608
602
612
600
604
601
612
611
617
604
596
602
605
611
613
598
618
604
608
612
615
599
600
601
603
604
603
607
598
610
608
599
604
605
611
603
603
614
613
597
602
597
609
607
605
601
597
594
607
602
599
606
598
607
607
609
605
604
606
604
603
608
597
607
590
607
600
597
616
602
598
606
599
606
605
598
606
607
606
602
604
604
599
602
598
601
604
592
602
608
598
617
603
607
606
605
605
603
594
597
603
599
600
597
601
596
606
609
603
605
602
599
604
607
604
600
610
612
596
604
603
605
600
605
610
599
596
613
602
604
597
604
607
605
601
605
602
599
599
604
596
601
607
598
599
607
593
602
608
599
603
599
603
607
602
603
603
595
610
609
597
603
605
595
602
598
604
605
604
596
600
608
601
611
593
604
611
601
607
606
594
610
599
601
596
610
607
600
604
600
601
598
