600
610
611
609
599
599
606
605
603
601
595
610
599
609
598
610
603
608
590
606
600
616
605
600
598
604
605
598
604
603
604
595
598
606
603
603
599
612
605
604
605
604
611
601
598
599
613
604
599
600
604
595
597
607
603
604
598
599
600
601
605
601
607
609
593
603
602
598
605
606
605
598
597
606
599
607
594
597
604
605
598
603
597
594
599
604
604
604
602
606
599
605
604
599
596
593
606
594
607
596
604
606
600
611
596
600
607
597
601
599
601
604
606
601
603
599
598
603
613
608
604
603
601
606
598
599
601
591
598
593
596
600
599
604
605
602
600
599
604
601
599
610
603
600
592
596
598
603
601
607
597
603
606
600
602
599
606
592
604
593
597
598
602
601
604
589
598
599
610
604
610
599
604
606
608
600
609
607
598
599
603
596
605
600
597
597
600
607
597
607
604
602
599
595
606
597
598
602
603
605
611
602
596
608
598
603
604
602
593
601
605
599
590
604
596
598
598
603
601
593
607
593
599
601
602
598
606
600
602
603
603
602
600
607
608
599
612
608
596
600
607
597
605
613
602
601
599
603
604
598
604
598
604
603
603
604
608
597
598
603
603
600
594
598
601
606
594
587
600
597
604
596
600
604
599
599
599
604
604
599
598
608
601
601
596
598
604
608
601
605
602
601
605
602
596
605
597
599
605
596
603
596
607
604
602
592
601
602
601
605
603
602
604
608
596
615
589
604
596
611
605
595
606
598
599
605
605
595
596
601
601
605
602
606
597
602
602
610
606
602
589
606
605
606
611
592
602
597
606
602
605
607
609
618
598
606
603
600
609
605
616
606
616
608
612
612
606
605
604
608
612
611
610
614
617
600
610
607
618
614
612
621
610
609
611
606
603
613
614
605
612
613
614
612
610
616
611
617
619
623
624
616
616
614
616
625
617
617
622
620
618
623
621
623
618
627
621
627
630
620
624
638
623
639
636
629
633
637
628
626
651
632
644
647
644
643
634
647
655
647
662
663
635
671
678
672
687
657
670
663
671
696
671
677
702
698
697
684
726
663
736
720
712
722
745
710
725
739
731
734
748
712
746
762
737
768
775
774
778
806
795
801
842
828
829
838
875
828
843
898
863
855
890
883
891
918
946
907
959
979
962
949
986
999
1028
1055
1020
1027
1041
1083
1054
1070
1056
1112
1127
1105
1163
1184
1133
1201
1218
1190
1254
1195
1273
1241
1253
1280
1319
1335
1343
1371
1374
1349
1364
1415
1469
1510
1438
1427
1528
1510
1475
1530
1551
1571
1583
1629
1662
1606
1642
1680
1678
1716
1652
1670
1709
1806
1719
1814
1839
1867
1922
1907
1878
1918
1952
1985
1963
1981
2024
2024
1995
2084
2021
2002
2043
1981
2058
2191
2051
2163
2216
2168
2180
2235
2215
2292
2284
2246
2281
2295
2333
2260
2290
2243
2228
2332
2400
2391
2395
2342
2373
2374
2435
2327
2473
2310
2478
2417
2483
2412
2380
2407
2405
2464
2520
2446
2370
2491
2488
2558
2442
2374
2417
2439
2453
2393
2453
2399
2373
2456
2446
2430
2439
2489
2474
2648
2499
2469
2457
2475
2384
2555
2410
2427
2512
2298
2402
2356
2436
2406
2400
2501
2458
2459
2390
2447
2328
2380
2417
2432
2371
2393
2453
2463
2325
2311
2384
2354
2350
2374
2342
2366
2263
2335
2302
2198
2225
2265
2334
2252
2147
2196
2205
2241
2206
2282
2233
2128
2264
2270
2129
2238
2211
2208
2157
2208
2122
2205
2091
2146
2111
2120
2088
2125
2077
2113
2096
2075
2075
1974
2061
2015
2036
2051
1934
1999
1991
1914
2043
1938
1894
1852
1897
1949
1874
1872
1791
1887
1881
1856
1815
1801
1822
1840
1807
1831
1826
1811
1813
1719
1738
1741
1814
1651
1736
1657
1719
1631
1658
1623
1664
1566
1604
1557
1627
1532
1615
1491
1578
1582
1575
1498
1485
1525
1480
1421
1487
1381
1449
1521
1460
1423
1453
1428
1381
1367
1436
1339
1399
1320
1368
1392
1357
1295
1297
1326
1319
1323
1255
1243
1200
1235
1209
1220
1208
1191
1174
1252
1177
1126
1143
1181
1137
1139
1128
1113
1109
1140
1102
1119
1112
1095
1060
1071
1060
1058
983
1059
1013
1051
1026
1013
1016
1051
954
968
980
968
936
962
955
963
951
961
921
935
936
899
913
926
928
864
900
900
858
921
895
858
906
893
881
843
878
898
865
822
885
818
864
867
833
844
805
832
826
845
871
847
827
809
832
817
797
803
820
833
793
781
786
781
811
777
777
790
827
780
806
739
770
794
733
717
788
793
746
761
753
772
740
734
737
742
720
735
728
725
730
735
719
752
733
715
726
714
716
722
711
733
682
690
714
677
697
683
687
697
704
685
673
691
680
688
689
683
693
703
688
670
688
685
681
685
686
658
673
647
672
675
680
669
667
674
659
665
667
676
662
660
647
662
660
668
661
645
669
653
642
644
678
655
642
661
647
659
651
654
653
644
652
656
647
626
637
656
639
642
645
654
650
665
650
631
624
621
642
631
646
636
634
642
645
633
632
650
633
634
646
637
644
647
628
639
636
627
638
623
629
628
624
638
625
625
634
628
617
635
631
623
619
619
629
624
615
634
625
622
621
621
620
626
621
614
617
616
632
606
615
622
618
625
622
635
611
607
621
613
619
618
618
616
622
610
612
602
619
626
613
617
624
609
625
624
605
620
621
607
606
610
615
616
616
614
611
608
612
608
610
610
611
615
613
611
611
607
612
617
610
614
605
619
603
609
611
607
610
604
610
609
605
621
615
610
614
609
611
609
608
605
619
605
610
609
600
608
597
611
612
615
610
603
616
612
610
608
605
606
608
607
615
606
604
609
606
600
605
610
606
619
608
604
610
608
605
602
599
606
603
606
603
610
605
601
607
612
606
609
604
602
609
599
602
605
605
610
598
607
597
595
598
601
601
612
600
612
605
611
605
607
607
607
602
600
615
610
607
603
603
602
606
611
607
605
608
601
602
607
601
604
605
606
599
598
608
610
596
591
607
605
597
604
601
609
607
602
606
594
597
600
604
608
602
602
604
606
600
603
600
608
602
611
610
599
603
607
598
602
604
604
598
598
599
596
603
604
605
599
593
598
604
607
604
615
602
603
599
603
600
606
601
601
597
601
609
599
609
602
605
607
608
601
606
604
606
605
606
605
605
602
606
599
604
606
601
606
600
602
598
599
604
602
602
602
597
605
605
604
605
603
599
600
599
598
603
603
597
603
607
609
599
610
602
596
604
600
603
605
600
605
606
601
602
603
594
599
605
606
604
612
