607
602
602
611
601
595
601
601
609
612
601
609
606
600
606
601
597
600
588
602
593
604
613
610
598
610
603
615
605
616
609
618
610
605
604
603
603
607
615
617
607
601
604
606
601
618
598
599
602
594
590
611
601
604
608
603
601
600
608
602
598
593
609
604
602
606
606
604
607
600
595
605
596
606
608
598
604
605
604
596
593
601
606
606
600
608
599
596
596
601
602
600
607
607
603
597
600
605
597
600
590
599
600
595
596
601
602
611
594
599
602
602
590
599
607
592
598
600
594
602
601
608
606
599
601
602
597
599
595
599
602
603
600
599
602
596
603
604
596
601
598
602
599
599
597
599
599
602
596
600
602
595
597
597
593
609
613
602
600
596
603
610
602
596
603
607
597
603
603
601
598
598
595
606
603
602
603
597
598
601
600
590
598
598
600
606
603
598
600
590
601
606
606
602
604
612
597
603
604
600
601
602
600
600
600
595
604
603
603
604
601
594
602
597
596
601
601
603
599
597
606
603
600
604
607
603
607
598
604
597
599
596
598
602
616
603
592
601
608
597
602
606
602
602
590
605
601
603
601
598
610
600
599
599
601
606
602
605
594
601
602
600
596
606
603
611
606
596
592
608
607
598
603
608
598
602
595
609
609
602
602
601
598
596
594
602
600
603
591
601
593
604
610
599
596
606
600
603
606
595
599
600
594
602
600
600
605
596
592
596
595
597
601
597
602
601
603
606
598
599
598
609
602
597
604
597
608
605
604
599
602
604
603
596
595
600
602
602
605
613
613
608
596
615
598
597
609
600
601
603
603
607
602
597
613
608
595
608
608
595
605
603
622
618
607
605
611
590
609
605
613
617
614
609
604
604
615
608
605
615
621
605
606
616
603
605
609
607
619
615
613
609
620
610
614
608
613
617
611
624
618
614
605
614
628
625
619
635
628
607
619
614
617
620
622
624
628
636
632
643
631
616
633
634
634
634
663
632
629
645
655
636
674
648
637
657
647
638
664
680
659
656
666
655
676
656
672
675
684
667
696
686
684
708
681
697
709
702
711
721
710
718
735
738
743
749
701
754
752
752
741
780
771
761
780
778
805
796
815
852
825
837
823
823
836
874
853
886
890
841
903
891
897
889
917
952
958
966
937
979
986
1023
1025
1059
1070
1028
1078
1084
1047
1104
1098
1097
1157
1104
1153
1170
1167
1236
1190
1210
1244
1285
1268
1295
1263
1273
1332
1304
1338
1349
1350
1372
1384
1440
1447
1500
1453
1492
1485
1496
1516
1560
1592
1625
1572
1734
1658
1672
1742
1745
1707
1760
1815
1798
1772
1836
1818
1880
1771
1855
1978
1988
1989
2026
2093
2082
2098
2074
2081
2045
2067
2079
2166
2117
2172
2100
2147
2167
2182
2252
2234
2341
2277
2244
2303
2256
2438
2369
2405
2510
2442
2424
2483
2511
2448
2494
2495
2461
2475
2550
2536
2539
2507
2554
2569
2554
2562
2694
2660
2598
2588
2612
2591
2578
2630
2671
2674
2625
2667
2629
2624
2611
2630
2710
2676
2700
2688
2740
2669
2678
2754
2737
2729
2705
2641
2701
2666
2777
2682
2796
2763
2792
2796
2675
2615
2662
2628
2689
2743
2711
2750
2649
2702
2614
2597
2693
2602
2713
2615
2688
2660
2552
2713
2598
2669
2550
2572
2663
2626
2571
2581
2658
2599
2579
2629
2584
2456
2600
2500
2560
2482
2595
2524
2496
2384
2577
2462
2400
2420
2398
2488
2434
2485
2395
2373
2506
2400
2305
2329
2361
2300
2352
2362
2296
2349
2413
2414
2300
2329
2275
2217
2332
2236
2255
2203
2318
2209
2180
2131
2191
2147
2235
2050
2066
2093
2130
2072
2133
2089
2129
1997
2115
1975
1914
2090
2013
1960
1983
2003
1979
1959
1922
1879
1916
1947
1856
1891
1863
1784
1780
1805
1783
1823
1813
1799
1759
1759
1725
1822
1734
1670
1749
1675
1697
1716
1639
1688
1628
1603
1609
1577
1612
1550
1528
1544
1512
1553
1536
1502
1532
1439
1507
1493
1466
1423
1401
1435
1458
1406
1394
1397
1331
1352
1396
1345
1364
1339
1244
1274
1314
1317
1283
1250
1260
1246
1250
1266
1257
1273
1257
1191
1222
1204
1212
1156
1167
1168
1193
1149
1122
1137
1156
1083
1122
1106
1103
1036
1087
1054
1119
1033
1049
1060
1035
1002
997
1022
1041
1055
1011
990
990
997
950
978
993
973
993
958
942
970
909
941
942
896
916
939
968
934
928
903
881
914
896
896
888
907
893
853
860
890
867
876
912
812
840
825
806
859
855
832
838
848
828
829
820
830
812
832
819
832
789
794
765
803
780
800
803
799
785
775
779
765
771
791
763
744
791
750
753
726
756
728
737
747
731
734
722
754
709
742
748
712
715
716
707
721
735
723
708
735
702
710
681
700
714
703
708
695
704
720
714
703
678
683
681
717
689
692
658
689
657
677
679
687
667
682
669
664
659
675
670
681
674
698
665
650
675
660
669
689
667
645
659
670
662
663
663
649
648
652
657
653
645
655
652
650
655
647
652
655
631
642
641
635
659
649
648
658
647
637
647
660
646
639
630
645
626
658
626
637
619
633
641
631
631
629
626
632
637
662
630
644
628
639
639
628
626
639
635
622
632
636
635
631
624
610
642
630
637
624
618
623
613
613
626
613
628
619
618
623
627
638
627
626
617
639
624
626
627
620
629
612
617
622
619
615
615
624
628
617
610
620
619
627
617
612
623
613
619
611
622
600
609
614
609
621
605
618
611
612
614
615
618
616
609
609
613
611
614
626
613
613
618
606
617
608
619
609
611
617
616
613
612
617
603
613
613
604
601
613
607
610
609
612
610
607
602
603
610
611
609
609
605
612
608
600
609
595
603
603
609
604
607
622
614
605
608
607
604
602
604
607
620
603
605
603
598
610
608
606
602
612
598
600
606
608
609
610
612
603
603
601
600
613
600
598
604
608
607
602
605
597
598
605
610
602
603
607
610
616
605
609
597
610
601
610
599
603
611
600
599
605
604
593
604
602
600
600
593
597
602
597
599
596
607
605
601
610
609
596
597
599
607
604
604
605
609
602
609
598
607
607
602
600
609
604
605
605
598
606
600
615
601
598
605
606
598
606
600
611
597
593
607
599
611
601
608
605
602
600
602
609
607
601
607
615
612
593
603
609
600
602
600
597
604
603
595
610
600
607
603
603
598
606
601
597
596
597
595
604
605
598
603
604
607
601
607
602
604
605
597
598
601
596
605
604
604
606
603
603
601
602
602
596
595
596
600
597
599
601
605
603
601
604
606
601
600
594
605
601
601
601
593
603
604
613
602
597
611
