606
596
607
605
606
603
614
599
605
602
610
605
603
604
611
601
604
607
599
599
606
603
613
605
608
614
607
616
621
601
614
615
607
602
607
610
603
610
594
602
606
603
598
597
603
613
608
614
610
604
605
610
606
608
604
594
613
606
604
605
604
611
598
597
601
607
605
610
603
608
594
597
592
606
597
602
593
605
599
610
602
611
612
605
597
605
607
602
598
604
603
600
603
606
606
607
603
597
599
612
601
606
602
601
601
588
595
607
606
601
599
601
597
608
602
604
608
600
599
606
596
610
603
607
604
597
597
604
602
597
598
602
603
598
598
601
602
595
610
605
604
609
607
599
610
598
599
595
596
600
604
600
600
601
598
605
598
602
609
604
606
601
599
601
593
603
603
606
597
600
603
595
608
602
603
605
611
611
611
604
602
595
600
608
596
599
597
599
606
600
605
602
599
600
599
607
606
605
599
592
608
603
601
605
602
601
604
604
608
600
601
605
598
608
601
605
599
594
604
595
597
602
597
601
593
602
605
600
600
600
600
599
602
605
597
595
602
593
605
602
609
600
601
604
600
599
608
607
607
596
598
603
605
599
607
597
604
602
607
605
602
601
599
610
598
602
599
602
612
598
596
604
601
604
600
604
595
601
598
602
602
591
602
597
605
595
602
597
599
605
617
603
599
604
604
592
605
604
607
603
601
602
596
591
598
601
601
601
610
591
595
601
598
596
603
606
604
597
600
601
603
602
597
603
597
602
600
597
594
600
597
604
592
608
604
601
600
609
605
602
605
599
593
593
610
606
602
604
603
602
601
599
600
595
607
598
606
601
599
599
606
593
609
601
595
596
601
603
599
605
602
599
595
600
606
608
595
603
596
599
600
603
603
598
602
602
597
601
612
605
605
603
594
601
609
599
602
598
597
605
601
605
608
601
604
610
597
599
614
606
602
601
599
597
605
598
609
602
609
606
604
604
604
603
600
604
604
601
606
604
603
607
598
598
603
601
608
607
607
603
608
608
602
610
604
605
601
614
610
603
607
612
597
613
608
601
601
610
604
611
604
608
607
607
605
607
603
606
611
612
616
617
611
607
629
620
608
610
605
618
607
613
612
627
624
620
623
628
622
621
629
614
624
617
627
619
639
624
612
621
627
627
634
631
633
636
626
633
625
632
640
629
613
633
639
621
633
641
653
625
635
639
648
650
650
658
642
661
658
659
643
656
646
658
653
646
643
673
667
660
662
693
682
684
688
673
679
674
672
677
667
679
686
678
671
693
679
681
665
688
685
713
681
692
681
677
704
694
705
708
727
720
689
718
692
714
702
702
725
708
719
726
728
702
746
695
726
713
761
711
714
728
723
724
741
716
751
709
731
730
726
727
724
731
718
746
748
731
733
746
732
732
755
731
743
761
761
728
748
762
750
735
745
734
765
745
731
771
741
762
734
743
758
742
717
725
744
764
757
757
761
739
746
768
739
768
739
754
733
749
734
728
741
731
719
705
731
728
703
750
713
738
750
747
750
782
735
749
750
723
740
699
749
719
733
731
733
716
743
716
753
745
737
729
745
728
718
700
690
724
727
752
744
733
719
727
739
707
713
728
742
753
711
701
706
718
718
712
691
727
713
745
733
720
714
724
712
725
713
706
699
691
712
700
697
708
699
703
706
677
715
681
682
709
715
709
727
698
712
690
705
686
708
686
685
703
675
690
701
696
684
682
684
680
685
676
687
666
674
674
681
669
663
668
676
659
657
656
651
667
654
647
671
664
648
682
665
668
654
655
650
677
668
668
658
674
646
641
642
672
654
664
643
641
649
664
669
645
631
646
631
634
650
641
644
652
646
642
632
645
657
644
629
635
636
634
637
634
636
632
628
640
627
642
647
629
640
630
638
650
641
631
635
614
630
623
622
626
654
640
643
620
639
639
641
621
634
623
628
620
632
629
628
631
632
625
625
625
617
616
627
627
615
624
615
629
622
630
624
628
614
610
625
618
621
615
618
612
611
619
619
623
633
632
623
616
621
617
628
617
612
603
629
608
615
622
607
610
625
614
613
608
601
619
617
612
629
606
614
613
612
611
603
606
621
614
617
609
613
610
603
620
607
613
610
610
618
607
615
607
611
610
619
611
610
605
613
601
613
605
608
597
612
613
608
610
612
605
606
609
610
604
600
611
597
609
602
607
609
601
615
604
614
606
613
612
619
609
597
607
599
597
601
599
605
601
604
599
591
606
604
613
604
603
598
603
608
600
606
601
600
601
607
601
608
609
603
595
595
605
614
599
605
604
609
604
606
601
612
608
610
620
602
607
606
605
609
606
592
598
611
608
609
600
608
609
611
605
606
602
600
608
599
608
605
600
614
604
604
597
609
604
608
607
608
601
602
607
610
603
598
604
604
609
606
599
608
610
601
600
605
599
600
604
610
606
608
605
604
602
597
609
606
600
598
604
606
604
601
605
604
607
602
606
604
600
603
603
601
593
601
605
591
609
606
605
613
604
597
604
604
603
614
603
598
598
601
598
604
607
604
609
597
608
602
601
599
608
607
602
599
598
608
600
607
602
594
602
593
597
606
603
602
602
609
603
599
601
604
603
595
599
608
600
613
597
613
595
606
599
606
599
597
597
595
602
603
596
603
609
600
603
599
599
605
595
596
605
601
605
599
599
596
601
599
602
597
594
602
597
604
605
603
600
602
594
591
603
597
603
599
594
609
604
598
595
592
594
593
598
599
602
602
598
602
600
601
604
606
602
615
598
601
599
605
605
601
604
619
599
605
613
604
602
603
608
603
608
607
602
598
604
602
599
605
603
603
606
600
607
607
597
597
603
602
591
605
600
591
599
600
605
605
612
604
598
604
610
606
591
603
603
589
602
602
596
608
602
606
602
602
601
607
587
609
596
598
602
605
598
600
602
596
599
604
598
600
597
604
609
602
599
606
601
604
603
597
605
595
599
599
599
603
608
600
598
596
607
596
602
600
603
603
596
601
607
602
601
593
601
596
603
608
596
595
593
599
595
602
599
598
603
598
600
597
598
603
603
604
608
