606
609
611
603
602
609
598
603
606
591
600
601
605
603
594
593
605
603
605
604
604
598
603
604
607
602
602
610
594
613
594
607
604
599
602
597
605
600
604
602
601
606
603
602
605
607
594
603
612
602
603
598
592
601
606
603
602
605
603
607
595
605
615
605
599
605
608
602
607
604
599
606
602
605
598
602
595
598
603
601
593
600
600
608
603
606
603
600
597
594
596
609
597
606
600
603
602
593
602
602
602
600
606
605
607
606
603
601
604
595
602
603
593
599
598
597
604
607
604
599
599
599
602
599
598
598
591
594
600
599
600
605
605
590
605
597
602
600
600
605
604
601
602
601
599
599
602
606
602
604
610
599
603
601
601
601
597
607
601
594
592
599
602
605
600
598
605
604
606
601
606
601
595
593
599
604
601
598
596
598
592
598
598
598
605
594
600
599
599
594
602
602
604
598
607
603
602
596
609
601
602
604
599
608
601
598
599
602
589
608
604
603
607
605
603
609
602
590
604
595
604
591
587
607
598
600
609
593
603
609
605
599
608
595
603
598
601
606
606
600
600
606
594
598
602
597
604
598
602
598
603
599
599
599
598
601
585
604
603
597
606
598
601
602
605
602
597
598
604
596
601
607
599
606
600
592
595
598
604
602
598
594
595
601
603
606
605
602
602
610
594
605
599
600
602
606
602
599
595
607
603
607
599
598
600
596
599
606
602
596
596
596
598
588
602
598
602
588
600
607
600
601
610
600
597
604
603
608
603
604
595
611
599
602
606
604
602
605
601
597
605
601
607
604
604
604
604
596
600
603
604
597
602
605
596
597
604
598
608
604
598
594
603
597
607
604
602
604
605
592
614
606
603
608
602
601
598
600
596
597
598
601
599
600
605
601
604
605
612
594
607
595
597
597
592
602
604
608
597
603
605
593
604
590
608
599
598
595
610
604
604
597
603
597
599
603
601
594
602
596
604
606
601
595
601
600
599
600
602
603
597
602
592
597
605
602
601
597
595
603
597
595
601
607
597
602
595
602
599
601
601
593
600
598
597
598
598
594
607
599
594
605
601
607
596
605
602
607
599
597
604
603
610
606
600
604
598
594
607
596
596
596
597
598
600
595
603
601
597
603
609
606
601
599
607
607
608
609
594
601
605
614
604
601
601
596
611
597
603
602
602
602
605
602
602
605
605
605
597
593
604
603
599
599
610
600
603
604
601
608
600
599
597
595
608
600
591
591
608
603
603
598
596
595
601
604
604
606
606
599
601
595
599
594
599
601
602
600
596
600
594
607
620
604
606
601
599
608
603
603
604
613
603
596
601
605
596
594
601
602
601
604
601
602
602
603
595
603
594
598
591
604
598
606
598
593
589
591
602
602
601
598
608
599
611
594
608
598
595
606
599
606
604
603
606
598
591
599
587
603
594
597
603
611
596
605
600
596
596
608
595
601
602
611
608
602
593
612
597
601
595
604
602
602
604
596
604
602
599
603
594
597
599
599
605
594
602
603
601
607
607
599
601
599
599
595
604
604
604
604
601
596
597
599
597
603
603
591
602
599
600
594
606
594
608
602
599
602
600
597
602
608
597
599
601
596
604
604
599
595
594
596
598
597
606
595
604
606
591
600
598
597
595
601
591
603
603
603
594
597
601
591
612
594
589
599
603
602
599
602
591
606
602
594
603
599
594
599
608
598
605
598
603
598
607
602
601
603
606
600
602
605
600
604
604
599
606
599
602
615
604
605
599
609
599
598
597
605
601
604
606
608
589
598
595
604
603
600
604
598
599
608
603
604
601
596
600
599
601
607
602
602
599
606
594
601
603
603
598
604
599
603
597
606
604
599
598
604
605
598
604
598
604
598
589
599
602
597
607
597
600
600
602
596
604
595
598
599
594
601
591
587
598
600
596
599
601
607
602
604
600
611
602
604
609
603
609
605
604
598
599
608
605
594
602
603
602
593
602
596
602
599
598
600
604
598
603
603
598
604
608
598
604
603
600
610
601
598
599
603
599
606
603
597
599
593
610
598
603
603
597
602
598
596
602
600
602
599
598
599
607
604
602
601
600
602
605
601
597
604
602
604
605
601
599
605
604
597
596
599
596
602
600
599
598
602
599
599
603
601
603
600
610
599
599
591
607
605
596
608
603
599
607
605
601
598
599
611
595
601
604
599
599
605
604
597
597
596
594
606
598
602
602
598
605
593
604
600
608
610
593
608
600
600
602
603
605
603
592
606
600
602
598
598
595
595
597
603
603
603
600
593
591
596
597
603
600
607
602
600
597
605
601
607
606
601
603
599
601
601
602
605
598
604
595
602
601
589
604
605
600
602
603
607
592
606
608
606
609
610
606
600
603
600
598
596
595
598
602
608
600
599
602
605
600
605
599
607
601
593
596
602
606
599
604
597
595
594
603
598
601
600
601
600
605
600
598
607
606
602
599
597
607
611
605
598
605
604
600
605
602
601
597
598
610
605
603
603
605
601
607
605
604
600
602
610
599
604
600
595
595
599
603
599
595
596
590
594
600
591
596
603
603
600
595
599
603
595
599
608
592
612
604
606
598
600
606
603
609
597
602
601
605
605
599
605
605
600
608
602
600
601
598
597
606
598
599
602
599
611
595
588
611
600
601
601
606
595
604
611
602
599
591
604
596
605
597
594
596
601
598
601
610
603
600
607
599
608
603
603
595
607
605
610
593
600
607
609
604
601
595
598
602
593
591
602
597
600
602
601
614
604
604
601
610
596
603
607
599
611
599
602
597
602
598
602
594
605
605
602
601
605
594
598
609
596
599
600
610
607
602
606
602
594
602
599
598
609
603
604
606
598
605
599
602
595
605
601
598
599
599
606
609
595
600
595
602
596
602
597
598
598
602
592
601
591
597
599
606
602
603
589
598
605
605
598
594
606
605
598
598
597
598
609
600
602
605
591
607
594
586
599
599
600
597
602
602
601
600
601
607
603
602
604
600
601
601
599
600
605
597
599
605
601
606
605
600
602
599
604
604
599
612
600
601
600
603
606
598
596
603
602
601
601
605
602
602
595
604
599
