602
603
600
604
602
607
605
596
600
596
601
595
594
603
599
607
599
597
598
599
599
605
600
590
601
603
603
604
606
599
603
601
611
607
608
602
598
603
600
602
603
596
604
604
601
609
603
595
595
603
601
596
601
596
599
598
607
603
593
597
595
599
603
590
598
595
597
601
598
587
598
602
601
604
587
605
598
597
592
602
600
599
598
595
598
592
603
609
599
600
604
604
588
606
599
601
600
602
606
601
608
602
593
595
604
604
597
602
608
593
604
595
607
601
602
606
598
599
599
607
596
607
605
599
597
608
598
603
598
603
605
607
602
606
594
604
597
600
606
609
591
601
597
597
599
591
601
589
593
604
605
604
598
596
602
599
601
601
598
601
600
601
602
600
605
601
590
604
601
596
605
603
601
599
602
594
591
595
602
600
603
600
601
598
604
604
596
601
603
599
603
599
607
594
606
598
603
591
598
601
604
592
602
595
607
600
603
596
601
598
603
602
592
605
602
607
603
600
602
603
602
612
603
601
597
603
614
605
602
602
592
595
595
593
601
604
597
602
595
596
598
601
604
596
602
594
600
599
598
606
611
596
598
602
593
596
586
596
603
605
612
605
603
601
604
598
606
595
602
605
601
598
603
599
599
598
599
606
599
604
597
597
598
602
599
599
605
601
602
600
605
595
604
594
595
608
607
600
602
589
601
603
600
599
601
598
601
606
604
594
594
604
597
606
596
601
597
602
600
600
607
602
599
605
590
596
595
601
598
595
602
603
600
599
601
601
602
605
594
602
597
601
599
604
603
603
607
603
596
598
595
594
599
602
603
599
603
608
595
605
601
599
603
607
598
608
603
603
602
605
596
601
599
602
600
607
605
595
600
600
607
607
598
606
604
601
606
603
597
606
593
601
595
599
603
600
607
598
603
592
603
603
593
589
593
601
605
605
601
597
597
596
604
598
593
595
597
599
594
603
609
607
600
598
600
600
595
600
603
605
599
605
591
599
593
601
598
594
595
609
597
602
607
607
600
609
607
606
606
601
600
603
600
601
600
593
601
596
604
603
596
598
608
598
599
600
596
604
589
597
594
599
592
607
604
608
602
603
599
600
598
589
603
599
593
598
596
604
598
594
593
597
591
605
608
601
605
607
602
602
597
595
601
602
600
600
601
599
608
600
600
601
597
604
600
594
601
593
600
600
597
596
601
590
596
596
601
601
595
595
607
600
601
599
597
602
597
592
599
607
603
599
606
593
599
605
597
599
601
600
595
591
587
598
601
594
594
597
602
605
599
596
601
607
603
605
596
596
604
594
596
599
596
604
607
595
603
599
605
610
600
613
601
595
606
595
598
607
598
601
601
599
596
603
598
598
602
601
599
604
597
593
611
602
590
606
607
606
604
603
607
604
596
599
602
603
593
602
597
598
604
610
599
603
595
597
596
599
608
600
599
600
606
606
602
597
602
601
602
597
602
596
596
602
595
597
598
591
596
599
604
601
597
606
600
598
593
602
601
602
602
600
598
598
607
598
601
591
597
602
607
602
601
605
603
613
593
603
606
606
607
606
591
607
594
597
601
608
597
602
599
603
603
605
594
603
601
594
598
611
597
603
603
604
606
594
599
603
594
593
600
602
599
606
600
607
600
599
600
598
616
607
602
608
607
596
605
600
602
591
607
601
601
594
601
587
595
604
605
602
601
605
602
604
601
599
601
605
589
606
597
596
612
604
600
603
604
598
604
605
596
606
598
604
599
603
606
593
600
598
602
596
603
596
596
603
587
596
603
595
600
601
596
610
600
600
606
602
594
601
603
600
603
595
607
609
603
601
595
596
608
600
597
601
596
601
593
597
596
599
601
597
603
603
598
595
603
600
600
599
596
596
599
596
601
592
586
593
601
597
588
598
596
597
599
597
597
602
596
607
615
601
599
589
597
604
603
604
600
592
590
600
600
600
597
601
592
605
594
597
596
600
607
594
587
608
599
603
600
600
599
598
603
595
601
608
606
608
601
600
597
594
600
598
596
606
593
600
598
603
600
597
604
599
595
605
595
608
603
601
600
602
607
599
607
608
600
601
590
596
597
604
604
595
607
594
596
604
603
599
600
605
599
602
603
610
597
601
596
601
597
606
606
607
601
598
602
600
595
599
593
604
596
598
596
601
596
603
605
602
596
601
599
606
610
601
600
600
611
598
608
601
599
604
613
602
601
612
602
599
604
601
602
603
602
601
600
598
598
597
594
602
603
595
611
605
598
597
594
602
598
594
595
597
603
601
598
604
599
597
598
603
606
602
602
606
602
596
600
599
590
595
604
605
590
607
601
602
594
599
605
601
598
603
593
598
603
595
599
598
601
600
599
601
601
602
606
606
601
600
598
600
602
604
601
603
603
603
595
598
609
602
603
591
600
603
604
598
597
598
601
594
601
603
603
600
600
605
595
593
605
598
595
606
594
598
596
597
598
605
601
602
602
603
609
598
597
588
602
604
596
601
597
605
602
599
596
595
601
603
608
595
600
605
602
602
595
601
600
598
603
591
600
602
598
595
602
602
598
602
602
599
595
590
599
598
601
605
598
608
597
599
594
592
596
607
605
603
597
604
608
597
591
601
608
597
600
606
601
607
601
600
608
603
594
599
595
596
606
596
599
603
607
603
596
598
608
598
598
599
598
599
599
597
599
599
604
600
592
601
604
604
600
602
593
601
603
601
600
605
594
592
599
592
606
597
603
608
599
596
602
601
597
597
602
601
597
601
601
596
604
606
595
599
602
604
593
602
600
601
605
595
596
601
594
599
601
597
606
597
605
600
594
599
601
597
599
593
596
599
603
614
602
605
598
602
602
611
607
594
605
608
602
600
603
607
596
599
602
599
602
605
610
606
599
596
599
605
609
597
601
598
604
595
605
601
594
602
603
602
602
607
603
597
601
608
597
602
597
594
598
587
593
596
601
596
596
596
601
607
607
606
601
604
598
600
600
596
603
597
601
599
594
596
600
595
597
603
596
604
597
602
607
605
598
608
597
602
603
596
596
595
596
597
594
596
610
600
598
601
