599
602
604
606
608
607
595
610
602
593
606
603
603
601
598
600
598
598
604
596
599
596
607
596
604
601
605
596
602
605
610
609
608
600
608
603
599
594
596
601
608
603
602
607
598
608
605
603
613
605
608
609
604
601
607
598
603
599
598
591
605
603
597
603
602
598
603
603
604
600
601
598
595
601
604
596
607
602
600
605
595
603
593
599
601
600
601
601
606
599
606
600
600
606
601
600
608
598
598
601
602
601
605
598
607
601
608
600
595
597
592
605
607
594
598
598
596
603
609
593
594
597
602
596
597
600
596
601
599
597
597
607
599
600
597
606
608
602
589
605
605
601
602
604
602
601
601
595
596
601
603
603
601
605
596
601
603
603
605
598
601
603
601
599
604
599
597
603
599
603
599
596
606
605
598
606
609
597
601
601
594
605
597
603
595
602
602
608
596
597
598
607
599
606
602
602
602
605
596
598
597
597
606
611
607
591
601
610
611
600
604
603
605
604
605
599
602
590
609
602
601
601
604
592
599
600
599
599
607
606
602
611
604
596
601
605
601
600
602
600
599
605
607
604
599
605
599
604
605
615
596
602
603
606
604
598
599
604
611
602
595
603
597
600
596
604
598
595
596
603
600
599
595
602
610
598
604
601
602
600
592
596
599
605
598
600
607
601
601
602
598
602
605
598
602
596
597
595
602
602
597
593
605
601
598
601
596
597
600
603
602
598
603
604
602
604
594
598
606
606
593
598
605
599
597
597
600
595
601
600
599
597
602
599
597
607
598
606
604
602
611
597
602
602
604
607
604
597
603
597
599
607
596
597
595
608
599
597
597
595
595
605
602
610
597
592
599
599
602
600
599
603
600
599
600
601
604
600
593
597
601
601
598
600
601
591
608
592
596
599
604
602
600
601
596
599
595
607
593
592
598
597
593
606
599
595
599
591
602
602
598
594
605
598
602
602
606
595
595
596
591
598
603
596
596
600
600
601
601
592
604
600
606
604
615
600
605
607
601
605
601
605
594
602
601
600
594
602
593
595
606
597
593
598
596
601
595
597
600
601
602
601
600
600
595
596
601
599
601
605
591
605
597
601
604
606
591
602
596
595
602
596
601
598
596
600
596
601
598
602
591
610
605
587
601
599
604
601
600
596
604
604
601
598
602
600
604
600
595
603
603
594
597
607
606
597
600
602
601
605
600
602
606
602
605
605
598
596
595
600
598
601
604
601
607
602
606
605
599
599
599
601
603
596
606
602
602
604
600
608
601
603
598
600
598
600
598
596
604
607
598
608
601
599
604
600
593
596
592
600
600
601
598
598
595
609
599
595
599
604
600
599
602
598
600
597
599
599
597
600
610
597
608
598
605
602
608
601
599
595
598
598
605
604
596
600
593
599
602
597
596
602
598
607
603
605
602
596
600
599
591
601
603
598
598
596
604
594
598
603
602
605
600
603
608
601
598
593
598
604
596
602
597
600
598
599
607
597
598
601
597
603
601
601
592
605
595
603
608
596
602
602
603
604
595
598
599
603
598
611
601
599
606
599
605
598
602
593
605
599
597
596
601
603
602
593
602
594
602
607
605
598
597
603
605
605
601
597
605
607
602
599
606
603
601
598
603
603
602
607
604
608
602
604
596
602
603
602
600
607
602
598
597
607
600
604
610
598
611
607
598
607
607
601
604
602
599
605
598
606
601
598
596
599
602
603
598
600
605
604
605
606
597
603
602
593
595
606
599
597
598
592
598
595
597
597
592
604
598
602
606
602
597
592
610
609
599
601
596
600
606
605
596
602
601
603
601
604
602
607
598
608
606
610
599
602
594
597
594
601
605
593
607
605
599
608
600
599
602
597
595
597
595
599
606
603
602
593
605
589
600
593
606
599
602
595
607
597
597
596
601
598
601
601
608
611
602
593
605
602
605
596
601
599
600
599
603
610
598
606
607
598
598
603
598
599
600
603
600
593
606
601
601
600
605
603
596
605
601
598
606
604
604
601
599
601
604
605
600
607
606
606
601
608
594
593
605
603
600
603
601
600
596
599
597
597
602
610
599
603
588
590
601
601
596
597
595
597
604
591
606
604
596
612
596
595
609
597
590
604
604
596
597
595
612
602
595
604
593
607
599
599
602
610
601
605
600
595
604
605
605
597
601
599
597
600
601
601
600
595
598
595
603
597
594
607
587
596
590
596
597
597
597
610
608
589
593
598
597
598
601
606
598
600
604
596
604
595
599
598
602
600
604
597
606
594
588
604
602
595
609
606
602
606
602
597
601
601
606
605
598
596
598
603
606
606
603
599
605
604
607
603
604
593
601
598
597
600
603
603
594
605
600
599
607
604
604
596
604
599
603
600
600
604
601
603
601
597
600
602
603
604
602
599
599
598
600
600
604
605
604
598
599
593
597
596
601
603
601
602
594
600
600
604
603
602
597
599
601
602
606
607
602
593
600
597
597
600
594
603
599
597
602
605
594
601
597
595
605
602
603
601
608
602
603
593
595
593
592
601
600
601
600
610
607
610
606
600
598
596
592
596
599
600
603
604
600
600
607
598
600
603
598
599
605
605
606
605
604
595
595
594
602
593
597
601
593
602
597
603
595
596
603
605
592
600
605
596
598
607
602
610
592
601
602
604
595
601
594
605
602
604
602
604
603
601
599
604
607
598
603
601
600
596
600
600
605
603
606
606
612
603
602
597
598
600
605
587
597
595
600
593
601
596
602
602
604
596
600
594
594
588
604
594
600
609
601
603
606
603
604
605
600
606
600
595
601
599
596
611
603
605
597
601
595
600
594
596
603
597
600
594
601
598
603
596
601
601
602
604
600
602
603
599
595
601
598
606
599
606
605
602
600
590
594
603
603
601
599
605
599
602
609
593
596
599
606
596
594
603
604
606
600
608
598
606
603
599
609
609
594
601
596
588
599
595
604
610
592
601
603
599
601
606
600
601
604
597
608
600
604
601
591
600
600
602
596
601
592
595
604
607
602
609
594
603
598
603
588
604
602
604
605
600
608
597
599
600
600
597
601
594
603
597
604
597
602
599
602
603
