599
605
609
605
609
597
604
610
596
599
598
597
605
604
593
602
597
606
607
603
597
611
598
597
601
602
611
601
597
600
601
594
594
604
596
602
595
593
599
599
596
600
601
596
606
604
607
607
596
598
603
602
605
604
603
605
603
607
603
602
601
602
598
603
602
603
603
600
608
600
598
600
595
599
596
601
597
606
596
598
603
594
598
595
601
603
610
594
607
602
601
598
610
597
589
598
597
599
596
596
608
604
602
592
597
598
602
598
603
602
600
603
606
607
602
596
602
590
603
592
596
601
599
605
591
597
603
592
607
600
598
598
601
597
604
595
597
602
603
606
598
597
605
606
596
600
602
599
604
596
598
593
600
597
593
598
605
592
602
610
601
606
604
596
601
611
596
593
601
604
599
601
599
600
600
595
599
603
594
604
607
599
602
596
598
601
602
597
601
597
599
603
604
594
606
603
604
603
596
606
592
603
600
607
602
616
598
599
601
604
597
594
602
599
597
608
606
590
598
605
596
602
597
604
607
605
602
602
602
601
604
605
603
600
597
607
600
599
602
600
601
598
598
600
599
597
593
603
594
592
596
601
606
602
598
604
607
603
602
591
604
613
604
601
598
601
605
601
597
614
599
601
605
604
605
607
604
600
606
600
593
597
590
598
603
598
602
600
603
591
596
593
594
595
599
601
599
603
598
599
602
603
594
605
597
600
602
599
602
605
606
601
599
601
605
595
603
599
602
597
592
595
590
603
597
596
612
602
598
604
595
603
601
597
604
609
598
603
610
597
602
601
596
599
597
591
592
597
602
599
601
603
608
601
601
599
603
594
604
607
599
593
603
599
593
598
596
592
596
596
595
602
599
610
610
596
610
607
602
603
602
598
598
598
596
601
595
599
603
590
590
605
605
603
595
601
601
597
592
607
606
599
599
598
590
605
596
601
600
597
606
594
597
602
596
608
599
597
611
604
608
606
607
596
600
603
602
596
596
603
599
595
598
605
591
589
609
603
593
605
603
604
594
594
600
604
607
602
606
603
603
608
594
604
601
601
602
602
600
596
599
596
599
598
597
599
599
598
604
592
593
602
599
600
608
602
604
599
597
605
604
598
598
598
605
608
595
601
593
607
597
601
608
605
599
592
595
601
603
602
596
605
596
606
603
604
599
603
605
602
602
601
601
605
599
596
594
594
607
601
605
601
599
601
595
595
603
595
596
599
597
604
605
599
604
608
603
592
602
602
601
594
613
604
601
602
604
596
611
603
597
603
606
597
605
605
589
607
606
599
597
601
597
600
598
592
600
604
595
606
599
592
602
602
600
598
598
596
608
599
604
599
592
595
605
608
601
601
598
606
598
601
604
596
607
595
598
596
606
590
610
603
597
600
596
602
596
604
599
599
594
592
598
601
599
595
595
596
607
607
601
597
596
607
602
602
595
598
597
592
601
606
598
592
606
600
590
600
598
599
607
599
597
594
598
599
607
603
606
606
596
606
601
602
592
596
598
598
597
599
595
600
605
595
596
603
600
595
598
600
600
603
604
608
602
602
604
597
602
599
598
594
593
602
601
596
595
599
591
596
604
604
600
596
606
599
600
604
597
604
594
600
602
598
598
604
607
604
591
593
600
604
595
595
616
595
592
600
599
594
597
599
594
601
605
598
595
599
608
603
599
597
596
601
600
599
596
596
607
597
598
605
601
599
602
603
606
603
593
603
602
598
597
598
594
602
594
607
605
596
608
605
598
607
607
595
599
597
600
600
601
603
607
594
600
600
597
602
607
598
598
598
599
604
605
601
609
603
603
602
600
604
598
597
596
605
599
605
606
597
604
603
595
601
593
598
597
598
601
613
597
595
601
601
592
601
601
596
608
598
603
599
599
602
594
604
594
601
602
596
602
599
607
600
599
608
597
593
607
597
601
609
593
609
603
598
607
599
604
598
594
604
602
602
604
605
596
600
600
600
602
602
591
591
606
603
602
605
604
603
598
604
597
593
611
600
596
605
596
602
596
595
596
592
599
591
602
605
596
597
602
601
599
601
609
599
594
608
595
599
596
600
600
594
601
603
595
596
594
596
598
602
605
603
605
602
598
598
600
600
602
602
602
596
594
601
598
596
603
597
600
602
593
594
605
596
609
603
594
598
601
610
596
603
598
604
594
594
607
601
599
601
589
598
605
599
594
594
593
597
601
606
598
598
597
599
596
605
593
597
598
598
600
597
602
598
595
603
601
607
600
604
606
599
608
603
598
608
599
590
600
600
597
609
603
596
600
602
600
599
588
597
598
601
597
604
601
595
604
599
595
601
597
599
594
596
593
601
604
594
598
603
601
610
603
598
610
605
603
604
595
604
596
595
601
598
593
601
606
605
606
610
599
607
597
603
603
598
598
595
614
606
607
603
596
601
601
594
594
602
605
601
600
600
607
598
601
597
595
598
593
597
603
598
596
607
599
605
600
597
610
604
603
608
602
609
603
605
597
605
604
605
600
602
600
598
593
598
594
594
596
603
599
599
596
599
602
596
603
602
599
601
602
597
599
603
602
593
586
598
604
596
601
607
597
605
592
602
605
588
598
603
597
594
605
598
603
600
598
594
603
603
607
605
592
601
594
599
612
609
600
605
593
599
594
601
595
596
600
604
599
597
609
605
597
602
593
612
606
606
602
593
607
601
598
596
602
598
600
599
597
603
602
597
600
601
599
602
601
605
601
596
600
605
603
596
598
598
596
593
595
601
590
600
599
592
597
593
585
599
598
600
600
595
600
601
607
604
591
594
599
603
595
605
610
601
606
607
600
605
600
603
601
604
590
607
607
594
594
601
598
605
599
596
601
596
602
603
595
602
581
596
596
594
600
600
599
600
595
599
594
606
599
606
599
602
600
596
599
599
598
600
610
598
599
598
596
600
601
602
600
601
595
602
600
594
597
598
607
602
596
602
601
601
605
601
592
600
596
605
601
603
602
598
599
595
593
601
598
604
605
603
599
612
604
597
598
597
603
608
602
595
599
601
598
608
596
593
607
595
592
595
597
610
606
597
603
599
597
595
