603
595
606
606
610
602
605
598
600
601
607
609
603
603
592
602
607
604
601
596
598
602
610
599
599
598
598
606
605
608
603
598
601
603
596
602
606
600
605
601
605
604
595
599
594
593
598
604
599
605
595
603
591
600
598
604
599
601
601
602
594
601
588
597
599
596
600
597
600
599
604
598
605
594
606
601
597
598
602
591
605
607
591
596
603
603
609
600
603
601
596
599
609
599
594
602
602
606
590
599
596
600
589
601
592
599
601
598
603
606
606
601
612
605
590
596
601
601
592
605
599
602
596
598
602
600
600
599
601
597
600
601
597
601
602
600
594
607
596
598
601
598
600
598
596
600
598
603
602
592
596
593
600
598
594
607
605
607
603
606
591
604
609
600
597
595
595
604
600
602
605
596
599
599
604
604
609
601
605
596
605
598
597
592
601
594
603
602
599
603
596
605
603
609
595
600
600
603
600
600
598
595
601
599
601
598
599
605
598
599
597
606
610
588
603
606
597
597
601
602
593
599
603
590
598
600
603
595
602
598
596
594
599
598
600
606
599
593
605
601
598
598
588
598
605
601
600
600
595
602
606
595
604
607
602
596
602
601
601
591
596
598
594
607
602
597
605
587
595
608
599
605
595
599
598
597
610
598
598
600
609
603
603
604
597
601
601
589
613
597
598
599
600
597
595
604
598
605
595
595
596
597
610
607
596
608
600
596
607
598
594
595
595
609
602
597
593
599
597
601
604
602
600
602
598
592
599
595
599
596
600
602
607
600
594
603
593
606
598
603
601
601
605
598
601
602
603
599
596
593
597
606
598
603
596
601
597
596
593
593
598
605
601
600
597
598
600
601
602
597
601
604
603
599
607
592
600
604
597
597
599
603
593
605
595
599
598
597
603
602
602
595
606
610
600
601
610
602
597
599
597
607
593
601
594
601
599
601
598
596
602
602
601
604
608
596
601
589
600
605
601
600
605
601
596
600
599
602
593
600
598
605
589
601
604
597
607
602
601
593
603
602
592
596
601
600
603
596
597
602
600
599
596
596
603
599
595
603
602
598
600
602
598
602
600
596
605
602
599
604
602
600
605
592
601
599
592
601
596
597
600
596
590
609
594
601
594
587
593
597
600
604
597
605
603
596
598
606
592
595
601
600
593
596
600
604
598
601
602
606
599
598
603
612
595
595
611
602
601
603
594
593
612
603
597
610
595
598
602
599
595
595
597
590
602
598
593
597
600
601
602
598
601
592
612
601
598
609
604
595
601
599
595
593
597
602
598
596
600
600
595
592
602
601
609
601
608
603
598
607
594
598
597
601
598
600
599
596
600
604
596
597
596
601
603
603
602
604
605
602
599
605
602
601
602
600
604
592
602
597
595
603
592
600
599
602
605
597
593
600
605
598
604
599
594
601
600
604
597
600
604
607
596
606
601
602
601
603
598
594
597
602
596
594
597
600
594
594
594
595
597
600
602
603
597
604
599
601
592
598
590
602
600
604
605
607
599
598
597
604
598
596
601
599
599
592
602
599
604
602
600
599
601
598
596
602
594
599
595
594
601
592
600
602
593
597
603
597
595
601
601
600
595
603
604
597
593
596
598
600
596
601
604
602
606
599
596
600
610
602
603
604
600
610
604
601
605
598
595
602
605
600
600
588
598
600
600
597
596
594
599
601
590
600
603
602
598
594
602
605
599
599
594
602
599
594
594
595
600
595
600
596
602
601
601
605
602
590
606
602
591
600
606
606
597
606
600
609
603
598
598
603
596
600
595
604
605
600
610
604
595
600
602
598
613
597
597
600
599
597
598
593
597
602
599
600
595
601
604
603
604
603
597
596
594
596
605
603
600
605
606
600
607
597
595
607
601
602
598
597
601
601
595
605
599
602
602
600
604
600
602
595
601
604
594
595
606
610
598
606
610
601
605
608
598
601
597
605
600
603
597
604
604
597
596
598
600
596
601
602
593
600
603
608
607
596
603
604
600
593
607
605
602
598
600
596
604
606
601
593
602
600
598
603
594
603
607
598
604
613
597
596
598
596
607
601
599
601
594
600
595
600
600
600
592
614
598
598
601
605
597
601
593
602
609
605
600
600
600
598
599
605
593
606
597
603
601
603
609
601
605
604
598
596
595
600
596
604
599
597
593
605
606
598
590
596
596
606
604
600
594
602
601
608
607
598
603
603
593
608
597
609
598
602
597
598
600
601
598
595
591
595
603
599
600
602
597
591
605
599
596
602
598
593
602
598
596
595
601
600
600
599
612
598
599
605
593
590
598
598
605
595
593
609
596
600
604
605
588
607
602
598
595
596
602
596
596
603
586
594
590
600
591
597
596
594
602
592
602
602
602
604
604
595
604
599
598
598
590
603
602
592
598
601
596
603
597
602
602
595
598
611
598
611
598
597
602
606
600
597
597
598
598
602
607
599
597
601
601
599
599
600
604
603
607
600
597
604
600
600
607
600
605
596
606
602
603
603
598
603
603
600
601
600
598
604
604
603
604
605
600
601
604
597
599
598
594
604
598
605
587
593
602
599
600
599
593
605
601
597
604
600
591
593
598
597
600
608
601
595
595
590
596
601
603
600
602
605
604
601
608
595
598
590
605
597
597
603
599
602
607
601
611
598
602
598
597
607
605
599
605
603
604
603
601
604
598
599
595
596
604
598
603
598
601
601
599
602
594
603
605
601
592
602
590
595
596
597
600
595
595
599
603
603
597
604
595
599
601
601
600
607
598
601
601
601
596
596
598
600
598
599
599
601
600
605
595
601
595
599
598
597
596
599
596
601
602
603
605
601
593
608
595
596
603
599
598
601
592
612
591
588
603
598
600
600
601
587
603
593
606
611
588
600
595
597
602
591
594
597
601
605
610
601
599
601
599
599
602
594
602
595
596
600
606
589
602
595
592
613
599
596
597
604
601
602
599
608
605
597
602
598
601
600
594
595
600
592
600
598
600
594
600
598
603
602
596
600
600
603
601
588
592
594
603
596
612
596
599
598
595
602
593
598
607
596
601
610
604
602
599
592
596
595
599
598
597
600
597
599
