606
603
597
614
613
597
598
602
607
594
606
603
607
611
601
608
600
603
605
605
601
591
594
608
602
607
602
605
599
608
602
604
605
601
603
604
609
601
595
605
605
604
604
603
609
595
609
599
597
602
604
598
606
595
603
605
599
591
598
600
600
591
603
604
604
591
599
604
593
597
603
600
599
599
599
597
602
590
611
598
593
600
599
594
602
601
592
599
589
604
602
608
600
602
604
598
593
598
606
599
601
602
605
596
593
593
600
597
603
588
607
594
603
596
594
602
601
597
600
602
602
599
600
594
601
597
600
593
603
598
605
602
606
600
599
604
597
598
596
597
599
596
607
601
596
598
607
588
611
600
603
601
603
602
605
596
602
603
603
602
599
594
600
600
604
611
601
602
600
595
600
608
601
601
601
598
597
603
589
603
597
598
602
595
600
596
598
600
602
598
608
593
600
596
597
595
600
597
596
608
597
601
598
598
597
606
589
596
604
604
603
589
604
601
597
606
598
605
597
604
612
597
598
600
600
595
596
605
593
602
597
603
595
597
607
608
605
600
604
601
602
605
596
605
599
603
604
605
598
598
595
605
598
604
601
600
601
599
596
598
599
594
609
592
601
600
603
601
606
602
602
600
596
601
601
602
595
596
595
599
596
597
603
592
599
598
593
600
601
599
604
594
597
600
605
600
600
604
599
606
605
592
599
600
594
601
603
600
594
606
595
595
593
597
591
604
595
599
599
596
602
596
599
598
597
596
601
602
599
598
600
601
597
593
602
590
602
601
602
604
593
606
605
596
593
599
592
600
603
603
594
601
602
600
593
595
608
602
601
597
603
603
605
601
603
600
599
587
597
600
593
591
598
604
600
596
602
600
598
605
600
597
608
604
599
604
598
595
595
592
586
608
593
602
601
601
597
606
601
600
600
594
603
598
596
600
598
591
594
602
600
605
594
603
601
600
601
591
597
598
604
596
606
592
595
598
606
601
591
596
600
591
600
596
594
599
592
601
600
596
598
601
603
601
606
595
596
598
596
600
607
597
605
596
593
599
602
607
603
599
601
598
602
602
600
600
599
596
599
598
599
589
597
590
598
597
588
592
604
601
593
589
598
606
599
594
607
601
599
607
593
595
597
603
600
610
601
614
599
599
599
602
597
606
594
595
594
603
601
598
601
600
596
605
603
604
606
599
600
599
595
598
600
597
587
605
593
599
602
594
597
603
600
598
595
598
605
601
601
602
597
595
602
596
597
601
598
606
593
601
592
602
600
605
597
596
604
597
597
605
589
601
602
601
602
598
596
600
601
600
601
611
603
603
598
603
604
594
595
602
596
598
597
598
601
598
596
600
598
607
601
598
600
601
599
598
599
608
600
594
601
601
607
607
604
597
604
601
597
598
603
600
603
605
600
594
598
607
607
597
597
598
609
603
601
600
597
592
599
600
605
604
599
600
594
600
596
600
592
600
600
594
591
596
609
603
598
588
606
595
605
596
597
596
604
602
598
606
601
596
600
602
601
596
600
599
599
595
597
601
595
601
594
598
599
602
602
606
596
605
606
594
605
598
607
599
594
589
610
607
606
603
595
607
605
593
596
595
603
600
593
591
595
597
591
601
588
609
598
602
603
601
603
601
602
605
603
597
607
597
596
593
600
592
601
597
597
595
599
603
597
597
603
598
599
598
600
594
606
599
596
596
598
595
597
606
594
593
600
600
598
607
588
603
592
597
602
598
610
596
599
601
601
596
601
596
597
603
597
601
606
603
599
598
604
603
603
604
593
598
601
604
589
602
597
604
594
603
601
599
592
607
600
600
597
596
595
599
605
599
594
600
599
598
601
602
589
600
605
606
614
606
590
605
598
598
602
605
593
594
596
601
607
596
591
598
601
603
598
601
592
598
598
606
591
601
605
599
597
595
603
604
604
589
597
600
593
600
593
603
607
594
607
594
598
600
597
599
597
604
591
601
608
602
600
595
604
595
604
590
603
595
598
596
599
604
600
602
596
589
598
607
592
593
607
596
598
593
600
606
595
594
605
601
603
600
600
592
604
593
605
597
592
600
595
596
601
598
595
596
591
609
601
598
603
600
601
599
598
598
600
600
595
586
597
593
607
604
597
597
593
601
607
601
602
596
603
604
603
599
609
597
604
597
598
601
600
601
599
602
600
596
601
597
596
600
596
605
590
596
595
599
602
597
596
603
590
603
598
593
600
598
598
605
604
600
609
601
604
603
604
604
599
596
598
596
598
604
600
603
618
608
610
600
602
606
611
597
604
601
602
603
598
604
609
601
595
598
586
609
604
595
602
598
603
601
603
592
601
601
602
606
603
600
607
604
601
604
602
586
595
601
601
607
606
593
604
602
598
600
597
588
596
594
597
603
594
597
604
601
605
593
598
593
597
605
597
604
598
593
596
595
591
602
598
603
593
599
602
597
596
606
602
596
598
599
597
607
597
596
600
589
609
594
594
605
598
596
597
600
604
597
596
602
604
592
589
600
609
600
603
592
597
610
602
609
595
597
601
597
601
603
601
599
596
604
601
597
593
603
601
601
601
600
598
608
601
596
601
607
601
604
600
608
605
600
606
597
602
601
596
591
592
601
604
597
600
607
591
600
596
598
599
598
601
593
595
599
593
594
598
599
597
601
601
593
602
598
602
605
601
597
600
594
597
609
601
607
589
608
607
601
600
597
598
595
593
601
597
596
593
604
601
598
599
595
601
606
600
603
598
599
602
597
600
594
600
606
600
599
601
595
598
600
592
600
590
599
598
610
595
596
601
595
594
600
600
592
600
596
593
604
600
602
601
599
593
596
603
597
599
593
601
602
598
602
597
611
598
602
600
600
594
602
602
605
596
600
607
593
601
602
600
603
592
605
592
604
598
600
599
607
606
594
596
603
595
594
604
607
609
599
595
596
607
594
604
598
603
597
601
597
598
602
593
604
601
605
607
603
599
597
595
596
605
596
594
594
593
605
597
600
604
597
594
601
601
591
605
600
604
600
599
606
595
597
607
597
602
604
602
595
602
599
600
602
595
604
589
605
