600
605
603
602
595
607
598
600
596
596
603
592
603
599
590
605
596
603
605
596
594
594
599
606
607
589
603
608
601
602
607
601
603
612
597
599
601
601
591
602
599
602
606
599
599
597
599
604
598
604
604
601
600
597
603
606
607
602
604
600
602
600
603
597
602
600
600
596
594
610
604
596
591
598
598
604
603
600
603
595
598
596
589
604
595
594
597
588
601
603
601
606
597
605
603
602
597
604
594
601
604
597
597
610
602
612
601
606
604
594
598
610
603
609
606
602
610
601
601
605
598
603
598
604
600
598
603
604
599
598
591
600
601
605
603
603
602
605
610
605
605
601
600
602
607
601
604
596
611
594
596
601
599
604
599
602
609
600
603
600
597
599
603
601
603
600
606
605
598
593
595
596
600
608
605
597
599
598
600
597
592
601
600
593
601
603
595
603
594
606
606
590
598
600
598
597
602
602
601
601
603
601
593
600
602
591
605
603
595
601
594
597
602
597
601
606
605
602
603
600
597
601
599
597
600
597
601
602
603
606
598
602
602
593
599
595
590
596
601
592
605
599
606
598
601
601
598
593
597
605
607
596
597
597
602
597
597
603
599
595
594
598
613
604
602
597
594
600
611
601
597
607
589
603
602
600
593
602
603
600
598
592
601
598
589
600
594
604
603
596
602
599
600
598
596
600
600
601
593
604
602
600
598
597
593
590
593
601
597
591
596
605
597
598
597
595
603
597
600
607
605
598
611
598
599
605
609
600
605
604
598
596
605
598
603
598
597
585
597
597
600
598
597
596
603
601
611
601
603
604
605
596
605
606
609
603
601
603
602
598
605
604
601
598
601
601
601
605
594
606
592
597
605
593
604
597
598
603
600
603
601
603
606
609
604
605
604
592
592
601
605
602
588
597
595
599
597
598
602
610
596
596
594
595
596
603
597
602
602
600
602
599
600
599
601
602
602
600
600
610
594
594
593
600
598
600
602
601
590
606
599
606
603
594
598
602
609
603
603
600
601
595
598
603
606
606
595
608
606
609
601
609
602
605
603
591
596
591
601
605
594
603
606
604
608
600
602
593
612
598
601
600
602
601
597
605
598
601
603
602
600
595
598
595
594
601
600
601
594
597
596
598
600
604
595
598
602
593
600
602
595
601
598
600
601
595
597
605
587
600
594
595
597
606
604
603
596
595
604
593
605
601
593
602
597
601
597
597
600
606
595
606
604
600
594
593
600
602
608
600
605
608
599
603
598
596
599
595
605
599
594
599
600
598
596
605
605
598
594
598
598
602
596
606
599
599
605
595
601
602
607
605
598
596
602
593
602
603
599
602
599
600
602
595
593
597
596
602
596
599
609
605
594
600
604
589
586
601
602
596
606
598
599
597
600
594
593
609
600
600
606
595
599
591
592
595
605
598
593
606
597
606
600
599
602
603
600
606
595
602
604
596
598
604
602
608
602
603
594
605
601
600
599
600
597
594
593
606
595
600
602
607
598
606
602
602
595
598
604
595
602
602
600
602
602
597
608
597
597
600
600
593
599
606
603
604
599
601
606
602
603
598
598
609
595
598
601
595
602
602
605
604
603
601
598
595
593
601
599
592
597
597
592
597
599
606
599
591
603
596
601
608
604
595
599
595
597
606
590
600
602
602
603
609
603
599
599
600
600
598
588
596
594
599
608
596
597
591
596
603
597
595
602
594
600
607
596
603
603
594
590
598
600
599
598
604
588
602
595
601
604
600
605
593
604
598
599
600
599
600
598
598
603
595
599
602
607
595
601
597
604
604
597
594
599
592
609
600
598
596
596
600
610
608
598
604
600
605
594
604
599
609
602
600
606
600
602
604
597
599
603
598
590
594
605
601
602
599
606
596
602
596
601
601
595
599
592
597
601
598
594
597
599
594
599
605
601
597
602
596
608
598
595
611
598
597
597
591
597
601
600
596
599
597
595
599
602
600
601
592
596
593
599
604
597
597
599
600
600
603
595
598
599
602
595
603
600
611
601
595
603
589
595
595
599
598
605
603
595
596
592
606
597
596
598
601
600
605
599
600
600
602
600
606
600
604
602
602
602
594
609
596
595
604
611
601
604
600
605
597
607
601
598
595
597
611
602
598
602
597
605
601
598
604
599
589
600
598
598
593
593
598
599
595
605
591
586
604
599
596
605
597
594
593
597
602
603
603
597
602
594
606
599
597
608
603
597
602
592
600
602
596
596
594
600
599
594
605
605
600
608
589
593
594
598
601
603
605
600
601
603
598
597
597
604
603
601
602
599
602
602
601
592
598
600
600
594
595
596
603
600
601
597
600
598
597
601
603
601
602
612
605
601
604
597
593
602
599
611
594
595
598
595
600
604
591
602
595
598
595
605
598
598
593
600
594
596
592
600
598
596
601
602
597
600
599
600
595
601
601
597
594
603
602
603
600
600
599
602
597
592
600
603
610
596
609
602
605
595
600
598
593
600
602
595
601
607
603
599
593
603
594
596
590
598
604
601
598
599
593
592
602
596
601
595
601
599
601
604
597
601
603
605
602
597
597
598
594
596
594
597
600
596
606
605
596
606
592
596
598
604
597
599
593
598
603
592
597
596
593
589
605
594
601
601
599
598
601
603
594
600
599
599
600
596
599
598
605
604
595
606
603
600
594
603
602
606
593
597
600
600
602
599
597
602
600
600
593
596
598
599
598
600
603
596
599
602
606
601
601
602
605
603
602
597
598
594
600
600
600
608
598
600
596
598
605
598
606
610
601
602
602
597
602
602
600
601
601
589
593
603
604
598
603
607
593
600
604
605
601
601
600
600
592
603
599
607
602
602
601
594
600
599
592
604
598
604
594
600
595
604
598
593
601
601
593
594
593
597
600
596
588
597
597
603
606
602
600
602
596
599
610
597
603
602
606
601
595
606
605
594
593
603
599
598
600
591
601
608
600
602
603
595
601
602
600
610
602
599
602
590
600
594
592
600
601
601
595
594
603
589
595
606
603
599
590
583
595
601
603
603
604
597
593
607
599
596
597
601
605
603
600
596
606
599
601
598
602
597
600
