609
604
605
602
611
604
605
602
607
597
605
599
602
606
606
597
607
602
606
608
602
609
597
598
606
598
600
604
603
600
602
604
600
601
605
601
601
600
603
604
593
604
611
602
597
596
594
603
603
593
605
592
600
595
596
603
598
602
598
601
609
601
596
607
597
598
601
594
596
596
591
600
601
599
600
596
605
603
603
598
599
607
605
600
601
598
601
595
602
599
594
599
605
601
597
605
594
599
602
592
607
595
590
598
603
599
603
605
606
601
601
602
604
599
599
609
599
606
595
605
598
597
596
595
599
599
595
607
602
601
605
597
601
600
601
605
597
595
602
606
605
597
601
609
607
606
600
602
601
599
597
592
607
602
598
605
601
601
605
598
597
597
595
591
595
597
598
598
595
597
601
601
603
602
600
599
602
591
609
605
599
603
598
606
602
603
600
594
602
607
598
609
597
607
597
603
599
604
602
601
603
604
609
606
602
601
601
617
600
598
600
601
598
599
597
604
602
599
601
594
603
594
602
605
595
598
596
600
597
606
600
603
602
600
601
593
598
590
601
603
605
605
611
600
600
602
604
592
603
600
604
600
609
597
610
597
598
610
602
602
606
598
602
605
605
597
612
595
594
595
595
609
601
605
602
599
608
595
598
604
601
601
603
600
593
604
609
598
607
601
596
609
607
603
602
600
602
602
600
601
599
607
602
601
603
601
599
606
595
600
610
605
609
611
602
607
602
600
605
595
615
615
607
607
601
605
612
612
606
604
602
613
615
621
623
613
606
612
613
611
624
602
612
620
615
624
609
621
619
632
621
635
607
614
621
612
634
625
635
624
633
625
634
630
639
631
631
636
651
633
645
648
647
639
661
663
648
658
648
661
668
664
672
680
678
688
696
719
702
684
719
748
707
692
733
722
745
748
716
740
773
773
785
784
791
785
811
782
861
824
855
837
889
921
859
920
943
938
976
966
933
997
1017
1029
1081
1038
1076
1113
1124
1173
1197
1197
1220
1231
1249
1343
1350
1400
1374
1477
1445
1474
1524
1479
1567
1603
1645
1738
1706
1686
1737
1895
1846
1861
1931
2000
1978
2107
2105
2113
2147
2223
2152
2207
2298
2361
2293
2372
2333
2333
2350
2518
2398
2404
2442
2448
2593
2522
2533
2458
2550
2543
2555
2605
2514
2539
2500
2528
2542
2577
2587
2517
2575
2480
2480
2470
2410
2418
2404
2403
2372
2355
2471
2306
2353
2305
2302
2299
2131
2163
2191
2195
2117
2061
2111
2012
2006
1937
2045
1972
1949
1964
1917
1873
1853
1766
1810
1750
1714
1726
1730
1645
1749
1637
1635
1574
1578
1517
1494
1495
1548
1444
1445
1432
1528
1415
1403
1346
1304
1457
1352
1349
1320
1287
1325
1307
1269
1267
1213
1216
1235
1193
1216
1192
1153
1218
1157
1173
1117
1112
1116
1126
1067
1104
1095
1085
1093
1003
1073
1059
1037
1057
1084
1015
1052
999
990
1005
1043
1007
985
1020
960
960
995
966
954
967
983
964
961
906
927
922
971
904
869
904
884
924
884
890
882
892
852
857
857
870
853
818
825
837
856
829
857
827
820
816
826
794
830
825
825
812
807
809
844
808
804
788
791
805
776
810
769
770
773
781
819
756
735
783
771
768
752
734
720
773
758
744
733
725
736
733
745
726
757
733
714
707
736
709
712
701
751
724
721
716
719
728
714
713
701
694
712
685
704
697
693
686
686
695
677
679
699
709
689
700
711
696
671
685
677
673
702
690
686
691
676
681
696
688
666
690
689
681
674
671
678
662
668
673
653
679
662
676
664
655
659
676
678
671
646
667
672
669
644
661
649
654
634
663
649
664
645
652
641
641
636
644
639
653
636
641
648
646
632
647
645
631
649
635
643
648
631
634
651
638
632
636
628
639
627
640
633
636
635
635
644
627
638
639
638
621
622
630
624
631
632
644
640
625
629
645
637
618
635
636
627
632
622
613
631
620
617
626
619
632
623
636
615
628
624
617
623
616
627
618
627
614
619
635
623
614
631
611
619
629
614
620
615
618
633
610
630
613
625
624
626
636
624
622
617
617
615
613
614
612
617
634
618
621
617
620
616
623
618
606
613
621
616
612
612
617
622
629
607
623
610
603
617
622
611
620
619
605
613
614
618
620
609
611
611
617
610
620
617
622
607
607
618
613
610
607
606
628
603
614
609
614
603
619
605
602
613
599
633
603
611
618
609
605
613
606
611
619
623
612
611
601
608
605
623
612
600
613
599
606
610
602
595
602
598
612
609
612
608
611
605
609
613
609
613
602
613
598
607
618
607
606
615
613
604
607
601
607
600
611
614
612
605
603
609
600
606
612
596
602
612
605
610
609
600
606
612
605
610
604
603
607
604
601
605
597
608
597
601
607
612
610
612
607
611
607
605
597
609
612
600
602
607
581
607
605
612
603
592
599
614
605
608
600
606
603
602
599
606
600
602
598
611
600
598
599
607
606
596
608
597
601
603
593
601
597
603
606
609
609
606
611
600
592
606
602
599
601
592
605
605
597
608
596
600
604
594
604
602
601
598
602
607
608
600
605
597
603
603
603
607
604
612
602
604
605
601
608
602
606
596
603
605
615
600
603
608
603
601
609
602
606
606
598
602
603
600
592
599
596
598
600
594
604
601
605
601
605
610
593
594
608
596
600
593
600
607
603
604
599
602
604
604
601
602
605
594
601
603
604
604
604
597
605
609
599
602
605
605
601
612
595
605
597
602
606
597
601
603
611
607
609
603
597
609
607
595
597
591
603
596
605
605
604
597
601
598
602
597
603
600
597
602
597
597
600
608
596
596
593
598
596
608
601
607
591
602
601
597
597
607
608
603
602
597
600
607
602
605
604
598
605
598
605
607
596
603
597
602
605
598
601
592
606
600
601
595
605
600
595
596
601
598
606
595
602
605
598
598
605
592
607
599
593
607
600
602
607
600
604
602
605
596
591
599
602
598
602
603
597
605
603
589
599
603
596
597
599
603
597
595
600
610
607
592
597
605
597
607
605
597
604
602
602
600
602
598
595
601
599
603
606
602
601
599
601
604
596
604
603
602
595
599
601
597
597
606
603
603
593
596
610
595
600
597
607
600
592
599
597
600
596
596
602
598
600
602
605
611
598
606
594
600
602
596
597
597
597
594
609
603
607
595
602
595
605
594
599
596
596
590
601
