606
597
603
606
608
606
601
597
603
601
601
606
602
602
608
596
606
604
597
604
596
606
603
595
606
609
608
605
608
599
602
603
607
608
608
613
598
613
591
599
599
604
600
590
604
609
606
602
605
595
604
602
602
602
601
597
602
604
602
592
599
608
605
601
613
602
602
613
605
603
597
596
599
604
594
603
608
594
599
606
604
605
609
606
601
597
608
605
602
607
599
602
599
607
602
616
601
603
604
599
601
601
603
603
605
593
611
600
599
602
598
603
604
597
603
603
600
596
601
601
602
608
606
609
597
601
595
604
601
605
599
602
601
609
597
604
603
595
602
602
604
599
597
606
601
607
595
587
605
601
602
608
595
598
604
603
596
601
604
603
602
601
609
602
609
596
595
600
602
600
603
598
604
603
601
599
605
600
603
602
610
597
605
600
606
603
605
606
603
597
589
606
596
605
598
604
598
596
594
603
605
599
605
602
611
598
598
599
599
596
608
608
609
599
601
602
612
604
609
603
596
602
602
607
603
603
605
606
596
608
593
604
605
602
604
613
599
597
605
590
605
605
607
598
599
594
611
606
610
603
597
600
596
597
601
597
607
608
607
604
605
603
599
614
598
603
601
611
603
605
594
613
596
604
605
606
595
610
607
612
600
599
598
601
599
611
598
600
594
595
607
603
607
608
603
612
617
605
615
601
600
617
606
610
604
610
611
605
608
607
616
602
601
600
597
602
608
606
606
603
610
611
609
607
612
609
603
615
615
616
625
621
621
611
606
623
615
637
631
618
618
622
624
626
618
607
624
636
633
640
634
626
628
632
627
630
644
636
639
651
624
628
646
634
644
636
647
645
646
661
655
663
662
685
662
695
673
673
671
670
694
688
670
693
675
699
735
718
739
726
720
719
740
761
740
743
760
772
778
820
804
796
809
811
830
831
865
858
870
898
905
931
925
929
952
993
1007
1008
1039
1024
1051
1103
1100
1066
1171
1180
1163
1228
1252
1317
1326
1318
1286
1353
1417
1521
1503
1534
1615
1661
1664
1647
1646
1728
1800
1824
1837
1866
1930
1928
2058
1962
2057
2132
2146
2227
2272
2351
2285
2243
2437
2431
2358
2475
2455
2515
2460
2541
2631
2509
2590
2653
2616
2601
2680
2726
2667
2709
2775
2698
2791
2727
2774
2676
2781
2725
2659
2636
2699
2731
2752
2680
2617
2580
2724
2600
2543
2660
2585
2586
2493
2499
2531
2543
2450
2496
2480
2367
2352
2310
2270
2266
2304
2243
2252
2223
2103
2151
2144
2133
2098
2025
2030
1965
1979
2016
1954
1904
1898
1891
1902
1795
1755
1716
1748
1716
1734
1653
1593
1690
1622
1540
1645
1593
1532
1610
1490
1509
1492
1433
1465
1407
1368
1411
1359
1375
1335
1375
1311
1254
1285
1307
1257
1241
1230
1284
1245
1253
1187
1221
1199
1223
1215
1168
1159
1150
1163
1103
1112
1122
1077
1129
1093
1108
1115
1110
1125
1080
1102
1063
1043
1024
1059
1020
1024
999
1001
999
1020
1001
974
992
972
1002
964
938
962
956
943
955
938
888
919
930
943
931
932
935
956
914
880
885
896
885
864
899
908
864
865
849
845
845
874
878
856
841
830
859
827
850
817
799
807
853
785
805
813
814
805
829
788
814
824
794
761
770
767
790
787
776
797
751
769
762
763
749
796
783
791
765
751
753
758
739
751
733
731
749
738
719
744
749
739
743
707
734
716
706
735
700
728
712
705
733
707
701
703
720
692
696
688
720
690
686
704
683
695
700
715
690
689
687
707
680
700
670
699
680
693
679
664
680
671
698
674
665
665
674
669
676
685
675
660
657
674
671
657
663
675
646
666
658
674
659
661
669
652
648
666
662
646
648
645
665
642
660
650
653
670
648
653
663
654
629
660
665
647
653
648
646
636
633
639
655
638
645
646
632
651
651
643
629
647
641
631
631
632
649
616
644
635
653
639
642
634
637
632
632
631
638
625
645
627
627
624
643
633
648
638
631
627
627
644
645
631
627
615
639
637
625
630
622
613
637
626
630
614
618
640
623
624
620
630
627
638
627
630
623
621
624
619
623
623
617
634
628
637
633
614
615
618
616
617
617
616
623
633
608
615
612
621
613
629
615
620
616
616
607
608
628
616
614
608
630
623
633
630
613
613
608
614
620
612
615
616
629
623
613
620
612
613
606
613
612
614
617
611
614
606
617
611
610
610
604
609
614
616
618
617
610
611
613
612
619
618
619
614
619
625
614
617
613
613
622
612
610
617
605
603
614
616
606
610
616
602
605
607
600
605
614
612
610
603
615
608
611
610
609
620
615
611
608
605
603
607
609
609
604
611
610
607
604
605
608
609
604
608
607
597
613
616
606
612
610
607
621
620
612
609
598
602
614
604
607
613
605
610
615
601
607
606
607
599
615
609
617
602
605
612
608
606
608
609
607
608
603
607
603
599
597
595
612
608
600
609
603
614
601
601
598
597
594
602
602
607
606
600
605
602
603
597
606
606
604
601
605
606
616
612
602
611
601
602
612
604
603
602
605
602
599
605
606
603
602
608
601
603
610
600
608
604
600
615
618
600
606
596
605
605
600
604
601
604
603
609
597
606
606
606
607
605
595
605
606
596
613
598
594
603
602
605
605
609
602
612
605
604
595
603
607
599
616
605
603
596
601
599
602
601
599
589
600
605
598
604
602
606
598
598
593
594
612
611
606
610
594
599
596
603
600
603
605
604
601
596
612
613
600
602
596
601
598
599
602
605
607
600
598
610
601
598
612
604
599
597
596
602
598
601
603
603
605
604
593
603
611
609
603
607
602
604
609
601
600
598
598
605
599
609
603
596
598
596
605
605
601
601
606
601
595
598
596
601
598
602
603
610
603
606
604
601
605
600
605
609
603
605
606
608
596
598
606
602
601
603
603
601
602
604
598
604
617
600
608
599
598
607
610
608
599
596
604
600
589
602
598
605
597
607
603
604
598
602
597
601
611
613
604
597
602
604
595
600
607
597
601
603
598
601
603
602
594
604
603
604
599
596
609
600
602
603
604
599
601
608
602
601
601
599
599
601
604
598
598
600
606
602
601
602
596
599
595
598
604
611
606
604
601
597
604
603
598
599
603
605
603
594
604
608
596
601
598
598
599
593
598
595
604
608
605
597
597
604
606
609
606
601
606
601
604
607
603
603
604
609
607
615
604
605
599
