609
600
601
596
606
603
598
600
602
597
603
606
607
601
607
590
611
601
598
610
607
606
607
598
601
604
602
597
602
607
606
606
608
599
606
599
605
602
597
608
601
609
608
603
604
600
606
603
604
604
601
607
596
608
596
606
607
601
618
603
606
611
609
593
604
598
605
608
597
604
600
605
603
605
593
599
603
606
590
604
606
613
603
609
602
605
600
605
605
594
595
601
600
599
603
600
599
604
611
599
599
613
597
601
596
593
606
601
601
604
598
597
602
600
596
600
605
596
602
600
597
607
604
603
608
606
602
604
596
596
603
604
607
599
600
607
599
599
597
601
609
604
598
598
599
596
602
606
608
600
600
599
603
602
606
603
596
602
604
603
607
603
604
607
606
609
604
605
604
600
600
601
604
598
602
597
606
597
599
596
599
595
607
597
604
607
604
607
608
595
606
603
601
602
602
604
606
608
610
602
605
605
602
609
602
599
602
608
610
602
596
599
597
603
607
603
606
597
596
610
601
606
598
599
608
600
599
606
601
599
610
599
601
603
604
597
596
595
606
601
593
602
603
603
604
599
606
601
605
604
606
607
605
607
607
605
596
615
608
607
605
608
604
610
611
596
614
608
604
604
608
602
605
607
600
602
596
603
599
611
607
605
606
607
620
606
617
611
605
615
602
610
607
614
611
610
606
597
615
595
612
603
618
606
606
604
614
602
620
611
616
619
609
606
611
618
611
638
629
604
618
621
609
618
621
611
629
627
625
620
611
622
630
629
625
626
614
635
636
646
646
619
642
630
660
636
636
649
639
651
637
647
649
655
664
645
656
667
656
646
672
648
693
669
701
672
697
694
674
684
690
697
701
708
745
732
749
726
711
744
748
774
785
804
762
778
804
775
831
813
810
835
847
855
892
883
918
914
876
918
939
952
952
990
1016
1061
1015
1138
1077
1081
1150
1098
1174
1202
1203
1315
1294
1360
1387
1367
1412
1481
1528
1561
1527
1618
1600
1664
1813
1777
1811
1855
1920
1978
2041
2086
2173
2255
2313
2245
2361
2452
2558
2680
2678
2716
2841
2895
3032
3034
3144
3239
3291
3381
3502
3512
3558
3674
3756
3780
3661
3990
3954
3857
4056
4061
4194
4142
4346
4292
4419
4504
4465
4418
4519
4553
4570
4730
4620
4645
4641
4664
4684
4773
4706
4620
4874
4617
4693
4629
4591
4453
4626
4553
4616
4420
4581
4449
4346
4532
4415
4422
4354
4276
4377
4151
4177
4183
4046
4113
3950
3824
3780
3772
3815
3700
3622
3509
3540
3481
3556
3374
3404
3236
3283
3197
3201
3086
3029
2959
3034
2890
2825
2873
2863
2737
2657
2572
2621
2540
2607
2495
2507
2478
2502
2354
2366
2418
2276
2239
2202
2161
2264
2124
2096
2046
1968
2052
1982
1895
1997
1901
1874
1889
1861
1880
1818
1728
1774
1683
1739
1707
1697
1669
1644
1642
1619
1581
1571
1592
1504
1486
1545
1538
1483
1468
1521
1467
1427
1486
1531
1412
1428
1413
1327
1335
1350
1323
1303
1313
1362
1276
1268
1325
1265
1262
1290
1217
1230
1300
1195
1169
1238
1184
1217
1199
1151
1197
1134
1123
1148
1134
1161
1102
1134
1096
1142
1061
1076
1039
1028
1063
1071
1047
1074
1004
1018
1036
1014
1013
997
1004
1045
996
1023
1028
1004
1010
959
944
982
949
963
973
918
932
920
927
941
922
925
893
887
907
932
930
849
863
891
863
872
878
861
855
858
860
892
854
829
837
838
861
835
875
835
825
806
852
847
795
790
812
803
800
813
811
791
804
793
813
794
807
778
786
790
775
798
764
783
783
762
745
745
784
772
748
773
749
760
744
740
724
736
740
726
735
702
736
739
736
754
727
717
721
719
703
706
719
699
706
734
702
712
721
694
694
705
695
717
688
724
683
708
717
682
701
682
713
710
693
682
687
697
694
701
686
689
659
667
697
691
692
652
682
665
678
682
665
698
690
680
658
661
676
685
647
681
664
672
667
677
658
665
674
657
661
658
668
676
656
659
658
667
641
667
663
659
662
651
665
648
655
666
650
631
653
663
654
640
658
638
640
664
644
647
654
636
656
634
647
638
654
647
633
657
650
649
629
638
642
637
645
629
631
653
645
636
627
650
633
638
633
641
640
644
627
632
628
626
639
638
631
637
636
624
634
625
619
626
635
636
634
616
622
635
621
628
632
623
624
631
624
618
627
643
624
626
638
626
624
630
628
626
619
621
621
625
635
628
621
628
614
620
627
626
618
628
619
621
645
622
625
624
615
620
620
623
628
610
617
619
637
621
616
608
619
615
615
627
612
614
615
622
625
619
620
614
621
614
623
619
608
613
619
619
613
608
620
609
602
611
619
616
613
611
611
621
617
612
616
612
608
612
607
625
605
608
609
606
614
606
618
606
623
622
606
618
607
611
613
611
610
619
618
624
620
607
606
617
603
610
618
618
609
607
610
624
611
607
604
608
607
612
611
606
614
605
610
613
614
608
611
601
607
616
610
612
608
617
611
602
617
611
617
602
615
621
612
615
616
609
608
607
611
609
606
611
599
615
605
613
605
602
601
606
617
608
610
607
610
608
598
608
607
606
619
602
612
609
605
605
611
610
615
613
606
607
600
612
603
601
604
602
605
599
606
605
607
615
605
599
605
602
605
608
603
605
604
599
599
605
616
607
609
604
601
607
604
606
608
611
604
600
597
606
605
618
608
610
612
600
608
601
601
603
600
603
615
612
610
602
605
605
602
610
615
616
610
601
602
602
598
604
596
616
600
597
600
597
608
599
596
603
603
605
610
602
606
602
607
605
600
597
608
600
607
612
601
603
605
608
601
604
600
601
606
600
602
598
603
601
605
600
606
600
603
604
600
601
604
593
601
603
600
600
608
609
608
607
608
610
605
600
605
611
599
606
598
606
602
601
611
598
600
597
597
603
608
601
601
607
598
599
602
596
611
610
598
603
606
598
599
601
599
603
604
607
612
607
597
597
597
603
603
595
611
600
605
610
594
598
603
598
604
596
600
596
593
601
604
597
596
607
596
603
596
601
595
607
604
597
599
598
596
604
595
605
607
605
611
598
601
599
591
599
596
608
603
603
605
598
607
597
597
599
597
599
600
598
597
595
601
595
597
590
601
598
599
604
597
603
602
605
593
601
595
605
600
605
606
601
596
606
597
599
598
601
598
601
599
603
594
599
614
606
614
609
595
601
606
599
602
599
599
603
601
600
610
596
602
