605
605
608
605
608
603
601
600
608
601
598
610
603
606
607
605
610
600
605
604
612
604
601
601
603
596
606
613
601
611
599
607
601
604
603
600
602
599
606
604
605
605
596
599
601
603
605
609
599
611
602
601
605
608
603
601
598
591
592
599
601
602
599
602
612
597
600
602
595
600
606
601
599
609
608
609
598
591
600
603
602
603
602
602
610
597
605
598
595
611
601
606
604
601
602
598
608
602
606
598
604
601
597
604
604
610
604
598
603
598
601
604
608
604
603
608
603
601
602
602
609
599
606
605
596
599
599
605
605
607
603
603
601
599
605
601
604
599
594
597
602
604
604
608
604
601
602
606
606
607
602
604
595
608
605
603
593
598
602
605
600
597
609
607
597
607
602
612
606
603
597
603
600
605
612
606
607
608
595
598
598
606
605
595
602
606
616
603
602
607
599
606
602
601
605
600
603
605
601
612
603
602
600
597
603
604
595
605
607
598
605
596
595
601
605
601
605
597
606
605
606
604
606
600
605
600
607
600
597
607
599
605
600
601
610
603
604
602
603
612
602
606
600
609
604
598
612
603
601
606
592
604
603
611
605
608
599
606
609
609
604
600
603
600
610
611
608
605
599
605
607
599
608
607
611
613
596
610
605
605
609
599
603
605
608
598
614
604
610
599
601
595
600
607
600
613
602
606
604
608
610
616
611
608
611
602
617
602
616
604
604
619
614
608
607
609
607
621
618
612
615
615
608
616
624
616
623
607
632
632
615
612
614
625
639
626
621
626
618
624
637
625
638
637
631
644
644
637
623
645
625
641
658
660
636
644
644
663
655
651
664
663
656
666
677
682
673
678
689
680
685
680
689
688
698
734
723
726
731
705
733
766
722
785
771
769
785
768
771
785
766
799
812
828
824
896
867
873
861
903
885
944
922
964
993
981
1009
1025
1040
1044
1050
1099
1136
1153
1188
1180
1291
1299
1352
1258
1310
1341
1389
1394
1444
1553
1537
1519
1589
1668
1708
1770
1809
1790
1964
1936
1968
2098
2211
2172
2159
2274
2333
2440
2435
2401
2627
2602
2596
2725
2753
2712
2881
3001
3095
3113
3059
3256
3181
3389
3318
3465
3484
3473
3597
3624
3573
3568
3628
3707
3739
3756
3828
3874
3913
3868
3920
3906
3826
3984
3887
3917
4035
4027
3937
3976
3935
3840
3895
3991
3886
3873
3869
3721
3842
3916
3701
3730
3746
3777
3737
3820
3743
3515
3606
3449
3456
3348
3395
3385
3412
3147
3256
3301
3270
3166
3079
3045
3094
3131
3079
2924
2868
2807
2818
2723
2674
2749
2606
2557
2589
2561
2428
2459
2391
2357
2341
2298
2310
2272
2175
2228
2223
2107
2094
2159
2023
2034
1964
1913
1960
1873
1933
1890
1832
1825
1803
1835
1738
1787
1671
1748
1627
1625
1626
1712
1604
1667
1621
1582
1537
1542
1498
1507
1490
1535
1458
1459
1428
1432
1453
1405
1370
1406
1380
1318
1387
1399
1368
1341
1314
1362
1298
1330
1317
1248
1290
1246
1271
1228
1212
1242
1180
1220
1203
1200
1185
1190
1167
1165
1132
1140
1158
1073
1144
1133
1116
1091
1080
1053
1123
1066
1048
1052
1046
1071
1028
1020
1056
1000
966
998
985
1012
974
1023
953
936
956
990
951
955
973
944
953
934
931
923
926
929
887
983
936
927
871
919
897
872
899
895
891
882
860
910
870
911
849
858
836
847
835
818
836
837
821
833
833
841
788
830
831
838
819
824
802
800
804
817
817
783
777
799
775
771
767
751
788
744
767
764
785
753
772
753
776
751
756
768
768
737
744
783
753
742
753
729
735
749
727
741
750
750
711
707
736
719
699
705
711
722
692
709
732
703
700
720
700
710
705
723
708
707
709
697
693
682
704
697
683
708
722
687
682
687
702
673
683
674
683
687
680
692
687
690
695
693
705
666
685
668
674
667
676
683
666
667
663
655
673
672
672
650
693
681
677
666
660
661
651
672
661
656
655
647
655
666
656
660
641
657
658
660
657
650
653
660
647
641
655
649
654
653
649
645
648
658
640
657
639
657
630
630
631
641
646
653
638
645
643
652
633
651
641
650
650
652
630
638
629
637
631
649
645
637
646
642
641
642
654
637
632
631
635
642
624
628
627
630
637
637
638
628
627
630
630
645
643
630
636
632
642
630
624
641
624
635
622
612
631
632
621
619
639
628
622
628
629
630
628
626
617
621
629
636
619
622
625
614
619
620
621
628
621
612
633
621
626
628
619
619
632
614
624
620
616
616
625
620
617
610
619
628
622
612
624
616
621
625
612
619
619
616
620
610
614
627
612
608
618
608
615
607
618
613
620
615
618
620
615
616
608
613
623
621
614
614
616
614
605
613
614
614
600
609
615
609
623
611
615
607
610
608
600
604
607
624
619
610
600
603
610
612
610
613
607
609
611
601
613
606
614
620
621
610
609
620
602
606
629
600
600
612
609
610
605
604
605
612
611
609
605
604
615
608
603
609
621
604
612
604
601
594
614
607
600
604
602
603
614
614
613
613
607
606
611
609
609
601
604
611
596
603
614
607
614
616
599
607
606
606
612
604
606
611
610
608
616
607
611
604
608
601
612
611
607
596
601
605
606
606
606
604
609
602
608
606
609
599
601
599
612
612
604
608
607
606
599
614
618
602
601
611
604
602
609
607
603
598
603
605
601
606
602
599
603
600
602
607
602
609
606
601
599
597
597
608
593
599
604
599
606
602
611
604
600
606
607
606
600
602
604
599
596
595
605
608
601
600
607
605
608
599
601
606
603
604
601
605
599
601
611
597
601
611
601
612
599
597
600
590
608
601
598
591
612
599
604
602
603
602
602
602
605
597
606
601
609
602
598
601
606
599
602
603
600
599
599
598
604
602
601
608
597
605
608
596
607
604
598
611
590
609
607
602
604
607
595
601
603
601
605
605
599
593
598
602
604
596
604
609
604
601
603
605
597
599
601
598
608
599
603
603
599
606
598
602
600
606
603
606
599
607
596
606
605
599
599
605
601
602
598
596
604
608
598
598
603
600
598
598
603
605
605
605
604
607
601
600
595
608
597
599
600
595
606
597
606
604
604
602
593
600
605
603
602
603
603
604
600
596
610
602
602
602
602
599
600
604
605
601
600
610
602
597
604
604
604
603
602
604
597
603
605
595
601
596
599
593
601
599
604
597
594
604
602
595
606
608
594
600
592
597
605
593
610
603
600
598
598
596
