600
601
606
611
600
605
600
599
608
609
606
609
604
602
599
602
597
610
603
603
596
595
607
602
603
612
600
601
606
598
597
607
605
597
604
600
600
598
608
600
602
605
595
599
605
596
608
598
603
609
601
594
598
597
594
607
602
600
595
600
595
603
600
606
601
602
607
605
605
598
600
608
602
599
599
607
593
602
600
597
596
599
604
600
598
599
605
599
603
604
604
593
597
601
604
600
606
601
603
593
600
609
600
611
610
599
598
598
607
607
606
612
614
600
599
598
591
599
600
605
606
596
608
606
609
599
602
601
603
604
602
607
603
604
599
609
602
601
594
601
602
606
603
604
594
602
606
602
598
603
603
600
606
600
595
606
601
596
598
602
609
597
609
595
605
605
606
596
606
604
600
607
594
602
613
601
604
598
599
610
598
596
605
601
599
605
605
604
611
604
606
596
600
604
603
601
603
601
596
616
605
601
606
607
606
607
606
598
601
601
607
606
599
609
606
613
610
596
597
599
607
611
605
604
603
599
601
601
614
607
609
607
607
603
605
611
604
606
604
603
609
607
598
603
605
608
608
610
601
598
607
596
612
601
608
609
611
601
609
620
605
610
612
597
607
609
611
609
599
605
606
605
614
608
605
613
610
609
613
606
602
609
602
607
603
605
601
606
616
609
615
613
606
607
596
608
601
612
618
605
603
613
607
614
616
604
616
611
606
610
619
610
613
619
621
612
625
622
627
620
630
626
626
622
616
632
634
609
618
631
631
637
629
623
636
639
638
642
637
644
627
633
642
649
649
656
652
647
649
673
664
680
665
666
680
689
676
670
687
699
723
693
672
697
690
708
712
763
737
743
753
755
746
754
750
748
787
788
806
811
802
811
797
846
843
837
861
849
877
871
907
917
923
936
1001
1036
1008
1032
1079
1073
1119
1104
1063
1157
1147
1177
1271
1244
1302
1286
1344
1363
1351
1492
1454
1549
1562
1663
1646
1658
1744
1728
1868
1891
1929
1963
2076
2036
2272
2195
2349
2314
2546
2521
2688
2699
2679
2906
2864
3009
3090
3222
3268
3322
3520
3552
3687
3855
3866
3930
4042
4185
4345
4382
4507
4506
4516
4648
4694
4911
4975
5065
5222
5111
5254
5455
5369
5479
5487
5366
5588
5664
5819
5803
5821
5867
5980
5937
5976
6047
5917
5962
5991
6078
5977
5941
6063
6036
5905
5734
5995
5789
5805
5626
5929
5816
5783
5602
5668
5544
5485
5641
5556
5463
5444
5251
5272
5367
5205
5097
4934
4952
4775
4794
4896
4687
4575
4523
4563
4528
4359
4423
4252
4170
4132
4143
3999
3909
3879
3829
3852
3712
3596
3490
3504
3432
3450
3330
3334
3260
3237
3209
3144
3190
3100
3003
3069
2937
2823
2737
2788
2765
2789
2720
2553
2554
2654
2551
2445
2405
2498
2405
2375
2344
2278
2276
2232
2202
2241
2217
2088
2108
2179
2093
2033
2056
2019
1992
1924
1907
1967
1936
1881
1898
1901
1852
1872
1884
1823
1798
1793
1776
1694
1727
1689
1603
1586
1667
1674
1491
1586
1546
1590
1560
1552
1554
1463
1489
1416
1467
1496
1535
1450
1423
1470
1461
1435
1371
1378
1406
1249
1274
1336
1329
1336
1303
1344
1278
1259
1235
1267
1231
1264
1261
1237
1203
1236
1182
1159
1152
1213
1161
1152
1157
1098
1113
1177
1109
1097
1111
1127
1106
1060
1075
1126
1087
1087
1102
1055
1081
1057
1089
1035
1073
963
986
969
1019
981
1015
973
998
964
964
982
992
981
924
933
1002
975
930
929
965
875
914
920
835
914
920
901
904
900
880
915
880
872
925
877
874
877
883
910
838
848
834
844
888
851
828
826
835
790
822
819
852
802
816
829
796
812
820
807
820
799
816
781
804
802
787
784
764
766
771
787
749
778
782
765
726
767
751
772
740
753
774
768
761
741
753
728
761
729
755
741
722
758
712
740
726
746
718
716
735
721
717
738
702
730
718
736
727
732
719
750
716
707
689
707
711
723
712
720
696
685
723
706
694
687
689
705
700
675
693
683
676
680
708
671
674
693
693
686
676
682
694
680
695
673
680
691
684
679
691
687
663
672
678
681
678
673
678
668
674
653
685
661
666
668
658
682
657
665
654
671
653
675
669
643
661
667
645
647
657
664
674
658
651
650
655
657
654
647
668
634
660
649
665
643
650
642
653
640
634
656
664
649
655
655
644
647
648
655
652
637
632
647
648
637
641
657
630
648
640
647
639
642
636
633
633
624
648
633
648
634
636
636
642
639
630
615
633
626
638
628
641
628
629
654
633
633
651
633
632
630
620
631
626
627
626
628
633
630
628
625
619
643
620
629
627
626
616
619
627
623
642
625
632
619
612
626
619
630
630
618
626
619
628
620
623
621
627
614
618
623
627
621
623
621
609
614
626
620
622
619
622
606
611
627
621
633
625
610
610
619
615
609
615
623
618
611
630
628
607
624
613
624
618
622
614
622
615
608
618
610
621
614
608
608
616
605
613
614
617
613
612
617
615
611
606
612
605
612
616
605
618
611
614
614
614
603
608
610
624
614
601
612
606
604
612
617
601
618
616
602
612
606
612
616
610
600
622
604
615
602
615
610
608
614
605
609
614
613
607
626
612
608
614
615
608
615
606
605
609
605
613
608
603
618
601
617
602
621
607
611
603
597
612
599
607
603
602
605
621
606
612
607
607
607
610
610
606
605
610
610
604
618
610
606
615
603
610
594
610
605
609
604
601
617
601
600
597
606
600
601
607
606
599
607
610
604
605
603
605
607
611
612
611
608
596
599
589
601
604
610
606
602
604
597
607
606
605
606
605
601
591
604
603
596
596
602
603
603
609
609
602
608
605
601
597
604
601
602
605
599
600
601
601
611
606
607
597
609
601
613
606
592
611
611
595
602
602
600
607
599
609
596
606
605
597
603
600
613
599
611
613
605
602
602
607
597
605
604
603
600
596
611
603
600
599
608
607
606
599
610
595
593
603
600
602
603
597
600
601
595
603
602
595
601
603
608
608
604
602
600
610
596
604
600
612
600
599
598
606
600
600
604
603
604
601
601
603
599
599
598
600
588
603
597
603
599
605
602
594
605
608
590
599
609
596
598
603
601
600
601
598
607
613
603
598
601
601
600
598
601
597
600
607
602
602
600
595
599
606
604
598
606
598
593
601
597
615
598
594
601
600
598
604
597
596
603
601
602
604
602
608
604
604
599
605
603
606
603
606
601
599
596
603
600
607
592
607
609
609
597
604
601
600
613
600
