609
596
601
603
603
606
600
614
612
610
608
602
601
609
604
602
605
605
612
605
600
594
600
605
606
599
603
604
606
606
602
604
602
604
600
596
600
604
606
605
604
598
607
605
605
595
601
602
605
601
609
600
594
597
611
594
598
605
606
605
609
600
597
604
601
607
603
605
599
600
602
605
603
604
601
599
610
604
597
600
603
596
605
606
593
607
610
607
609
604
593
602
597
601
599
602
595
600
604
599
598
608
600
601
598
602
596
599
602
599
603
602
601
604
593
603
605
604
603
598
601
602
599
606
612
600
599
601
598
602
603
605
604
606
601
601
604
611
601
602
598
602
603
602
598
606
602
597
602
609
604
600
589
603
592
603
602
601
602
604
604
604
609
604
599
600
604
604
601
607
595
590
605
599
604
601
604
592
610
604
604
594
597
593
602
608
607
606
612
602
597
604
601
595
600
606
598
595
602
605
609
595
611
603
607
604
594
604
604
606
607
597
606
600
593
609
606
607
605
597
602
603
604
606
600
602
607
615
610
609
600
602
603
600
604
607
602
605
609
605
610
603
609
596
611
601
604
607
616
606
609
600
598
609
616
610
611
603
600
607
618
610
615
606
601
610
603
611
602
603
606
611
605
615
614
605
614
617
602
604
608
605
611
615
604
607
594
614
603
610
615
614
607
609
615
598
611
616
613
597
610
610
624
617
607
621
614
610
612
601
626
619
618
620
623
615
620
603
635
620
625
626
621
627
630
620
617
628
624
626
626
637
631
629
629
641
642
644
653
628
656
653
640
662
654
675
655
685
657
656
691
675
671
696
681
691
670
682
721
701
689
708
691
721
723
711
728
756
736
713
746
772
772
769
760
778
822
771
802
844
857
878
858
873
891
909
895
894
931
959
939
966
962
1012
969
1074
1039
1120
1107
1131
1142
1192
1199
1211
1239
1301
1316
1317
1395
1502
1441
1455
1538
1557
1639
1637
1654
1730
1800
1866
1894
2007
1915
2141
2124
2222
2238
2290
2384
2474
2485
2602
2712
2760
2840
2908
3012
3198
3402
3450
3523
3662
3617
3796
3750
4140
4069
4300
4248
4331
4639
4533
4943
4901
4947
5071
5200
5351
5353
5447
5583
5793
5905
5879
5958
6208
6228
6117
6385
6193
6552
6510
6605
6507
6695
6638
6803
6690
6775
6935
6950
6933
6799
6800
6870
6785
6890
6689
6757
6762
6645
6811
7003
6621
6478
6702
6724
6547
6543
6614
6488
6452
6333
6182
6403
6194
6130
5988
5972
5708
5861
5485
5569
5597
5297
5493
5202
5180
5130
5047
5135
4785
4787
4818
4880
4678
4538
4429
4405
4454
4373
4269
4193
4017
4030
3845
3790
3869
3792
3758
3630
3814
3548
3384
3516
3536
3311
3288
3219
3211
3199
3209
3001
3034
3113
2894
2866
2927
2713
2728
2834
2773
2659
2653
2620
2457
2531
2405
2536
2339
2344
2405
2419
2320
2329
2289
2316
2195
2206
2173
2007
2108
2097
2194
2097
2083
1997
2066
2008
2029
1991
1919
1891
1921
1855
1768
1819
1805
1716
1687
1753
1783
1677
1714
1706
1710
1613
1653
1578
1625
1589
1628
1592
1656
1579
1510
1517
1451
1471
1432
1494
1420
1405
1433
1409
1380
1473
1407
1431
1310
1372
1398
1396
1272
1301
1357
1351
1264
1276
1297
1241
1295
1244
1185
1237
1248
1243
1200
1192
1180
1205
1157
1216
1160
1114
1155
1156
1147
1160
1169
1077
1104
1107
1063
1057
1090
1032
1010
1065
1064
1098
1046
1034
1041
1040
987
1022
963
1010
978
1015
982
955
975
1008
1013
937
993
969
944
948
978
957
879
888
946
883
903
944
880
875
889
873
863
861
888
891
860
870
879
841
901
889
854
839
849
828
844
866
829
844
845
815
836
820
817
865
838
793
819
837
779
811
811
825
823
803
800
801
806
808
765
771
787
784
796
793
800
772
752
769
746
747
757
745
774
799
782
778
766
727
757
758
771
752
738
736
747
750
754
726
734
743
747
741
739
733
717
705
722
695
713
740
718
722
700
713
695
718
720
700
719
691
699
700
689
709
724
685
682
691
718
693
661
705
683
680
710
694
690
683
677
679
697
691
704
686
685
681
693
668
682
684
678
679
683
675
681
671
667
676
666
676
674
673
654
683
683
657
674
667
683
655
656
666
693
655
647
644
667
653
675
658
649
648
641
642
662
666
662
652
648
663
648
648
666
663
656
632
657
663
643
658
660
655
650
643
642
646
654
638
640
647
645
661
656
642
646
642
642
648
653
639
633
643
645
636
633
636
629
653
646
638
647
645
633
638
626
641
638
629
634
624
643
627
640
644
630
637
639
647
640
632
628
627
627
632
619
640
633
629
632
636
621
623
637
635
610
623
627
637
630
623
645
621
623
656
627
630
635
631
607
645
624
627
636
633
616
631
615
630
614
607
622
619
624
627
623
626
627
620
613
613
622
629
622
623
613
608
620
627
618
613
637
630
614
624
617
618
616
611
619
608
625
610
613
614
614
629
614
624
615
613
605
613
610
604
625
613
621
630
624
616
613
608
609
614
618
621
617
609
613
617
619
606
616
612
612
606
619
605
618
607
618
613
605
614
609
613
610
610
607
608
614
606
612
610
604
618
611
607
616
617
617
626
609
605
615
608
609
618
610
602
613
622
600
618
609
613
604
611
606
602
602
606
604
608
611
603
621
605
612
619
600
610
603
612
613
610
601
614
610
606
609
600
619
617
606
616
606
603
600
605
604
602
610
605
601
601
604
605
602
602
608
613
604
612
601
606
604
602
614
608
605
604
597
603
608
603
603
605
597
604
609
602
602
610
602
606
605
599
614
604
604
600
603
612
607
603
605
604
598
591
600
609
609
595
604
603
604
611
602
607
610
604
602
600
599
598
597
604
601
605
602
593
605
599
604
598
605
611
607
608
609
606
610
602
608
606
604
612
604
608
599
601
601
612
601
607
606
603
606
608
602
603
608
611
595
598
607
612
600
605
595
612
604
602
601
597
594
608
598
596
599
598
601
596
591
597
610
601
600
592
595
610
602
602
608
600
598
602
600
599
594
599
601
606
594
604
602
609
603
605
606
608
602
594
601
606
603
604
605
602
603
602
602
601
600
603
599
605
606
601
603
592
605
600
599
597
600
597
605
615
597
595
597
595
602
600
604
589
602
601
608
595
592
604
605
599
601
594
607
594
601
602
603
607
604
607
600
601
596
605
587
594
599
604
603
597
590
594
603
602
596
593
602
596
597
596
602
604
599
605
596
603
599
599
600
598
599
