603
615
605
606
612
609
607
612
613
602
602
609
613
609
607
618
619
601
601
610
601
610
605
604
605
610
606
612
602
607
610
613
610
602
614
611
611
604
610
600
611
606
612
606
614
606
604
616
607
607
606
600
613
610
619
604
618
605
607
601
604
610
603
607
617
598
612
616
596
603
606
598
596
602
610
604
602
619
614
608
612
605
620
613
605
606
600
601
608
596
603
607
604
597
611
602
601
606
603
612
606
599
610
606
603
605
612
609
612
614
619
614
607
614
604
602
604
610
616
619
609
610
607
609
613
612
603
617
604
605
620
602
600
613
615
605
609
601
608
608
602
610
611
602
610
619
616
617
604
605
603
603
611
614
618
619
597
609
610
607
604
615
619
602
608
613
611
620
615
610
598
611
612
610
602
621
606
615
619
615
614
612
605
610
618
612
618
611
613
603
617
611
621
616
618
619
619
608
619
617
610
612
600
615
620
644
612
604
611
622
622
623
605
611
620
631
622
629
633
626
620
613
629
617
634
622
630
621
630
625
623
620
608
621
618
626
618
625
624
626
636
622
636
624
633
613
622
637
620
615
633
621
618
645
643
618
641
629
630
646
624
638
633
635
626
636
629
627
638
634
632
627
615
633
645
637
632
624
641
641
616
644
624
633
640
646
646
637
627
664
642
647
639
639
658
640
643
638
639
639
655
644
638
638
654
656
644
646
651
643
658
647
653
654
667
668
649
661
643
639
673
664
679
669
682
662
671
692
673
666
674
689
670
694
688
681
680
735
699
708
707
722
701
722
685
728
718
718
741
704
745
744
751
769
742
744
770
792
785
812
792
784
806
804
798
853
838
855
837
880
859
888
864
923
890
921
919
929
949
968
962
999
976
997
1106
1079
1065
1034
1131
1151
1140
1148
1192
1204
1234
1316
1317
1332
1381
1363
1457
1402
1473
1570
1580
1605
1598
1624
1717
1735
1828
1813
1892
1912
2006
2027
2175
2142
2267
2343
2365
2534
2540
2611
2683
2679
2786
2940
3008
3073
3201
3284
3398
3476
3727
3869
3871
4119
4119
4282
4483
4595
4650
4814
4900
4957
5271
5283
5600
5814
5829
5989
6386
6514
6635
6608
6869
7264
7252
7398
7650
7876
8030
7926
8106
8373
8602
8642
8837
8845
9016
9410
9139
9509
9661
9988
9939
10226
10412
10320
10357
10689
10737
10656
10873
10964
11143
10746
11193
10946
10993
11287
11505
11373
11446
11313
11563
11458
11407
11958
11681
11623
11649
11768
11749
11368
11398
11527
11243
11136
11237
11223
11083
10909
11083
10866
10834
10671
10656
10665
10341
10271
10288
10302
9959
9896
9643
9533
9513
9427
9124
9192
9019
8808
8979
8691
8477
8385
8566
8333
8207
8179
8125
8163
8041
7864
7834
7767
7637
7580
7452
7322
7301
7143
7122
7275
6945
6952
6869
6879
6845
6743
6785
6618
6639
6553
6444
6394
6345
6180
6242
6376
6313
6182
6213
5985
5983
5798
5917
5717
5977
5724
5611
5633
5617
5587
5374
5497
5324
5369
5363
5336
5103
5056
5129
5199
5034
4835
4872
4856
4881
4739
4812
4686
4510
4569
4555
4454
4338
4485
4400
4411
4187
4325
4147
4082
4084
4062
3979
3891
3945
3849
3661
3644
3696
3752
3644
3577
3544
3531
3446
3364
3405
3348
3265
3251
3164
3033
3073
3248
3103
2995
3051
2944
2936
2875
2767
2814
2665
2874
2668
2684
2718
2680
2553
2574
2568
2516
2505
2473
2435
2466
2322
2281
2375
2364
2328
2289
2390
2206
2143
2148
2125
2193
2192
2038
2192
2127
2057
1994
2009
1927
1994
1971
2024
1851
1913
1933
1852
1846
1824
1735
1730
1718
1752
1790
1707
1664
1671
1678
1610
1622
1668
1610
1591
1591
1582
1568
1601
1590
1522
1527
1485
1515
1531
1463
1473
1462
1399
1420
1341
1456
1429
1337
1369
1325
1358
1300
1283
1346
1297
1302
1312
1315
1294
1269
1260
1217
1189
1247
1190
1234
1187
1191
1154
1153
1165
1186
1175
1164
1174
1135
1091
1163
1123
1130
1078
1138
1138
1093
1143
1103
1095
1089
1060
1082
1042
1052
1034
1074
1004
960
1019
978
1042
1009
1015
1008
995
1034
1020
934
977
948
985
952
995
973
964
937
940
953
942
936
946
915
935
920
932
905
923
922
939
915
896
921
900
887
892
883
846
901
879
871
869
840
849
863
832
866
874
836
822
842
878
862
849
850
848
805
812
829
821
844
848
809
807
815
836
818
804
788
811
804
834
805
774
779
781
774
806
804
767
796
787
762
778
732
772
779
772
809
781
751
746
792
769
759
787
741
757
779
779
780
781
746
723
726
734
725
752
724
740
734
745
740
756
739
712
727
741
736
691
716
725
719
740
726
711
700
709
728
725
690
715
701
721
704
705
686
719
726
712
717
721
684
695
691
704
711
695
689
677
704
678
685
700
695
689
689
684
688
687
692
675
696
668
698
674
687
687
671
682
677
684
686
681
674
671
667
672
686
673
671
652
670
677
661
675
689
679
694
669
667
661
671
654
649
678
662
656
670
644
655
662
663
668
674
671
671
662
656
659
668
647
656
645
658
650
639
642
659
661
646
639
663
653
640
632
635
645
662
640
657
649
647
645
649
645
644
655
641
647
640
633
635
646
637
656
635
641
646
638
637
642
639
637
624
643
631
634
635
638
636
630
644
630
641
639
648
652
637
632
632
630
617
629
622
651
648
631
615
634
631
628
625
645
633
627
625
634
647
623
621
624
645
631
630
622
623
627
618
626
612
636
618
626
630
625
629
632
627
620
626
627
621
623
619
634
621
620
621
621
622
621
617
618
622
620
608
620
619
604
616
619
627
611
608
607
623
620
628
611
628
605
613
612
619
619
615
609
627
623
619
619
613
618
608
618
606
610
607
618
607
611
618
616
606
620
614
617
615
613
619
602
600
611
619
610
597
630
612
604
612
620
606
610
620
604
611
611
618
618
615
610
600
605
616
617
616
605
602
616
610
604
612
609
606
618
612
611
614
610
609
609
609
608
607
613
609
607
604
610
611
610
608
611
612
610
613
603
609
608
615
613
608
605
612
604
612
615
610
600
601
605
600
601
606
601
604
604
605
613
608
608
600
597
607
606
605
607
605
605
608
608
616
603
604
604
610
605
600
596
605
603
597
607
622
603
603
606
597
609
602
605
613
611
601
612
598
610
606
600
601
605
599
612
598
600
605
606
596
614
607
602
601
603
605
606
600
597
608
597
605
612
598
615
607
612
605
613
607
606
603
601
605
596
607
593
607
613
601
604
598
607
599
596
596
611
596
603
602
597
603
604
603
605
599
601
596
602
606
604
594
597
600
598
598
604
597
605
605
606
594
606
595
604
599
609
610
