608
603
605
606
610
606
604
604
603
608
605
611
600
603
607
607
609
602
620
612
603
610
608
618
602
617
620
619
612
604
606
621
607
607
617
610
607
606
602
611
610
605
605
611
605
603
612
606
619
607
612
610
615
609
610
611
614
604
612
615
609
603
615
609
616
618
610
611
612
603
629
605
607
619
603
621
611
593
614
603
609
614
608
603
617
618
614
611
615
612
614
614
607
614
609
619
603
614
616
624
618
610
608
613
614
612
613
612
611
604
608
618
615
610
613
611
612
618
617
623
621
622
612
623
609
621
615
635
613
612
618
627
617
623
625
614
614
609
626
613
621
618
621
619
614
613
614
613
615
614
619
620
613
621
620
620
621
614
613
630
617
617
625
616
628
623
623
623
624
613
622
624
632
612
622
615
617
626
626
625
624
623
628
633
634
616
621
632
621
617
641
630
637
633
628
619
634
629
619
620
643
632
619
627
639
640
634
630
633
626
622
632
617
646
645
626
643
626
652
637
640
638
643
651
640
638
648
637
659
643
636
630
653
639
644
641
652
650
657
659
654
661
636
642
640
655
646
645
651
660
652
648
675
650
662
661
661
646
638
645
640
680
656
666
657
665
659
672
671
654
679
658
669
672
668
665
658
664
672
668
678
662
671
682
680
664
686
677
669
685
675
665
701
683
701
711
671
683
695
671
695
695
699
709
708
713
680
688
706
742
717
720
717
693
712
739
709
704
722
730
748
723
754
736
731
779
764
758
748
777
788
769
791
788
797
799
797
823
830
819
814
816
862
848
879
850
858
880
898
908
879
909
918
934
913
943
999
974
1006
991
991
999
1041
1146
1065
1121
1119
1127
1196
1182
1210
1179
1242
1258
1297
1335
1339
1398
1425
1430
1491
1521
1498
1584
1610
1628
1675
1719
1787
1823
1845
1953
1976
2005
2057
2189
2121
2269
2367
2347
2401
2540
2638
2678
2880
2785
2892
3065
3049
3188
3396
3435
3612
3638
3848
4008
4226
4351
4413
4742
4744
4932
5134
5494
5343
5697
5887
5982
6193
6487
6845
7223
7292
7441
7934
8166
8710
8799
9104
9445
9657
10158
10436
10682
11038
11321
11534
11885
12640
12904
13442
13470
13936
14642
15289
15217
15767
16146
16806
16758
17481
17905
18113
18458
18898
19034
19356
19626
19958
20408
20591
21293
21374
21356
22116
22555
22466
22772
23022
23726
23672
23849
23954
23977
24237
24381
24412
24256
24281
24447
24911
24652
24593
24824
24967
24825
24895
25069
24629
24562
24879
24797
24770
24600
24620
23928
24183
24138
23895
23842
23457
23575
22859
22487
22571
22028
22097
21844
21479
21836
21110
21163
20549
20181
19973
19763
19819
19056
18934
18732
18458
18375
17685
17500
17426
17018
17145
16621
16474
16738
16061
16101
16013
15695
15368
15287
15416
15018
14558
14807
14218
14189
14021
13715
13634
13580
13305
13084
13190
13054
12947
12992
12524
12832
12496
12355
12467
12432
12294
12093
11805
11757
11710
11531
11618
11315
11189
10986
10905
10967
10607
10422
10499
10564
10255
10211
10392
10106
10014
9863
10039
9875
9770
9388
9475
9480
9166
9155
9203
9079
8959
8841
8746
8540
8408
8430
8383
8316
8093
7991
7969
7720
7703
7756
7464
7622
7464
7189
7236
7214
7017
6918
6734
6654
6740
6716
6424
6497
6271
6351
6339
6121
6133
6078
5888
5781
5812
5785
5562
5611
5406
5412
5403
5295
5354
5199
4999
5116
4965
4847
4721
4715
4747
4688
4652
4614
4567
4318
4384
4338
4308
4265
4104
4141
4025
4034
3939
3856
3841
3729
3773
3646
3679
3669
3573
3580
3499
3552
3406
3405
3495
3338
3321
3238
3256
3081
3170
3160
3137
3048
3084
2965
2981
2881
2829
2840
2804
2793
2659
2687
2679
2645
2621
2524
2643
2588
2605
2392
2443
2536
2470
2405
2358
2359
2314
2331
2282
2221
2212
2335
2122
2101
2153
2139
2206
2108
2061
2013
2061
1968
1987
1968
1940
1838
1952
1872
1927
1984
1844
1811
1834
1781
1862
1745
1764
1768
1699
1748
1678
1690
1710
1640
1613
1739
1614
1633
1658
1666
1559
1597
1579
1581
1619
1529
1453
1495
1544
1534
1512
1456
1523
1504
1445
1414
1375
1365
1425
1390
1460
1413
1378
1389
1328
1343
1362
1291
1405
1241
1280
1349
1347
1321
1297
1253
1291
1222
1234
1310
1200
1247
1249
1193
1206
1219
1156
1223
1131
1176
1143
1183
1200
1133
1135
1141
1116
1145
1138
1138
1130
1082
1117
1106
1130
1086
1075
1075
1057
1030
1076
1059
1071
1064
1103
1052
1044
1064
1026
1013
1017
1006
1045
1000
977
1013
1008
1025
998
978
1002
979
984
946
926
968
965
970
966
922
947
988
943
958
956
925
916
904
895
916
932
891
903
936
916
934
927
917
896
908
864
868
870
887
886
868
859
891
870
876
854
866
837
874
878
837
878
856
847
836
833
821
863
827
815
779
813
831
833
806
827
824
797
824
822
838
824
805
779
764
806
809
815
804
809
806
772
768
778
764
788
775
785
801
759
758
756
782
762
744
776
771
760
797
755
735
755
725
744
729
762
727
742
738
759
738
727
722
753
737
757
725
731
715
713
710
750
723
742
738
726
733
730
723
735
709
717
717
712
729
716
725
696
691
720
716
703
742
708
722
733
725
706
707
684
720
713
696
688
711
696
676
706
686
713
684
680
687
698
693
666
687
684
692
697
680
707
691
690
681
685
673
683
670
650
683
681
670
684
652
663
672
678
673
678
701
665
664
658
682
650
672
651
688
664
667
666
661
664
669
661
664
660
656
677
677
675
667
670
645
655
651
647
654
645
641
642
653
648
645
658
656
639
646
676
645
655
649
641
645
644
638
640
650
653
646
653
647
667
635
653
640
640
652
642
643
647
635
638
657
637
648
662
647
639
657
644
637
634
656
626
636
640
624
632
625
642
626
638
631
629
630
637
636
636
629
631
633
622
614
637
616
634
634
618
622
627
633
632
638
626
626
622
620
623
623
629
619
625
620
633
638
626
623
626
623
619
616
625
618
616
629
616
621
608
623
631
626
621
637
625
624
618
624
624
622
612
606
627
618
622
616
622
612
609
612
615
618
614
615
618
615
621
628
627
624
614
608
612
610
609
620
601
613
620
609
616
615
620
624
606
615
621
611
610
604
610
613
620
607
626
622
613
622
616
603
619
617
613
611
616
609
621
616
604
612
607
606
608
603
606
618
604
603
594
613
617
601
621
610
599
614
618
615
613
615
606
610
613
603
620
597
612
604
592
608
609
609
602
607
597
620
617
606
596
610
605
602
605
608
608
607
607
605
606
606
606
607
606
608
610
614
617
607
612
614
617
608
622
598
601
608
605
599
613
615
609
612
602
603
603
602
605
603
615
593
612
602
606
610
601
606
602
607
601
610
602
610
602
601
598
609
604
609
606
607
603
601
608
616
595
620
