613
612
612
615
615
619
612
602
603
613
609
610
604
612
609
614
606
614
610
618
612
611
604
604
603
602
614
618
622
612
601
609
607
614
615
610
618
614
606
611
618
614
604
608
618
599
613
610
610
608
612
612
604
615
615
613
612
610
608
602
615
603
607
617
607
606
602
608
611
616
599
611
610
599
620
607
611
611
608
618
607
605
608
610
613
616
612
609
613
612
608
616
612
606
612
608
615
614
620
606
617
612
614
602
614
619
610
616
627
605
611
622
620
617
621
622
611
606
612
610
625
616
617
607
614
621
617
612
614
615
604
622
622
611
622
621
625
624
604
616
613
621
618
619
618
619
611
607
613
605
621
622
623
619
621
619
610
625
609
622
616
638
627
638
625
628
617
631
619
631
620
631
625
622
629
622
618
629
614
621
617
616
634
623
614
623
623
625
622
620
625
621
606
624
623
614
628
635
628
621
615
622
624
623
624
634
616
638
632
619
634
629
635
628
629
631
641
646
624
627
635
636
626
649
649
638
630
625
642
615
634
633
634
642
643
634
632
633
645
633
642
644
626
652
653
641
639
629
648
659
647
655
640
670
642
662
656
654
641
646
657
647
652
662
652
656
655
663
679
661
649
654
656
668
668
655
656
676
670
650
661
655
662
658
673
684
656
661
670
666
670
665
682
658
653
688
679
682
687
674
695
689
683
694
681
677
687
722
708
703
696
692
706
681
702
713
691
727
709
713
701
716
735
737
708
717
725
727
739
723
730
751
727
741
742
766
757
752
772
759
796
804
805
812
783
801
837
836
813
830
845
848
844
857
866
880
916
884
900
874
959
969
961
961
1003
1035
982
1039
1050
1019
1084
1062
1076
1110
1124
1123
1141
1184
1215
1299
1277
1317
1308
1324
1362
1396
1430
1531
1453
1537
1560
1623
1636
1714
1629
1727
1862
1858
1855
1919
1956
2016
2185
2235
2231
2225
2401
2427
2486
2511
2644
2751
2727
2945
2966
3103
3250
3374
3338
3464
3694
3796
3894
3888
4161
4324
4447
4512
4721
4943
5057
5107
5371
5625
5750
5992
6352
6413
6472
7082
7097
7213
7577
7570
8066
8241
8600
8679
9085
9280
9789
9916
10142
10283
10587
11174
11172
11680
12120
12140
12383
12859
13107
13188
13614
13860
13974
14218
14443
14609
15060
15510
15578
15836
16104
16237
16426
16725
16881
17488
17333
17413
17581
17941
18297
18019
18443
18493
18645
18729
18662
18421
18878
18921
18784
19308
19267
19390
19221
19293
19573
19597
19527
19481
19404
19440
19207
19051
19243
18853
18928
18734
18490
18472
18539
17990
17992
18115
17977
17688
17292
17384
17017
17070
16552
16740
16083
15950
15893
15848
15518
15378
15378
14944
14836
14802
14839
14277
14224
13867
13934
13406
13563
13638
13311
13314
12972
13027
12683
12542
12508
12271
12062
12028
11825
11682
11546
11222
11649
11316
11580
11165
11084
10931
10976
10932
10645
10572
10623
10434
10166
10148
10214
10185
9946
9956
10011
9656
9538
9615
9663
9503
9313
9089
9300
9270
9213
9005
9046
8948
8824
8591
8764
8653
8545
8341
8255
8233
8099
7885
7975
7735
7512
7805
7499
7450
7422
7330
7257
7125
7069
6943
6927
6974
6757
6697
6705
6497
6468
6345
6165
6122
5954
5703
6015
5949
5869
5777
5765
5495
5441
5477
5542
5369
5545
5321
5414
5004
5160
5116
4912
4973
4684
4703
4632
4644
4560
4618
4401
4333
4173
4335
4310
4110
4100
4112
4099
3998
3930
3873
3817
3851
3829
3808
3598
3497
3612
3436
3453
3479
3379
3481
3240
3384
3302
3284
3143
3195
3076
3111
2945
2987
2867
3018
2987
2908
2818
2818
2720
2847
2798
2728
2714
2599
2610
2576
2583
2557
2491
2527
2405
2340
2442
2330
2374
2358
2283
2307
2234
2229
2257
2229
2211
2191
2189
2002
2077
2043
2046
1975
1977
1935
1917
1987
1979
1916
2013
1935
1837
1906
1817
1902
1821
1851
1706
1768
1751
1707
1703
1660
1674
1691
1646
1716
1662
1569
1598
1599
1572
1611
1570
1506
1608
1543
1498
1534
1450
1520
1478
1447
1417
1462
1499
1424
1411
1398
1405
1377
1384
1382
1412
1387
1322
1272
1372
1286
1301
1325
1299
1337
1308
1347
1227
1264
1280
1253
1214
1275
1233
1268
1184
1183
1202
1163
1156
1187
1191
1165
1146
1164
1145
1170
1165
1114
1122
1109
1096
1086
1108
1058
1092
1124
1070
1078
1087
1114
1026
1055
1009
981
1060
1067
1088
1004
1046
1015
987
1031
1048
1007
988
1008
1024
967
992
959
976
975
988
955
946
939
965
948
925
940
958
941
979
916
957
947
914
938
885
902
913
881
910
934
903
857
910
924
879
891
881
904
889
870
866
889
857
837
844
853
861
816
817
824
847
852
845
862
845
853
827
850
836
812
843
833
799
849
806
789
826
826
825
776
798
791
785
821
801
811
762
784
771
761
775
746
774
772
776
754
772
772
793
761
764
818
768
773
775
770
771
776
748
770
768
743
754
761
751
748
727
743
739
749
722
759
736
721
741
724
735
759
719
719
733
719
722
734
719
720
737
752
707
724
724
704
729
715
753
716
713
707
703
723
686
707
707
709
694
713
672
681
697
709
695
693
717
705
686
691
674
677
667
683
697
698
700
676
715
699
682
669
676
684
678
690
696
677
676
673
694
684
662
693
668
664
672
670
682
664
671
692
681
667
674
654
658
675
691
660
657
664
661
666
650
672
654
667
665
663
658
648
650
665
656
663
659
659
662
644
656
656
653
643
667
647
642
632
642
670
651
674
643
664
655
646
648
640
648
654
648
650
639
640
650
650
646
630
643
646
657
654
656
641
650
648
646
648
654
638
632
634
646
654
635
625
640
631
640
643
620
626
631
625
643
619
636
636
612
624
635
637
627
631
627
632
627
645
634
643
636
637
635
622
619
619
633
637
639
627
627
631
625
633
634
628
623
628
639
631
627
625
621
632
620
620
625
629
628
623
620
618
637
616
635
616
624
625
624
613
621
620
624
618
615
628
618
620
614
628
614
623
621
623
630
628
624
611
613
613
624
620
610
610
620
615
608
625
610
612
607
619
606
618
609
631
606
620
620
621
617
615
611
616
613
608
614
616
617
619
604
612
612
611
611
611
612
618
608
615
619
612
605
619
614
605
607
615
608
614
615
602
597
606
606
615
609
612
611
606
611
607
607
619
613
610
629
599
616
611
599
614
605
606
609
614
602
606
598
605
608
600
606
598
600
606
611
603
603
607
605
600
611
608
614
603
616
601
613
599
605
613
619
611
610
608
604
604
614
606
612
606
610
607
605
601
616
602
608
616
603
610
611
607
606
608
597
603
606
605
605
619
597
589
601
602
606
606
601
603
604
611
615
602
611
610
611
599
606
611
608
615
600
600
604
611
612
603
607
608
608
605
601
605
