613
617
622
619
613
609
621
611
615
618
616
640
622
622
611
634
618
625
624
603
618
622
617
626
620
637
622
621
615
624
613
606
625
628
615
615
609
626
628
621
619
623
613
615
622
612
606
613
613
621
610
615
616
624
613
624
624
624
601
618
624
634
607
611
618
618
619
626
629
615
618
611
611
614
622
630
615
623
613
625
628
620
618
622
620
620
618
621
621
618
629
619
611
618
634
621
620
617
624
620
612
616
605
622
614
613
623
622
622
623
616
630
612
620
622
622
622
621
624
631
636
634
614
631
628
624
632
618
629
623
635
634
616
627
631
616
625
635
632
621
628
635
632
633
638
637
615
641
638
625
635
638
653
637
637
639
639
663
644
634
653
645
646
614
640
658
642
644
644
640
641
653
633
650
643
647
646
650
634
654
655
639
654
664
668
646
656
645
663
651
653
650
641
639
669
656
631
667
650
662
654
641
653
651
651
649
664
661
671
668
667
674
663
681
660
656
658
687
654
684
688
681
676
662
674
679
664
674
673
687
683
686
680
697
699
698
677
677
678
687
680
688
670
679
703
684
681
706
685
727
708
704
700
704
700
716
696
702
726
710
697
715
713
722
705
712
718
735
726
732
711
707
740
709
716
723
716
725
723
763
720
736
715
746
734
759
753
731
746
744
735
775
766
742
747
739
777
771
748
732
774
795
764
789
766
780
778
783
752
786
795
816
842
815
823
848
834
811
851
795
849
863
838
821
874
840
874
856
888
903
902
922
919
954
912
964
983
986
993
983
1018
1012
1000
994
1010
1058
1069
1117
1101
1091
1163
1114
1138
1206
1212
1200
1189
1206
1311
1354
1307
1333
1441
1441
1419
1461
1490
1521
1513
1562
1651
1633
1674
1729
1804
1810
1798
1963
2010
1963
2047
2194
2199
2282
2334
2291
2426
2409
2483
2608
2696
2805
2791
2948
3138
3188
3282
3316
3516
3748
3851
3892
4093
4102
4257
4303
4413
4581
4805
5047
5159
5350
5599
5804
5961
6326
6547
6797
7001
7290
7501
7830
8060
8289
8755
8904
9161
9703
9929
10344
10945
11050
11600
11843
12553
12965
13366
13904
14397
15167
15658
16240
16483
16956
17618
18203
18821
19141
19863
20658
21304
21953
22827
23619
24262
25017
25792
26248
27204
27165
28358
29246
29700
29918
31001
31034
31741
32410
32952
33320
33723
34541
34942
35778
36476
36874
37791
38070
38520
39251
39265
39195
39879
40123
40672
40708
40996
41018
41046
41514
41617
41489
42187
42069
42567
42915
42633
42558
42673
42976
43665
43200
43127
42889
42938
42579
42410
42171
41643
41119
41441
41121
40300
40078
39452
39564
39813
38926
38384
38335
37540
37511
36948
36594
36079
35292
35061
34890
33569
33536
33185
33156
32108
31643
31402
31137
30484
29884
30045
29522
29254
28793
28890
28003
28080
27489
27293
27342
26365
26126
25956
25406
25146
24540
24493
24211
24022
23653
23202
23601
23039
22898
22472
22482
22234
22076
22018
21394
21722
21299
21152
20780
20629
20317
20384
20140
20011
19244
19375
19255
18963
18731
18562
18510
18572
18223
18493
18227
17924
17510
17329
17339
17094
17125
16734
16884
16136
16060
16076
15688
15436
15255
15236
15142
14908
14578
14839
14679
14339
14420
14111
13883
13766
13539
13413
13029
13059
12923
12528
12576
12498
12135
12047
11801
12068
11539
11476
11223
11199
11119
10792
10678
10691
10414
10310
10206
10205
9913
9638
10084
9634
9619
9348
9168
9056
9005
8855
8758
8467
8603
8266
8382
8120
7968
7930
7838
7794
7582
7501
7715
7387
7224
7339
7107
7052
6987
6765
6711
6620
6562
6446
6341
6362
6324
5936
6080
5879
5761
5879
5870
5755
5781
5408
5597
5353
5504
5307
5154
5380
5093
4899
4970
4947
4665
4766
4678
4666
4682
4528
4504
4480
4573
4343
4423
4322
4196
4088
4048
3980
3944
4044
3990
3837
3764
3729
3727
3750
3625
3543
3564
3542
3466
3416
3337
3365
3422
3205
3374
3276
3189
3271
3143
3182
2997
3069
2952
3006
2960
2882
2872
2822
2825
2818
2808
2773
2749
2823
2706
2663
2581
2597
2694
2601
2484
2547
2508
2498
2481
2514
2360
2394
2383
2327
2394
2210
2365
2247
2178
2218
2158
2140
2201
2116
2123
2108
2106
2068
2093
2114
2076
2067
2003
1965
1990
2027
1957
2042
1960
1890
1889
1866
1857
1827
1834
1872
1730
1742
1749
1755
1774
1747
1763
1769
1702
1748
1752
1667
1604
1630
1634
1652
1667
1586
1657
1589
1572
1584
1509
1547
1444
1564
1483
1492
1479
1528
1416
1433
1537
1469
1425
1483
1440
1399
1380
1374
1385
1501
1387
1367
1398
1340
1366
1332
1346
1379
1328
1348
1273
1281
1255
1304
1317
1263
1247
1245
1307
1245
1200
1223
1257
1216
1246
1222
1255
1162
1156
1225
1213
1232
1168
1163
1174
1119
1140
1138
1177
1152
1111
1131
1156
1099
1128
1079
1082
1062
1113
1071
1068
1078
1091
1052
1031
1046
1066
1010
1043
1040
1084
1020
1036
1038
998
1023
987
1022
1080
977
969
974
989
1017
999
977
1004
948
958
958
949
974
945
948
937
934
927
1000
937
956
930
917
931
894
908
905
885
934
897
912
895
935
936
883
858
922
895
890
897
886
870
874
861
856
862
897
826
884
908
846
847
886
850
839
830
834
826
844
846
843
813
804
829
829
811
804
801
836
801
820
815
846
771
819
835
785
832
776
787
782
828
779
802
782
792
769
801
778
783
788
747
780
777
739
769
764
773
772
763
764
775
772
794
732
739
759
745
767
760
768
747
744
725
742
750
713
732
757
742
741
735
741
731
745
727
725
708
703
721
748
729
704
734
694
726
719
729
734
715
735
721
702
705
717
710
710
718
698
718
699
713
724
708
708
706
688
694
705
695
719
691
690
690
692
693
698
718
684
692
711
679
676
678
696
673
679
690
669
668
685
670
691
683
692
675
678
672
670
679
658
672
681
693
662
667
691
662
674
675
654
651
670
660
658
661
660
678
656
655
666
678
670
679
675
654
660
656
659
665
659
665
638
660
667
640
656
654
647
665
651
653
654
659
672
653
641
643
642
643
636
661
641
635
629
626
635
645
636
647
647
640
639
628
629
631
629
638
649
638
641
630
628
635
632
637
639
650
644
644
633
644
624
632
620
630
634
624
627
641
628
635
638
610
634
638
630
646
616
634
636
630
633
636
630
616
625
611
623
627
626
619
621
615
622
621
636
623
633
634
625
619
627
635
621
630
622
635
628
615
612
623
632
615
628
632
618
628
616
616
616
622
614
629
623
612
615
626
617
602
614
624
613
626
610
623
621
617
617
628
616
616
622
606
618
616
609
612
601
610
615
615
609
622
625
619
621
625
624
611
608
612
618
615
604
613
613
603
599
605
607
607
610
620
621
605
611
614
607
612
609
599
616
604
608
613
604
613
605
611
605
602
605
610
608
618
606
601
616
604
603
612
616
609
604
606
604
609
608
604
614
606
605
601
602
603
606
613
603
605
603
612
606
606
