619
627
622
623
626
628
617
625
624
619
614
614
620
620
622
623
622
621
633
624
619
631
610
620
630
622
619
626
611
620
616
620
622
627
614
621
622
624
617
627
606
624
622
626
612
627
616
617
625
619
614
624
622
625
623
611
619
626
617
613
613
617
622
626
622
626
615
614
630
626
629
613
613
624
634
618
623
628
616
632
620
611
629
627
622
629
627
621
636
629
631
630
615
620
640
621
613
613
637
618
629
627
638
625
629
631
631
621
616
625
640
631
635
627
633
641
641
635
630
624
625
644
632
632
643
625
647
634
632
643
634
629
652
633
629
639
648
651
604
634
641
648
636
649
633
623
650
657
651
636
647
644
641
632
665
641
637
636
642
635
654
643
630
648
648
649
653
662
636
645
649
637
675
644
644
647
648
661
662
658
647
688
687
648
651
682
646
646
661
658
674
665
654
651
658
659
649
657
669
680
654
665
658
675
668
670
677
663
679
673
653
668
681
693
685
698
690
696
688
681
687
697
672
702
662
682
705
682
694
725
711
703
711
692
706
705
699
715
717
704
712
715
725
702
718
717
714
722
710
724
746
748
699
721
712
733
744
729
715
726
753
756
733
735
763
754
744
751
775
752
742
739
748
728
741
742
765
739
736
762
751
764
761
744
758
766
756
797
775
750
799
806
762
773
822
787
789
784
811
791
825
829
791
785
813
793
849
816
818
830
836
818
839
879
872
883
850
899
890
866
858
877
899
885
949
944
906
931
962
982
919
962
974
1022
987
1028
1035
1000
1044
1066
1036
1106
1090
1074
1102
1130
1174
1161
1146
1202
1227
1287
1232
1301
1371
1331
1434
1454
1420
1494
1427
1494
1519
1499
1633
1634
1616
1679
1737
1740
1839
1814
1912
1919
1937
1993
2159
2152
2236
2186
2347
2445
2494
2499
2647
2629
2737
2734
2801
2931
3086
3290
3228
3463
3430
3711
3788
4029
4003
4201
4303
4339
4615
4613
4873
4884
5126
5349
5482
5816
5991
6265
6307
6537
6850
7285
7695
7872
8028
8387
8616
8757
9196
9623
10071
10268
10581
11008
11406
12043
12361
12948
13309
13847
14704
15069
15346
16235
16800
17570
17994
19017
19436
19903
20724
21019
22012
22660
23463
23951
24426
25750
26057
27243
28254
28866
29605
30498
31919
31989
33200
33920
34390
35315
35689
36985
37261
37828
38632
39272
39965
40537
41058
41863
43266
43653
44449
44606
45622
46252
46357
46898
47696
47691
47713
48335
48531
48800
49146
49821
49405
49083
49674
50541
50169
50176
50801
50925
50921
50863
51844
51856
51822
51350
51195
50817
50466
50388
50062
49914
49045
49456
48790
48129
48189
47307
47139
46455
46567
46163
45698
45495
44817
44304
43592
42736
42370
41964
41183
40695
40419
39565
38598
38700
37927
37047
37259
36303
35860
36139
35542
34699
34698
34191
34034
33401
32875
32854
31539
31764
31191
30678
30015
29924
29876
29117
28878
28412
28352
27867
27992
27716
27560
26661
27061
26756
26723
26347
26206
25669
25445
25165
24582
24831
24201
23492
23962
23708
23142
23234
22834
22813
22664
22638
22113
21779
22236
21529
21553
21151
20982
21030
20818
20480
20571
19928
20098
19351
19452
19011
18997
18580
18500
18073
17819
17771
17605
17464
17236
16986
17058
16860
16694
16611
15933
15944
15602
15467
15376
15393
14872
14776
14563
14021
13900
13950
13718
13707
13488
13300
13478
12774
12890
12835
12531
12354
12412
12005
11841
11779
11724
11381
11327
10937
10869
10777
10746
10553
10320
10342
9940
9949
9749
9646
9508
9375
9326
9269
9031
9023
8943
8592
8685
8391
8274
8226
8050
7981
7909
7811
7627
7723
7638
7350
7181
7183
7295
7161
6828
7006
6722
6893
6639
6599
6314
6383
6335
6212
6181
6009
5947
5701
5781
5718
5704
5701
5478
5480
5420
5426
5380
5180
5198
5239
4932
5040
5058
4958
4928
4827
4758
4565
4710
4418
4441
4571
4429
4414
4264
4088
4177
4150
4129
3947
3985
3912
3948
3949
3816
3957
3938
3747
3700
3570
3543
3607
3483
3551
3334
3334
3351
3451
3307
3272
3315
3119
3107
3250
3128
3127
3001
3074
3025
3035
2974
2884
2906
2847
2881
2847
2704
2651
2741
2680
2750
2683
2514
2681
2544
2545
2498
2618
2525
2514
2352
2412
2397
2428
2364
2380
2392
2286
2372
2313
2295
2227
2256
2241
2235
2126
2182
2163
2196
2123
2098
2118
2149
2032
2013
1976
2039
2026
1942
1919
1957
1976
1862
1949
1937
1868
1836
1824
1855
1891
1791
1794
1802
1729
1765
1767
1722
1696
1736
1683
1707
1744
1746
1620
1585
1621
1558
1633
1630
1541
1608
1634
1598
1563
1561
1520
1496
1543
1508
1428
1486
1464
1548
1461
1455
1452
1506
1438
1404
1430
1426
1406
1356
1426
1420
1387
1375
1358
1359
1344
1365
1336
1341
1303
1288
1281
1344
1236
1289
1255
1276
1302
1272
1253
1253
1244
1235
1289
1172
1223
1196
1176
1184
1209
1179
1205
1240
1114
1157
1154
1161
1111
1163
1184
1093
1159
1091
1096
1094
1158
1097
1080
1063
1097
1098
1101
1040
1100
1009
1057
1017
1036
1009
1057
1057
1078
1051
1077
1066
1042
1000
988
1023
1046
985
1011
1008
956
1023
976
943
998
985
1003
948
940
981
966
929
942
984
926
941
967
923
937
906
929
929
941
907
901
896
931
937
891
913
903
889
860
866
889
887
900
852
887
865
852
884
877
859
893
818
903
902
852
855
908
820
848
860
833
832
824
823
820
834
827
823
818
857
835
793
844
827
832
827
785
792
778
803
813
821
761
785
848
807
814
775
781
808
792
786
808
793
811
779
779
776
762
782
752
759
777
767
750
768
746
756
752
760
752
758
746
740
772
716
742
716
748
740
732
760
746
726
712
720
723
747
697
706
719
727
747
740
736
718
734
727
699
746
736
724
709
710
712
710
698
698
707
727
716
719
719
703
690
714
715
692
690
716
696
695
697
710
702
686
695
690
678
689
682
713
691
690
670
690
696
682
683
686
674
705
684
670
678
687
683
669
670
667
680
671
658
662
674
672
658
647
669
671
673
660
648
673
657
657
661
664
678
657
655
660
668
645
662
656
645
656
652
662
645
654
656
638
662
654
651
637
634
654
653
650
637
643
640
650
665
644
653
657
662
647
626
651
643
629
632
630
641
645
642
650
634
647
623
649
629
652
635
627
634
653
639
621
644
635
643
635
636
631
631
629
632
638
620
634
619
623
637
622
627
624
615
632
637
627
634
628
630
640
627
638
635
648
635
618
626
633
633
623
644
628
627
606
618
626
628
612
636
620
615
618
628
618
628
624
628
620
621
619
608
625
638
615
624
631
623
608
625
627
621
632
614
624
612
619
619
609
620
602
623
610
618
612
621
606
613
608
629
604
623
615
624
608
614
614
608
606
611
610
614
627
622
603
615
604
598
603
609
607
618
608
608
614
610
603
612
608
606
606
619
603
623
624
624
606
608
612
609
609
620
609
599
615
610
613
612
614
608
608
618
612
613
600
605
609
605
615
611
615
615
614
605
612
609
