610
620
615
623
611
619
615
627
631
613
624
629
607
614
609
619
627
621
619
610
620
620
635
622
627
611
607
618
636
619
619
627
614
607
622
625
622
615
627
632
618
616
624
639
618
618
617
615
617
613
612
617
617
626
620
615
635
616
629
620
627
618
622
605
621
610
621
623
627
620
616
614
628
622
617
605
623
624
624
625
630
623
624
620
620
617
628
636
620
625
615
615
611
624
617
621
629
623
635
623
634
626
624
631
639
621
629
634
633
615
622
615
638
641
647
610
641
628
644
620
630
624
637
633
626
636
635
636
617
627
638
635
637
645
632
640
645
627
629
640
632
627
627
643
633
637
628
646
645
651
625
630
650
638
631
632
655
650
623
649
649
640
652
639
645
641
651
644
641
656
638
648
653
648
658
640
647
649
655
652
656
659
651
650
662
670
659
647
647
675
673
681
651
671
658
664
664
667
665
666
649
671
657
659
674
682
687
670
677
666
665
660
676
663
673
671
668
709
690
675
670
673
662
708
692
689
689
690
670
684
683
701
693
686
680
715
694
696
704
693
707
696
700
685
705
704
687
721
703
727
703
696
711
716
689
697
716
730
695
710
724
721
707
744
714
719
725
741
760
739
726
744
744
736
764
741
762
736
742
731
733
770
758
744
731
760
738
749
748
777
744
784
759
769
768
765
777
783
778
777
803
777
829
772
804
794
760
770
804
820
792
797
819
818
843
853
817
844
872
844
862
848
854
862
878
890
920
896
912
920
899
922
914
925
964
961
968
971
963
1000
1012
1100
1023
1090
1072
1062
1131
1082
1085
1074
1119
1160
1119
1231
1240
1249
1229
1286
1296
1331
1391
1324
1461
1404
1453
1492
1546
1487
1577
1635
1564
1663
1735
1782
1839
1800
1847
1950
1999
2048
2073
2185
2140
2199
2303
2384
2377
2549
2572
2614
2658
2841
2775
3001
2941
3211
3291
3416
3590
3574
3652
3883
3893
4104
4082
4294
4482
4613
4547
4953
5227
5322
5358
5731
5938
6153
6518
6603
6729
7105
7342
7664
7931
8149
8297
8732
9001
9391
9878
10009
10475
10534
11259
11465
12059
12261
13054
13641
14190
14416
14875
15792
15800
16184
17137
17493
18015
18685
19426
19469
20248
21193
21788
22527
22719
23742
24396
24995
25910
26322
27221
28021
28516
28932
29353
30207
30489
31094
31927
32145
32738
33822
34252
34566
35769
36028
37041
36952
37765
38323
38692
38962
39401
40189
40042
40790
41310
41085
41183
41566
41853
42045
42791
42781
43232
43086
43304
43769
43709
43939
44375
44543
44736
44255
44596
44583
44098
44123
43838
43350
43769
43086
43196
42855
42125
41937
41624
41798
40801
40913
40236
40207
39900
39285
39082
38135
37293
37211
37004
36241
36148
35759
35175
34133
34510
33573
33111
32968
32759
32348
32105
31623
31401
31166
30655
30673
30085
29955
29298
29173
28491
28229
27502
27761
27030
26536
26639
25982
25699
25920
25606
24805
25149
24834
24849
24638
24159
23945
24116
23701
23419
23164
23134
23080
22388
21876
22042
21937
21989
21207
21418
20980
21111
20786
20249
20466
20206
20455
19987
19452
19404
19403
19410
19018
18789
18642
18323
18124
17972
17866
17407
17330
17033
17026
16837
16751
16517
16013
16056
15910
15664
15155
15423
15465
14979
14801
14726
14347
14274
14015
14005
13569
13148
12976
13066
13075
12650
12710
12476
12429
11994
11947
11936
11693
11639
11360
11064
11339
11102
10996
10829
10886
10710
10039
10189
9944
9924
9826
9725
9506
9428
9092
9451
9006
8734
8828
8831
8638
8589
8473
8451
8094
7976
7903
7968
7784
7578
7455
7446
7358
7210
6916
7162
6952
6737
6905
6701
6554
6592
6701
6423
6190
6242
6117
5989
5964
5901
5894
5773
5631
5743
5555
5439
5356
5337
5379
5368
5176
5120
5017
5007
4883
4998
4881
4835
4778
4733
4690
4612
4479
4395
4409
4330
4394
4210
4161
4050
4054
3994
3946
3963
3963
3893
3774
3767
3721
3666
3655
3533
3613
3594
3396
3425
3571
3454
3534
3318
3165
3278
3294
3155
3179
3177
3107
3029
2986
2967
2981
3045
2936
2925
2928
2838
2873
2902
2785
2743
2740
2701
2738
2654
2584
2550
2516
2636
2493
2523
2527
2491
2382
2409
2539
2367
2436
2379
2364
2357
2314
2254
2330
2219
2208
2159
2135
2230
2117
2105
2106
2139
2070
1983
1982
1972
2030
2011
2000
2022
1962
1866
1888
1845
1905
1950
1846
1834
1838
1802
1836
1737
1764
1778
1711
1790
1726
1814
1694
1657
1682
1638
1685
1608
1600
1571
1637
1568
1640
1584
1615
1505
1535
1496
1518
1461
1504
1471
1468
1528
1481
1494
1413
1419
1432
1418
1441
1441
1398
1379
1407
1357
1436
1379
1439
1390
1345
1317
1392
1370
1316
1331
1335
1332
1278
1283
1275
1248
1284
1260
1214
1259
1280
1267
1246
1237
1183
1194
1264
1145
1165
1214
1179
1208
1183
1190
1142
1127
1141
1174
1174
1116
1147
1089
1120
1094
1121
1127
1161
1140
1086
1140
1059
1069
1123
1047
1068
1080
1047
1058
1088
1076
1053
1013
1032
988
979
1061
1030
1035
972
994
997
981
1007
994
989
993
956
984
1006
985
940
958
959
936
978
935
956
975
967
960
937
901
977
965
958
904
898
907
877
930
964
888
903
888
869
899
909
891
897
909
890
859
839
912
878
872
843
853
853
880
824
872
858
840
816
843
829
847
816
836
841
830
832
850
855
828
859
819
804
792
838
801
814
786
797
819
789
787
818
804
823
799
821
794
811
787
771
819
767
770
785
771
799
766
782
746
793
770
776
782
749
756
770
747
756
747
752
762
742
768
731
760
762
774
750
750
751
743
758
739
766
752
739
741
768
726
749
722
717
742
721
705
728
723
708
730
704
699
712
725
706
695
724
710
701
711
722
713
716
725
699
697
683
690
674
702
704
716
700
700
699
698
680
690
689
702
690
681
722
682
702
673
666
681
680
697
680
687
692
695
680
686
673
678
708
684
667
667
661
669
667
686
641
673
663
698
672
680
676
673
667
686
654
674
675
655
652
663
656
657
640
667
658
661
667
681
678
657
643
640
642
662
652
664
664
652
650
659
666
658
661
652
651
668
650
637
652
643
634
643
645
646
671
633
630
628
651
643
663
626
641
645
628
645
645
655
637
638
641
635
619
622
640
648
631
636
607
622
626
635
635
631
640
623
629
649
635
628
620
621
628
633
630
617
628
632
633
619
636
615
623
619
632
631
624
635
613
613
638
618
631
630
618
627
619
618
617
626
621
626
626
621
626
633
623
614
637
617
609
615
610
619
615
629
636
620
620
636
614
619
606
634
629
634
627
609
623
614
620
605
620
618
623
623
630
608
612
607
613
618
615
618
614
625
603
613
616
615
623
621
615
595
614
627
617
603
617
614
600
626
603
613
612
611
617
607
611
616
615
608
606
615
613
613
608
622
621
601
618
609
612
611
615
604
609
619
621
613
615
621
623
602
614
620
618
603
610
611
614
608
605
614
609
605
617
609
610
607
611
605
612
