647
628
615
627
621
621
621
614
627
622
623
629
629
619
633
620
629
626
620
628
637
627
621
618
616
610
626
627
611
628
628
626
608
628
625
618
612
620
620
634
625
626
622
623
620
620
610
618
641
625
632
629
625
629
613
632
629
629
628
634
617
625
622
616
638
630
637
614
617
638
630
619
622
622
630
630
637
628
626
631
621
635
614
640
615
639
637
629
624
639
628
623
620
624
633
628
617
643
629
644
644
631
629
637
643
638
639
631
616
630
613
641
642
628
631
625
635
636
627
629
637
647
638
650
636
651
658
647
634
643
650
640
639
624
637
641
650
632
650
640
673
645
642
650
632
640
663
635
639
634
641
662
633
650
659
647
674
646
645
654
647
654
634
651
656
662
632
653
677
642
653
667
649
673
661
673
650
669
650
670
655
648
654
670
655
657
669
674
674
664
674
649
666
683
666
680
677
686
653
675
665
669
676
667
688
671
687
683
678
672
687
692
694
692
715
696
684
690
666
687
680
711
703
686
681
697
712
703
705
717
722
708
695
730
713
732
723
716
708
704
722
722
733
701
742
740
734
731
738
766
709
746
759
715
745
725
735
728
748
744
750
738
733
769
742
765
752
764
748
790
765
754
759
766
746
787
756
772
759
784
781
797
794
795
807
805
777
803
779
772
776
781
797
789
797
845
799
824
807
838
821
841
838
845
859
848
846
838
869
859
873
825
861
860
848
892
906
865
907
862
937
887
908
907
886
951
920
986
948
972
1017
999
995
1028
1018
1051
1019
1046
1107
1044
1108
1134
1154
1143
1168
1186
1151
1213
1226
1215
1198
1233
1261
1247
1356
1379
1359
1387
1471
1444
1508
1465
1527
1577
1588
1604
1637
1645
1746
1791
1823
1883
1886
2053
1941
1997
2099
2203
2266
2235
2350
2328
2460
2432
2615
2605
2737
2814
2961
3030
3052
3249
3293
3313
3619
3600
3675
3801
4094
4126
4266
4401
4662
4520
4683
4961
5168
5365
5567
5523
5797
6150
6303
6541
6618
7067
7428
7788
7980
8301
8337
8572
9191
9342
9469
10170
10431
10691
11084
11798
11822
12428
12970
13282
14057
14313
15104
15399
16229
16730
17419
17879
18349
18738
19637
20093
21170
21867
22545
22816
23776
24484
25319
25735
26766
27978
28378
29326
30041
30498
31392
32732
33336
33582
34363
34912
35872
36360
37156
37321
38467
39124
39985
40412
41761
42184
43313
43058
43678
45062
45549
45794
46021
46665
47067
47734
48635
47898
48657
49232
49379
49512
49979
50591
50629
51138
51604
51812
51895
52040
52603
52560
52652
52782
53166
52871
52399
52138
52152
51593
51412
51454
50837
50755
50635
50445
50025
49450
49001
48802
48364
48111
46969
46977
46445
45807
45080
45168
43901
43015
42952
42888
41458
40893
40949
40273
40078
39492
39250
38573
38558
37436
37405
37360
36532
36367
35542
35759
34774
34466
33955
33340
32541
32868
31984
31595
31801
31245
30991
30571
30525
30498
30104
29344
29511
29340
28898
28673
28530
28137
27640
27766
27489
26978
26869
26255
26173
25831
25544
25357
25503
24935
24820
24882
24536
23833
24453
24033
23367
23463
23325
22983
22910
22751
22305
22035
21744
21638
20990
21200
20705
20700
20101
20029
19878
19354
19757
19350
19307
18979
18665
18511
18235
17934
17701
17556
17447
17095
17036
16686
16450
16165
15880
15557
15756
15389
15040
14883
14641
14607
14310
14237
14372
13912
13823
13583
13535
13481
13155
12917
12842
12669
12366
12077
12097
12189
11760
11631
11437
11295
11225
11157
10831
10561
10650
10616
10271
10195
10039
9962
9928
9729
9842
9362
9325
9225
8967
9066
8691
8666
8616
8320
8334
8233
8037
8180
7887
7863
7758
7801
7496
7465
7517
7342
7389
6972
7002
7007
6865
6678
6552
6570
6571
6326
6316
6387
6161
6063
5849
5874
5775
5834
5713
5695
5701
5597
5515
5442
5358
5216
5269
5341
5087
5067
4836
4862
4919
4646
4744
4645
4672
4657
4585
4519
4297
4202
4378
4181
4327
4127
4144
4203
4068
3954
4065
3924
3861
3789
3681
3783
3738
3641
3510
3580
3586
3613
3542
3403
3429
3490
3315
3380
3272
3155
3290
3192
3127
3122
3102
2997
3044
3040
3058
2842
2835
2876
2851
2818
2846
2814
2762
2766
2664
2713
2704
2686
2536
2649
2633
2624
2520
2505
2522
2462
2455
2488
2453
2423
2347
2428
2301
2329
2401
2274
2188
2209
2225
2142
2097
2193
2077
2184
2092
2106
2131
2040
2054
2037
2020
2060
2022
2003
1980
2060
1977
1922
1945
1920
1924
1873
1910
1860
1935
1787
1764
1812
1882
1723
1733
1750
1691
1699
1784
1680
1684
1712
1665
1650
1712
1663
1649
1653
1654
1565
1625
1659
1563
1523
1510
1495
1485
1504
1499
1545
1487
1457
1468
1473
1431
1534
1425
1477
1470
1440
1421
1381
1480
1410
1410
1308
1374
1345
1323
1345
1366
1376
1333
1320
1336
1317
1302
1273
1288
1263
1233
1277
1282
1302
1277
1268
1241
1223
1219
1227
1251
1231
1200
1247
1172
1240
1249
1197
1147
1158
1167
1185
1197
1138
1124
1168
1116
1141
1153
1145
1117
1102
1090
1053
1122
1104
1074
1110
1077
1085
1090
1058
1070
1023
1104
1019
1054
1016
1041
1044
1047
1069
1029
995
1013
1041
1012
1024
973
1001
998
959
1011
970
964
989
972
968
996
955
996
920
995
925
979
949
920
935
896
920
927
971
924
923
918
900
890
908
921
909
855
911
921
887
870
842
874
893
860
866
869
857
865
839
899
823
840
915
841
851
805
848
834
811
873
815
871
821
839
807
833
814
827
804
820
821
824
843
810
817
799
800
797
820
778
816
802
824
776
794
816
781
782
783
818
763
778
757
759
760
764
780
754
797
753
776
797
757
773
767
757
768
764
744
751
738
785
724
759
747
749
760
749
772
721
720
723
730
723
747
724
706
721
726
740
741
726
725
707
733
717
709
705
746
722
717
710
699
699
701
690
700
706
702
695
702
701
692
695
699
723
693
703
676
715
694
692
701
689
689
703
689
687
715
670
668
668
695
688
699
711
695
687
672
702
699
666
701
701
666
660
667
679
698
660
674
650
685
675
665
679
669
663
687
678
661
668
659
661
669
673
651
674
637
653
665
663
663
688
667
643
677
661
666
662
645
644
649
648
662
649
655
664
635
650
649
654
658
661
643
636
645
652
654
654
636
641
662
643
644
639
643
645
658
634
635
655
642
627
637
644
645
647
644
629
649
635
640
628
637
656
648
639
643
616
626
641
634
635
625
636
620
622
624
631
635
622
620
638
638
630
620
618
626
627
626
638
621
635
631
639
631
635
619
628
611
610
622
619
623
615
632
618
620
623
619
621
622
620
626
619
618
629
632
615
628
613
621
619
624
619
623
628
607
622
629
602
619
621
629
629
618
631
627
625
634
607
618
619
610
609
617
607
609
619
612
614
605
615
617
626
610
606
611
614
621
617
611
618
626
611
613
617
614
611
611
616
617
616
622
617
626
613
619
617
605
611
627
616
618
606
598
607
617
612
612
615
613
607
618
612
605
611
605
611
606
