639
625
627
638
629
638
618
624
627
623
621
628
625
635
637
635
623
622
621
628
623
638
624
632
609
645
623
617
623
618
634
625
624
625
626
633
633
624
630
633
631
634
638
627
628
628
635
630
627
638
625
615
633
632
624
627
618
621
622
633
626
627
649
623
635
635
634
636
636
622
623
639
629
646
624
630
624
631
634
636
626
629
645
641
630
626
634
631
627
629
632
643
642
643
628
635
653
630
633
645
650
641
627
642
634
628
645
637
657
635
635
639
618
634
637
639
654
641
640
646
647
650
649
632
639
639
635
647
655
665
641
638
660
627
641
635
649
644
660
646
646
662
654
643
656
655
657
654
642
654
668
671
657
658
669
672
643
654
657
656
661
679
668
657
677
664
660
684
665
663
669
674
683
695
667
662
655
687
684
686
684
690
666
692
671
695
690
686
680
641
685
669
685
692
673
698
659
711
681
688
725
672
706
718
714
696
706
697
724
707
705
719
731
694
695
716
711
706
724
715
704
699
738
725
689
677
712
720
722
721
740
734
721
705
718
758
763
751
727
751
765
745
764
717
755
759
783
770
756
772
780
778
716
773
749
766
773
776
786
795
806
820
769
764
753
790
779
769
773
786
799
798
797
803
807
817
781
799
807
832
844
875
808
825
861
834
830
845
844
830
869
831
900
844
869
828
884
863
872
849
892
841
894
923
905
873
925
920
920
933
909
943
932
942
924
976
979
943
957
981
971
1072
1013
1008
989
1035
1048
1090
1039
1084
1112
1037
1110
1054
1124
1120
1164
1161
1204
1253
1284
1214
1261
1302
1315
1373
1258
1336
1389
1414
1405
1413
1462
1452
1475
1593
1546
1677
1663
1723
1737
1742
1851
1841
1874
1930
1959
2042
2133
2140
2069
2148
2303
2385
2363
2391
2523
2577
2572
2698
2829
2915
2915
3018
3046
3342
3411
3334
3470
3683
3708
3885
4036
4203
4189
4453
4507
4606
4930
4980
5246
5456
5477
5722
5915
6305
6412
6589
7061
7192
7498
7541
7716
8260
8444
8857
9234
9809
10136
10353
10708
11219
11462
11760
12217
12633
13216
13831
14331
14755
15368
15661
16454
16969
18208
18539
18855
19672
20706
21221
22569
22809
23756
24138
25043
26282
27101
27586
28778
29801
30416
31471
32466
33436
34821
35980
36964
38097
39386
39697
40798
42253
42976
43934
43991
45801
46093
47401
47765
48346
49668
50774
51397
52411
53794
54699
55163
55999
56837
58089
58315
59360
59775
60247
60793
60811
61467
61432
61999
62489
62862
62574
63794
64049
64264
64253
65073
65535
65535
65535
65535
65535
65535
65535
65535
65535
65127
65535
64795
64468
64403
63915
63571
63011
62215
62454
61366
61335
60548
61099
59806
59480
59172
57817
57037
56711
55572
54967
54412
53598
53403
52309
51368
50681
50209
49785
48605
48547
47604
47354
47010
46294
45999
45013
44828
44362
43656
43030
42568
41611
41365
40683
40235
39944
38893
38701
38460
37756
37461
36820
37058
36396
36680
35866
35532
35442
35291
34749
34243
33805
33592
33581
32999
32936
32190
31554
31671
30880
30934
30738
30274
30114
29972
29674
29285
28844
29149
28860
28370
28143
27773
28013
27675
27227
26654
26478
26402
25717
25521
25412
24736
24710
24651
23979
23868
23753
23829
22920
22761
22620
22972
22089
21670
21906
21808
21484
20585
20611
20378
20193
19946
19479
19139
18926
19214
18774
18268
18136
17745
17754
17360
17015
17152
17019
16627
16970
16126
16300
15811
15718
15285
15166
14954
14699
14335
14305
14042
13925
13614
13737
13661
13215
12938
12718
12655
12767
12518
12399
12185
11997
12207
11549
11560
11549
10965
11151
10965
10702
10642
10529
10353
10088
10023
9887
9828
9597
9551
9379
9198
9263
9134
8951
8802
8862
8753
8415
8504
8230
8116
8142
7911
7921
7734
7752
7511
7373
7353
7132
7108
7151
7083
7024
6886
6776
6491
6471
6447
6451
6401
6268
6135
6091
6214
6091
6135
5813
5649
5554
5688
5631
5470
5524
5195
5282
5291
5193
5107
5001
5083
5079
4883
4871
4997
4614
4600
4657
4628
4559
4565
4395
4283
4342
4191
4268
4232
4125
4190
4098
4146
4019
3902
3911
3940
3879
3786
3748
3843
3804
3691
3652
3599
3569
3505
3439
3498
3416
3396
3336
3271
3300
3304
3197
3201
3206
3079
3182
3068
3060
3050
3058
2973
3001
2954
2879
2826
2839
2810
2813
2835
2738
2712
2631
2749
2648
2645
2651
2605
2625
2530
2590
2434
2427
2437
2492
2466
2386
2422
2347
2414
2325
2334
2315
2269
2308
2304
2194
2150
2175
2287
2160
2140
2062
2170
2118
2066
2023
2000
2008
2006
2140
2036
2101
1928
1999
1972
1954
1943
1849
1905
1873
1946
1846
1881
1801
1831
1807
1792
1768
1769
1774
1740
1773
1720
1667
1669
1634
1671
1630
1745
1758
1643
1664
1621
1568
1671
1598
1609
1569
1626
1508
1565
1554
1572
1496
1498
1474
1476
1438
1486
1477
1428
1456
1467
1423
1449
1435
1349
1396
1384
1402
1390
1348
1330
1393
1317
1354
1391
1296
1282
1282
1345
1266
1377
1287
1322
1280
1318
1251
1318
1264
1232
1234
1233
1223
1302
1228
1204
1150
1201
1246
1185
1181
1191
1155
1214
1171
1159
1166
1102
1146
1122
1095
1121
1124
1127
1086
1125
1105
1119
1073
1085
1086
1083
1050
1037
1073
1044
1047
1034
1089
1012
1010
1037
1074
1032
1006
1042
997
1007
933
1039
994
994
1029
996
1004
1014
949
952
972
980
963
964
948
980
939
965
974
960
965
930
983
944
946
968
899
938
907
955
905
881
933
903
898
899
891
883
895
847
863
920
877
919
906
858
897
888
854
870
890
868
886
842
867
848
853
855
906
837
829
846
821
844
834
826
842
837
829
832
846
791
829
806
794
807
840
805
834
777
802
816
811
803
815
800
808
815
794
781
825
796
745
776
778
761
751
787
781
785
763
768
743
778
747
753
754
725
754
768
736
760
747
744
767
734
778
761
740
754
733
732
740
730
742
730
744
756
733
734
730
727
725
759
719
755
718
716
727
708
719
684
722
709
728
712
705
735
717
712
682
736
706
713
703
691
715
710
699
704
685
692
686
691
701
695
688
667
688
683
675
677
675
708
687
693
664
698
666
684
681
670
662
683
686
669
685
673
676
676
672
669
683
685
679
658
680
664
692
662
683
670
671
679
658
678
656
680
679
648
668
677
659
646
665
636
649
671
629
675
644
661
641
645
655
640
635
627
651
663
672
637
646
641
653
629
654
648
644
656
635
641
629
642
643
649
638
635
642
641
646
638
638
641
636
649
645
640
628
623
636
652
627
650
638
638
631
638
624
638
641
635
637
622
629
625
641
631
628
649
634
633
637
647
635
630
608
620
620
623
630
626
635
630
621
634
629
623
633
647
629
624
632
629
614
632
615
629
621
624
628
615
623
631
622
638
618
622
622
633
619
619
625
632
625
630
629
623
618
621
638
627
630
621
608
620
620
616
614
611
612
613
606
624
622
620
627
619
623
617
609
610
617
611
626
619
618
617
612
623
609
612
617
615
606
618
615
606
618
620
613
606
612
610
612
609
606
614
608
612
608
