612
628
638
622
636
618
641
633
624
626
637
643
642
641
627
630
625
619
634
617
628
633
634
621
611
634
628
649
625
619
635
628
632
627
633
636
634
615
609
625
627
621
615
633
636
625
627
624
627
625
624
629
636
627
639
615
630
629
648
637
635
626
621
622
623
635
627
633
631
632
627
631
626
630
621
637
632
626
626
647
634
617
627
635
639
640
628
630
631
640
630
629
646
628
646
651
644
635
635
623
637
648
630
649
657
639
642
634
631
623
644
657
640
650
646
657
655
648
657
652
664
650
635
651
634
649
670
647
646
667
638
653
651
661
663
634
665
651
640
650
655
636
658
655
660
648
649
656
666
638
632
666
650
658
653
654
648
656
656
686
664
675
673
657
647
665
658
664
651
665
674
675
663
676
686
675
650
649
672
672
666
676
665
677
653
687
665
693
684
682
670
684
668
680
679
663
691
699
695
695
689
691
703
701
681
670
705
699
685
687
698
713
724
719
719
725
713
722
711
697
710
705
720
705
687
715
745
707
717
724
742
720
726
739
721
715
753
754
728
741
730
751
723
758
718
754
772
733
737
789
757
747
780
760
768
747
768
734
734
791
769
780
785
752
789
758
779
783
784
761
726
793
779
801
798
782
796
818
756
821
829
825
800
809
826
810
813
798
826
804
844
834
843
837
859
816
877
867
822
831
850
883
858
854
873
870
889
894
853
884
901
914
919
913
886
925
935
924
909
967
929
924
921
1028
1000
1005
1040
1043
1020
1027
1047
1093
1061
1062
1108
1132
1098
1154
1104
1155
1219
1206
1260
1233
1250
1255
1225
1306
1293
1389
1370
1370
1465
1409
1438
1456
1517
1478
1460
1588
1598
1685
1629
1749
1755
1784
1877
1850
1917
1998
2011
2106
2061
2131
2188
2209
2352
2454
2443
2513
2587
2682
2706
2751
2894
2874
3014
3225
3290
3355
3519
3456
3685
3842
3982
4073
4236
4226
4465
4766
4793
5012
5133
5265
5452
5559
5770
6091
6085
6272
6690
6820
7080
7340
7735
7951
8417
8619
8988
9204
9711
10054
10390
10594
11238
11424
11736
12428
12741
13511
13495
14078
14641
15645
15994
16860
17181
17963
18549
19062
19904
20828
21046
22031
22306
23023
24074
24703
25494
26539
27190
28024
28975
29851
30574
32116
32460
33953
34647
35430
36069
37281
37770
38974
39571
40333
40991
42184
42756
43202
44252
45401
45824
46791
47961
48346
49962
50274
50433
51772
52003
52732
53349
54005
54399
55065
55628
55507
56284
56451
57105
56732
58036
57462
58282
58499
59357
59852
59738
60603
60763
60643
60311
61135
60676
60147
60016
60400
60222
59813
59015
58881
59191
57563
57950
57667
57217
56665
56361
56241
55901
55674
54891
54124
53764
52803
52027
51033
50899
50597
49624
49621
47996
47634
46879
46652
46064
45634
45115
44227
44003
43652
43108
42584
42383
41663
40510
40793
40039
39691
38917
38891
38083
37718
37094
36710
36355
35387
35591
35665
35148
34602
34349
34023
33782
33746
33668
32868
33051
32156
32267
31990
31008
30862
30821
30481
29855
29573
29348
29275
28762
28738
28297
28447
28026
28131
27821
27649
26736
26910
26717
26321
26610
26164
25757
25325
25190
24619
24321
24058
23854
23889
23715
23235
22910
22879
22870
22120
22250
22040
21737
21696
20974
20753
20760
20675
19824
19820
19581
19126
18968
18307
18148
18307
17885
17874
17243
17202
17094
16671
16533
16667
16483
16294
16092
15523
15485
15341
15345
14931
14657
14540
14506
14470
14163
13739
13467
13252
13274
13329
13234
12568
12586
12544
12289
12081
11736
11672
11500
11636
11282
11185
10911
10933
10745
10537
10234
10411
10139
9941
9786
9866
9906
9595
9345
9212
9080
8972
8598
8866
8775
8587
8587
8328
8210
7942
8111
7944
7797
7696
7813
7486
7451
7496
7258
7046
7109
7017
6999
6794
6594
6449
6436
6636
6392
6316
6382
6029
6259
5921
5903
5967
5941
5669
5723
5479
5641
5506
5354
5234
5334
5050
5182
4992
5138
4845
5002
4888
4808
4818
4739
4670
4626
4592
4475
4442
4443
4344
4190
4231
4122
4180
4087
4149
4038
4071
4025
3906
3974
3843
4015
3820
3666
3705
3645
3498
3573
3529
3538
3387
3416
3420
3404
3286
3369
3285
3219
3177
3091
3142
3099
3070
3143
3002
3015
2970
3016
2975
2991
2855
2883
2786
2829
2820
2742
2726
2633
2733
2690
2725
2532
2623
2487
2620
2674
2488
2524
2444
2435
2423
2401
2464
2352
2299
2350
2346
2279
2327
2266
2214
2281
2245
2257
2220
2268
2173
2234
2128
2174
2045
2054
2021
2004
2031
1952
2012
1906
1957
1987
1951
1968
1891
1885
1915
1921
1909
1772
1894
1842
1808
1786
1728
1789
1848
1736
1728
1712
1705
1665
1697
1647
1695
1642
1631
1623
1642
1655
1639
1656
1502
1707
1578
1628
1561
1619
1526
1553
1492
1552
1534
1475
1516
1505
1514
1457
1522
1471
1530
1462
1398
1453
1383
1383
1433
1372
1393
1381
1350
1403
1355
1332
1376
1336
1290
1309
1298
1325
1279
1289
1353
1310
1297
1290
1244
1267
1225
1258
1227
1233
1242
1216
1216
1243
1215
1165
1108
1217
1201
1182
1195
1138
1168
1134
1086
1154
1182
1200
1120
1120
1107
1098
1112
1053
1086
1091
1095
1093
1098
1069
1041
1061
1043
1085
1071
1023
1002
1033
1023
1047
1036
990
1006
1068
988
1035
1032
1017
1028
975
956
976
969
1003
971
952
953
939
960
963
933
955
983
954
983
941
910
932
915
922
938
947
960
905
927
946
896
941
907
898
913
908
914
899
879
907
881
906
921
885
883
879
905
855
862
857
828
879
860
867
885
849
871
846
860
855
837
856
811
834
834
827
850
843
819
780
846
803
809
841
810
811
805
835
795
778
776
826
772
804
766
778
759
797
791
796
793
776
776
778
822
777
765
760
764
776
775
779
775
781
770
754
758
729
757
749
766
751
754
760
724
734
725
728
703
740
735
745
737
714
753
732
739
751
727
717
728
715
738
716
723
723
745
725
721
686
728
730
682
726
722
717
711
706
713
714
711
692
709
730
714
706
729
714
711
715
694
696
683
692
689
700
704
689
692
694
700
658
685
692
689
694
689
680
678
673
674
676
684
653
654
683
657
671
669
656
685
676
667
657
652
672
660
663
665
650
667
670
661
682
655
656
667
666
678
661
670
658
665
684
647
647
653
661
638
657
656
644
644
667
643
668
661
653
639
674
648
654
656
648
645
651
647
658
647
644
680
655
648
639
648
654
642
642
660
648
645
648
618
635
639
645
639
633
634
631
636
636
639
636
650
629
638
622
630
636
649
640
637
627
628
644
612
643
633
622
628
629
652
622
639
635
635
625
633
632
618
620
635
619
629
620
627
608
623
629
629
635
617
641
628
630
621
622
618
616
621
635
620
626
632
625
631
612
626
619
629
625
624
628
616
621
612
619
629
616
623
613
612
611
612
615
621
606
609
622
608
612
622
625
627
616
620
619
616
603
615
620
624
618
612
622
611
611
611
610
603
612
607
619
613
619
630
615
614
619
610
618
615
606
614
612
605
611
609
622
620
612
610
609
617
