630
636
632
632
623
640
629
639
648
641
640
629
634
635
623
634
628
631
637
657
639
631
641
634
640
623
632
633
643
628
631
628
637
630
644
648
622
641
639
661
635
631
636
636
634
635
633
641
629
645
645
625
635
621
640
624
640
649
639
619
637
653
638
625
637
636
633
618
648
640
627
640
656
636
640
646
647
636
636
634
631
652
651
620
635
633
653
640
642
645
628
634
638
634
638
639
636
637
651
635
652
647
661
665
644
654
655
653
657
636
635
660
652
667
666
646
659
660
669
665
663
652
655
683
650
664
675
658
649
669
662
664
681
658
660
668
670
648
662
669
647
676
680
665
667
671
655
692
677
661
684
672
674
690
667
695
660
696
695
693
661
679
676
669
663
683
684
676
677
672
683
704
686
689
702
715
697
692
691
691
696
718
706
714
708
693
700
679
716
696
716
719
720
694
673
706
705
702
724
754
712
723
722
722
730
725
700
731
713
738
740
730
719
714
755
744
752
704
744
742
759
733
745
715
796
732
766
759
774
760
739
774
784
769
777
748
762
780
770
774
808
794
765
811
790
806
812
801
801
812
789
805
829
813
809
812
818
827
848
860
807
827
833
821
793
803
852
856
813
838
794
863
854
828
856
876
875
891
860
866
887
911
830
875
870
872
871
850
887
869
888
911
870
917
897
921
928
938
943
931
945
971
954
936
964
917
976
976
998
979
1036
969
1018
954
998
1067
1039
1016
1081
1075
1094
1042
1080
1094
1082
1100
1171
1191
1157
1185
1216
1184
1224
1203
1277
1274
1241
1272
1309
1346
1376
1337
1326
1416
1436
1509
1455
1558
1585
1483
1530
1617
1598
1744
1667
1689
1765
1834
1874
1835
1960
1953
2092
2045
2108
2130
2215
2214
2183
2356
2442
2479
2554
2605
2683
2703
2839
2914
2994
3013
3255
3298
3327
3437
3580
3516
3834
3958
3852
4240
4332
4398
4645
4912
4762
5135
5288
5461
5501
5879
5864
6306
6447
6631
6704
6940
7474
7611
7687
8180
8241
8577
8958
9351
9745
10222
10487
10989
11407
11733
12047
12658
12824
13423
14085
14751
15078
15834
16122
16770
17352
17993
18997
19334
20255
20893
21626
22754
23410
24578
25398
25760
26804
27155
28548
29514
30242
31620
32949
33089
34674
35897
36873
38101
39274
40771
41904
42809
44632
44956
46666
47798
48598
49501
51398
51794
52825
54017
54622
55432
57164
58324
59146
60130
62036
62480
62887
63964
65535
65535
65535
65535
65535
65535
65535
65535
65535
65535
65535
65535
65535
65535
65535
65535
65535
65535
65535
65535
65535
65535
65535
65535
65535
65535
65535
65535
65535
65535
65535
65535
65535
65535
65535
65535
65535
65535
65535
65535
65535
65535
65535
65535
65535
65535
65535
65535
65535
65535
65535
65269
64478
63551
62473
61951
61619
60078
59064
59321
58384
58163
57592
56581
56397
55310
54656
54670
53400
52593
52073
51090
50618
50102
49466
48159
47959
46928
47154
45566
46041
45274
45238
45063
44509
43753
43908
43415
42899
42252
42190
41573
41496
40934
40584
40320
39326
38955
38722
38192
38458
37564
37332
37081
36987
36899
35989
35741
35935
35088
35311
35044
34392
34106
33744
33257
32888
32509
32018
31721
31593
31290
30998
30358
29945
29843
29443
28914
28806
28418
28416
27829
28003
27356
27209
26617
26495
26371
25640
25511
24776
24849
24535
24266
24043
23606
23394
23020
23014
22189
22346
21691
21586
21454
20728
20879
20797
20567
20128
20052
19439
19598
19085
18786
18357
18205
18023
17901
17765
17317
16910
16764
16634
16351
16333
15854
15491
15797
15218
15373
15240
15054
14955
14448
14333
14218
13653
13770
13430
13417
13103
12933
12658
12488
12371
12338
12025
12027
11807
11408
11476
11456
11260
11112
11127
11019
10485
10615
10144
10289
10402
10107
9767
9533
9693
9372
9371
9307
9059
8889
8764
8822
8632
8676
8520
8468
8249
8154
8244
8164
7925
7781
7608
7598
7500
7195
7316
7238
7173
6975
6898
6761
6767
6676
6511
6628
6405
6395
6419
6208
6212
6047
6083
6027
5855
5824
5633
5865
5669
5558
5589
5556
5433
5334
5229
5330
5123
5161
5215
5017
4922
4942
4982
4740
4749
4701
4738
4585
4490
4333
4637
4486
4321
4434
4250
4283
4188
4087
4036
4204
3971
3975
3962
3867
3851
3692
3726
3631
3886
3758
3685
3706
3613
3743
3448
3679
3449
3538
3359
3364
3338
3329
3264
3323
3094
3230
3118
3177
3096
3220
3096
3105
3010
2937
3002
2970
2895
2906
2857
2939
2793
2895
2854
2858
2789
2750
2650
2606
2570
2537
2627
2608
2599
2505
2441
2508
2432
2462
2430
2349
2308
2413
2329
2361
2278
2350
2350
2168
2286
2188
2284
2166
2243
2118
2178
2115
2130
2106
2158
2066
2096
2042
2057
2059
2031
2045
1972
1993
1945
1984
1977
1941
1885
1930
1934
1845
1876
1882
1803
1883
1783
1766
1827
1792
1812
1735
1761
1751
1755
1725
1729
1665
1675
1628
1660
1626
1626
1647
1618
1635
1549
1571
1568
1562
1552
1552
1562
1603
1615
1566
1414
1467
1562
1471
1529
1517
1487
1430
1410
1420
1446
1462
1381
1448
1383
1502
1424
1381
1378
1392
1390
1375
1381
1335
1296
1338
1302
1310
1329
1302
1255
1283
1297
1286
1306
1223
1245
1237
1266
1194
1248
1230
1244
1256
1153
1207
1219
1216
1180
1189
1189
1217
1210
1170
1158
1170
1130
1149
1134
1089
1135
1139
1136
1034
1118
1087
1086
1091
1090
1070
1084
1073
1045
1067
1025
1030
1054
1049
1012
1085
1063
1025
1100
1014
1071
1094
1006
963
976
1016
1016
1018
1015
998
990
983
979
984
983
992
947
1001
973
953
923
933
979
942
1001
951
916
902
930
948
928
897
917
893
906
883
926
884
897
901
904
893
914
906
860
895
897
910
827
881
879
873
845
832
838
868
840
853
862
851
860
833
840
850
827
854
840
798
847
838
811
816
809
812
818
820
816
802
853
813
802
802
800
817
848
822
789
809
782
788
778
778
808
790
780
781
753
763
812
783
779
710
774
762
740
743
743
757
776
740
753
769
777
771
752
735
759
740
752
724
735
744
729
747
736
748
751
731
733
701
735
718
738
705
760
744
714
735
746
749
742
708
706
720
702
723
746
713
697
725
706
706
695
680
690
731
701
709
672
713
672
691
683
699
682
703
690
700
687
673
680
687
692
688
688
675
671
684
660
675
688
668
680
659
702
675
672
669
686
677
690
661
668
667
686
679
658
666
674
694
678
686
654
660
662
668
654
667
656
643
652
666
672
662
669
651
668
671
654
653
669
661
655
670
670
662
659
672
657
648
628
653
631
655
650
649
634
650
647
651
639
651
630
653
642
636
636
653
663
646
629
656
631
643
630
626
641
640
648
640
625
645
627
623
632
645
635
638
649
639
640
634
636
635
629
629
641
621
637
630
632
627
635
620
640
620
620
628
631
636
630
623
638
651
619
639
628
624
636
637
621
628
623
634
629
623
635
637
631
621
619
622
648
623
614
627
629
618
618
624
618
617
616
625
618
616
606
615
622
628
625
604
623
623
623
613
625
616
616
611
619
621
635
617
623
623
614
625
614
622
611
620
614
612
627
610
602
608
