601
609
608
604
601
606
606
606
601
602
610
602
597
605
605
598
606
609
604
608
602
604
601
611
597
594
609
595
606
601
607
612
600
597
605
601
597
597
595
598
601
594
594
595
603
597
598
601
601
601
597
596
601
596
595
603
595
608
609
603
604
597
598
601
606
599
609
604
602
609
600
608
610
598
605
610
603
601
600
614
604
603
612
604
603
598
608
595
603
598
594
599
597
604
598
594
599
593
590
603
611
594
601
598
602
607
605
593
603
604
596
609
607
599
600
606
599
601
597
596
598
606
605
595
604
602
604
606
607
596
603
607
602
602
605
609
601
605
604
601
608
602
598
607
604
604
613
602
608
600
598
605
598
601
599
591
602
602
604
597
604
604
597
600
602
613
592
599
601
606
609
599
605
599
597
597
603
603
602
602
599
611
606
598
605
604
603
601
617
597
599
598
603
601
601
608
605
596
602
602
600
602
605
595
604
597
595
604
603
597
604
610
595
605
595
605
595
597
602
606
596
605
603
605
601
603
597
609
608
594
611
601
601
608
612
608
606
598
604
606
597
600
603
603
611
597
606
609
596
600
605
601
612
606
602
598
606
598
593
600
606
602
606
599
599
604
602
601
599
597
603
608
604
611
596
599
598
596
603
600
601
604
608
610
606
607
598
614
606
603
601
603
595
598
603
606
595
598
608
597
601
607
597
606
603
607
608
602
606
608
604
607
599
610
604
605
598
605
610
606
606
608
605
611
610
607
612
602
609
604
610
601
607
609
602
615
608
611
622
602
624
611
596
612
609
602
607
614
603
610
621
611
622
602
615
608
618
610
622
621
609
616
606
609
618
620
621
611
608
628
610
633
623
613
612
625
619
619
638
619
629
620
634
641
646
633
638
638
628
639
633
629
641
625
644
657
662
648
649
667
650
647
675
675
672
682
659
679
691
679
675
688
694
699
707
705
701
719
719
725
707
740
719
739
729
762
762
768
769
792
775
789
804
794
806
825
847
816
835
835
855
883
861
852
864
893
906
887
926
950
897
982
970
965
1005
1014
1035
1016
1077
1077
1028
1074
1091
1065
1126
1132
1111
1081
1162
1167
1108
1091
1136
1152
1209
1239
1159
1281
1195
1211
1223
1276
1201
1186
1299
1298
1281
1281
1266
1311
1274
1290
1350
1317
1252
1307
1307
1360
1388
1357
1318
1396
1359
1353
1412
1329
1431
1416
1495
1360
1430
1412
1405
1385
1458
1446
1439
1477
1470
1477
1535
1412
1474
1511
1466
1469
1562
1569
1510
1531
1601
1565
1518
1556
1500
1573
1642
1583
1605
1550
1625
1663
1664
1632
1680
1670
1611
1559
1638
1671
1652
1681
1665
1648
1627
1730
1597
1716
1615
1696
1692
1685
1681
1716
1735
1694
1731
1759
1749
1736
1712
1753
1738
1748
1806
1776
1647
1759
1745
1786
1720
1745
1723
1752
1744
1788
1766
1790
1810
1761
1740
1716
1781
1821
1737
1780
1789
1750
1844
1826
1824
1716
1839
1750
1801
1820
1844
1844
1842
1844
1780
1810
1819
1864
1859
1903
1884
1806
1881
1872
1941
1895
1885
1868
1829
1794
1876
1855
1883
1865
1931
1887
1902
1911
1833
1987
2013
1928
1949
1930
1918
1902
1969
1926
1889
1946
1913
2006
1903
1940
1975
1948
1975
1959
1923
2041
1914
2066
2066
1996
1999
2091
2080
2007
2049
1961
1999
1962
2119
2012
2058
2029
1993
2030
2059
2089
2044
1980
2002
2109
2046
2035
1969
1961
2073
2034
2041
1968
2121
2036
2018
2030
2117
2079
1951
2029
2058
1961
2087
2129
2080
2116
1983
1972
2059
2159
2103
2115
2012
2032
1976
2006
1993
2063
2121
2061
2020
2053
1976
2008
1985
1994
1980
1980
1927
1894
1958
1999
1918
1951
1960
1985
1887
1959
2008
1898
1930
1864
1842
1890
1862
1941
1881
1818
1847
1849
1760
1840
1835
1729
1722
1727
1714
1765
1768
1757
1724
1739
1756
1748
1677
1759
1729
1715
1695
1622
1708
1680
1572
1642
1628
1543
1611
1658
1564
1578
1641
1575
1592
1562
1472
1560
1561
1554
1522
1472
1485
1520
1495
1502
1431
1503
1419
1440
1406
1367
1443
1359
1377
1421
1395
1329
1314
1367
1375
1338
1321
1325
1258
1283
1295
1289
1294
1281
1257
1204
1223
1244
1221
1236
1197
1243
1132
1145
1156
1123
1074
1118
1139
1120
1073
1106
1124
1096
1065
1084
1072
1073
1029
1025
1071
1029
1025
1051
992
1033
996
980
953
994
949
970
980
961
956
929
959
932
939
916
935
909
896
905
855
946
897
902
891
876
883
879
881
844
849
837
844
830
861
857
830
824
807
804
851
796
817
783
823
795
818
814
790
765
777
793
789
811
815
759
779
750
761
791
801
750
746
741
733
734
755
755
725
735
735
712
754
717
713
692
743
728
721
735
732
723
732
703
709
684
701
710
691
708
684
733
689
699
689
702
683
706
681
685
694
683
683
668
678
707
684
665
678
669
668
659
664
679
666
654
680
673
675
657
661
667
679
649
671
649
667
652
665
668
655
669
653
669
668
649
645
644
638
637
653
660
633
653
656
643
646
646
646
640
642
642
625
634
644
622
649
648
624
655
645
639
628
649
632
626
635
628
640
632
641
644
624
639
631
632
628
611
639
626
630
623
624
633
614
648
635
646
628
627
640
638
623
621
622
625
625
623
616
635
623
630
614
622
622
621
617
615
627
608
618
626
621
620
615
631
616
623
610
610
616
608
616
623
629
612
608
622
618
604
606
618
615
625
609
614
623
626
616
624
613
609
613
615
624
606
610
608
610
604
605
619
622
618
603
616
598
615
609
605
607
613
622
608
612
605
612
619
603
611
613
615
611
606
610
611
611
607
610
601
611
614
609
600
604
606
610
613
611
609
600
601
600
610
603
611
602
601
625
604
613
596
598
606
603
600
602
610
604
607
611
611
608
607
610
614
605
611
607
600
607
603
611
610
604
607
602
607
605
594
604
599
607
608
607
605
609
600
604
611
603
610
605
614
614
615
603
602
597
602
603
604
598
601
608
605
599
598
607
598
602
604
603
611
600
601
604
608
600
602
596
607
608
610
608
604
606
599
606
594
601
598
608
602
603
614
598
597
599
606
592
611
603
603
609
612
596
599
609
607
605
604
598
602
607
600
602
603
606
610
606
612
610
607
597
607
605
604
608
616
606
607
604
598
596
599
606
601
606
601
602
605
605
605
598
592
601
603
591
598
614
597
593
602
603
604
600
596
603
600
596
599
599
599
593
601
602
599
599
598
603
594
608
599
600
599
604
602
608
603
608
606
603
607
606
598
603
600
602
601
597
602
603
603
608
609
603
603
604
607
595
603
602
601
605
597
