599
602
611
594
601
598
607
601
604
606
605
601
601
602
599
599
608
602
602
595
601
600
595
602
606
602
608
611
610
607
597
604
590
605
600
601
592
606
595
598
600
600
607
610
604
601
599
597
601
600
596
608
600
595
602
595
604
595
596
599
606
602
599
602
599
606
599
598
598
599
614
606
606
601
613
599
604
599
610
603
595
594
596
599
603
592
595
605
601
598
607
607
603
603
604
603
604
599
595
590
596
592
590
605
597
605
598
611
604
607
598
596
602
611
598
595
594
599
601
606
600
601
600
604
606
603
602
605
597
601
603
604
595
604
598
607
601
599
600
600
600
604
598
591
595
598
600
606
606
604
609
599
603
596
601
598
594
613
597
592
594
604
599
605
598
599
602
597
604
605
602
608
603
598
602
601
603
599
603
594
604
598
602
607
602
598
606
600
600
604
595
603
599
596
591
602
595
602
589
605
598
592
604
599
592
604
605
597
595
599
608
600
599
613
600
594
591
592
605
596
592
600
593
606
604
605
594
596
606
596
599
600
599
602
605
595
600
605
596
602
597
601
603
597
604
604
602
602
600
595
603
614
603
601
605
605
600
598
603
601
603
605
596
602
595
605
605
596
599
596
598
599
605
605
604
604
603
602
594
597
600
598
601
588
595
596
606
602
598
606
600
603
596
595
596
602
598
606
596
591
604
600
603
601
603
605
596
601
600
614
597
604
603
599
594
599
603
599
601
599
600
606
595
603
599
604
594
596
601
602
605
599
606
604
594
598
609
603
601
603
593
598
606
594
607
597
599
606
602
600
602
596
603
595
604
599
600
601
600
599
596
601
594
602
603
598
600
605
599
596
600
595
606
596
590
598
598
586
595
598
597
599
595
607
606
603
597
599
599
608
600
598
601
604
597
610
606
600
609
595
600
603
597
593
604
603
612
590
604
600
591
598
598
607
605
608
601
591
598
596
596
607
604
599
601
600
595
606
599
609
601
602
608
601
604
596
604
601
602
600
605
606
601
608
602
605
599
597
601
600
592
597
595
603
610
597
603
611
597
604
607
597
591
608
596
590
595
595
595
603
598
602
601
604
600
597
600
598
607
606
594
605
597
605
604
600
602
603
601
597
607
602
601
597
606
608
601
601
595
597
596
607
598
604
595
601
593
592
609
602
600
608
608
602
599
599
601
608
607
603
597
605
607
608
597
599
598
598
604
603
602
601
601
595
599
598
591
599
596
601
601
602
597
592
597
611
602
602
593
611
596
596
598
603
599
600
600
603
603
593
602
605
603
604
601
609
594
598
598
597
603
605
595
602
597
598
604
594
601
593
598
593
600
595
599
597
596
607
604
598
596
595
597
604
603
592
605
604
596
607
602
600
609
593
601
598
595
605
610
594
607
597
591
601
595
600
603
600
597
597
596
600
599
599
605
593
603
606
602
599
608
603
609
602
603
604
599
601
606
600
594
599
588
599
601
603
610
600
605
603
597
591
601
599
597
607
604
597
599
601
596
601
593
603
597
595
601
602
596
596
607
602
606
593
598
604
608
599
601
606
603
601
598
613
603
598
607
597
599
602
600
597
594
600
594
602
605
597
602
596
598
597
601
588
595
614
606
601
594
598
607
597
604
596
606
598
599
598
609
601
605
598
605
606
599
596
603
606
594
606
598
595
607
606
605
601
605
604
591
594
602
603
607
606
599
601
603
600
604
599
596
607
600
603
604
604
597
605
589
603
604
596
599
602
602
602
603
602
591
605
601
600
608
604
604
603
605
599
602
596
602
606
597
597
596
601
603
603
603
596
598
596
590
603
606
596
598
601
597
606
603
601
598
596
599
606
602
613
602
599
598
595
603
605
605
601
604
595
601
595
601
596
603
602
602
603
601
605
596
604
606
599
598
602
614
597
600
596
602
598
606
595
603
596
606
598
596
595
598
588
603
596
602
608
597
602
601
594
602
598
602
595
610
597
595
590
597
601
594
590
607
596
603
593
596
606
594
608
602
601
600
596
603
605
606
602
600
599
596
598
609
595
605
589
614
600
593
597
600
595
604
604
600
601
596
603
603
603
596
597
592
602
606
602
595
602
609
602
597
600
593
602
594
596
607
605
598
606
594
608
606
602
603
603
598
599
595
607
599
595
600
596
597
598
606
598
602
603
604
600
599
602
599
596
602
611
596
596
606
597
598
607
598
606
605
598
600
593
602
605
599
611
599
594
599
603
600
601
596
607
601
600
595
598
601
607
595
608
610
610
594
598
600
599
606
589
601
596
606
605
601
605
600
599
596
603
602
602
611
604
599
603
599
598
607
600
599
600
600
604
606
598
603
604
603
605
600
592
603
608
595
608
602
594
609
603
598
598
601
605
595
599
606
602
602
598
611
595
599
598
596
597
598
600
602
607
602
601
595
592
607
597
607
596
603
598
596
597
601
602
598
603
597
608
595
602
603
603
607
599
587
607
597
598
601
602
604
603
599
602
602
597
589
599
595
594
599
603
606
605
597
599
603
590
601
601
602
599
603
601
604
601
610
602
604
602
608
607
606
601
599
601
602
605
597
596
592
599
602
600
608
595
598
601
601
597
605
598
613
607
599
603
603
611
608
599
600
596
598
592
601
602
598
604
599
593
599
604
598
597
599
602
597
601
596
597
606
587
599
607
604
598
599
593
608
596
597
600
601
596
604
595
584
595
596
595
599
597
597
595
593
598
604
598
601
599
601
603
605
597
591
601
602
600
600
600
604
604
609
606
597
596
605
604
602
600
601
607
602
597
600
598
596
605
595
604
604
596
593
603
600
595
601
597
611
605
598
604
597
602
604
605
602
590
591
606
599
598
601
602
600
601
599
600
602
601
604
603
597
598
593
600
607
600
605
597
601
597
607
599
603
610
602
599
599
600
598
604
597
601
604
598
609
604
611
601
598
605
606
596
602
598
597
611
594
594
601
600
601
597
603
600
594
601
601
596
601
598
600
593
600
599
598
599
602
600
604
604
602
603
604
599
597
602
592
598
599
599
604
605
597
596
610
603
601
601
597
597
602
592
