607
596
610
607
605
606
600
603
604
599
607
615
603
600
606
605
599
605
607
601
600
598
605
602
601
605
604
604
614
602
598
598
599
599
602
598
596
602
602
593
607
604
611
600
599
606
606
597
604
610
610
598
597
605
596
609
604
604
602
605
606
602
604
605
602
607
606
607
604
601
601
607
600
607
597
604
608
605
598
597
605
601
607
599
600
601
597
601
601
604
610
605
610
606
602
615
607
608
603
603
603
601
605
592
602
599
598
603
600
592
601
604
601
597
601
595
610
602
604
602
596
606
616
597
607
593
611
603
598
608
593
596
604
601
604
596
608
600
594
603
607
598
595
601
603
596
601
603
599
603
596
604
615
596
603
600
603
606
598
605
602
604
601
604
595
598
602
600
600
599
605
601
599
596
597
607
601
607
605
605
600
596
609
604
600
595
604
606
601
600
601
605
604
605
604
600
588
601
601
592
606
600
593
602
606
606
603
601
601
602
606
608
602
596
598
595
595
601
598
604
606
602
595
602
604
603
602
593
598
604
609
601
598
597
611
602
603
615
605
595
604
603
596
603
604
601
603
596
602
609
603
600
600
594
599
602
606
601
604
606
603
597
607
599
602
603
596
604
610
615
605
604
605
602
604
609
605
607
603
604
608
603
602
613
602
602
604
602
598
607
612
602
604
601
607
610
601
603
600
612
608
612
606
614
604
611
609
609
613
605
614
606
602
598
614
613
608
612
612
605
605
607
609
602
611
611
618
613
619
605
604
616
617
613
616
603
606
600
611
617
612
621
614
615
613
619
610
607
620
625
617
606
631
607
617
628
619
619
612
621
637
622
612
625
638
624
644
638
635
632
624
633
635
629
635
627
649
634
633
638
654
641
647
641
646
682
651
677
639
654
652
672
687
663
673
688
670
678
690
674
695
704
677
690
706
715
714
719
724
710
741
733
713
732
739
761
765
777
782
783
761
788
809
837
848
849
865
875
880
828
889
865
905
892
922
941
972
989
973
1012
996
1062
1065
1013
989
1099
1120
1097
1079
1162
1189
1194
1191
1240
1163
1262
1255
1250
1316
1324
1315
1283
1341
1368
1393
1450
1413
1438
1430
1449
1463
1476
1467
1484
1410
1480
1557
1568
1485
1506
1563
1625
1619
1626
1527
1610
1559
1568
1622
1648
1683
1733
1571
1691
1737
1599
1709
1716
1773
1757
1733
1837
1785
1809
1803
1849
1768
1829
1894
1836
1869
1864
1903
1922
1876
1889
1957
1899
1894
1938
1974
1957
2002
1935
2023
2017
2090
2043
1953
2110
2146
2037
2075
2054
2083
2091
2073
2122
2089
2219
2180
2223
2220
2156
2178
2245
2239
2257
2212
2241
2303
2265
2356
2251
2258
2191
2286
2324
2193
2364
2285
2320
2386
2339
2305
2257
2371
2346
2444
2338
2271
2417
2406
2361
2336
2447
2484
2389
2359
2384
2424
2322
2363
2423
2380
2463
2509
2483
2499
2351
2497
2437
2488
2434
2502
2443
2428
2412
2490
2469
2523
2438
2506
2413
2448
2468
2462
2556
2494
2547
2462
2558
2567
2574
2554
2515
2545
2587
2578
2575
2591
2499
2625
2535
2652
2546
2542
2631
2635
2548
2702
2598
2740
2692
2796
2706
2740
2692
2600
2733
2686
2666
2717
2750
2668
2703
2715
2791
2843
2659
2812
2703
2740
2770
2688
2916
2865
2867
2892
2834
2846
2861
2805
2830
2802
2784
2871
2827
2835
2853
2877
2804
2826
2925
2926
2865
2878
2867
2802
2959
2778
2919
2951
3030
2922
2880
2861
2906
2812
2902
2948
2968
2943
2804
2877
2923
2829
2804
2870
2926
2926
2825
2777
2794
2926
2964
2755
2819
2820
2827
2867
2854
2839
2901
2709
2830
2879
2835
2767
2835
2838
2785
2755
2777
2718
2726
2794
2674
2726
2692
2667
2683
2641
2676
2811
2660
2678
2605
2662
2628
2703
2545
2526
2518
2443
2511
2498
2536
2593
2504
2483
2535
2452
2513
2404
2530
2404
2438
2364
2428
2381
2309
2333
2330
2279
2328
2336
2271
2144
2226
2207
2171
2179
2205
2121
2223
2164
2115
2103
2111
2078
2114
2054
2049
2102
2078
2040
1922
1959
1920
1979
1885
2024
1935
1856
1830
1775
1890
1803
1751
1863
1794
1724
1850
1809
1756
1748
1773
1683
1716
1679
1732
1684
1540
1562
1630
1619
1589
1577
1661
1520
1543
1502
1505
1519
1402
1485
1418
1455
1407
1425
1443
1382
1380
1366
1385
1283
1330
1389
1363
1269
1347
1284
1225
1264
1253
1243
1199
1175
1288
1230
1210
1190
1180
1158
1128
1156
1135
1200
1121
1173
1116
1082
1099
1105
1047
1041
1061
1064
1021
1085
1042
997
996
1005
1043
984
971
997
1023
969
993
983
948
948
965
947
984
950
920
938
907
902
872
902
902
886
900
854
862
894
859
891
842
865
856
846
851
818
822
863
816
804
831
839
870
802
812
786
794
816
816
798
792
781
770
773
769
779
785
786
770
741
759
760
763
759
748
718
744
751
728
743
738
731
732
744
725
739
724
722
723
736
712
740
733
712
701
710
685
702
693
701
705
715
702
687
674
699
706
687
715
691
702
707
663
678
676
686
686
689
669
681
690
673
678
670
672
664
684
666
691
674
661
676
659
676
679
672
676
668
678
664
646
658
657
647
635
677
640
641
658
658
650
656
646
646
660
643
641
647
661
657
649
658
637
626
649
639
650
656
642
654
638
647
634
641
635
641
653
625
638
642
645
621
649
634
613
647
630
634
632
624
639
640
633
638
630
640
618
637
613
616
618
632
623
626
619
616
636
622
624
620
637
639
623
627
647
619
618
618
614
620
609
622
619
625
630
616
622
635
630
619
623
609
609
629
621
618
612
619
628
618
610
615
614
619
621
618
620
609
617
613
601
606
601
617
612
628
612
611
626
611
610
608
616
616
609
619
621
610
607
628
604
614
614
612
615
605
613
597
618
607
619
612
627
603
606
620
615
602
613
619
607
603
607
612
613
611
604
610
614
607
607
608
616
617
614
604
614
607
609
604
611
609
612
607
605
614
607
614
613
616
599
609
612
614
621
607
608
593
607
611
610
610
617
604
603
598
599
604
614
597
597
610
614
606
612
602
603
603
613
598
594
608
602
603
609
604
607
600
598
600
608
610
595
613
605
607
604
596
599
612
607
601
607
603
602
607
597
601
610
600
606
615
597
605
597
612
597
611
599
597
598
615
613
603
606
602
607
613
601
605
605
603
597
602
602
599
600
600
602
605
594
600
595
605
611
601
602
598
599
604
615
602
604
606
603
606
594
605
602
610
600
605
606
599
596
599
602
600
591
604
597
598
605
601
608
597
604
599
596
602
600
598
590
597
601
604
601
601
600
598
594
603
602
601
599
601
602
604
603
594
605
604
600
604
603
603
603
