590
604
607
607
598
602
608
605
603
610
605
597
601
590
607
598
601
593
604
605
607
609
600
608
606
604
608
614
616
599
602
613
611
604
606
602
601
606
607
605
606
606
607
602
598
604
599
607
605
602
599
601
598
597
607
603
599
598
596
604
601
602
605
600
610
602
609
608
607
613
612
605
606
602
595
605
600
594
597
600
604
604
604
598
611
603
608
598
611
590
604
599
606
599
606
603
598
605
605
592
601
601
614
605
598
612
603
606
589
599
599
597
597
605
600
602
601
596
606
612
594
603
605
598
597
604
601
601
606
606
603
604
604
602
596
612
605
604
614
602
602
614
598
598
605
607
595
610
599
610
599
603
602
592
609
599
602
609
599
602
606
607
601
596
597
602
611
611
611
608
602
607
605
595
597
603
598
603
601
606
603
600
608
606
600
600
599
606
598
606
600
611
599
604
607
613
598
599
606
601
603
603
603
611
606
604
606
598
599
605
598
605
611
602
603
600
596
596
588
605
599
610
602
605
608
601
609
605
596
603
593
606
612
602
603
596
603
596
611
608
604
598
601
598
615
592
609
603
601
603
599
605
609
600
602
603
596
597
615
600
595
617
610
610
612
597
610
604
597
604
602
607
600
619
608
609
611
609
608
608
604
599
614
605
606
614
604
612
614
609
602
607
617
605
615
613
612
604
613
605
608
611
604
612
598
608
601
602
619
617
613
607
607
610
624
617
612
620
618
610
608
613
611
624
614
620
616
614
615
628
616
625
625
612
626
616
620
621
624
613
625
613
615
630
650
622
625
625
625
613
623
629
623
629
633
623
643
637
634
630
632
632
645
637
627
646
633
647
645
655
637
652
646
658
651
646
654
652
664
669
666
681
659
670
683
672
666
664
688
703
682
672
703
723
701
712
707
708
724
750
726
710
729
771
750
748
769
754
780
798
763
823
814
809
815
840
842
871
893
865
871
884
882
932
950
938
975
955
962
1006
1041
1003
1021
1081
1057
1091
1127
1150
1165
1158
1192
1219
1200
1180
1248
1281
1319
1304
1338
1398
1420
1429
1460
1445
1505
1554
1558
1570
1609
1605
1655
1677
1685
1704
1705
1741
1779
1802
1790
1813
1830
1898
1946
1942
1869
1831
1916
1905
2043
2017
1966
1974
2080
2049
1975
2062
2034
2109
2065
2106
2194
2126
2222
2194
2132
2221
2272
2209
2224
2317
2321
2381
2265
2432
2383
2479
2482
2391
2377
2419
2367
2446
2361
2435
2543
2529
2538
2637
2673
2631
2628
2652
2638
2598
2685
2645
2702
2793
2772
2777
2779
2859
2773
2814
2722
2729
2852
2854
2915
2941
2940
2814
2934
2978
3034
2961
2930
2976
3033
2954
3042
3093
2984
2931
3069
2930
3059
3098
3152
3062
3008
3042
3211
3079
3233
3202
3230
3221
3308
3258
3195
3129
3174
3154
3098
3212
3248
3238
3137
3192
3275
3286
3263
3246
3206
3345
3247
3344
3206
3364
3408
3343
3377
3328
3314
3416
3335
3421
3333
3402
3385
3484
3337
3299
3318
3388
3444
3329
3394
3449
3390
3438
3389
3435
3400
3631
3541
3351
3506
3518
3423
3454
3440
3446
3450
3564
3607
3516
3570
3569
3593
3579
3574
3602
3708
3577
3551
3665
3611
3596
3505
3707
3708
3770
3681
3591
3694
3699
3638
3676
3744
3841
3805
3619
3871
3824
3746
3866
3881
3773
3840
3850
3940
3922
3853
3810
3777
3880
3757
3906
3782
3889
3926
3841
3882
3851
3908
3896
3892
3930
3863
4026
4040
3952
3898
3977
3758
3832
4015
3989
4033
3957
3893
3950
3906
3859
3851
3827
3794
3902
3906
3949
3870
3868
3822
3949
3950
3932
3685
3930
3829
3917
3900
3850
3863
3831
3774
3827
3775
3834
3865
3713
3715
3793
3839
3793
3667
3844
3706
3695
3725
3668
3688
3614
3681
3665
3544
3598
3475
3516
3602
3602
3569
3442
3512
3454
3445
3461
3441
3574
3381
3416
3401
3221
3269
3415
3337
3280
3223
3287
3288
3149
3175
3174
3119
3071
3086
3086
3008
3057
3049
2967
3019
3014
2935
2974
2990
2905
2796
2892
2845
2870
2855
2753
2701
2688
2633
2713
2688
2673
2567
2681
2634
2546
2587
2544
2346
2508
2468
2392
2340
2378
2366
2358
2306
2325
2166
2254
2184
2158
2210
2133
2106
2152
2006
2117
2051
2068
2024
1990
2016
1946
1939
1904
1882
1935
1841
1897
1786
1716
1816
1830
1862
1812
1761
1726
1720
1776
1686
1719
1652
1577
1650
1599
1621
1529
1545
1554
1582
1481
1482
1506
1450
1443
1480
1476
1426
1405
1399
1388
1353
1325
1355
1325
1281
1340
1312
1354
1331
1368
1256
1232
1241
1232
1218
1159
1224
1148
1170
1125
1211
1173
1184
1139
1155
1091
1062
1114
1083
1103
1051
1029
1087
1117
1051
1065
1047
1027
1048
987
1017
1006
1018
984
1000
957
979
943
969
985
964
943
924
945
914
904
908
926
906
901
889
906
862
900
886
894
917
843
888
857
838
873
804
852
823
824
857
810
821
803
821
841
858
800
786
785
806
792
813
805
815
774
812
788
773
769
798
762
764
771
770
789
744
780
762
775
767
757
750
729
735
743
750
722
745
707
749
714
718
708
713
743
720
734
732
746
742
724
715
717
692
700
703
714
693
692
692
689
708
692
703
672
679
695
688
666
694
691
682
686
704
672
673
665
657
685
681
674
666
697
679
668
659
671
662
678
661
668
662
667
659
667
644
672
661
671
649
646
659
663
664
654
650
643
649
650
657
654
659
644
636
641
645
649
641
645
665
651
644
653
648
642
660
645
641
640
650
635
640
636
628
668
644
639
635
639
650
621
646
656
650
642
650
633
632
638
630
637
645
640
622
633
613
632
632
629
631
642
629
639
620
622
624
622
635
626
619
630
628
635
620
625
620
622
622
630
628
623
635
625
624
626
637
612
624
621
626
630
620
620
624
629
625
633
620
636
630
613
624
614
624
630
621
614
619
620
615
620
632
628
624
620
628
626
612
625
620
604
627
636
619
619
608
606
617
605
616
617
625
615
618
612
614
627
613
617
613
619
614
604
613
607
606
608
616
615
602
610
611
604
611
604
612
615
616
623
609
602
596
607
614
618
615
610
618
615
611
619
615
606
621
603
616
602
612
615
610
607
603
600
606
604
612
618
614
599
609
610
606
603
608
606
605
604
600
609
600
602
599
606
613
610
605
607
620
610
607
604
613
604
616
604
608
609
613
606
606
615
610
606
602
603
599
602
605
609
603
612
608
605
602
607
608
603
605
608
598
610
613
594
607
611
612
604
596
604
610
608
608
608
607
612
608
610
607
605
608
602
599
608
602
606
599
610
602
591
606
615
602
599
603
600
597
598
602
593
605
604
608
596
604
602
602
595
603
604
608
602
599
606
600
619
600
597
597
607
598
610
609
601
