605
606
603
607
599
601
604
608
606
608
609
603
610
604
600
603
604
600
606
605
615
610
611
599
604
608
612
611
600
615
605
605
609
599
609
599
608
600
607
607
607
603
603
606
606
613
599
599
599
605
610
602
602
607
606
604
611
613
606
607
603
599
603
595
613
610
600
598
605
604
600
598
605
599
608
601
613
603
610
601
601
601
605
612
611
596
606
622
603
604
600
603
604
610
604
615
602
607
597
607
603
603
602
604
600
610
607
604
599
609
611
603
612
607
599
600
602
611
604
603
608
601
603
607
605
607
603
613
603
611
601
607
609
611
605
598
609
602
609
606
611
602
609
601
606
616
613
605
614
598
591
607
608
604
602
598
605
606
611
597
613
595
604
602
594
611
603
609
610
593
605
605
605
606
602
601
609
607
596
608
595
608
604
600
605
597
602
604
606
601
601
604
596
605
603
607
601
605
598
606
602
605
609
604
605
602
604
604
601
595
602
600
609
605
598
608
603
604
611
608
609
607
604
609
608
610
597
613
607
597
606
602
599
613
602
609
603
608
594
598
602
608
601
603
611
610
602
605
604
615
605
611
604
610
610
612
601
610
603
619
595
605
617
613
606
608
600
604
605
607
601
605
608
610
615
611
600
604
604
603
605
613
609
607
606
602
612
609
614
603
615
611
611
612
612
613
607
613
620
613
610
617
606
613
619
612
612
620
628
607
613
615
627
612
614
623
612
613
617
607
625
614
631
616
615
627
617
637
633
620
620
621
618
616
617
625
630
631
642
626
624
617
636
636
638
639
621
624
632
633
633
643
639
641
633
631
642
648
636
648
632
632
653
655
642
649
636
652
674
651
660
674
658
660
647
665
675
672
676
701
686
702
719
672
673
704
700
703
718
723
740
737
722
720
692
732
775
736
768
767
770
767
783
796
778
787
815
823
866
802
829
847
869
866
876
872
891
880
907
937
933
964
964
970
946
989
1017
1045
1069
1058
1077
1113
1147
1137
1165
1182
1245
1218
1256
1254
1275
1332
1347
1376
1440
1421
1478
1520
1482
1541
1562
1642
1668
1626
1738
1798
1783
1762
1873
1904
1949
2008
1894
1964
1983
2052
2080
2120
2069
2045
2183
2236
2270
2246
2337
2368
2382
2433
2419
2529
2511
2539
2647
2647
2652
2617
2635
2636
2793
2753
2719
2828
2791
2993
2898
2945
3030
3053
3165
3226
3106
3113
3181
3286
3385
3218
3236
3305
3373
3450
3346
3456
3472
3451
3468
3582
3498
3495
3652
3685
3799
3659
3703
3903
3878
3808
3845
3794
3808
3913
4061
3965
3885
3951
3911
4219
4041
4099
4081
4208
4282
4334
4366
4238
4236
4479
4229
4445
4399
4467
4415
4342
4525
4373
4420
4447
4480
4544
4421
4588
4584
4580
4532
4552
4696
4723
4583
4621
4711
4711
4733
4704
4803
4535
4688
4854
4843
4695
4742
4580
4827
4799
4965
4881
4802
4873
4954
4916
4984
4959
5069
4922
5102
4987
4937
4991
4807
5016
5010
4974
5023
4989
5092
5015
4972
4846
5095
5038
5169
5147
5139
5024
5171
5216
5178
5177
5174
5115
5177
5351
5226
5275
5170
5308
5164
5341
5425
5343
5395
5303
5499
5339
5337
5360
5472
5502
5414
5594
5490
5587
5400
5550
5472
5538
5648
5583
5598
5660
5494
5587
5638
5729
5744
5755
5679
5857
5745
5728
5590
5731
5669
5806
5762
5854
5854
5803
5798
5570
5811
5837
5837
5836
5904
5855
5842
5889
5810
5863
5883
6048
5920
6076
5880
5961
5862
5878
5948
5924
5956
5850
5896
5885
5834
5919
5812
5624
5731
5908
5856
5729
5815
5854
5808
5807
5938
5960
5764
5818
5858
5696
5830
5618
5689
5735
5799
5650
5615
5620
5699
5474
5488
5538
5540
5402
5453
5557
5447
5443
5467
5441
5462
5317
5314
5215
5280
5182
5198
5306
5184
4957
5099
5122
4946
5102
4984
4895
4988
4884
4842
4826
4600
4727
4720
4684
4665
4757
4600
4754
4468
4457
4356
4354
4464
4357
4250
4410
4316
4217
4190
4063
4181
4004
4058
4045
4037
4031
3929
3954
3988
3822
3927
3720
3878
3825
3606
3595
3588
3568
3517
3515
3371
3562
3287
3449
3257
3334
3286
3205
3219
3039
3002
3153
3114
2942
2994
3017
2997
2903
2882
2927
2877
2801
2779
2778
2652
2631
2616
2616
2620
2457
2523
2455
2515
2481
2291
2329
2265
2233
2258
2244
2242
2238
2222
2139
2032
2116
2068
2113
2073
2055
2009
1925
1952
1984
1858
1941
1839
1862
1844
1821
1740
1829
1789
1704
1758
1721
1738
1704
1596
1619
1644
1564
1621
1554
1587
1506
1525
1472
1459
1518
1546
1417
1397
1432
1404
1346
1347
1398
1388
1351
1310
1276
1277
1229
1245
1270
1259
1291
1218
1229
1257
1243
1240
1169
1190
1142
1166
1105
1141
1068
1119
1178
1090
1144
1049
1077
1084
1082
1039
1026
1055
1096
1063
1050
1005
1006
1021
987
1003
972
1001
1020
949
951
924
982
941
965
955
956
907
959
896
914
926
916
910
894
878
871
874
846
855
884
837
881
864
882
845
831
855
844
853
833
828
850
820
850
815
819
816
809
785
812
817
769
770
827
801
732
786
759
770
769
765
785
775
751
767
772
754
742
779
744
748
770
753
731
734
774
730
730
731
737
733
746
734
716
722
718
716
752
740
720
740
724
696
706
718
713
728
699
715
695
702
684
725
736
714
676
710
694
711
684
688
685
682
697
700
680
709
681
689
716
678
674
685
682
675
671
677
671
699
685
684
674
668
671
677
685
659
671
691
673
660
665
676
666
666
668
649
648
649
659
665
634
650
646
677
672
647
640
672
645
651
643
652
653
661
657
647
646
641
643
659
658
643
638
651
655
657
622
645
645
639
641
634
655
631
649
630
623
652
653
648
642
637
644
640
622
634
628
631
630
645
623
633
630
623
641
633
637
628
629
644
619
639
634
637
621
646
638
621
620
623
622
629
630
628
633
633
627
626
626
629
637
621
610
627
630
628
640
629
623
618
608
615
629
626
621
616
623
619
616
614
633
615
627
620
622
622
628
615
632
617
606
610
610
621
620
612
619
608
613
623
610
630
620
620
618
611
616
611
621
612
610
612
619
616
608
611
620
609
601
613
611
613
612
616
614
614
615
622
604
608
610
605
617
606
601
627
619
604
626
612
604
608
609
622
614
609
619
620
621
618
616
606
610
616
611
618
610
607
609
604
603
613
611
610
611
600
609
616
606
612
612
611
605
615
604
607
602
610
605
606
608
612
607
616
615
607
608
602
611
614
610
626
611
614
607
614
607
610
597
597
601
600
611
598
610
605
600
607
613
604
603
608
616
607
604
606
607
608
607
598
602
617
599
610
604
610
602
603
608
606
612
612
607
600
600
610
604
607
602
603
612
608
607
611
605
607
598
603
615
615
598
607
602
602
608
