602
600
606
599
613
607
597
616
598
604
599
605
601
603
604
611
604
604
609
607
606
611
606
605
609
600
610
612
599
606
605
610
607
611
607
609
597
604
612
602
601
596
602
605
613
605
608
605
603
601
607
603
604
595
605
599
591
598
611
600
598
601
604
601
603
587
601
597
599
608
605
595
610
607
607
607
604
610
602
597
599
602
604
603
605
599
607
601
605
598
603
612
607
598
605
608
612
609
610
601
596
603
594
608
606
603
606
603
601
608
608
613
601
604
610
600
605
606
601
611
604
599
605
598
610
607
601
610
597
600
601
602
599
606
602
607
604
611
602
610
605
604
607
595
600
609
598
606
603
605
608
607
596
601
589
600
604
599
597
603
608
594
606
591
595
604
619
603
610
601
604
602
603
602
603
604
605
600
603
598
598
603
605
600
600
602
600
592
611
606
606
601
605
607
603
612
602
602
602
608
602
616
598
595
608
603
600
614
607
589
612
599
603
604
598
605
604
608
606
599
601
603
611
611
613
605
598
607
606
616
611
607
610
607
611
606
618
608
610
598
599
607
601
609
611
602
612
602
611
612
601
605
603
606
608
602
605
607
600
612
616
610
607
605
622
612
612
612
614
612
605
614
609
607
623
618
606
613
612
612
613
607
615
620
614
608
610
618
614
608
605
610
607
617
608
618
609
604
616
610
619
622
616
614
606
620
632
614
621
608
633
618
628
623
619
612
621
622
615
619
614
612
640
615
616
622
632
621
626
627
630
649
625
632
628
631
624
639
623
637
634
623
647
642
625
633
640
655
640
653
652
640
645
662
651
634
637
637
657
664
653
650
673
645
664
661
660
665
660
660
675
665
695
677
686
690
683
688
709
694
726
710
713
702
698
736
735
745
758
741
742
742
748
745
773
753
770
751
789
792
788
815
839
862
818
813
865
878
858
857
850
924
896
938
938
972
970
1005
1012
986
1018
1014
1011
1100
1074
1073
1191
1149
1149
1158
1229
1234
1233
1267
1306
1292
1405
1422
1434
1419
1422
1459
1592
1538
1590
1627
1652
1649
1713
1811
1735
1787
1930
1987
2020
1981
2024
2092
2154
2120
2254
2340
2294
2267
2382
2408
2382
2478
2530
2484
2634
2669
2612
2732
2789
2881
2772
2892
3027
2804
2989
3009
3026
2992
3108
3115
3197
3170
3167
3280
3298
3242
3399
3464
3544
3412
3750
3536
3685
3507
3806
3762
3827
3833
3921
3971
3941
3972
3979
3984
4215
4164
4172
4097
4275
4289
4376
4432
4489
4321
4412
4449
4623
4563
4586
4588
4611
4566
4749
4701
4909
4833
4829
4860
5021
4930
4843
4964
5008
4979
5339
5185
5159
5342
5302
5318
5375
5311
5383
5411
5294
5345
5411
5469
5401
5407
5472
5262
5689
5466
5579
5488
5748
5590
5641
5713
5634
5750
5755
5679
5690
5863
5675
5745
5771
5716
5709
5749
5849
5908
5815
5809
5810
5921
5927
5968
6001
5956
6159
6035
6261
5967
6061
6168
6278
6093
6185
6044
6071
6117
6012
6160
6253
6174
6109
6300
6225
6089
6406
6195
6294
6239
6247
6360
6393
6299
6409
6171
6255
6368
6480
6352
6507
6513
6477
6673
6333
6544
6421
6537
6470
6600
6590
6927
6653
6824
6787
6670
6593
6761
6735
6779
6765
6816
6869
6933
6836
6844
7099
6926
7082
7068
6839
7043
6978
7070
7099
7004
7100
7079
7213
7153
7186
7198
7351
7279
7245
7327
7192
7079
7101
7193
7174
7182
7150
7408
7156
7226
7367
7431
7020
7306
7110
7205
7266
7437
7410
7262
7175
7300
7199
7272
7190
7214
7125
7213
7202
7056
7241
7196
7062
6937
7189
6987
7067
7075
7058
7018
7212
6969
7162
7090
6828
6997
6890
7069
7059
6959
6939
6921
6541
6803
6796
6688
6744
6664
6557
6509
6732
6617
6756
6743
6632
6782
6436
6607
6551
6376
6282
6322
6328
6187
6138
6261
6199
6038
6069
6017
5930
5963
5864
5857
5709
5741
5774
5711
5731
5635
5612
5710
5381
5425
5302
5396
5349
5415
5445
5197
5075
5194
5140
5036
4922
4838
4900
4872
4934
4932
4848
4687
4870
4631
4713
4611
4478
4626
4482
4448
4399
4293
4268
4157
4172
4308
4228
4026
4046
3884
3889
3947
3793
3792
3811
3743
3635
3661
3666
3547
3648
3517
3482
3533
3335
3406
3209
3277
3279
3251
3300
3052
2987
3031
2972
2980
2958
2855
2880
2885
2685
2771
2769
2788
2622
2604
2491
2563
2553
2622
2481
2508
2418
2479
2318
2278
2241
2265
2221
2125
2183
2183
2137
2127
2117
2015
2088
2017
2072
1953
1983
1882
1939
1913
1948
1917
1885
1881
1795
1814
1783
1791
1743
1760
1710
1712
1599
1661
1640
1616
1644
1554
1528
1561
1531
1535
1605
1494
1535
1443
1484
1500
1446
1433
1391
1414
1401
1319
1303
1345
1320
1338
1291
1349
1253
1261
1237
1238
1219
1204
1138
1164
1210
1181
1199
1136
1174
1234
1158
1145
1132
1145
1135
1112
1114
1138
1078
1067
1064
1064
1052
1030
1052
1036
1000
1001
991
962
1003
1001
992
981
990
948
978
992
942
926
946
909
947
912
919
927
915
896
891
911
914
892
891
907
892
883
877
867
888
896
879
861
828
832
851
841
852
796
860
852
843
847
828
822
811
809
795
813
799
790
837
792
788
793
810
813
786
778
803
814
797
777
750
751
773
784
758
766
746
768
755
737
767
739
763
741
762
748
745
727
736
740
733
759
706
736
709
734
743
717
727
721
718
714
709
707
721
708
711
707
698
718
731
690
706
701
693
708
712
701
698
688
688
683
722
689
673
693
684
683
677
688
679
683
687
679
686
673
680
689
666
678
658
677
689
662
671
670
671
658
677
659
669
664
673
664
659
656
650
658
656
666
688
653
647
668
657
664
657
656
647
661
648
650
655
646
664
637
621
641
657
646
657
646
634
645
651
651
662
644
653
645
648
632
656
634
624
628
632
629
649
646
635
640
638
637
629
637
658
638
642
650
623
636
628
627
636
634
632
625
620
650
627
637
645
630
619
625
627
636
630
629
630
625
628
634
630
627
638
638
630
640
615
626
624
641
621
632
619
628
628
633
620
619
632
623
630
630
620
623
627
630
636
613
618
612
612
624
608
621
623
608
625
620
630
616
618
624
627
615
622
614
621
609
631
622
614
621
612
622
622
616
626
609
621
626
606
617
615
612
621
603
609
625
611
618
625
613
620
610
609
631
617
619
618
610
620
609
614
609
620
616
615
615
605
619
616
614
612
607
607
616
613
607
616
618
610
624
609
613
611
611
607
611
622
608
624
611
604
598
610
601
606
615
605
603
613
604
613
606
618
613
605
609
599
615
616
606
618
607
615
617
607
609
608
618
612
607
597
610
612
610
608
613
605
611
611
610
609
607
619
610
602
610
599
602
606
602
611
614
598
604
601
599
610
601
614
612
608
609
596
614
603
598
