606
610
611
600
603
600
603
606
607
607
604
601
603
612
604
606
600
603
604
605
605
606
605
606
604
603
598
607
608
600
603
610
615
605
601
609
601
599
601
605
606
599
595
600
605
589
598
596
600
595
599
604
604
600
602
611
602
592
604
592
599
603
594
597
599
595
598
601
603
611
605
605
606
606
596
610
598
598
600
606
608
601
602
605
597
603
600
599
603
609
600
606
607
607
596
604
606
607
600
602
604
603
607
600
603
602
603
603
604
610
603
598
612
594
605
595
601
609
611
600
607
600
605
601
595
610
605
596
595
607
597
604
611
610
602
601
606
612
596
604
604
597
602
597
603
610
597
600
600
606
603
597
599
600
605
607
597
598
599
596
607
594
600
593
601
609
596
594
607
609
600
612
605
601
602
606
611
607
613
608
603
598
609
598
609
603
600
604
613
603
603
614
610
609
601
602
600
617
606
606
606
594
608
602
607
602
603
596
608
603
597
610
609
601
610
606
601
607
603
605
605
601
603
609
610
606
610
599
602
607
606
615
599
597
605
609
600
608
601
608
610
599
617
600
597
605
598
609
600
605
605
603
597
607
604
601
609
602
594
604
606
604
606
605
614
606
608
614
604
605
609
615
614
609
616
604
607
607
611
606
612
603
616
611
602
613
602
612
604
600
615
609
602
610
607
615
614
616
617
615
599
608
610
613
614
619
616
611
611
604
609
609
625
601
609
610
617
607
615
622
612
614
619
617
619
633
612
626
622
628
615
620
626
623
630
618
615
628
624
628
627
630
640
640
628
646
638
632
623
637
618
641
641
635
641
624
631
644
651
654
642
651
649
647
633
646
631
662
635
654
656
664
678
673
673
676
668
677
687
690
684
690
688
697
721
713
722
720
711
696
728
740
761
759
743
738
804
736
754
762
765
792
789
821
798
811
811
842
842
816
858
848
882
905
877
900
935
895
960
952
933
1006
995
1019
1045
1007
1062
1051
1027
1111
1145
1152
1185
1185
1177
1185
1257
1276
1259
1341
1364
1355
1435
1391
1404
1566
1488
1546
1597
1622
1669
1707
1651
1732
1792
1883
1777
1841
1907
1920
1972
1962
1897
2093
2058
2166
2079
2109
2189
2083
2212
2213
2236
2230
2300
2280
2332
2350
2352
2370
2425
2425
2446
2492
2467
2454
2568
2610
2569
2546
2573
2562
2694
2720
2661
2726
2680
2767
2713
2748
2804
2830
2864
2908
2986
2816
2930
2878
3023
2970
2986
3037
3102
3047
3148
3149
3149
3327
3223
3268
3325
3270
3363
3329
3321
3332
3437
3366
3394
3529
3530
3390
3424
3447
3512
3645
3513
3549
3475
3481
3643
3555
3688
3644
3693
3776
3703
3820
3693
3781
3727
3947
3676
3842
3804
3755
3785
3946
3757
3905
3920
3874
3817
3818
3932
4001
3943
4022
3932
4046
3942
4099
3968
3962
3996
4144
4055
3904
4083
4010
4174
4009
3992
4056
4216
4128
4114
4119
4171
4148
4158
4213
4192
4204
4247
4250
4158
4200
4246
4269
4238
4214
4259
4337
4215
4333
4304
4378
4310
4238
4586
4218
4319
4362
4442
4424
4313
4308
4426
4531
4439
4479
4320
4384
4378
4435
4452
4445
4527
4431
4476
4400
4536
4630
4599
4533
4597
4612
4508
4716
4553
4572
4552
4525
4676
4716
4531
4748
4833
4609
4851
4709
4786
4758
4830
4687
4704
4935
4803
4905
4941
4918
4929
4802
4840
4786
4800
5017
5099
4939
4923
4970
4981
4802
4798
4858
4943
4877
4863
4914
5021
4821
4910
5034
5078
4941
4989
5050
4968
5057
4952
4836
4791
5096
4891
5156
5002
5021
4865
4898
4911
4901
5086
4871
5084
4872
5005
4948
4878
4876
4884
4901
4914
4846
4876
4825
4921
4685
4736
4764
4788
4895
4779
4649
4666
4738
4699
4773
4770
4719
4698
4728
4699
4478
4572
4596
4645
4460
4507
4512
4410
4400
4360
4645
4430
4486
4326
4366
4252
4352
4203
4292
4182
4114
4211
4240
4023
4094
4030
4156
4042
3994
3957
3989
3892
3960
3899
3845
3819
3728
3776
3729
3640
3716
3595
3711
3655
3502
3572
3575
3635
3551
3340
3521
3607
3478
3376
3376
3318
3311
3246
3264
3195
3155
3104
3217
3087
3095
3087
3029
3053
2971
2920
2923
2868
2926
2864
2785
2738
2770
2742
2745
2683
2571
2644
2688
2600
2466
2412
2560
2475
2446
2424
2449
2410
2308
2288
2240
2241
2309
2179
2230
2221
2086
2159
2060
2127
2153
1981
2007
1981
2046
1962
1938
1930
1967
1871
1819
1843
1817
1725
1805
1821
1769
1769
1747
1683
1675
1588
1687
1639
1610
1613
1591
1541
1554
1579
1587
1518
1484
1467
1477
1466
1357
1434
1395
1420
1379
1388
1357
1406
1349
1327
1271
1262
1303
1290
1294
1237
1234
1219
1241
1225
1200
1274
1179
1160
1209
1202
1158
1168
1138
1159
1140
1128
1096
1109
1116
1064
1091
1079
1063
1067
1051
1075
1031
1086
1006
1024
1000
1028
1046
978
983
1004
965
956
977
951
927
974
909
938
909
937
900
894
922
915
882
869
881
882
869
863
891
880
848
856
842
870
825
846
846
822
839
832
841
835
823
804
811
799
815
821
799
784
817
777
788
800
770
793
773
782
790
767
760
766
744
739
755
741
753
785
791
736
760
745
735
748
755
742
738
722
735
738
707
729
734
711
741
689
744
733
725
722
720
715
727
705
686
688
738
721
702
712
693
708
702
690
680
682
682
688
683
669
701
680
687
687
676
698
667
699
692
676
695
681
673
682
679
658
666
680
644
684
673
662
652
655
659
662
670
672
656
657
662
649
673
642
673
649
664
655
646
641
648
652
636
649
650
649
654
659
658
659
650
654
635
651
631
643
653
664
652
657
641
625
646
635
638
652
656
633
636
641
643
635
633
645
640
635
641
638
640
645
643
621
639
636
640
622
633
627
627
629
641
636
616
642
629
633
619
623
629
616
618
618
630
631
622
628
628
628
626
614
625
631
624
639
621
616
629
608
629
626
611
614
619
625
614
613
631
622
623
635
628
625
612
627
616
626
621
608
616
616
624
623
624
604
615
616
624
615
609
605
620
620
607
627
615
615
622
611
610
620
610
621
612
610
610
603
617
608
603
611
616
611
627
613
613
610
616
612
611
610
614
619
617
606
615
606
613
612
610
606
613
602
610
620
605
610
612
601
612
611
605
607
609
615
614
605
610
608
615
608
615
613
595
609
596
614
607
600
620
623
618
606
606
597
606
605
611
611
601
605
600
606
597
614
611
604
606
600
620
601
605
614
600
613
610
613
611
602
606
612
606
612
612
600
619
604
613
606
618
611
606
609
599
610
599
612
609
612
601
607
610
612
610
611
616
602
609
604
601
609
600
607
604
602
597
601
603
603
604
600
606
609
615
606
616
613
603
603
604
607
605
596
601
604
601
603
620
607
600
595
604
605
611
