606
600
603
605
607
594
606
610
611
599
598
605
605
612
602
608
606
610
610
605
615
601
599
614
608
601
596
604
602
604
603
613
606
604
610
607
599
611
605
604
606
608
607
598
605
607
602
602
604
599
598
600
611
608
606
597
614
601
614
614
602
608
603
605
602
603
600
599
604
603
605
603
608
604
605
604
604
598
623
600
603
599
603
601
606
613
613
602
600
604
598
592
596
599
607
601
596
605
602
598
599
610
593
606
599
592
603
605
600
606
602
602
607
605
608
603
607
605
602
601
606
603
604
612
606
606
602
595
602
606
608
609
602
610
609
598
603
606
609
607
611
602
597
605
613
606
597
596
602
606
602
607
601
611
611
607
599
599
604
599
606
607
599
603
605
607
605
613
610
606
603
605
599
596
606
600
602
609
604
605
602
609
601
600
599
607
609
596
609
595
605
609
599
593
606
596
603
601
601
601
603
597
606
616
606
599
599
604
618
603
610
607
606
602
606
604
609
604
595
610
608
600
610
608
608
613
599
604
603
607
606
606
603
608
609
605
605
607
615
598
601
605
602
606
606
609
607
600
602
606
613
610
603
610
599
610
602
617
607
614
604
610
612
604
606
608
612
611
604
609
608
607
609
624
615
605
608
600
611
614
607
615
609
615
609
627
610
621
614
617
615
616
612
616
611
612
610
607
608
611
606
610
604
596
610
612
611
604
616
617
619
613
611
620
614
629
617
608
624
626
605
610
626
621
628
619
619
628
629
617
634
633
623
627
623
616
629
628
621
636
626
632
635
631
649
618
643
655
640
639
657
636
647
657
643
647
661
658
659
664
654
650
678
648
679
666
655
659
673
678
687
685
668
679
685
685
699
666
694
724
709
695
712
710
719
700
741
743
719
742
740
749
751
776
777
778
783
781
786
803
792
817
821
825
837
862
849
889
882
850
881
909
898
960
934
935
915
976
1009
993
994
1033
1046
1084
1100
1097
1172
1123
1148
1196
1187
1203
1295
1237
1334
1287
1319
1425
1432
1510
1525
1504
1518
1597
1595
1635
1692
1686
1774
1727
1807
1826
1921
1952
1974
1997
2040
2101
2122
2142
2283
2198
2187
2200
2301
2333
2308
2423
2315
2422
2473
2510
2557
2621
2660
2536
2584
2650
2613
2811
2627
2742
2635
2740
2798
2827
2921
2892
2802
2900
2846
2938
2995
3013
3021
3068
3029
3117
3141
3210
3174
3208
3225
3320
3215
3290
3228
3340
3275
3396
3431
3433
3406
3467
3710
3529
3502
3627
3716
3727
3579
3773
3705
3782
3777
3670
3882
3800
3803
4003
3855
3882
3892
3879
3938
3938
4013
4121
4184
4214
4104
4198
4250
4209
4263
4212
4323
4305
4332
4383
4337
4374
4285
4395
4392
4389
4501
4355
4533
4511
4354
4438
4557
4439
4645
4539
4656
4504
4534
4516
4536
4717
4623
4736
4569
4665
4552
4500
4690
4731
4728
4821
4679
4612
4756
4658
4803
4653
4822
4735
4725
4917
4865
4895
4858
4797
4772
4767
4896
4896
4781
4950
4864
4803
4851
4843
4976
4918
4824
4979
4929
5006
4954
4974
5005
5018
5094
5029
5142
5078
5026
4961
4986
5078
4980
5142
5038
5194
4986
5288
5122
5181
5192
5316
5219
5353
5238
5444
5324
5341
5225
5232
5318
5378
5219
5143
5347
5385
5362
5464
5354
5489
5454
5455
5544
5536
5345
5480
5580
5700
5533
5652
5526
5681
5569
5847
5673
5582
5662
5702
5595
5448
5706
5645
5690
5642
5645
5699
5642
5781
5598
5690
5622
5636
5917
5674
5641
5590
5677
5782
5639
5814
5823
5658
5813
5756
5541
5677
5629
5654
5744
5732
5705
5652
5636
5749
5722
5846
5910
5691
5595
5625
5706
5524
5609
5560
5681
5349
5578
5426
5473
5371
5578
5483
5505
5446
5383
5407
5368
5426
5455
5384
5394
5455
5330
5193
5291
5297
5467
5283
5042
5165
4969
5150
5059
5057
4926
4834
4833
4857
4837
4851
4903
4891
4738
4895
4652
4821
4761
4728
4700
4787
4586
4581
4515
4567
4484
4443
4335
4459
4356
4365
4337
4445
4284
4229
4245
4216
4172
4200
3949
3994
4033
3968
3931
3860
3983
3835
3907
3816
3834
3815
3715
3570
3583
3600
3482
3567
3525
3601
3470
3412
3471
3303
3362
3312
3309
3221
3304
3220
3123
3082
3083
3091
3127
2882
2929
2965
2849
2795
2872
2853
2763
2745
2687
2736
2578
2607
2601
2624
2552
2572
2489
2416
2517
2414
2382
2388
2333
2315
2275
2255
2257
2161
2224
2180
2113
2097
2082
2107
2016
2009
2140
1955
1894
1925
1998
1949
1907
1902
1855
1873
1820
1777
1778
1810
1649
1676
1753
1685
1664
1614
1597
1582
1606
1535
1578
1510
1542
1551
1506
1540
1456
1467
1433
1460
1411
1537
1397
1421
1419
1402
1300
1426
1328
1282
1336
1295
1242
1287
1272
1222
1213
1193
1226
1217
1238
1208
1196
1185
1169
1226
1117
1129
1125
1138
1148
1050
1130
1096
1071
1084
1063
1073
1053
1053
1042
984
1001
1028
958
983
999
1034
997
1020
958
974
940
933
977
930
981
974
898
940
919
915
878
904
963
957
913
889
888
893
868
880
891
879
882
891
843
850
868
843
834
875
833
841
784
780
862
824
855
792
806
843
850
790
821
797
770
805
801
793
788
775
806
761
797
785
781
794
751
753
736
765
766
740
764
750
762
745
746
753
748
744
744
736
763
726
739
727
727
735
726
734
730
733
713
719
679
721
691
703
704
722
705
688
712
724
715
691
684
721
704
686
700
710
717
675
680
690
686
699
701
683
674
677
670
661
682
683
684
683
702
688
668
661
679
668
689
681
683
680
675
663
659
661
694
657
670
645
659
657
656
654
656
653
656
657
632
651
664
640
636
644
656
655
660
643
662
650
633
654
638
648
664
653
655
636
650
649
631
647
645
640
639
634
639
632
637
627
645
645
642
635
622
655
631
645
634
634
642
647
645
638
630
635
631
630
627
624
647
637
625
641
625
640
632
624
629
619
624
615
629
632
615
626
634
627
642
631
628
620
627
614
613
611
624
622
623
625
619
623
627
620
625
624
616
624
615
606
639
606
625
618
610
621
619
615
606
622
607
611
625
620
617
612
611
606
618
623
620
621
609
615
610
605
615
619
604
616
615
613
615
622
615
617
614
612
613
618
610
615
606
617
611
622
612
616
626
610
612
619
613
622
611
610
620
609
613
603
606
608
611
605
605
605
608
610
612
601
606
616
615
624
615
607
607
613
606
607
615
600
606
600
611
614
617
610
598
606
603
612
613
610
607
606
608
607
607
605
594
605
610
614
600
606
612
615
600
613
617
599
607
604
613
615
607
605
613
615
605
605
605
611
614
608
614
612
602
611
608
603
605
606
609
612
608
605
611
610
617
602
602
599
603
607
609
611
607
602
610
613
602
608
605
613
608
604
603
607
604
613
603
598
606
611
