601
609
604
610
600
604
602
610
594
607
611
612
614
611
602
601
604
604
608
607
611
608
602
607
599
604
600
596
612
603
611
595
602
611
617
603
602
608
601
606
615
604
606
607
606
599
604
605
604
609
600
598
604
605
598
603
611
605
605
615
601
604
603
598
606
613
608
600
608
606
603
614
605
602
599
601
613
605
608
613
609
602
601
603
608
603
605
596
605
610
610
597
607
598
614
604
599
605
606
604
598
595
600
610
601
602
608
604
611
602
604
600
606
613
603
604
598
602
622
603
605
609
601
612
604
609
605
602
605
608
603
604
607
603
610
614
609
608
609
607
605
604
600
599
607
603
610
598
609
607
605
609
599
605
603
606
605
598
607
613
610
605
607
612
603
605
606
604
604
601
601
606
598
605
606
601
605
599
596
606
602
598
598
601
599
605
601
606
600
603
603
601
603
604
604
614
602
613
604
610
612
611
613
599
616
611
604
607
607
606
608
613
617
605
604
613
611
605
610
596
603
608
608
607
599
602
608
602
609
603
602
604
611
609
613
606
609
612
614
613
615
609
599
601
605
607
602
609
610
602
611
608
601
611
617
597
615
605
608
609
607
611
613
609
625
617
610
615
617
616
608
609
618
610
606
599
613
604
606
615
613
617
611
616
621
621
619
612
617
615
615
621
609
610
614
609
622
616
617
619
617
633
613
618
617
611
624
622
610
623
617
613
614
617
614
628
619
628
623
625
606
619
628
616
632
620
639
629
646
631
627
634
631
629
634
641
643
630
656
623
645
649
641
624
629
643
637
648
644
634
647
649
664
655
665
651
635
680
665
658
657
684
665
687
666
680
670
683
698
697
706
688
683
703
708
701
735
718
714
717
733
712
711
741
747
763
764
755
744
761
760
750
804
792
792
803
786
820
827
849
832
841
852
829
872
880
901
875
908
963
974
940
956
986
971
938
982
1033
1025
1089
1053
1081
1127
1144
1100
1196
1224
1267
1304
1284
1292
1278
1356
1387
1394
1477
1396
1569
1520
1557
1677
1666
1708
1677
1724
1780
1812
1859
1890
1939
2008
1990
2112
2129
2184
2195
2242
2279
2315
2400
2345
2314
2436
2423
2564
2539
2683
2644
2619
2658
2800
2797
2785
2682
2845
2827
2987
2997
2954
3062
2927
3075
3148
3117
3165
3149
3090
3218
3240
3319
3096
3408
3378
3310
3425
3326
3406
3491
3441
3644
3654
3553
3687
3717
3810
3807
3819
3593
3693
3669
3951
3733
3705
3909
4074
4048
3981
4161
4213
4138
4184
4179
4360
4332
4285
4244
4340
4374
4215
4453
4409
4315
4329
4396
4573
4573
4598
4432
4736
4608
4780
4733
4772
4881
4672
4748
4772
4962
4719
5053
4898
4975
4791
5057
4785
4898
4958
4980
5046
5127
5066
5263
5054
5178
5247
5082
5212
5081
5385
5289
5290
5307
5180
5312
5431
5346
5303
5230
5194
5384
5342
5267
5273
5460
5345
5591
5376
5595
5574
5434
5599
5543
5535
5577
5622
5533
5594
5539
5511
5584
5522
5509
5590
5696
5608
5703
5534
5784
5650
5664
5731
5722
5670
5686
5765
5753
5915
5834
5618
5690
5651
5825
5762
5870
5649
5743
5703
5820
5825
5917
6078
5988
5914
6111
5891
6216
6107
6053
5789
6189
6052
6092
6094
6095
6177
6228
6087
6209
6005
6173
6410
6207
6352
6087
6410
6329
6263
6269
6248
6350
6589
6326
6454
6423
6311
6397
6304
6344
6514
6343
6457
6476
6454
6526
6447
6579
6655
6637
6554
6535
6629
6603
6582
6565
6679
6522
6551
6609
6475
6697
6709
6535
6538
6601
6452
6497
6534
6423
6371
6610
6683
6609
6590
6545
6383
6599
6538
6432
6395
6551
6358
6299
6597
6518
6408
6323
6304
6241
6333
6309
6278
6063
6153
6250
6144
6206
6223
6197
6165
6406
6282
6154
6268
6225
6122
6135
5913
5921
5865
5943
6059
5715
5831
5722
5892
5740
5646
5780
5650
5741
5621
5676
5695
5570
5747
5548
5578
5443
5296
5353
5320
5447
5401
5188
5171
5091
5109
5065
5005
5120
4994
4982
4951
4854
4936
4849
4771
4841
4722
4759
4668
4637
4602
4659
4426
4323
4483
4397
4376
4385
4350
4232
4313
4148
4078
4105
3857
4065
4035
3944
3871
3858
3851
3824
3767
3810
3803
3678
3648
3611
3624
3514
3474
3404
3483
3464
3403
3191
3272
3206
3276
3121
3087
3025
3046
3039
3058
2961
2932
2839
2859
2932
2876
2788
2698
2787
2759
2746
2696
2534
2611
2512
2522
2399
2520
2310
2354
2302
2349
2352
2351
2292
2213
2142
2184
2278
2168
2105
2173
2126
2107
2083
2057
2002
2031
1910
1963
1921
1912
1890
1842
1819
1804
1894
1748
1757
1711
1697
1668
1736
1717
1650
1619
1640
1593
1591
1634
1549
1571
1488
1508
1486
1589
1515
1428
1441
1459
1439
1385
1422
1419
1387
1418
1345
1323
1306
1311
1372
1242
1282
1324
1296
1298
1213
1231
1234
1164
1182
1233
1176
1187
1173
1175
1152
1162
1183
1159
1108
1066
1099
1087
1063
1125
1093
1099
1095
1073
1052
1037
1035
1021
990
997
999
993
982
1009
1028
984
962
979
942
959
936
931
932
906
956
962
947
921
899
894
916
876
895
892
911
879
900
873
857
846
819
872
828
828
889
872
837
816
860
835
853
852
853
808
802
844
825
831
803
801
823
789
811
795
798
790
791
771
788
764
789
788
767
776
807
753
763
777
750
772
733
741
757
748
743
744
739
710
734
755
742
744
737
713
732
729
740
734
719
710
730
706
743
712
714
712
708
737
709
708
706
699
716
690
706
713
708
698
686
703
675
694
689
690
703
681
685
698
674
675
685
688
657
688
682
663
702
666
676
664
657
697
676
660
675
659
666
681
672
683
673
668
660
667
675
683
675
655
657
660
651
660
665
663
659
664
674
674
641
674
664
667
647
648
648
654
663
640
650
648
639
646
633
631
642
629
646
661
638
637
658
660
617
648
644
648
656
635
644
655
631
629
645
646
625
648
646
638
642
641
643
630
658
641
640
632
633
636
641
630
639
627
640
624
635
627
622
629
622
632
628
621
632
627
623
622
619
623
629
639
623
627
613
634
625
633
641
624
643
639
629
627
614
634
618
617
621
624
615
623
621
619
620
621
625
628
624
613
627
625
612
609
627
619
630
616
615
613
634
623
621
625
620
617
611
627
627
621
600
625
617
620
629
615
612
625
613
619
625
608
607
611
611
610
609
615
623
616
623
620
613
627
607
605
612
619
612
614
617
623
625
614
610
599
606
618
616
613
607
604
611
603
614
608
623
604
606
611
619
616
610
610
595
602
603
603
616
601
606
604
604
608
605
603
610
602
603
604
600
611
613
616
611
603
608
609
617
616
613
607
611
615
614
603
613
592
611
611
621
604
605
602
604
607
611
598
602
618
616
616
605
615
613
612
601
602
616
602
609
606
617
601
604
602
605
612
607
