615
607
613
615
604
607
610
612
606
597
606
603
608
607
604
598
600
604
603
607
602
605
601
605
598
616
601
607
606
602
614
610
607
604
602
610
602
620
606
607
601
599
602
608
610
608
602
599
599
601
616
605
603
605
606
606
597
595
606
610
604
603
608
608
605
601
604
599
610
597
606
611
606
609
607
606
606
606
603
612
605
599
607
598
601
605
603
612
599
605
620
605
595
606
601
611
600
601
610
612
597
620
613
604
602
593
601
612
614
604
607
596
603
605
618
604
599
603
599
610
598
598
600
606
603
600
593
610
604
608
600
606
608
610
607
605
601
602
599
602
611
602
609
610
605
608
610
605
606
601
602
616
627
601
607
606
605
610
605
594
599
614
606
610
608
605
593
605
593
603
596
612
601
606
602
608
596
605
599
607
603
609
604
601
603
600
604
606
604
609
614
597
606
602
604
609
599
608
615
616
604
609
611
614
607
602
609
607
604
599
601
622
610
607
603
607
607
611
601
601
608
619
608
613
618
605
617
613
601
611
618
608
615
602
616
607
606
612
613
609
617
604
607
623
605
608
620
605
613
599
611
613
614
605
607
615
610
609
610
608
624
605
623
618
613
609
612
612
607
621
609
621
610
622
608
609
615
614
612
605
618
616
606
621
612
625
615
622
625
612
615
627
621
605
621
616
609
620
625
633
618
622
623
622
619
619
616
615
640
623
627
627
629
631
631
620
634
632
628
641
632
637
624
638
643
645
652
633
630
632
630
616
642
649
627
635
647
647
649
650
645
642
655
637
657
649
663
667
654
655
653
658
685
692
667
675
680
672
684
674
681
665
696
690
681
666
695
715
698
722
702
720
700
735
722
703
708
735
741
765
757
753
754
770
805
772
763
814
793
793
810
809
819
876
805
866
846
901
888
877
889
900
945
919
919
955
996
992
994
1002
992
1053
1023
1107
1102
1099
1113
1162
1240
1213
1218
1243
1281
1298
1365
1377
1383
1386
1400
1459
1493
1595
1584
1628
1578
1666
1709
1740
1806
1867
1889
1945
1924
1960
2107
2167
2118
2202
2321
2261
2276
2393
2495
2607
2664
2652
2664
2788
2769
2851
2903
2947
2997
3020
3151
3178
3172
3258
3301
3255
3220
3473
3503
3430
3541
3566
3592
3613
3568
3712
3733
3821
3823
3810
3850
3868
3897
3793
3941
3903
4013
4026
4147
4133
4230
4203
4114
4293
4238
4492
4431
4477
4395
4471
4663
4812
4680
4681
4736
4744
4848
4791
4798
4962
4812
4900
5048
5037
5312
5158
5202
5333
5253
5333
5262
5343
5373
5604
5445
5321
5670
5525
5565
5770
5541
5676
5744
5776
5861
5800
6008
5982
6174
5998
6173
5972
6272
6240
6220
6177
6226
6215
6374
6211
6453
6313
6157
6366
6264
6511
6547
6543
6643
6630
6701
6821
6657
6657
6607
6707
6693
6773
6609
6629
6555
6614
6734
6720
6750
6532
6727
6846
6718
6748
6809
6894
6855
6956
6854
7116
6991
6971
6976
6708
7049
7098
7200
7073
7119
7115
7162
6955
7043
7115
7166
7161
7188
7383
7140
7131
7262
7301
7236
7293
7248
7335
7445
7268
7291
7465
7225
7276
7329
7214
7277
7292
7290
7329
7389
7450
7525
7649
7566
7734
7582
7628
7614
7801
7753
7633
7659
7635
7702
7768
7775
7824
7637
8012
7696
7740
7811
7976
7734
8043
8029
8061
8043
8146
8160
8063
8167
8303
8056
8369
8114
8202
8157
8238
8239
8096
8281
8211
8290
8273
8261
8049
8306
8134
8168
8364
8342
8425
8346
8211
8423
8284
8488
8357
8502
8231
8374
8322
8311
8213
8247
8283
8260
8274
8192
8393
8309
8270
8238
7963
8365
8224
8057
8338
8332
8219
8178
8400
8075
8293
8201
8169
8107
8088
8103
8020
7985
7992
8130
7877
8049
8029
7996
7980
7849
7890
7873
7796
7906
7882
7805
7999
7695
7817
7739
7408
7580
7440
7434
7705
7514
7460
7532
7369
7291
7145
7334
7155
7154
7181
7035
6920
7111
7013
6767
6804
6859
6890
6746
6615
6676
6566
6552
6593
6414
6453
6339
6276
6311
6341
6233
6157
6116
6055
6109
6143
5928
5846
5890
5904
5735
5620
5626
5662
5517
5534
5499
5434
5345
5480
5298
5234
5196
5156
5057
4899
4988
4977
4875
4829
4922
4651
4809
4682
4618
4630
4521
4593
4619
4372
4322
4362
4221
4188
4202
4167
4024
3952
3907
4003
3847
3745
3820
3760
3715
3639
3611
3609
3610
3703
3493
3441
3502
3364
3434
3251
3301
3224
3216
3115
3146
3109
3054
3064
3014
2900
2879
2900
2867
2863
2776
2812
2648
2666
2671
2617
2557
2589
2565
2545
2512
2473
2333
2357
2357
2354
2285
2262
2298
2317
2070
2157
2150
2099
2119
2077
2081
2064
1997
1999
1923
1995
1960
1922
1937
1931
1855
1869
1853
1756
1822
1691
1710
1687
1678
1691
1612
1645
1632
1589
1559
1625
1508
1565
1545
1525
1545
1478
1511
1419
1443
1463
1411
1415
1412
1408
1432
1346
1346
1394
1338
1322
1305
1270
1265
1321
1285
1273
1302
1235
1247
1215
1258
1273
1269
1170
1168
1189
1198
1186
1138
1103
1141
1139
1115
1159
1057
1118
1117
1090
1060
1046
1060
1056
1092
1021
1021
1047
1030
967
1059
999
1006
1024
973
982
958
991
971
1010
1006
943
959
925
976
926
969
921
956
881
908
923
891
889
845
875
903
835
840
831
888
872
890
849
863
840
861
828
850
838
843
856
817
847
852
834
829
811
803
795
834
807
797
790
786
807
773
788
821
788
809
789
805
795
787
794
762
784
791
792
763
775
747
761
754
754
735
748
746
755
735
753
739
756
729
718
735
710
725
699
718
719
734
763
741
735
722
730
712
698
725
733
718
711
741
712
726
682
711
704
698
702
700
680
694
710
674
696
715
689
689
684
672
695
703
692
673
689
684
697
688
681
670
674
688
681
679
670
666
672
702
683
665
693
665
683
663
661
672
663
661
667
675
655
661
666
667
658
655
661
648
655
622
660
647
657
677
653
660
653
648
648
657
656
657
645
637
639
644
644
656
638
653
645
652
646
651
660
627
629
639
640
643
649
652
658
636
633
643
627
639
631
652
639
648
648
643
627
638
633
625
638
626
632
634
640
630
638
623
632
644
633
630
626
627
626
611
627
628
626
613
631
620
631
635
633
624
638
627
624
637
628
632
624
624
621
622
630
625
622
621
627
610
644
626
620
621
620
631
630
632
625
623
617
612
617
623
625
622
611
620
623
616
614
627
607
628
612
615
618
613
619
610
620
626
619
619
610
619
617
621
615
606
610
616
606
614
616
608
624
606
618
623
610
619
610
609
606
619
610
623
612
608
615
610
610
616
610
604
611
598
611
610
605
608
613
601
629
604
611
612
615
609
613
612
614
612
612
616
616
617
625
615
615
611
612
610
623
604
616
609
615
605
610
614
608
604
612
607
603
612
598
602
611
604
611
607
598
607
606
602
614
610
612
606
610
