603
603
601
609
606
596
610
608
602
596
611
603
599
605
612
617
596
604
606
609
599
604
607
600
603
613
605
617
602
597
607
612
612
602
606
604
617
609
597
604
598
605
597
602
601
611
604
600
606
602
609
608
611
608
598
616
610
610
600
606
606
601
598
597
606
598
606
603
608
613
609
611
609
609
603
605
598
611
612
603
615
608
603
607
602
601
602
597
600
614
604
596
610
606
597
606
609
604
604
606
603
601
608
603
613
603
603
607
605
604
609
600
619
607
604
602
609
599
602
612
607
604
603
608
602
597
605
605
603
606
608
609
600
617
612
604
607
604
604
605
608
603
601
604
598
609
608
605
609
601
605
599
604
608
602
609
601
609
606
607
603
605
600
609
602
608
605
616
623
594
604
604
613
609
604
611
600
600
604
613
599
612
601
591
599
609
602
605
605
602
616
608
612
607
601
598
614
600
610
615
598
612
606
608
605
615
613
610
616
609
606
603
614
609
612
603
608
612
605
602
598
610
608
610
609
599
604
611
604
612
607
605
610
622
618
612
606
608
608
610
616
604
611
614
604
621
602
618
607
620
614
608
611
610
603
624
620
617
612
611
616
617
620
613
621
608
621
608
616
611
612
622
616
623
621
611
618
632
608
615
609
614
613
614
625
623
622
615
615
617
609
627
613
622
648
622
610
624
615
630
621
635
613
624
637
631
632
619
614
630
631
645
645
634
643
635
651
637
645
621
631
640
643
650
656
647
652
660
651
660
671
661
663
675
648
656
657
663
670
683
649
652
656
647
686
681
679
644
662
678
669
700
683
683
683
718
696
710
715
713
717
697
703
713
711
727
737
744
731
740
705
738
733
744
762
787
790
773
777
790
830
805
802
820
855
812
804
827
864
835
914
862
889
913
910
946
944
939
950
969
989
987
998
1017
1029
1012
1069
1087
1071
1126
1127
1158
1128
1165
1221
1217
1244
1332
1326
1350
1323
1415
1366
1455
1496
1505
1515
1606
1640
1664
1678
1814
1750
1711
1788
1948
1984
2005
2075
2146
2123
2207
2200
2323
2377
2477
2538
2564
2537
2684
2812
2845
2848
2867
2976
3244
3081
3256
3347
3336
3421
3577
3558
3656
3607
3800
3879
3894
3838
3874
4037
4084
4203
4199
4336
4382
4414
4590
4555
4582
4743
4659
4794
4820
4733
4957
5063
4984
5120
5115
5180
5320
5315
5304
5384
5406
5558
5680
5596
5738
5866
5871
5887
6049
6127
6215
6231
6112
6344
6505
6366
6501
6573
6615
6688
6696
6753
6896
6981
7049
7192
7126
7189
7231
7256
7263
7498
7380
7303
7545
7685
7665
7690
7775
7894
7956
7975
7818
8105
8211
8193
8173
8509
8444
8478
8592
8494
8685
8602
8574
8799
8864
8629
8834
8764
8884
8925
8952
8925
8954
9124
9140
9193
9111
9331
9267
9451
9297
9306
9401
9622
9253
9391
9682
9721
9479
9528
9554
9594
9568
9741
9525
9434
9664
9685
9847
9843
9873
10087
9885
10065
9844
9962
9863
10036
9973
10135
10279
9977
10135
9787
10034
10310
9920
10263
10201
10385
10261
10221
10303
10450
10349
10576
10318
10563
10536
10486
10330
10499
10504
10708
10562
10323
10718
10363
10420
10663
10666
10606
10708
10801
10584
10950
10777
11081
10907
10987
11035
10874
11250
10817
11139
11098
10929
11285
10967
11179
11051
11278
11047
11255
11297
11359
11512
11457
11539
11722
11564
11575
11462
11730
11895
11856
11894
11686
11880
11701
11656
11719
11639
11798
11549
11793
11742
11611
11903
11713
11897
11663
11896
11883
11775
11962
12028
12062
11865
11969
11922
12142
11855
11781
12071
11632
11654
11863
11786
11795
11883
11736
12084
11522
11899
11823
11660
11637
11738
11800
11612
11672
11696
11793
11785
11850
11774
11787
11323
11577
11573
11361
11265
11284
11274
11388
11333
11550
11078
11346
11234
11270
11213
11242
11326
11072
10745
10948
10925
11114
10866
10823
10793
10861
10528
10621
10433
10508
10371
10316
10148
10279
9829
9977
10097
9980
10059
9899
9971
9986
9713
9774
9734
9566
9649
9458
9246
9260
9038
9053
9052
8849
8898
8833
8774
8783
8476
8617
8640
8452
8409
8530
8407
8213
8170
8037
7900
7861
7883
7782
7831
7664
7563
7534
7432
7362
7220
7324
7084
6968
7056
6897
6777
6834
6560
6639
6725
6514
6559
6390
6422
6251
6207
6183
5877
5887
5764
5927
5748
5660
5438
5538
5501
5438
5367
5321
5257
5129
4988
5053
5073
4953
4854
4868
4772
4664
4670
4566
4454
4480
4611
4465
4299
4200
4179
4093
4128
4036
3970
3956
3873
3811
3842
3731
3774
3699
3650
3552
3568
3480
3397
3338
3427
3225
3363
3224
3203
3077
3223
3135
3032
3060
2980
2909
2931
2778
2826
2754
2755
2700
2734
2667
2590
2571
2501
2581
2488
2598
2444
2435
2415
2367
2348
2303
2326
2285
2209
2218
2182
2206
2198
2158
2108
2080
2042
1990
1999
2027
1891
1973
1916
1833
1960
1760
1860
1742
1735
1775
1755
1718
1764
1686
1657
1650
1695
1701
1571
1603
1584
1613
1562
1501
1557
1508
1540
1509
1386
1440
1479
1394
1437
1406
1377
1388
1369
1415
1401
1417
1300
1343
1347
1317
1313
1244
1215
1251
1263
1219
1237
1270
1281
1248
1206
1200
1175
1166
1161
1197
1148
1160
1165
1197
1116
1159
1108
1112
1075
1108
1084
1133
1104
1074
1041
1029
1026
1054
1042
996
1017
1042
1010
1032
985
975
1038
1038
958
989
974
949
934
947
978
952
959
959
918
926
935
929
976
948
936
921
889
891
897
872
892
897
852
867
866
853
835
867
866
868
853
854
840
848
877
870
820
807
862
817
812
821
808
805
835
818
813
808
828
793
805
787
765
788
796
809
794
760
793
763
765
776
769
785
785
803
743
756
757
726
789
739
756
745
765
743
766
772
719
722
732
736
717
724
730
726
734
741
732
740
734
711
728
731
716
734
721
721
734
697
736
695
708
720
719
749
707
704
704
685
713
689
698
705
710
708
693
687
710
686
686
677
675
685
693
677
687
696
676
693
675
682
673
669
679
686
676
668
692
668
695
679
658
680
669
665
662
665
655
653
667
659
634
663
659
649
651
658
657
650
675
660
657
654
640
656
656
664
653
649
642
659
651
659
645
657
650
662
644
660
652
646
653
646
634
641
623
636
643
654
630
648
633
638
648
628
636
647
640
633
636
639
631
629
633
630
632
633
630
637
644
636
627
628
621
632
651
639
635
631
630
636
613
622
645
626
618
630
626
637
636
640
614
630
627
627
623
635
624
611
621
625
620
635
622
628
630
636
632
622
614
623
625
613
619
614
626
630
624
621
635
614
620
624
613
620
632
623
623
614
624
617
627
632
607
617
621
615
613
626
619
623
614
621
612
615
611
611
617
610
622
615
627
617
611
629
614
623
616
617
628
600
610
614
618
624
613
624
618
609
608
613
612
610
622
618
624
609
618
614
615
602
615
609
616
617
613
608
617
614
612
614
621
618
601
602
610
607
611
618
612
610
605
606
608
