611
606
606
610
605
597
610
610
606
605
608
606
607
602
612
607
610
607
596
619
603
597
610
613
610
607
609
613
614
619
618
611
618
620
604
602
607
614
611
604
607
608
609
602
608
611
606
610
614
606
606
602
611
605
607
606
612
600
607
609
604
608
601
608
603
605
606
620
600
612
604
599
605
611
609
612
604
617
600
613
606
604
599
615
615
608
607
610
610
615
600
604
611
604
607
607
604
598
611
610
613
594
606
608
608
604
601
610
607
608
615
610
605
605
612
606
608
610
612
602
605
607
609
613
608
612
614
601
608
609
605
608
612
600
605
613
609
606
617
615
612
611
609
606
601
613
612
611
618
615
611
603
612
604
604
613
609
617
603
609
609
610
602
613
609
605
608
603
616
603
612
601
620
610
610
615
610
610
613
610
604
612
598
606
607
609
613
610
606
599
617
610
603
620
611
606
605
605
611
603
604
608
615
610
615
617
607
601
617
605
605
607
608
606
608
607
616
601
600
614
608
605
610
612
606
612
608
613
606
609
610
616
607
618
602
599
610
604
618
616
607
616
613
614
613
614
604
608
619
622
615
616
613
611
619
610
625
621
609
612
608
624
608
615
612
613
609
618
611
610
623
623
619
621
634
627
614
616
627
624
626
639
624
622
632
623
614
632
622
619
613
623
625
637
620
626
628
631
620
636
636
636
628
625
632
630
624
627
631
646
635
638
631
644
633
635
653
656
634
640
659
649
667
654
639
650
651
634
674
647
655
654
658
651
662
662
679
652
674
670
659
659
670
661
676
675
674
681
683
708
686
697
685
695
697
699
694
725
692
682
722
752
726
715
717
731
731
739
740
771
760
741
764
799
771
769
764
787
822
806
819
787
818
846
870
862
872
887
878
864
888
923
878
937
976
928
971
941
984
992
973
1059
1054
1071
1074
1104
1100
1107
1130
1173
1191
1183
1259
1210
1250
1325
1339
1387
1371
1385
1404
1455
1472
1493
1536
1614
1636
1672
1664
1729
1751
1871
1823
1875
1898
1946
2040
2085
2117
2196
2218
2388
2326
2493
2495
2581
2595
2698
2763
2798
2845
2899
3113
3151
3150
3276
3353
3339
3551
3583
3669
3693
3758
3805
3836
4035
4025
3986
4052
4097
4070
4435
4220
4305
4411
4525
4515
4510
4571
4683
4670
4761
4772
4706
4881
4907
4915
4879
4908
5032
5096
5103
5299
5294
5087
5201
5364
5447
5501
5564
5504
5599
5653
5963
5839
5804
5888
5784
5936
6110
6077
6167
6285
6314
6527
6484
6246
6389
6635
6537
6775
6697
6833
6883
6896
6827
6797
7240
6963
7115
7158
7082
7329
7214
7500
7419
7580
7452
7451
7680
7693
7678
7680
7668
7765
7977
7971
7999
8024
7963
8155
8220
7974
8090
8212
8070
8322
8380
8313
8277
8418
8676
8631
8618
8477
8573
8580
8628
8618
8727
8739
8786
8598
8813
8767
8669
8781
8806
8764
8822
8864
8891
8751
8677
8850
9248
9015
9220
8928
9187
9376
8962
9311
9036
9000
8999
9241
9226
9186
9207
9041
9348
9356
9125
9336
9135
9265
9299
9626
9390
9612
9563
9631
9464
9387
9517
9525
9701
9512
9886
9319
9685
9528
9501
9469
9581
9752
9685
9690
9788
9814
9950
9917
9909
9948
10033
10154
9896
9847
10172
10059
10216
10034
10303
9844
10069
10085
10287
10514
10228
10163
10364
10364
10510
10508
10585
10613
10532
10363
10595
10674
10536
10619
10666
10611
10591
10584
10714
10800
10699
10625
10700
10663
10668
10541
10766
10951
10777
10912
10937
10832
10750
10893
10900
10931
10974
11120
10769
10750
10969
10982
10940
10994
11029
10638
10872
10835
10807
10962
10984
10736
10928
10896
10706
10925
10797
10939
10919
10703
10849
10886
10775
10687
10697
10452
10797
10500
10508
10383
10537
10562
10391
10390
10342
10417
10315
10175
10419
10483
10505
10444
10290
10499
10205
10029
10044
10418
10292
10023
10154
9980
9609
9729
9765
9827
9900
9755
9706
9457
9573
9422
9458
9369
9346
9419
9187
9166
9248
9093
9103
8813
8905
8628
8762
8790
8778
8741
8690
8554
8530
8440
8281
8375
8244
8178
8128
8098
8105
7942
8088
7914
7874
7903
7664
7677
7602
7658
7528
7295
7417
7258
7159
7063
6965
6924
6932
6826
6618
6618
6698
6524
6552
6556
6517
6508
6375
6263
6166
6107
6145
6246
5995
5956
5786
6040
5741
5788
5700
5414
5515
5473
5414
5156
5131
5247
5172
5029
4959
4969
4980
4820
4784
4721
4735
4512
4567
4654
4328
4308
4460
4276
4243
4151
4155
4108
4046
3901
4034
3885
3814
3787
3807
3663
3543
3654
3608
3632
3519
3459
3380
3350
3465
3341
3244
3368
3121
3226
3060
3215
3005
3090
3096
2862
2974
2854
2807
2781
2877
2745
2701
2726
2646
2611
2555
2508
2551
2455
2427
2464
2342
2389
2411
2282
2311
2301
2271
2228
2176
2153
2137
2083
2068
2152
2047
2094
2016
2022
1917
1997
1943
1956
1880
1864
1828
1773
1820
1903
1727
1817
1774
1696
1699
1699
1639
1736
1713
1655
1573
1600
1522
1585
1463
1507
1506
1517
1451
1475
1491
1490
1449
1396
1423
1372
1373
1403
1336
1390
1315
1389
1334
1309
1242
1297
1307
1269
1293
1269
1222
1239
1252
1212
1199
1240
1194
1180
1226
1183
1180
1134
1158
1111
1150
1134
1154
1054
1170
1106
1063
1106
1064
1061
1085
1089
1083
1058
1022
1053
1049
1072
1018
1042
985
1009
996
970
991
983
1002
959
936
999
967
940
944
947
925
933
933
993
917
926
892
907
934
912
863
891
917
875
867
902
873
867
874
869
823
884
851
850
857
856
846
861
852
836
849
817
821
831
807
802
798
818
807
802
794
785
780
782
801
775
793
783
777
802
791
798
794
779
787
770
781
741
775
766
799
747
768
750
749
758
755
747
754
746
749
728
749
733
725
736
729
723
746
700
739
713
705
729
729
727
699
715
705
698
716
728
735
705
688
705
718
734
710
703
708
710
708
688
695
703
715
681
686
662
675
671
677
688
701
693
684
701
662
703
665
684
684
689
671
675
678
698
672
684
689
662
667
678
662
660
679
676
656
671
700
677
671
660
670
652
664
659
667
663
665
645
655
652
641
662
649
646
676
657
659
642
666
656
651
644
652
656
651
653
643
642
651
637
657
635
660
652
637
641
635
641
648
660
652
640
633
642
638
647
630
630
644
633
648
638
633
633
627
639
648
644
628
630
649
637
633
644
627
635
639
631
644
623
647
618
620
638
622
626
631
614
634
634
623
631
629
631
622
631
622
625
621
642
624
620
624
643
624
620
636
626
621
619
617
624
616
626
619
626
625
615
623
617
630
621
629
624
623
616
628
622
618
606
611
625
609
621
616
622
629
614
619
636
618
624
610
612
623
608
613
621
621
614
618
618
611
618
612
607
620
611
614
613
619
627
619
620
616
621
619
615
618
606
622
609
601
621
620
624
611
606
609
604
603
612
616
619
616
606
617
604
612
610
606
612
615
609
612
602
608
608
609
620
616
