603
612
609
606
610
613
599
617
619
602
613
610
608
612
605
613
599
609
607
601
602
613
607
612
609
615
605
608
605
607
605
610
611
615
612
613
610
602
609
613
602
611
607
609
610
601
615
606
608
616
618
618
615
597
605
608
609
609
605
611
608
610
600
602
608
611
603
602
605
610
601
613
607
610
605
613
611
604
608
606
602
603
608
611
608
604
598
601
602
611
609
603
611
610
621
612
614
607
615
614
612
606
597
612
607
602
612
607
606
607
606
602
604
598
596
612
611
610
610
613
609
605
608
613
607
606
605
606
611
616
605
605
613
611
614
611
612
608
609
604
603
615
605
607
597
609
603
605
614
605
607
610
612
606
615
616
612
602
600
604
603
608
603
606
602
606
612
609
611
610
607
606
605
615
611
605
613
607
607
608
612
604
607
608
608
615
613
604
613
613
610
608
610
606
602
607
620
607
606
611
604
596
613
611
603
623
601
606
609
606
619
611
610
614
607
624
603
610
607
618
616
609
604
612
611
613
618
611
612
605
614
620
603
613
623
614
614
611
610
614
610
606
617
617
609
618
608
612
618
627
625
608
623
614
620
618
620
621
617
609
623
612
617
627
615
625
618
621
602
615
620
620
618
617
606
615
634
637
630
612
619
633
630
619
625
622
634
621
628
621
628
619
625
633
633
628
650
625
635
634
623
638
642
618
633
631
626
635
638
638
638
637
632
649
651
653
632
663
643
653
651
648
653
650
643
644
647
676
660
648
651
669
661
660
653
666
675
697
686
665
683
672
663
667
685
687
681
690
698
699
699
703
713
702
712
709
701
710
707
720
738
727
739
746
755
720
745
757
764
755
758
779
776
768
768
798
785
775
798
817
777
838
836
842
845
842
871
893
892
904
897
925
933
953
956
984
1036
993
1013
1038
1037
1089
1055
1106
1065
1128
1167
1139
1181
1206
1168
1198
1282
1277
1316
1389
1337
1407
1429
1483
1527
1568
1606
1621
1587
1633
1665
1751
1668
1796
1859
1942
1947
1929
2021
2075
2119
2261
2265
2314
2408
2372
2547
2570
2592
2786
2890
2827
2891
2941
3137
3172
3267
3376
3415
3496
3441
3568
3754
3773
3882
3867
3883
4038
4063
4135
4220
4289
4308
4249
4486
4605
4474
4635
4673
4637
4855
4945
4820
4981
4970
5032
5089
5152
5161
5249
5311
5245
5295
5419
5410
5394
5572
5544
5452
5583
5658
5929
5837
5797
5837
6153
6027
6092
6174
6150
6226
6338
6545
6482
6518
6400
6536
6556
6885
6901
7059
7052
6994
7070
7176
7105
7306
7125
7326
7250
7419
7403
7540
7665
7787
7727
7751
7642
7763
7920
8334
7856
8013
8297
8332
8265
8230
8283
8448
8721
8624
8562
8830
8631
8620
8738
8708
8806
8807
8688
8934
9027
8945
9237
9104
8846
9000
9137
9136
9375
9357
9395
9507
9468
9356
9470
9493
9465
9455
9439
9620
9720
9569
9562
9639
9614
9607
9555
9799
9663
9997
9890
9876
9734
9906
9882
10076
10045
9906
9840
10079
10096
9864
9940
9636
9852
10066
9864
9956
9789
10011
10016
10351
10185
10253
10119
10166
10301
10569
10167
10456
10397
10244
10409
10420
10315
10594
10420
10311
10548
10607
10339
10490
10470
10570
10570
10596
10477
10760
10674
10780
10785
10906
10890
10781
10916
10608
10900
10966
11004
10951
10928
10841
11042
11003
11315
11321
11116
11101
11188
11440
11317
11375
11239
11446
11476
11618
11419
11550
11386
11185
11576
11596
11743
11421
11543
11443
11438
11856
11528
11945
11719
11732
11565
11614
11745
11662
11703
11662
11546
12044
11754
11799
11756
11833
11670
11694
11972
11567
11423
11811
11725
11600
11856
11840
11483
11588
11545
11442
11546
11788
11465
11720
11548
11546
11890
11624
11472
11646
11543
11464
11445
11566
11461
11600
11295
11317
11320
11252
11428
11429
11293
11146
11253
11220
11116
11178
11050
11038
11041
11184
11018
10916
10747
10771
10544
10629
10570
10617
10390
10347
10272
10386
10262
10312
10189
9940
10225
10033
9970
9869
9877
9914
9868
9763
9768
9590
9538
9372
9543
9376
9457
9245
9237
9013
9162
9117
8736
8901
8877
8793
8697
8776
8738
8556
8542
8203
8401
8258
8325
8205
8223
8130
8005
7816
7719
7613
7760
7583
7682
7340
7203
7317
7331
7205
7160
7150
6946
6990
7115
6976
6660
6557
6566
6481
6572
6344
6273
6274
6266
6015
5940
5900
5949
5970
5739
5813
5634
5607
5575
5476
5366
5236
5434
5227
5199
5144
5041
4967
4871
4926
4725
4798
4813
4531
4692
4551
4656
4528
4534
4212
4346
4163
4224
4017
4106
4025
4002
3951
3942
3909
3881
3842
3607
3748
3775
3551
3542
3498
3532
3308
3383
3307
3408
3169
3305
3205
2998
3063
3037
3016
2976
2923
2950
2801
2781
2748
2819
2725
2700
2674
2728
2582
2669
2563
2576
2439
2497
2559
2366
2353
2327
2486
2416
2299
2282
2255
2216
2167
2142
2177
2159
2074
2032
1986
2053
2055
2007
1955
1932
1861
1906
1893
1873
1868
1838
1844
1828
1669
1695
1775
1701
1702
1701
1656
1706
1612
1595
1573
1573
1571
1582
1621
1586
1520
1414
1519
1459
1535
1494
1454
1409
1434
1419
1342
1418
1353
1360
1363
1349
1322
1293
1341
1289
1315
1284
1250
1251
1244
1305
1239
1214
1282
1200
1181
1225
1203
1208
1185
1202
1142
1193
1109
1165
1103
1159
1172
1122
1100
1119
1101
1082
1057
1019
1045
1083
982
1019
1047
1003
1058
1041
987
1014
1019
988
984
999
981
985
1007
989
976
934
947
955
886
987
909
932
893
949
916
925
922
873
888
868
890
883
881
863
881
859
854
911
877
860
870
858
865
861
809
818
848
861
806
825
819
797
838
810
816
836
806
815
804
806
802
808
800
813
795
781
788
807
764
761
761
795
766
779
793
778
753
775
765
757
752
757
743
778
767
737
741
754
754
760
725
724
755
741
728
738
728
751
720
753
731
737
732
720
710
718
759
691
707
719
715
706
700
711
713
722
717
698
685
708
723
696
728
690
712
699
702
701
694
691
709
701
701
700
709
688
692
690
666
697
682
700
686
660
677
667
693
679
691
665
666
687
699
669
679
654
663
676
664
686
674
642
674
657
656
642
687
681
649
672
671
671
657
653
667
659
645
651
666
664
674
663
651
655
666
650
650
647
659
653
649
645
646
636
653
670
644
642
657
643
650
632
663
621
647
642
656
651
638
631
637
639
646
636
638
638
638
651
631
623
647
636
645
654
642
635
638
625
646
631
633
642
634
640
636
631
634
620
621
631
621
629
637
626
640
644
633
646
636
614
633
640
636
625
627
619
622
625
636
636
631
624
631
614
628
631
625
612
616
620
631
622
621
621
623
611
635
613
617
631
620
617
628
620
612
624
627
618
614
606
616
634
616
636
615
613
620
614
611
609
615
616
616
627
617
613
614
615
622
632
623
614
606
612
608
619
626
618
609
621
616
613
616
605
618
620
607
612
613
607
602
614
608
623
614
612
621
612
622
611
614
616
621
621
623
618
