595
615
610
612
614
605
607
613
615
603
612
611
608
619
608
608
611
611
605
602
607
614
606
608
610
609
610
608
619
607
611
608
613
616
612
607
611
622
610
600
616
612
613
621
607
606
610
615
618
613
608
611
610
599
607
610
611
611
605
602
614
605
613
614
606
607
607
600
610
599
597
610
609
617
610
602
610
607
605
608
613
607
614
610
605
599
604
598
614
621
599
623
606
609
620
610
596
615
606
614
609
615
605
610
609
606
613
608
612
613
613
605
615
606
619
615
609
601
605
602
593
612
613
612
614
601
611
609
614
587
612
616
610
608
608
606
603
611
615
622
603
605
602
613
606
608
604
619
606
608
607
610
607
607
619
605
612
607
599
615
610
596
618
607
614
610
609
605
602
618
604
608
617
605
608
604
617
609
606
615
597
607
610
612
610
616
612
600
611
622
599
615
605
623
607
615
613
615
613
612
610
612
618
618
608
625
607
615
616
623
614
600
617
603
616
612
607
602
605
612
607
606
604
619
611
613
598
621
610
601
611
625
612
623
613
613
621
612
614
616
621
619
620
627
631
622
632
609
620
616
614
628
628
620
615
610
620
608
626
621
629
620
612
614
619
634
616
628
624
631
635
629
635
625
629
624
627
635
631
617
625
622
622
612
628
619
631
633
618
635
639
646
641
642
642
640
648
631
639
639
625
643
651
629
648
648
647
654
635
644
659
638
651
655
638
642
660
647
662
673
646
644
658
667
651
667
668
670
653
673
665
655
686
676
688
694
670
683
702
684
711
710
681
688
709
684
694
681
699
706
707
722
702
724
725
734
713
720
742
735
768
778
763
752
744
773
787
771
774
820
797
792
795
811
822
813
804
844
863
856
849
865
873
886
922
933
910
908
933
951
969
1010
1001
1058
1066
1082
1062
1055
1052
1075
1146
1117
1123
1164
1181
1162
1223
1250
1259
1276
1346
1349
1417
1419
1419
1439
1425
1511
1565
1595
1581
1642
1665
1732
1724
1734
1829
1894
1997
1969
2074
2116
2081
2233
2311
2311
2495
2557
2486
2549
2725
2810
2913
2907
2896
2997
3151
3278
3296
3405
3354
3464
3508
3653
3856
3924
4041
4059
4206
4242
4358
4538
4547
4528
4566
4715
4695
4961
4861
5013
5082
5235
5352
5250
5484
5499
5611
5571
5758
5777
5849
5893
5868
6026
6017
6024
6262
6119
6301
6318
6414
6402
6481
6574
6548
6543
6939
6956
7042
7095
7345
7357
7257
7464
7492
7601
7585
7638
7921
7849
7837
7962
8105
8250
8207
8275
8304
8402
8541
8717
8627
8734
8739
8869
9142
9024
8962
9151
9179
9362
9491
9437
9551
9484
9696
9641
9870
9977
9744
10003
10119
10258
10251
10501
10665
10769
10607
10768
10749
10810
10826
10924
10993
11013
10970
10903
10933
11112
11423
11250
11270
11344
11438
11715
11596
11822
11666
11912
11790
11821
11869
11725
11744
11938
11922
11938
11922
11869
12155
11967
11875
12093
11977
12066
12242
12063
12328
12458
12571
12424
12399
12380
12370
12590
12648
12368
12517
12529
12542
12594
12627
12765
12700
12629
12370
12808
12746
12900
12737
12749
12892
13039
12913
13021
13195
13342
13030
13081
13050
13094
12761
13045
13028
13197
13158
13200
13285
13286
13316
13273
13406
13352
13692
13391
13416
13607
13578
13727
13450
13860
13732
13815
13592
13680
14068
13750
13967
13799
13921
14004
13777
14193
13901
14350
14147
14533
14151
14469
14447
14240
14405
14505
14630
14601
14639
14663
14564
14453
14544
14467
14871
14656
14592
14728
14567
14916
14451
14775
14627
14725
14709
14981
14884
14794
14886
14916
14985
14760
14741
14717
14954
14764
14758
14725
14633
14742
14766
14818
14670
14720
14892
14616
14725
14664
14687
15076
14765
14710
14646
14615
14492
14622
14513
14701
14852
14383
14426
14103
14485
14336
14375
14102
14077
13947
14214
14204
14098
14176
14424
14207
14096
14235
14021
14137
13761
13622
13808
13772
13729
13684
13580
13404
13215
13253
12999
13275
13174
12885
12869
13064
12880
12789
12707
12851
12620
12500
12291
12372
12359
12308
12047
12000
12077
11878
11819
11682
11754
11760
11408
11276
11216
11356
11061
11046
11043
11033
10767
10853
10671
10847
10366
10652
10473
10193
10312
10188
9995
9893
9923
9839
9766
9539
9394
9504
9237
9215
9217
9000
9130
8771
8953
8676
8804
8788
8500
8439
8367
8363
8298
8059
7963
8000
8055
7702
7700
7425
7590
7509
7257
7272
7188
7038
6790
6938
6887
6623
6562
6489
6505
6425
6563
6206
6264
6057
6065
6068
5936
5853
5779
5761
5701
5733
5386
5420
5353
5221
5246
5015
5156
5108
4906
4971
4735
4672
4668
4689
4731
4538
4527
4460
4428
4444
4255
4193
4221
4183
3997
4103
4073
3992
3980
3852
3740
3754
3797
3678
3541
3601
3598
3444
3314
3296
3330
3386
3157
3218
3131
3112
3077
3095
3001
2914
2974
2999
2923
2834
2802
2790
2751
2811
2709
2622
2561
2597
2612
2615
2543
2450
2464
2465
2316
2386
2379
2264
2254
2272
2228
2201
2200
2196
2232
2206
2031
2089
2031
2022
1925
2064
2028
1978
1923
1941
1913
1865
1880
1816
1819
1687
1769
1730
1753
1704
1757
1716
1692
1677
1624
1622
1587
1673
1615
1542
1562
1603
1535
1497
1478
1486
1432
1463
1450
1400
1474
1423
1442
1459
1337
1350
1434
1337
1338
1319
1348
1345
1323
1301
1319
1245
1297
1286
1238
1288
1203
1270
1216
1233
1194
1163
1184
1162
1191
1171
1176
1142
1154
1130
1158
1081
1120
1115
1071
1097
1101
1125
1054
1116
1073
1021
1063
1066
1065
1024
1108
1018
1031
1003
1012
1007
985
994
1008
991
939
970
949
981
999
957
933
904
978
948
947
878
938
905
896
947
936
925
884
884
891
882
882
895
885
865
861
854
820
836
839
856
849
862
812
837
841
835
830
821
796
820
845
822
836
804
822
824
840
805
819
810
796
780
781
813
830
758
791
775
779
781
787
805
778
777
787
785
743
759
785
763
753
737
781
757
766
759
749
756
762
729
784
753
753
756
751
752
738
750
744
713
723
743
731
715
734
711
720
705
718
711
736
724
714
715
729
705
709
718
711
731
706
712
703
706
698
732
693
692
689
701
679
689
682
702
683
672
714
690
682
694
709
700
679
680
684
692
684
682
673
686
673
691
665
674
664
666
682
689
674
658
675
661
675
675
659
648
667
679
656
679
651
656
666
658
658
670
653
660
656
666
644
642
652
663
657
645
659
669
658
653
657
653
650
657
653
657
656
645
637
673
631
639
643
629
656
655
655
649
637
658
638
655
655
659
642
642
648
639
650
640
648
644
657
634
629
633
634
649
638
642
648
633
624
620
647
628
621
628
635
627
624
645
634
631
624
648
645
645
637
634
635
625
630
638
622
625
629
608
614
633
628
621
611
633
632
631
620
612
615
636
633
614
621
635
616
633
627
626
619
629
625
619
618
624
641
615
624
610
609
626
637
623
634
625
617
631
613
613
619
623
613
629
615
603
616
617
619
611
630
624
621
609
621
610
620
614
621
613
625
607
612
614
612
608
612
608
