610
598
603
624
616
594
612
607
614
605
607
619
602
610
605
607
604
610
608
607
605
607
613
612
612
603
605
603
603
615
599
602
607
610
620
609
611
608
612
618
606
609
625
615
609
602
605
609
602
613
607
610
616
613
608
619
607
611
605
615
612
606
613
603
595
616
615
609
613
606
621
617
608
616
614
600
605
605
599
602
605
605
603
611
609
600
611
603
609
605
610
609
602
610
607
611
607
604
601
610
611
601
609
606
606
603
612
597
611
619
604
609
609
601
607
611
612
611
612
603
605
609
611
614
611
611
604
609
611
608
618
608
612
602
608
614
606
614
605
608
615
604
608
607
611
610
606
609
609
595
604
604
602
616
604
614
610
608
607
615
605
599
609
615
611
615
612
608
615
602
608
600
608
612
613
610
603
610
610
603
615
607
609
612
605
617
618
620
608
614
618
611
615
607
612
615
608
609
609
611
609
603
613
621
612
622
605
603
609
606
619
610
615
608
615
610
610
623
608
609
596
620
614
609
620
616
613
603
618
613
605
611
618
613
619
622
630
612
615
611
614
630
614
613
620
625
622
617
610
629
629
611
618
621
614
616
624
629
620
620
622
623
620
627
616
616
628
632
626
619
617
634
635
620
620
620
626
624
630
612
630
628
625
636
629
622
636
643
629
631
621
623
631
631
642
631
629
642
639
629
647
654
641
640
652
642
655
624
638
637
635
645
648
644
651
660
628
647
653
657
643
641
670
664
674
658
668
675
654
668
655
656
658
670
664
682
673
685
667
668
695
704
693
720
705
713
713
700
709
697
730
711
711
705
718
737
732
739
706
728
756
729
753
744
752
749
765
776
813
771
797
796
795
811
820
830
857
839
860
842
847
865
916
876
925
883
935
950
923
915
956
971
1017
986
1010
1062
1003
1092
1059
1099
1152
1102
1147
1177
1098
1247
1209
1221
1281
1327
1247
1284
1363
1409
1399
1446
1501
1519
1564
1566
1597
1618
1738
1665
1785
1737
1918
1979
1943
2090
2037
2136
2082
2196
2335
2414
2387
2507
2392
2600
2610
2714
2818
2918
2930
3167
3041
3284
3200
3460
3428
3526
3729
3734
3719
3812
3997
4038
4203
4182
4301
4470
4286
4534
4625
4608
4696
4759
4821
4997
4980
5010
5150
5398
5238
5385
5560
5568
5400
5512
5547
5704
5671
5698
5656
5850
5940
5912
5885
5950
6199
6166
6320
6295
6372
6380
6373
6385
6699
6678
6796
6893
6742
6843
7113
7194
7061
7131
7236
7286
7328
7504
7511
7425
7481
7693
7813
7832
7901
8037
8045
8127
8411
8189
8306
8485
8643
8438
8668
8485
8749
8928
8653
8817
8961
8974
9104
9155
9209
9279
9391
9281
9520
9652
9754
9879
9596
9851
10027
10004
10004
10007
9993
10214
10220
10156
10077
10201
10420
10296
10316
10556
10302
10811
10672
10722
10684
11004
10923
10642
10817
10872
10777
11057
10932
10716
11025
10892
10877
11040
11122
10985
11090
10979
10967
11338
11448
11401
11249
11469
11503
11213
11536
11445
11445
11342
11541
11500
11472
11430
11385
11453
11486
11607
11555
11453
11794
11842
11666
11551
11773
11881
11897
11821
11926
11824
11951
12015
11894
11907
11930
11814
11819
12054
11800
11903
12029
12191
12047
12344
12262
12093
12328
12259
12185
12238
12240
12531
12416
12411
12435
12784
12302
12567
12877
12793
12561
12690
12787
12676
12683
12951
12754
13239
12873
12949
13009
12568
13066
12926
13015
13036
13266
13249
13231
13181
13207
13145
13125
13086
13150
13241
13351
13317
13062
13334
13289
13289
13293
13262
13354
13655
13249
13512
13266
13525
13536
13474
13832
13488
13453
13406
13450
13608
13511
13245
13358
13580
13357
13548
13151
13189
13370
13398
13402
13414
13595
13510
13621
13541
13286
13508
13178
13169
13294
13045
13050
13237
12958
12943
13142
12779
12946
12975
12939
13007
13076
12971
12869
12947
12899
12709
12743
12559
12852
12548
12634
12871
12477
12415
12198
12402
12087
12295
11977
11981
11858
11659
11828
11706
11817
11726
11746
11834
11714
11665
11638
11432
11455
11304
11191
11173
11122
11084
11217
10832
10950
10589
10744
10593
10463
10468
10339
10282
10133
10267
10082
10101
10019
9992
9773
9782
9754
9690
9724
9546
9513
9467
9233
9246
9005
8917
8862
9009
8714
8625
8595
8628
8586
8497
8356
8235
8159
8188
8003
7990
7804
7802
7592
7744
7567
7540
7400
7360
7376
7087
7083
7013
6924
6621
6893
6594
6590
6575
6371
6311
6321
6426
6260
6233
6098
6005
6063
6001
5879
5802
5662
5684
5542
5517
5480
5498
5181
5220
5111
5006
5178
4993
4903
4740
4767
4699
4604
4514
4573
4371
4608
4431
4326
4274
4305
4337
4157
4222
4084
4138
3923
3959
3903
3811
3795
3762
3686
3611
3544
3527
3561
3369
3484
3348
3337
3303
3167
3166
3184
3163
3156
3199
2932
2915
3023
2973
2871
2900
2926
2693
2770
2641
2723
2712
2685
2582
2562
2486
2548
2459
2449
2418
2386
2264
2217
2346
2291
2230
2227
2276
2154
2158
2155
2093
2136
2047
2038
2064
2010
2040
2020
1920
1941
1866
1934
1860
1851
1775
1765
1833
1773
1784
1721
1735
1651
1679
1674
1665
1611
1733
1609
1686
1624
1548
1558
1530
1488
1563
1520
1486
1463
1457
1453
1461
1490
1480
1391
1388
1424
1401
1337
1367
1314
1313
1374
1315
1320
1358
1291
1269
1259
1230
1266
1274
1195
1224
1168
1178
1196
1174
1219
1150
1233
1167
1174
1159
1076
1111
1164
1100
1107
1104
1163
1105
1107
1088
1105
1073
1039
1028
1037
1061
1029
1016
1036
1045
1051
990
1031
1029
1003
983
964
960
983
1026
960
941
986
937
947
931
932
932
893
923
930
928
912
915
903
888
917
917
889
903
866
895
853
906
821
898
852
884
840
850
852
858
844
817
837
845
831
853
889
805
810
820
834
799
816
771
802
788
795
803
761
771
822
824
779
765
751
779
787
791
757
775
789
769
763
752
785
749
755
735
755
751
778
767
754
752
745
755
758
750
725
741
749
744
722
738
733
729
720
740
720
723
739
721
736
749
717
715
723
697
712
704
699
721
737
707
690
708
721
689
682
677
695
681
702
698
707
684
673
697
682
689
701
693
688
663
704
700
676
692
692
683
690
674
680
688
672
673
673
683
684
663
666
663
660
667
664
678
661
689
662
658
647
662
684
661
646
665
668
659
651
668
682
648
657
664
669
658
670
649
658
647
646
629
673
654
653
640
665
675
635
647
640
647
635
652
646
647
653
639
648
648
640
639
652
645
640
635
648
632
631
640
641
644
638
636
641
639
638
631
628
634
634
640
631
637
631
633
638
633
627
630
628
622
641
628
629
630
629
626
642
620
620
635
633
633
628
627
623
628
636
616
624
633
622
616
615
630
637
619
638
633
628
622
640
610
639
618
622
620
624
630
622
620
636
619
604
625
621
635
626
626
620
622
645
620
627
633
624
623
617
630
623
618
615
626
617
618
621
615
622
613
629
618
635
622
615
615
617
619
618
614
622
628
615
620
612
614
616
612
611
618
618
630
607
621
618
611
