603
609
609
595
606
608
614
610
603
613
615
602
610
602
612
610
607
607
615
605
612
607
603
614
615
611
609
616
602
614
604
617
606
603
621
609
613
612
611
612
614
609
605
620
603
600
615
604
610
607
618
608
615
616
608
619
600
613
601
612
605
606
606
607
603
609
603
599
606
610
606
602
609
609
607
604
611
606
607
611
607
598
609
606
609
603
605
611
615
609
607
603
616
599
603
611
591
602
606
604
610
614
608
610
610
607
613
604
610
602
595
616
607
602
604
595
605
612
607
612
601
605
607
608
606
606
614
614
609
597
606
607
600
609
606
608
601
605
611
601
621
615
606
611
606
613
610
611
606
606
605
613
603
610
603
610
619
601
604
614
607
609
606
608
605
621
611
612
614
607
601
602
611
606
606
602
595
617
600
610
609
613
608
610
621
615
609
603
607
605
608
609
615
616
616
615
628
605
609
599
617
611
601
615
607
610
614
618
612
611
617
610
610
626
605
606
613
612
625
627
612
613
624
612
616
615
617
611
613
611
610
612
626
611
615
614
619
609
612
613
612
613
620
611
620
615
618
614
631
617
634
624
626
618
623
623
622
619
628
625
621
638
624
625
627
627
619
617
636
631
627
623
622
622
632
638
631
628
635
643
643
645
635
629
626
634
629
635
622
652
639
635
631
629
633
634
637
638
635
649
636
638
626
646
649
640
640
645
653
649
641
645
656
657
657
654
651
653
668
652
663
662
672
651
661
664
649
692
653
673
682
665
670
680
677
678
676
712
692
684
682
681
728
685
711
702
713
688
737
721
739
712
726
739
737
727
734
766
778
764
750
765
781
790
771
798
780
772
768
805
818
807
805
818
828
861
864
870
878
877
849
879
916
930
905
893
944
941
955
988
998
1021
988
1050
1052
1047
1051
1075
1058
1154
1172
1114
1154
1195
1224
1181
1271
1239
1323
1336
1288
1379
1325
1381
1490
1477
1553
1534
1630
1604
1699
1714
1781
1776
1762
1839
1901
1995
1967
2124
2052
2169
2142
2311
2305
2415
2456
2593
2562
2654
2830
2877
2871
2954
3110
3092
3239
3322
3417
3446
3587
3715
3769
3808
3896
3948
4168
4203
4272
4282
4503
4634
4713
4691
4887
4874
4935
4994
5071
5066
5188
5347
5441
5414
5581
5786
5743
5800
5844
5903
6198
6037
6189
6218
6284
6245
6514
6393
6761
6496
6665
6637
6700
6756
6914
6884
7004
7025
7261
7268
7461
7564
7510
7567
7691
7737
7879
8043
7981
8064
8170
8318
8369
8336
8507
8601
8574
8800
8863
9116
8971
9146
8971
9258
9417
9158
9516
9569
9492
9637
9681
9762
10036
9798
9955
10024
9929
10296
10361
10448
10364
10575
10683
11012
10820
11173
10977
11148
11148
11177
11319
11112
11317
11309
11290
11272
11489
11591
11606
11819
11739
11656
11659
11940
12142
12089
12060
12205
12220
12219
12361
12391
12465
12226
12578
12400
12382
12395
12542
12577
12533
12469
12678
12543
12641
12785
12745
12813
12936
13056
13002
12954
12955
12965
13207
13109
12989
12774
13048
13152
12908
13189
12951
13372
13206
13490
13276
13601
13251
13346
13495
13283
13369
13555
13539
13741
13833
13380
13336
13597
13623
13634
13471
13714
13599
13641
13736
13719
13855
13828
13746
13835
14044
13867
14094
14069
14119
14323
14173
14177
14503
14260
14119
14572
14488
14442
14250
14550
14927
14285
14543
14354
14830
14795
14692
14820
14950
14668
15063
14972
14780
15101
15132
15088
15055
15108
15315
15327
15088
15328
15148
15156
15387
15083
15261
15336
15530
15305
15472
15674
15330
15383
15470
15593
15413
15359
15524
15386
15393
15365
15586
15377
15325
15374
15111
14977
15129
15371
15247
15101
15466
15299
15266
15290
15413
15213
15477
15263
15034
15278
15255
15487
15149
15052
15324
14835
14782
14666
14898
14691
14839
14464
14822
14868
14776
14708
14590
14756
14625
14779
14594
14495
14541
14755
14304
14281
14256
14237
13937
13878
13713
13873
13763
13746
13712
13783
13742
13342
13401
13337
13404
13238
13125
13099
13105
12923
13110
12736
12777
12966
12738
12525
12769
12367
12462
12473
12119
12190
11789
11712
11781
11830
11915
11651
11606
11441
11410
11495
11256
11063
11021
10920
10852
10907
10675
10688
10667
10527
10434
10299
10075
9925
9832
9985
10155
9620
9446
9347
9565
9424
9311
9121
8957
9024
8807
8723
8815
8679
8675
8573
8556
8325
8029
8075
8091
7776
7801
7810
7567
7615
7542
7511
7284
7072
7203
6970
7002
6837
6747
6924
6660
6551
6591
6408
6462
6287
6259
6284
6092
6037
5939
5870
5596
5890
5654
5622
5598
5357
5197
5202
5007
5181
5106
4770
4874
4851
4859
4866
4898
4795
4732
4541
4594
4481
4441
4460
4365
4318
4283
4124
4104
4120
3962
3781
3797
3752
3862
3797
3587
3686
3640
3364
3548
3571
3462
3426
3287
3296
3374
3222
3246
3164
3118
3016
3070
3045
2997
2993
2805
2826
2842
2796
2726
2725
2635
2709
2598
2493
2498
2542
2460
2544
2424
2392
2363
2385
2325
2317
2238
2304
2319
2261
2109
2174
2102
2108
1962
2056
2111
1987
1954
1894
1952
1896
1950
1827
1921
1916
1850
1777
1811
1760
1816
1834
1788
1735
1741
1729
1826
1683
1640
1626
1680
1614
1602
1585
1590
1561
1526
1487
1604
1542
1394
1500
1452
1466
1400
1445
1413
1379
1411
1365
1371
1396
1396
1276
1335
1288
1293
1301
1333
1283
1281
1259
1260
1268
1327
1204
1224
1214
1222
1205
1218
1199
1149
1157
1149
1101
1065
1108
1172
1117
1142
1096
1158
1150
1106
1098
1074
1077
1088
1100
1055
1054
1020
1059
1076
1073
1027
971
996
1012
1037
1032
998
936
997
1010
953
978
973
1000
991
995
937
910
963
918
957
929
884
927
927
946
879
931
914
934
879
862
887
859
871
843
846
870
838
854
849
885
862
841
834
846
860
850
875
849
845
857
838
844
829
817
822
833
834
803
809
805
804
799
795
830
797
762
783
784
790
780
770
819
779
787
788
763
792
767
786
729
756
777
741
760
745
757
751
767
715
749
752
759
736
754
745
736
721
746
750
727
765
752
740
705
746
747
696
730
699
689
710
715
734
708
734
698
712
729
689
693
705
706
714
700
716
711
720
693
696
680
695
700
691
703
674
702
679
705
679
692
687
675
692
673
684
670
682
696
680
686
666
683
662
668
648
662
678
662
670
668
680
686
655
657
679
658
673
680
646
664
668
666
657
663
654
666
656
655
661
681
660
648
645
644
629
647
647
662
651
647
654
656
661
651
650
633
649
641
660
660
640
648
649
626
638
644
642
639
648
639
646
649
642
642
637
632
627
638
654
639
652
628
630
647
634
630
637
639
641
640
646
631
643
615
631
633
628
621
647
615
628
637
641
631
628
632
626
630
631
617
639
631
642
611
625
641
618
630
639
603
617
615
637
621
620
628
623
624
631
634
626
629
624
633
621
628
619
617
633
620
623
624
617
617
618
608
619
631
610
621
620
618
623
611
604
609
621
629
626
610
616
615
612
623
611
613
611
617
609
626
628
629
624
624
603
617
619
617
605
606
