611
610
616
616
601
613
605
599
608
619
607
606
610
611
616
606
606
624
611
614
604
595
615
625
620
611
618
617
607
612
616
601
603
616
608
609
607
614
616
620
608
609
607
613
618
612
621
599
611
614
612
604
607
610
617
616
610
603
619
602
621
606
613
608
603
606
606
599
612
613
610
615
601
625
611
609
606
608
615
611
610
610
599
608
608
611
609
606
604
610
596
608
604
609
611
609
606
598
605
599
613
612
615
601
603
622
607
627
611
605
602
612
608
610
615
609
609
616
610
616
612
626
602
619
597
619
608
605
617
612
605
606
618
607
607
601
607
608
628
608
618
616
612
607
611
611
613
610
607
609
615
609
619
613
613
615
605
607
609
603
610
623
606
602
610
604
606
612
606
608
609
602
617
603
613
616
606
610
604
611
616
618
608
614
614
613
618
608
607
613
613
610
612
619
606
602
618
616
607
611
615
607
612
629
605
616
609
608
609
616
615
618
614
617
617
618
613
608
602
615
622
610
621
605
622
614
608
610
618
613
609
626
613
612
610
605
614
628
620
600
619
613
617
616
619
618
613
622
623
618
627
619
618
626
621
622
618
630
631
642
631
621
630
631
631
628
636
621
627
619
624
627
635
633
626
631
637
630
638
616
629
626
649
624
641
643
627
624
639
656
637
639
635
640
636
627
642
646
641
638
650
662
643
650
647
642
641
650
649
652
651
654
651
671
649
670
675
672
656
654
669
667
655
677
673
672
664
690
691
678
681
679
688
685
688
702
670
700
705
709
702
702
701
691
707
706
692
699
715
712
725
725
731
735
746
745
741
754
774
787
790
755
777
815
809
781
787
827
774
829
805
846
820
827
899
842
856
854
889
888
848
927
922
948
932
926
956
953
1014
988
989
1030
1039
1052
1089
1092
1040
1108
1125
1141
1155
1179
1203
1246
1226
1231
1361
1434
1338
1406
1408
1411
1471
1503
1488
1575
1620
1609
1643
1690
1746
1771
1846
1862
1904
1959
2099
1954
2022
2125
2217
2163
2441
2355
2462
2561
2597
2740
2749
2906
2810
2860
3028
2978
3106
3342
3361
3602
3515
3575
3711
3672
3863
4047
4072
4200
4328
4419
4501
4524
4599
4718
4852
4878
4942
5377
5337
5291
5229
5513
5584
5660
5769
5908
5841
5920
5993
6052
6006
6367
6236
6507
6451
6343
6569
6545
6616
6715
6802
6982
6801
6907
7148
7087
7318
7302
7272
7545
7524
7894
8008
7829
7958
7915
7976
8156
8074
8212
8338
8435
8566
8562
8684
8570
8922
9130
9150
8949
9229
9384
9424
9352
9685
9650
9702
9725
9812
9859
9998
10032
10267
10218
10191
10457
10589
10691
10483
10864
10668
10955
10954
11144
11195
11406
11428
11646
11582
11935
11864
11755
11877
11532
12035
11855
11971
12086
11979
12174
12244
12162
12296
12328
12510
12347
12516
12414
12774
12801
12972
12770
12771
12775
13009
12965
12804
12870
13086
13057
12867
13191
13169
13097
13167
13318
13512
13485
13579
13404
13579
13615
13669
13328
13760
13894
13647
13537
13463
13664
13650
13710
13596
13830
13745
13624
13778
13742
13962
13874
13776
14116
14157
14073
13843
14246
14039
14173
14305
14098
14459
14063
14386
14030
14162
14368
14071
14283
14500
14312
14693
14286
14375
14687
14655
14591
14894
14798
14842
14692
14895
14752
14717
14835
15072
14888
14953
15034
14938
15132
15152
15442
15355
15141
15357
15565
15340
15504
15344
15485
15794
15758
15642
15540
15867
15706
15752
15514
15771
15695
15578
15728
15694
15805
15887
15958
15844
15982
15715
15834
16251
15894
15772
16293
16090
15913
16211
15990
16217
16043
15998
16231
15988
16227
16213
16283
15825
16176
15801
16008
16087
15986
15716
15799
16406
16055
16196
16039
15869
15995
15642
16069
15845
15954
15732
15722
15755
15641
15550
15646
15709
15611
15225
15400
15504
15249
15667
15454
15394
15416
15166
15514
15015
15001
15262
15361
15382
15145
15194
14828
14919
14734
14673
14530
14634
14373
14370
14330
14339
14301
14325
14082
14117
13808
13957
13611
13933
13715
13678
13652
13677
13394
13461
13296
13082
13154
13162
12980
12749
12616
12728
12449
12539
12534
12389
12241
12119
11940
12243
11793
11781
11769
11554
11679
11689
11394
11484
11303
11046
11025
10896
10803
10799
10641
10461
10335
10191
10423
9976
9946
9840
9902
9754
9928
9673
9475
9570
9276
9193
9354
9126
9078
9029
8948
8785
8649
8574
8456
8195
8234
8101
8184
7888
7820
7788
7576
7423
7261
7438
7260
7107
7243
7111
6941
6947
6754
6926
6812
6702
6529
6456
6467
6186
6086
6190
6132
5956
6022
5720
5671
5496
5555
5406
5469
5339
5369
5232
5244
5279
5103
5016
4917
4850
4938
4857
4720
4577
4625
4345
4483
4401
4441
4349
4228
4182
4172
4139
4038
3893
3787
3843
3888
3733
3788
3741
3806
3641
3587
3539
3504
3492
3404
3402
3324
3310
3282
3127
3210
3101
3186
3129
3035
3005
2886
2985
2892
2922
2727
2710
2768
2779
2506
2573
2741
2553
2570
2602
2509
2546
2541
2451
2390
2289
2329
2340
2269
2235
2276
2191
2207
2157
2156
2068
2093
2056
2062
1949
2010
1960
1925
1936
1899
1910
1867
1955
1840
1811
1844
1857
1826
1798
1642
1783
1768
1609
1710
1690
1681
1597
1587
1648
1568
1564
1537
1486
1604
1521
1530
1500
1449
1490
1481
1531
1446
1400
1485
1327
1471
1422
1426
1327
1380
1345
1376
1352
1355
1298
1321
1353
1295
1331
1293
1275
1220
1220
1214
1229
1199
1222
1195
1171
1197
1158
1193
1149
1149
1172
1157
1172
1139
1094
1133
1085
1131
1156
1090
1068
1129
1087
1083
1031
1050
1019
1012
1062
1060
1045
1052
1039
982
1021
991
1006
994
956
1018
1007
949
954
964
927
970
950
963
923
920
931
940
923
932
920
904
903
904
926
883
898
901
861
857
862
867
857
841
863
864
876
879
858
842
842
856
846
814
824
838
837
813
788
820
812
850
844
794
847
801
782
775
802
808
757
772
797
842
791
812
803
786
784
780
787
742
784
784
781
771
748
775
770
796
756
785
753
734
740
751
747
735
762
759
760
720
762
720
766
716
727
731
746
726
728
720
735
731
705
732
711
733
724
728
714
720
707
681
705
732
728
690
707
704
712
690
722
695
709
689
709
706
716
709
707
697
679
689
670
669
677
673
673
696
672
680
692
680
672
669
677
679
683
685
688
676
681
673
684
681
667
666
664
676
663
676
665
668
679
660
661
654
670
662
668
662
655
652
653
649
658
643
667
657
639
652
666
658
659
674
648
667
652
652
670
660
661
655
660
642
648
645
637
654
673
642
639
665
637
641
655
651
644
639
645
636
628
656
648
646
644
626
641
653
644
630
627
645
639
642
633
629
637
661
635
640
647
633
643
653
634
630
631
643
629
644
639
643
631
631
615
625
620
623
634
643
634
628
635
631
621
639
626
631
618
637
623
638
628
623
618
622
626
635
625
638
642
625
614
623
628
617
624
621
614
618
629
618
613
621
615
624
621
622
619
619
633
613
617
625
612
625
622
630
627
617
614
616
622
612
628
615
613
613
619
620
