610
612
615
604
608
604
603
609
610
609
612
600
609
615
603
604
614
611
608
611
618
608
605
617
614
612
598
615
608
616
610
604
611
601
611
606
604
606
613
603
621
607
614
607
611
612
610
612
618
615
603
611
606
610
613
605
617
603
599
610
603
609
606
606
616
610
613
605
615
601
604
611
604
603
613
598
615
614
618
609
609
606
617
611
610
619
619
611
601
610
623
593
613
615
613
607
611
611
606
610
609
602
614
599
603
604
609
609
605
605
612
623
613
609
617
599
600
605
612
621
619
604
608
618
619
603
614
608
599
610
609
603
616
611
598
605
612
601
609
615
608
617
598
609
606
611
608
605
599
601
615
611
601
611
611
617
608
606
608
597
609
608
600
612
602
618
609
609
607
609
602
605
611
602
612
611
613
615
609
604
605
601
601
601
613
605
612
610
620
610
608
610
610
621
622
619
619
614
624
594
613
622
606
606
614
613
604
607
620
612
622
607
619
607
614
618
614
615
621
620
624
622
613
613
626
605
632
614
624
620
618
615
617
618
617
616
610
625
621
628
628
622
611
616
613
629
626
636
623
622
620
625
617
617
620
631
611
616
636
618
624
628
618
623
628
617
615
630
621
632
621
623
645
625
645
619
627
630
637
605
644
639
629
624
627
639
647
623
630
646
625
628
641
636
628
646
625
653
641
633
654
646
679
627
647
650
655
634
641
644
643
649
657
663
653
653
684
646
645
662
662
659
655
668
652
669
660
665
680
690
667
669
689
687
677
698
685
689
692
701
706
697
693
721
719
697
734
718
729
747
721
727
736
750
757
732
745
763
760
750
779
766
756
796
792
831
814
763
795
845
815
840
828
849
831
843
911
856
927
872
872
899
897
943
958
943
950
967
965
987
1048
1041
1029
1036
1071
1084
1119
1146
1099
1132
1161
1207
1181
1239
1251
1310
1314
1320
1321
1343
1405
1436
1497
1477
1500
1586
1628
1637
1709
1677
1740
1804
1883
1828
1891
2033
2013
2058
2068
2091
2167
2238
2418
2390
2538
2488
2597
2688
2814
2909
2993
2931
3056
3057
3308
3203
3236
3435
3686
3665
3733
4014
3981
4155
4107
4447
4360
4442
4614
4640
4739
4977
4984
5046
5025
5200
5272
5199
5499
5564
5400
5591
5634
5749
5934
6048
5957
6044
6005
6133
6223
6287
6358
6265
6538
6536
6639
6421
6564
6598
6723
6824
6960
6838
7059
7030
7219
7311
7349
7412
7404
7523
7578
7796
7837
7841
7799
7987
8035
8068
8271
8398
8277
8309
8493
8541
8652
8804
9026
8965
8953
9198
9275
9326
9190
9418
9314
9535
9504
9717
9826
9794
9870
10030
9979
10241
10111
10146
10256
10551
10580
10568
10629
10923
11160
11094
11146
11309
10983
11225
11387
11391
11245
11345
11390
11430
11603
11510
11571
11475
11812
11753
12134
12068
12061
11911
12078
12244
12235
12180
12093
12166
12240
12446
12411
12463
12201
12300
12527
12496
12378
12435
12370
12656
12584
12739
12804
12815
12880
13198
12945
13067
12963
12826
13006
13010
12849
13144
12788
13073
13031
12772
13100
13115
13084
13238
13266
13302
13240
13341
13540
13558
13402
13414
13666
13616
13566
13688
13411
13395
13607
13342
13442
13498
13519
13582
13487
13606
13716
13618
13848
13673
13886
13906
14440
14169
13911
14233
13903
14111
14192
14431
14251
14313
13974
13943
14186
14520
14559
14234
14544
14227
14575
14642
14765
14860
14555
14763
14762
14670
14706
14839
15150
15177
15112
15241
14491
15048
14854
14791
14962
14794
15097
14858
14841
15135
15219
15031
15017
15121
15099
15129
15275
15227
15006
15670
15661
15102
15161
15042
15345
15118
15082
15224
15216
15406
15167
15225
15109
15147
15165
15135
15057
15424
15103
15214
15228
15041
15383
15203
15124
15462
15389
14910
15088
15148
14881
14616
14926
14783
14879
14767
14917
14826
14557
14708
14441
14955
14496
14848
14644
14380
14501
14270
14268
14271
14566
14184
14198
13863
14214
13917
13767
13913
13583
13869
13708
13635
13739
13764
13339
13325
13467
13365
13026
13335
12992
13031
13181
12932
12967
12618
12919
12427
12747
12515
12411
12223
12105
12081
11920
11895
12010
11735
11592
11438
11657
11486
11418
11510
11376
11226
11243
11158
11091
10895
10680
10815
10917
10685
10409
10433
10233
9982
10105
9882
9948
9634
9728
9510
9414
9399
9563
9399
9291
9315
9081
9039
9055
9028
8766
8937
8531
8480
8331
8258
8055
8184
8134
7946
7828
7819
7637
7507
7447
7502
7204
7172
7070
7215
7050
6867
6897
6698
6670
6548
6527
6449
6378
6243
6146
6087
6077
5918
5956
5824
5755
5770
5562
5516
5393
5451
5327
5270
5234
5224
5062
5035
4914
4898
4942
4911
4756
4731
4647
4631
4558
4528
4562
4492
4184
4216
4234
4136
4178
4124
3934
3931
3877
3876
3823
3767
3695
3650
3674
3655
3512
3612
3611
3467
3454
3462
3306
3177
3138
3177
3195
3177
3154
3118
3040
2929
2881
2822
2908
2790
2832
2756
2736
2651
2686
2638
2550
2500
2547
2511
2579
2507
2409
2409
2423
2424
2336
2258
2170
2237
2245
2168
2208
2141
2102
2028
2052
1948
2016
2061
2027
1991
1963
1894
1961
1931
1923
1803
1935
1873
1834
1809
1826
1737
1684
1685
1723
1657
1665
1652
1663
1648
1624
1640
1589
1541
1479
1509
1562
1554
1544
1511
1514
1497
1424
1410
1475
1415
1419
1359
1466
1424
1364
1331
1371
1312
1402
1396
1345
1322
1330
1289
1282
1229
1214
1241
1253
1259
1211
1214
1209
1200
1167
1206
1142
1222
1189
1158
1148
1141
1074
1091
1102
1188
1096
1087
1099
1096
1108
1091
1083
1063
1103
1035
1061
1036
1082
1056
987
983
1027
1037
981
992
1003
1007
978
973
936
964
972
950
982
965
952
935
921
930
939
930
930
914
940
905
943
883
916
911
950
883
884
868
885
876
862
873
861
901
855
875
800
844
860
847
856
854
830
865
812
824
816
835
848
817
842
794
817
840
822
811
828
777
826
812
777
799
787
773
763
798
790
796
791
784
754
770
749
754
783
761
743
747
763
742
735
764
726
739
771
770
759
765
759
755
732
733
724
741
735
696
720
725
736
715
717
718
729
695
705
722
727
730
740
710
720
714
719
697
698
715
716
689
702
716
710
691
702
718
676
677
688
713
701
707
678
705
716
689
667
678
681
699
688
686
690
684
701
680
667
672
661
692
672
684
680
673
671
669
667
649
657
667
689
657
674
660
668
657
675
662
676
662
663
670
666
651
661
672
660
651
674
631
651
656
645
663
638
648
646
649
638
664
630
635
661
638
648
645
655
637
641
665
640
649
654
644
657
661
658
652
622
640
637
643
638
646
627
642
638
645
655
629
644
650
623
638
645
624
629
627
635
625
615
625
639
636
642
632
632
629
629
632
628
632
629
637
618
624
629
649
628
624
622
636
631
619
622
622
615
623
633
617
624
633
622
622
629
623
632
625
618
637
619
619
621
630
610
631
615
631
606
629
631
626
619
616
612
624
628
601
621
612
622
617
614
617
629
620
603
631
626
615
617
617
618
613
621
621
622
607
618
629
616
617
