603
607
613
606
607
605
614
614
616
608
601
604
618
613
616
623
601
600
611
607
614
615
612
616
612
606
601
625
608
624
603
608
608
608
619
620
604
627
610
611
618
598
607
607
622
602
610
605
612
614
608
609
611
599
606
614
610
613
612
612
615
619
616
608
606
605
613
605
615
601
607
604
610
616
613
613
605
612
606
614
616
606
599
599
608
612
614
612
604
608
601
614
612
612
618
603
616
603
616
609
623
604
614
602
609
609
618
614
617
605
603
619
616
614
613
618
605
611
612
615
617
604
609
616
609
608
601
611
618
623
607
612
615
609
616
616
618
616
613
606
613
613
600
607
611
613
607
607
611
605
610
599
617
619
611
608
613
606
610
610
616
618
607
615
622
616
612
607
612
609
621
610
607
612
608
613
606
606
615
615
626
611
606
604
617
610
616
622
619
613
608
607
614
614
609
616
626
610
604
616
604
628
613
619
609
613
606
608
610
610
623
620
613
624
628
622
613
605
621
619
623
633
616
608
621
620
623
628
614
613
628
615
609
605
612
613
611
618
628
625
619
607
623
619
614
619
618
613
626
607
626
623
648
617
629
623
642
621
626
626
616
625
630
610
637
629
619
634
627
644
627
642
629
629
628
640
646
627
645
628
651
631
635
636
638
628
635
643
617
623
642
641
656
636
636
637
651
657
632
641
636
655
635
646
653
657
657
657
644
655
652
662
666
663
652
669
645
663
659
672
663
677
686
662
664
674
684
698
698
682
684
711
684
685
678
722
705
695
710
699
698
708
731
708
711
743
733
720
742
707
728
748
744
738
759
765
765
753
769
754
771
799
789
796
809
798
815
831
805
842
849
832
856
873
888
876
873
924
898
937
940
910
933
985
925
933
978
1034
1040
1047
1003
1082
1083
1070
1118
1071
1111
1158
1208
1165
1236
1230
1272
1236
1303
1265
1324
1302
1372
1432
1446
1513
1536
1504
1617
1628
1638
1707
1784
1762
1820
1887
1922
1876
1945
1945
2048
2125
2243
2171
2296
2396
2440
2444
2428
2633
2638
2793
2856
3049
3132
3161
3105
3206
3372
3370
3563
3526
3725
3898
3912
3943
4122
4286
4320
4397
4519
4554
4601
4746
5061
5105
5159
5153
5253
5529
5414
5812
5723
5679
5757
5815
5997
6111
6245
6294
6379
6379
6563
6479
6604
6767
6851
6752
6796
6994
6981
7019
7001
7294
7187
7186
7244
7456
7371
7623
7665
7790
7770
7900
8035
8400
8192
8313
8480
8368
8687
8656
8845
8654
8826
8875
9094
8890
9000
9264
9363
9331
9378
9704
9884
9762
10052
9930
10071
10026
10226
10450
10509
10588
10674
10669
10573
10840
10717
10900
10805
10987
11267
11210
11385
11257
11849
11554
11680
12015
11877
12034
12103
11775
12310
12631
12230
12350
12505
12397
12462
12402
12538
12779
12703
12690
12888
12866
12990
13092
13296
13271
13393
13526
13300
13356
13236
13596
13540
13530
13391
13423
13571
13666
13611
13647
13764
13672
13606
13890
13789
13893
13935
14134
14148
14072
14295
13965
14324
14259
14201
14091
13864
14261
14165
14264
14346
14226
14010
14339
14352
14448
14517
14311
14572
14776
14559
14466
14840
14580
14613
14509
14555
14874
14690
14756
14701
15054
14677
14754
14986
15133
15174
14761
15000
14972
15018
15323
15586
15376
15179
15580
15059
15617
15555
15713
15648
15308
15527
15694
15459
15546
15601
15862
15758
15826
15998
15872
15859
16023
16092
16172
16031
16204
16317
16383
16302
16554
16009
16425
16094
16301
16238
16235
16101
16110
16398
16334
16337
16681
16504
16445
16143
16835
16571
16827
16854
16618
16509
16649
16861
16630
16748
16743
16421
16473
16450
16690
16344
16594
16526
16638
16594
16396
16783
16567
16628
16430
16872
16692
16330
16603
16619
16402
16623
16450
16321
16623
16347
16471
16355
16029
16302
16181
16375
16152
16183
16119
16083
16052
16010
15940
15919
15847
15740
15941
15794
15686
15688
15557
15485
15613
15705
15646
15411
15212
15075
15063
14964
14886
14896
14847
14541
14818
14404
14562
14606
14467
14501
14629
14323
14029
14174
14015
13993
14064
13975
13826
13301
13332
13105
13250
13296
13260
13063
12691
12849
12788
12540
12404
12252
12616
12317
12362
12069
12141
11904
11781
11919
11664
11705
11261
11349
11402
11040
11044
11003
10992
10669
10574
10663
10381
10481
10369
10087
10161
10006
10134
10131
9807
9723
9592
9590
9267
9546
9512
9260
8966
9017
8758
8812
8664
8434
8355
8231
8357
8071
7802
8174
7746
7712
7652
7607
7536
7304
7564
7281
7145
7110
7115
6988
6706
6868
6661
6691
6572
6518
6453
6372
6192
6258
5985
5832
5992
5881
5733
5782
5509
5558
5519
5486
5366
5192
5334
5101
5211
5035
5056
4976
4843
4832
4905
4748
4813
4515
4550
4401
4353
4438
4259
4266
4184
4117
4154
4048
4003
3949
3875
3912
3803
3771
3677
3747
3604
3618
3525
3451
3556
3271
3301
3276
3261
3154
3135
3221
3076
2996
2975
3060
2967
2840
2796
2758
2753
2869
2659
2723
2722
2661
2544
2593
2457
2571
2441
2534
2410
2513
2375
2464
2404
2242
2324
2420
2185
2220
2188
2164
2051
2056
2112
2122
2057
2002
2078
1984
1999
1941
1957
1892
1884
1907
1849
1866
1797
1826
1793
1768
1806
1727
1773
1701
1720
1696
1698
1618
1654
1629
1640
1615
1635
1530
1484
1516
1530
1624
1490
1478
1457
1440
1459
1447
1446
1451
1405
1438
1393
1454
1385
1306
1313
1341
1349
1301
1325
1308
1265
1229
1240
1278
1237
1226
1203
1220
1203
1221
1222
1161
1224
1201
1187
1216
1179
1145
1124
1179
1131
1115
1168
1095
1116
1102
1133
1119
1104
1084
1078
1116
1078
1107
1027
1059
997
979
1040
1034
1067
999
987
1021
1007
974
993
1017
936
996
999
976
977
950
944
973
931
944
898
944
933
912
956
917
900
904
911
885
908
884
898
891
860
872
874
883
885
887
880
868
867
846
888
854
854
815
874
861
837
807
858
836
823
855
808
778
827
827
833
797
804
824
814
817
801
820
819
818
766
809
827
799
763
808
770
776
785
798
756
740
738
783
768
754
784
744
768
750
738
731
768
761
753
771
739
736
737
754
742
733
740
733
721
751
717
727
737
750
742
705
715
708
725
728
715
720
717
720
727
698
709
692
720
722
706
695
681
719
697
728
689
685
707
691
727
690
682
691
685
686
684
691
686
668
694
688
675
697
714
676
681
685
673
676
694
669
658
650
682
661
640
677
696
689
672
664
667
660
659
666
675
679
645
644
649
655
681
679
663
666
652
659
656
654
658
656
659
638
651
647
668
642
656
653
644
645
659
652
646
660
642
646
649
658
651
649
649
647
639
656
635
634
633
657
641
657
629
643
637
662
635
638
653
625
641
637
627
633
640
645
648
635
630
629
633
641
635
630
631
628
631
644
646
634
646
644
631
655
635
625
636
626
631
631
620
628
639
616
625
628
637
625
618
626
631
628
637
631
628
624
632
628
634
624
636
631
618
610
630
630
637
620
621
613
636
622
633
619
613
618
630
618
617
618
633
628
625
618
618
613
629
619
617
620
620
614
626
637
608
