612
618
616
613
618
602
615
612
614
610
606
608
612
609
614
614
617
609
612
606
618
611
615
605
613
618
607
607
616
615
614
612
608
614
619
608
609
610
608
613
612
611
613
611
603
603
614
609
607
607
610
609
607
602
603
615
604
602
593
606
620
604
610
606
613
605
610
610
607
608
603
611
609
612
618
604
606
614
606
605
624
598
611
621
611
615
610
612
609
603
604
608
604
613
617
603
612
617
615
610
605
612
604
615
623
620
616
604
612
618
617
605
604
606
610
600
610
611
611
614
610
599
618
609
612
604
604
615
619
605
608
613
606
622
611
610
609
603
634
619
602
609
614
611
613
609
609
602
604
620
611
595
611
614
603
608
609
617
612
611
616
610
609
610
604
610
613
616
611
602
607
609
606
616
602
623
622
598
600
609
613
611
612
613
609
612
611
629
607
615
610
614
612
620
610
617
609
612
618
619
614
607
607
604
617
610
631
610
612
621
623
615
613
621
619
621
612
607
619
613
624
610
618
613
631
618
618
627
610
619
628
615
624
625
612
615
630
622
619
611
617
616
616
619
623
625
619
616
621
628
645
617
631
628
614
614
625
643
629
614
622
622
618
616
633
626
633
628
626
628
625
627
623
624
620
630
630
634
633
638
616
635
621
641
638
643
638
635
635
629
653
634
648
631
648
639
650
645
655
652
644
653
645
640
637
647
656
656
645
649
672
654
678
665
674
673
676
684
672
657
657
678
702
671
681
689
662
666
679
693
688
672
679
695
695
687
721
689
671
701
711
713
713
726
722
718
724
718
736
741
733
750
744
754
766
771
787
797
799
789
769
820
799
792
833
806
820
821
806
838
830
848
877
859
874
879
887
912
886
879
940
932
916
959
995
979
1019
999
1007
1032
1047
1060
1143
1114
1139
1175
1209
1149
1214
1197
1242
1217
1292
1273
1348
1340
1306
1381
1388
1478
1469
1527
1540
1481
1558
1605
1653
1689
1767
1715
1943
1883
1935
1963
2047
2030
2074
2175
2202
2280
2286
2401
2406
2551
2761
2667
2802
2820
2957
3094
3290
3348
3225
3341
3496
3642
3472
3731
3852
3921
4140
4213
4332
4408
4615
4561
4650
4774
4874
5026
5009
5107
5340
5394
5525
5672
5644
5702
6005
5850
6062
6020
6210
6082
6323
6502
6739
6569
6475
6652
6904
6876
6924
6973
6951
7179
7186
7176
7159
7244
7440
7564
7535
7757
7636
7723
7981
8150
8055
8245
8241
8362
8413
8459
8682
8956
8844
8730
8806
8968
8934
9046
9166
9034
9644
9667
9430
9688
9822
10112
10209
10001
10108
10460
10477
10585
10541
10632
10445
10739
10777
11005
11083
11080
11179
11340
11366
11465
11574
11705
11789
11899
11943
12350
12348
12279
12248
12515
12519
12736
12549
12615
12511
12681
12733
12839
12883
13036
13008
13118
13096
13359
13170
13542
13637
13520
13534
13738
13837
13611
13734
13517
13785
13804
13937
13693
14175
14166
13894
13894
14046
14192
13989
14328
14449
14364
13951
14490
14339
14383
14732
14693
14756
14494
14560
14730
14586
14414
14735
14812
14652
14765
14610
14606
14589
14781
14861
15061
15178
14911
15340
15026
15137
15322
15168
15455
15154
15225
15096
15265
15227
15298
15125
15194
15203
15472
15319
15164
15448
15673
15567
15835
15502
15917
15865
15744
15877
15917
16032
15897
15781
15753
16063
15966
16080
15823
16213
16228
15936
16222
15983
16493
16476
16342
16219
16597
16154
16743
16639
16389
16731
16969
16841
16567
16998
16996
16739
16919
16938
16623
16811
16939
16723
16669
16883
17185
17147
17364
16976
16954
17217
17213
17301
17148
17299
17285
17277
17358
17347
17197
17374
17260
17333
17320
17074
17028
17128
16874
16942
17187
17037
17244
17444
16954
17306
17445
17169
17218
17244
17101
16970
16983
17007
16842
16922
16945
16807
16879
17027
16757
16648
16443
16582
16600
16437
16159
16332
16463
16484
16190
16141
16410
16391
16530
16263
16106
16325
15858
15926
16002
15660
15884
15622
15496
15813
15204
15551
15189
15209
14996
15290
15067
15104
14926
14910
15015
14625
14408
14811
14670
14556
14571
14154
14310
14426
13891
13732
13925
13528
13472
13563
13199
13430
13220
13135
13334
12942
12848
12841
12605
12787
12659
12508
12208
12190
12171
12251
12085
11895
11819
11661
11523
11494
11216
11233
11154
11106
10770
10769
10832
10435
10540
10733
10538
10215
10233
10115
10429
9905
9905
9750
9848
9527
9581
9226
9172
9115
9040
9042
8732
8632
8540
8618
8420
8264
7974
8105
8012
7853
7994
7637
7890
7596
7486
7438
7406
7368
7115
7243
6887
6928
6831
6668
6765
6671
6515
6484
6298
6394
6227
6143
6074
6043
5883
5768
5696
5699
5504
5506
5466
5431
5459
5387
5350
5089
4971
5116
5093
5015
4891
4543
4876
4633
4625
4471
4601
4433
4214
4265
4212
4284
4099
4115
3998
4043
4032
3854
3868
3733
3859
3747
3710
3830
3498
3622
3465
3476
3431
3435
3422
3371
3285
3199
3092
3206
3045
3064
3121
2930
2962
2983
2884
2773
2822
2789
2714
2813
2635
2690
2702
2633
2621
2539
2551
2391
2454
2469
2387
2378
2435
2379
2273
2237
2189
2196
2235
2149
2180
2066
2072
2058
2082
2056
2058
2073
2026
1904
1978
1922
1874
1906
1931
1806
1831
1794
1828
1754
1771
1735
1706
1659
1814
1721
1679
1624
1651
1615
1553
1559
1558
1571
1602
1579
1521
1525
1546
1533
1493
1489
1493
1525
1451
1451
1388
1502
1396
1370
1355
1369
1345
1326
1291
1264
1295
1290
1274
1297
1271
1271
1269
1280
1244
1267
1221
1208
1167
1267
1155
1194
1187
1217
1200
1117
1132
1126
1169
1099
1148
1108
1114
1123
1086
1088
1116
1097
1097
1079
1061
1070
1123
1053
1075
1011
1069
1035
1035
1028
975
1010
978
1001
1000
1023
948
1015
932
1007
973
959
964
894
986
918
958
934
952
919
972
917
880
915
889
903
909
869
918
885
868
886
887
882
838
860
853
840
842
849
859
852
841
826
839
855
832
804
805
832
862
855
827
806
802
773
819
820
819
794
806
802
788
800
771
819
811
766
781
821
797
800
788
813
780
790
776
748
769
762
775
774
763
770
755
747
754
756
750
736
758
754
746
730
782
780
736
734
747
736
722
724
729
713
724
753
725
749
721
707
731
713
716
693
718
723
709
678
710
700
700
679
702
706
697
687
717
693
711
711
706
703
708
709
698
703
704
679
692
681
694
688
669
694
667
692
681
684
672
671
684
675
662
666
670
663
695
670
672
682
665
669
672
673
658
649
657
657
667
653
665
673
636
664
662
661
671
656
638
664
669
648
659
656
653
668
658
645
642
676
655
651
660
661
659
657
644
659
640
645
655
650
665
654
653
640
650
655
644
651
645
645
638
656
645
660
628
644
639
642
641
648
621
629
641
641
653
644
642
625
641
633
632
623
639
628
622
634
624
627
625
642
623
626
642
626
627
625
635
626
631
624
618
626
637
624
618
621
627
624
612
622
633
616
636
623
631
615
624
625
619
635
620
636
622
624
629
627
630
622
622
621
623
621
635
613
624
631
616
625
620
612
623
609
619
615
612
629
626
624
621
621
619
