607
613
614
610
613
608
608
615
616
610
611
621
604
618
611
602
615
613
617
604
616
611
618
619
607
603
601
618
611
629
615
606
607
614
612
601
610
613
610
615
619
610
614
612
620
613
606
603
618
606
607
610
613
607
612
606
606
603
605
604
600
609
603
604
603
616
610
598
599
604
607
610
609
603
623
609
616
611
612
600
606
597
602
608
606
610
608
607
609
611
604
613
611
620
614
609
614
610
609
619
616
611
606
613
613
617
610
606
615
605
620
614
604
615
609
616
608
617
618
616
609
606
619
615
606
611
605
604
606
612
616
606
606
596
614
603
615
601
624
611
612
622
610
606
617
616
608
621
606
620
616
600
609
618
603
622
614
606
620
617
611
616
602
609
614
613
623
615
603
613
606
615
612
626
616
610
608
609
622
611
606
619
617
614
613
618
612
605
605
619
612
618
610
597
619
615
604
603
618
617
615
608
614
612
613
615
632
620
619
621
609
608
614
613
620
612
624
621
612
624
619
623
619
615
617
616
619
622
615
627
618
624
625
626
602
615
622
603
623
622
623
613
618
620
613
614
619
621
623
624
606
649
631
613
620
628
609
621
626
629
615
629
629
637
626
626
640
631
642
641
641
635
624
629
641
631
633
637
629
637
653
643
642
653
644
633
632
635
637
636
641
628
652
650
640
648
650
653
648
661
647
655
655
669
649
661
666
663
673
641
661
650
657
667
667
657
669
679
669
665
685
671
688
697
690
697
674
692
684
671
690
723
683
692
697
701
715
696
732
712
723
718
749
744
721
719
723
738
737
753
738
750
738
795
771
783
769
760
773
787
783
809
801
830
825
853
808
851
852
840
836
872
846
855
878
894
926
907
927
954
974
925
984
949
971
992
981
1038
997
1025
1088
1103
1110
1053
1134
1138
1117
1156
1159
1230
1191
1321
1251
1326
1282
1381
1385
1413
1433
1415
1492
1551
1575
1551
1617
1654
1682
1732
1762
1864
1879
1935
1990
2030
2016
2118
2122
2175
2362
2350
2379
2424
2489
2609
2714
2816
3009
3012
3078
3193
3265
3351
3365
3380
3622
3560
3671
3872
3997
3939
4100
4277
4378
4428
4724
4660
4878
4932
5095
5180
5231
5320
5527
5435
5536
5879
5723
5925
6051
5971
6132
6149
6135
6453
6578
6605
6552
6653
6662
6933
6984
7092
7054
7098
6993
7270
7451
7309
7492
7609
7615
7547
7670
7599
8025
7927
7927
8121
8293
8215
8581
8480
8731
8551
8855
8973
9024
9009
9267
9061
9255
9497
9435
9459
9640
9700
9829
9910
10014
10028
10361
10165
10740
10582
10910
10572
10819
10649
10944
11143
11145
11432
11472
11376
11317
11629
11692
11759
11983
11853
12093
12081
12288
12402
12624
12624
12798
12978
12727
13028
12902
12960
12951
12922
13175
13018
13297
13369
13542
13361
13601
13454
13850
13865
14011
14003
14038
14104
14254
14177
14166
14058
14448
13983
14452
14242
14277
14468
14522
14391
14363
14375
14338
14621
14742
14888
14843
14904
14652
15116
15000
14840
15081
14881
15318
14870
14972
14885
15024
15151
15057
15030
15050
15116
15137
14953
15345
15256
15389
15254
15609
15246
15647
15740
15650
15737
15519
15581
15409
15450
15650
15561
15689
15575
15896
15852
15866
15796
15950
15882
15892
16207
16085
16312
16004
16129
16259
16529
16037
16519
16157
16514
16696
16518
16408
16374
16435
16625
16239
16616
16620
16685
16949
16837
16971
16855
17175
16967
17178
17355
16778
17201
17353
17245
17280
17329
17064
17324
17514
17433
17481
17570
17567
17202
17545
17496
17518
17469
17519
17521
17775
17713
17710
17692
17876
17668
17991
17783
17767
17502
17525
17546
17689
17626
17651
17954
17564
17408
17551
17509
17562
17581
17662
17854
17415
17311
17839
17426
17571
17692
17692
17522
17462
17458
17288
17608
17542
17414
17314
17311
17221
16908
17184
17119
17137
17029
16881
17168
16955
17059
16836
16891
16617
16743
16722
16566
16525
16405
16432
16531
16269
16355
16023
16287
16058
15902
16089
16124
15901
15763
15370
15389
15689
15342
15484
15327
15348
15220
15155
15122
15154
14874
14930
14200
14803
14313
14373
14572
14020
13745
14042
13815
13749
13905
13631
13480
13610
13235
13627
13308
12867
13076
12925
12894
12967
12744
12499
12575
12101
12294
12214
11962
12010
11938
11732
11549
11364
11381
11397
11207
11150
11198
11037
11088
10679
10622
10577
10590
10293
10133
10361
10115
9868
9607
9651
9687
9608
9497
9084
9181
9141
8927
9050
8894
8445
8645
8443
8358
8326
8256
8142
8147
7993
7936
7849
7731
7572
7569
7486
7300
7111
7001
7098
7099
6880
6888
6800
6507
6587
6292
6433
6477
6286
6114
6066
6155
6010
5966
5796
5667
5568
5617
5583
5427
5581
5373
5456
5386
5209
5151
4850
4821
4894
4700
4748
4676
4567
4573
4501
4292
4280
4448
4235
4312
4127
4234
4138
3972
4081
3999
3896
3817
3767
3753
3772
3728
3539
3577
3510
3474
3473
3337
3358
3434
3267
3104
3122
3247
3153
3105
3038
3084
2994
2899
2949
2794
2836
2777
2708
2790
2775
2735
2698
2673
2531
2514
2487
2539
2504
2458
2474
2340
2422
2301
2412
2399
2271
2203
2172
2132
2201
2103
2124
2085
2101
2029
2086
2055
2074
2016
2004
2034
1956
1896
1840
1938
1822
1774
1833
1748
1752
1784
1739
1775
1673
1699
1718
1630
1664
1704
1634
1622
1589
1554
1622
1564
1591
1519
1476
1514
1511
1513
1531
1434
1511
1428
1435
1418
1440
1388
1431
1354
1374
1303
1365
1337
1316
1281
1306
1312
1287
1272
1265
1252
1231
1278
1244
1215
1263
1224
1188
1220
1175
1190
1164
1125
1147
1098
1165
1165
1173
1106
1064
1121
1122
1086
1091
1132
1088
1070
1081
1018
1007
1094
1082
1059
1022
995
1001
1055
1041
1064
1008
1055
992
995
965
994
995
973
1007
990
955
943
952
948
940
950
947
956
925
918
925
951
921
900
903
892
933
881
894
870
920
882
890
903
892
886
865
876
865
844
853
880
826
840
853
816
831
863
825
807
834
829
816
808
831
823
820
838
811
829
815
811
818
826
810
814
809
747
768
796
761
787
767
750
775
800
767
757
776
769
736
742
756
753
740
755
765
782
756
732
741
735
739
744
751
741
749
744
741
702
755
710
754
707
706
759
746
698
722
736
709
719
747
726
696
734
701
701
711
699
713
687
724
720
716
687
705
705
684
707
706
690
678
702
685
707
686
707
684
674
700
698
670
685
700
669
696
681
671
669
672
681
676
695
684
667
665
664
677
682
669
674
662
651
676
683
662
674
665
636
647
649
671
679
659
657
665
650
688
669
654
653
652
652
649
649
650
652
672
653
650
645
639
643
663
654
685
660
652
671
663
640
659
652
648
646
653
636
645
630
660
658
645
636
653
646
653
656
632
641
639
643
644
643
649
637
635
648
647
623
639
647
644
624
630
633
624
637
638
632
649
646
621
626
635
631
630
628
625
624
622
624
631
628
638
619
653
639
627
628
622
635
626
635
633
624
631
628
641
623
609
620
631
623
620
633
626
629
627
623
629
623
622
623
619
607
622
613
621
643
625
620
629
626
620
614
610
611
