605
600
605
607
600
601
588
603
603
603
598
601
602
599
607
600
609
606
600
605
611
606
604
610
596
614
605
602
599
595
604
602
605
603
596
605
605
611
595
594
600
603
600
595
600
605
602
605
603
616
604
599
607
600
602
603
600
598
595
604
604
598
603
601
599
598
598
598
602
595
603
594
599
604
599
595
605
601
591
603
597
601
600
600
602
603
603
597
601
604
608
594
600
600
600
603
598
601
601
593
600
607
598
599
605
603
599
601
600
604
606
602
607
599
598
599
598
595
598
597
594
594
602
593
591
600
600
601
596
603
593
602
588
607
605
600
602
594
602
593
602
608
607
601
605
595
591
604
602
588
602
595
605
602
607
598
597
602
594
593
601
601
605
598
601
592
598
609
592
599
600
587
603
600
595
604
594
604
601
599
602
602
596
600
597
593
599
602
601
595
591
600
599
596
598
600
599
600
603
604
601
603
596
600
602
600
602
597
595
601
602
603
598
609
604
603
599
597
605
608
605
597
600
599
600
608
610
607
610
603
593
610
597
598
594
607
598
598
597
602
601
598
607
599
589
593
595
591
596
598
603
604
604
597
594
598
599
599
601
597
611
604
603
605
603
601
608
598
600
600
604
600
593
602
595
592
596
602
601
601
600
604
600
601
606
596
597
600
600
598
600
605
599
601
601
599
597
600
597
602
600
601
600
601
597
609
606
600
595
598
600
593
601
596
602
602
602
600
609
594
603
597
597
605
598
599
608
609
608
604
604
613
598
594
606
606
602
604
610
606
591
606
613
606
603
602
604
602
596
607
604
601
598
603
604
606
614
602
605
618
602
609
601
614
600
604
597
608
605
615
605
611
605
609
603
615
613
609
609
595
600
608
595
613
603
618
609
619
601
603
614
613
608
613
611
612
628
619
617
617
627
629
641
630
631
634
631
623
622
637
639
631
634
639
638
632
650
642
665
635
638
651
672
662
666
659
647
667
673
679
671
689
679
676
691
672
673
691
688
704
695
699
714
699
731
720
740
713
714
724
729
749
729
752
741
777
775
775
785
773
742
792
806
779
804
801
796
788
838
824
788
798
854
825
815
848
808
852
825
872
856
848
858
824
852
895
851
889
882
877
837
861
861
889
862
852
873
877
935
900
888
931
912
896
880
895
914
892
905
901
915
956
946
941
949
917
916
932
908
992
925
974
941
941
954
966
978
979
982
963
979
968
938
948
994
975
967
986
978
972
1060
964
994
965
1008
960
993
1031
996
1015
991
987
1013
1009
1009
993
1027
1032
1004
965
1033
1085
1016
994
1024
1028
1050
1001
1018
1004
1070
1012
1043
1055
1024
1007
1045
1032
1011
1036
1003
1034
989
1034
1018
999
1036
1068
1041
1066
1037
1088
1076
1006
1085
1029
1007
1064
1060
1066
1074
1063
1036
1066
1075
1072
1039
1084
1049
1051
1075
1038
1095
1060
1106
1043
1092
1054
1083
1071
1038
1038
1076
1085
1082
1103
1072
1077
1063
1079
1069
1144
1095
1113
1105
1110
1111
1095
1104
1088
1117
1076
1121
1126
1119
1122
1128
1079
1087
1038
1149
1133
1106
1153
1108
1136
1150
1115
1141
1153
1138
1151
1195
1122
1162
1115
1163
1127
1176
1126
1212
1168
1136
1162
1129
1127
1132
1167
1190
1129
1178
1193
1164
1142
1184
1148
1140
1133
1107
1163
1149
1179
1209
1179
1194
1151
1179
1156
1185
1170
1157
1141
1104
1196
1141
1202
1139
1124
1165
1128
1122
1117
1138
1137
1138
1170
1137
1088
1139
1117
1154
1087
1129
1102
1061
1138
1132
1108
1095
1164
1148
1119
1176
1156
1112
1079
1085
1101
1105
1084
1062
1108
1085
1088
1135
1075
1097
1034
1090
1055
1071
1030
1077
1011
1038
1030
1022
1068
1008
1042
1023
1042
1024
1027
1034
1042
1026
975
1007
986
955
998
970
980
994
996
962
1007
994
990
998
958
998
916
970
953
950
962
959
907
909
950
906
928
888
933
890
887
882
895
872
897
857
864
856
890
839
904
883
864
890
870
849
807
839
826
850
849
830
802
844
845
813
830
833
806
795
819
800
775
803
790
775
792
788
756
791
771
797
768
746
753
767
747
755
757
762
754
756
741
745
727
744
736
723
708
703
712
723
693
738
707
725
737
730
720
699
727
717
708
684
683
705
686
725
686
700
705
695
677
669
685
664
686
688
675
695
677
683
679
669
674
653
658
672
675
665
669
659
679
672
636
661
679
649
662
651
647
658
646
628
652
658
631
641
654
647
661
661
637
646
635
639
650
663
642
646
651
624
638
652
634
647
646
630
632
611
634
639
631
644
620
627
627
629
624
622
623
624
629
628
638
627
627
621
621
632
624
628
618
621
619
623
629
626
622
618
625
622
629
631
624
620
623
625
624
612
602
621
619
622
608
628
618
611
631
614
612
612
618
601
621
633
621
611
624
621
610
615
618
619
608
619
614
609
615
623
611
606
614
613
609
612
614
616
617
613
621
612
608
602
608
619
611
606
616
608
606
602
620
607
614
618
603
615
609
609
609
604
607
617
597
613
605
611
612
619
610
608
591
609
605
602
603
608
599
611
610
605
603
605
611
607
606
611
603
597
604
603
612
608
606
603
600
612
595
599
600
602
597
614
602
613
597
619
602
613
601
610
601
603
606
596
608
606
598
604
615
603
608
602
604
602
602
608
602
595
604
606
605
596
594
601
606
597
615
612
593
602
606
596
598
608
596
602
599
611
608
606
610
604
598
603
597
605
595
600
597
604
597
601
593
602
600
601
596
597
608
605
603
608
597
599
609
590
601
611
601
603
599
602
608
603
610
595
593
608
600
603
601
598
600
610
599
600
595
609
598
602
596
595
603
607
595
597
600
602
597
606
598
612
610
599
598
602
599
600
606
600
597
604
598
606
601
598
587
593
603
594
603
598
613
600
604
595
600
611
602
608
599
602
600
594
599
594
601
600
604
595
596
604
604
602
598
603
598
592
602
598
591
605
603
597
597
603
591
604
600
602
600
602
600
600
592
606
601
596
603
607
592
609
593
595
602
600
601
596
602
601
603
606
597
603
593
602
600
599
600
601
597
606
604
591
599
602
593
601
602
599
604
603
604
591
600
605
604
605
612
601
601
601
597
598
606
600
600
607
591
596
601
601
600
605
601
607
591
595
610
604
597
599
606
599
601
594
597
601
599
601
596
591
596
599
604
600
603
593
600
598
604
