602
598
601
606
593
606
604
606
599
601
598
599
602
602
597
597
594
608
588
598
600
596
613
592
605
607
602
611
602
598
602
606
600
593
597
601
594
610
595
603
599
600
602
602
602
597
598
597
603
596
602
595
603
595
594
597
605
598
591
603
601
584
607
591
603
606
602
600
602
601
609
618
609
603
600
600
603
604
602
605
606
602
589
598
594
602
592
593
605
593
604
597
609
599
603
593
607
613
601
602
603
606
596
602
600
598
599
595
594
597
595
603
599
598
597
604
600
595
601
595
606
596
594
596
601
605
603
603
600
601
603
602
605
607
598
600
608
612
601
598
604
604
603
601
605
600
599
595
600
600
601
602
594
604
604
606
598
610
601
599
599
602
602
601
607
606
609
603
592
603
595
599
595
597
603
588
602
595
597
604
602
603
594
597
596
593
597
598
598
596
599
597
601
595
605
599
605
603
601
606
598
602
602
612
608
603
601
606
605
601
601
597
597
602
601
598
604
594
601
601
599
604
602
593
598
591
601
596
601
604
605
606
599
603
593
602
600
589
598
607
597
603
595
599
602
601
599
600
598
600
600
597
603
601
599
605
597
591
605
586
604
593
592
609
611
600
607
604
602
605
598
600
604
599
595
598
594
599
606
604
612
603
603
600
604
598
609
593
593
602
604
603
606
601
605
601
601
604
604
601
599
605
599
600
602
602
598
603
606
600
607
606
603
609
607
604
609
614
600
605
603
604
599
610
607
616
608
607
606
603
608
610
604
612
603
608
613
606
609
611
598
612
601
608
612
607
608
615
610
618
623
606
609
610
618
610
622
610
609
614
622
618
622
626
613
620
638
627
622
614
634
635
639
632
641
623
634
619
633
648
649
645
633
650
637
659
648
663
646
662
658
676
647
683
697
685
677
680
686
688
720
696
716
689
715
749
738
729
750
754
782
739
779
806
810
813
808
823
815
851
854
861
861
874
908
898
908
953
948
948
971
988
982
1021
998
1044
1103
1112
1124
1116
1142
1126
1171
1169
1257
1204
1263
1253
1258
1300
1404
1372
1350
1433
1410
1466
1454
1457
1558
1451
1554
1559
1532
1579
1641
1592
1652
1625
1668
1686
1700
1559
1636
1686
1719
1681
1734
1663
1739
1760
1681
1667
1671
1740
1659
1688
1744
1723
1737
1672
1636
1575
1702
1587
1551
1654
1670
1665
1674
1629
1638
1633
1607
1572
1575
1580
1546
1508
1533
1536
1549
1564
1553
1476
1540
1495
1542
1468
1466
1407
1471
1465
1426
1386
1380
1412
1334
1360
1428
1348
1286
1271
1271
1287
1247
1215
1287
1182
1227
1217
1270
1159
1218
1211
1191
1113
1153
1112
1140
1146
1129
1094
1104
1080
1081
1072
1081
1037
1023
1040
1109
1022
1048
1019
1006
977
1034
997
976
973
987
941
942
975
957
985
936
974
961
924
906
879
889
936
860
917
925
878
896
899
848
885
850
867
846
863
839
856
888
824
829
848
815
835
826
812
861
832
813
800
829
845
806
836
803
842
803
786
807
773
784
795
767
790
784
785
758
775
761
787
760
776
755
775
758
760
739
764
746
756
739
759
748
712
727
734
731
740
713
762
714
723
723
721
714
717
728
698
721
718
700
700
720
680
695
703
713
698
704
712
716
688
696
690
684
696
704
697
672
674
680
697
678
673
669
683
670
678
662
687
677
664
672
671
680
669
660
695
661
678
670
656
670
673
661
655
665
680
664
663
651
650
665
652
645
657
651
644
655
650
653
654
642
643
655
646
652
647
634
628
635
634
626
632
638
638
643
642
646
622
637
653
642
642
653
629
631
630
656
647
629
627
637
634
634
619
642
627
620
638
626
630
620
618
625
634
632
637
620
630
635
617
619
616
635
630
629
620
616
634
640
607
615
621
614
629
634
622
622
612
624
624
626
619
628
611
620
622
620
612
605
623
614
622
620
637
620
615
616
616
614
624
616
614
623
602
632
612
621
615
610
618
618
613
628
613
610
617
615
615
611
619
610
621
609
613
608
623
614
619
621
611
610
615
605
605
612
626
615
594
607
617
609
611
611
628
610
601
604
615
609
618
607
606
611
625
622
611
605
618
617
614
615
613
604
610
608
614
615
600
617
611
609
604
604
595
608
601
609
608
603
602
604
614
604
613
600
606
609
617
609
601
607
602
608
606
616
603
607
619
606
615
603
611
607
609
612
613
612
601
603
606
600
605
598
605
603
601
610
598
602
614
603
600
612
608
606
613
607
608
611
602
608
606
601
611
600
607
602
605
608
604
606
600
611
612
608
612
607
606
604
595
608
606
598
601
609
597
604
602
611
601
602
603
604
594
607
602
599
606
609
600
601
610
605
602
607
597
606
605
606
606
606
604
605
605
605
599
603
618
607
602
605
599
602
598
596
599
592
591
598
597
601
594
596
597
612
602
602
610
595
611
596
609
604
605
596
597
601
601
610
596
604
594
595
602
590
596
603
595
604
604
599
610
613
598
611
601
607
612
610
604
610
611
605
609
602
612
610
603
601
602
602
605
601
601
605
593
605
604
595
604
606
601
607
605
602
601
598
592
593
605
596
602
604
597
601
603
598
601
598
598
601
602
600
605
603
612
601
600
603
604
601
598
605
599
607
604
602
603
611
597
597
598
607
603
607
601
596
593
605
602
603
607
602
597
589
602
593
600
607
600
597
601
610
599
601
598
601
597
597
597
594
602
595
610
602
600
601
600
599
606
602
604
607
593
594
596
598
599
598
605
600
603
601
607
606
596
612
607
609
592
597
603
599
595
607
603
609
607
608
601
590
598
605
596
602
609
613
607
602
604
599
605
590
600
600
594
609
602
605
604
595
602
606
594
597
595
603
588
598
593
596
600
601
600
608
602
603
593
602
600
591
603
599
594
607
597
601
600
604
599
605
604
600
598
596
600
594
603
607
599
599
606
609
590
599
598
604
602
601
600
595
600
597
601
606
605
601
595
605
605
605
600
598
602
596
597
594
597
601
598
606
595
598
595
597
602
601
596
595
598
602
606
599
601
603
605
598
597
604
598
602
593
607
606
597
605
597
601
600
609
596
599
594
601
594
595
603
605
595
609
594
596
600
597
590
599
595
599
596
596
601
594
599
596
606
596
596
609
596
609
597
600
603
603
610
603
602
606
