603
603
605
603
608
603
607
597
612
604
602
600
597
601
595
611
602
602
603
604
605
606
606
598
597
606
606
605
600
601
599
600
601
602
601
599
600
606
603
604
609
596
600
604
599
602
605
596
600
601
596
600
596
600
602
608
599
609
602
599
601
606
593
598
603
603
596
598
599
598
601
604
605
603
599
599
603
606
605
606
606
609
603
600
600
595
595
603
604
602
609
609
602
604
600
600
595
594
594
606
597
602
604
598
599
601
597
607
608
594
598
607
600
603
611
597
604
601
603
602
601
604
601
609
600
599
602
601
602
594
596
602
600
600
607
596
598
601
593
592
600
597
604
595
599
600
600
601
605
598
594
604
598
600
601
596
604
588
595
603
594
594
607
602
596
596
599
601
602
599
601
595
596
600
603
590
601
600
597
613
594
603
601
598
601
598
603
606
596
599
598
600
602
605
597
605
601
608
598
605
601
604
600
597
599
603
597
601
593
595
596
602
603
603
604
605
600
597
607
604
598
604
595
599
607
606
602
603
599
600
599
594
596
592
609
602
593
600
595
598
597
606
604
610
604
603
602
604
608
600
598
602
601
603
590
605
594
603
609
596
597
600
594
600
606
604
598
593
603
600
599
603
599
604
599
603
607
604
601
614
608
604
602
598
600
595
593
606
602
604
602
606
611
605
597
619
603
600
611
603
602
612
602
612
604
590
608
607
605
606
613
605
602
600
607
601
606
600
612
604
597
603
605
610
608
605
612
600
603
609
614
607
613
609
606
616
607
608
620
604
622
606
607
617
610
606
616
617
606
620
617
614
610
621
621
619
626
627
620
617
617
616
632
633
631
631
632
636
636
644
630
642
641
643
641
634
649
639
633
667
645
653
650
659
663
653
674
664
678
677
676
697
700
684
691
704
690
722
730
730
730
741
738
738
733
757
769
770
742
769
814
820
798
836
833
845
882
866
851
902
925
861
889
958
1006
997
949
986
1027
1034
1050
1022
1067
1116
1122
1163
1189
1202
1208
1226
1264
1270
1329
1350
1355
1400
1425
1416
1430
1544
1506
1584
1614
1597
1658
1645
1742
1677
1761
1733
1681
1760
1782
1855
1889
1951
1862
1903
1904
1903
1909
2042
2029
1953
2066
2041
2009
2162
2012
2090
2089
2040
2062
2124
2063
2048
2012
2090
2134
2137
2124
2160
2196
2167
2109
2166
2136
2134
2227
2129
2225
2207
2137
2165
2182
2211
2172
2178
2132
2207
2116
2158
2135
2214
2029
2155
2178
2058
2112
2065
2060
2058
2128
2103
2125
1985
2057
1949
1895
2019
2040
1913
1821
1847
1874
1804
1796
1749
1706
1705
1654
1621
1672
1656
1645
1596
1572
1570
1525
1505
1492
1425
1446
1440
1360
1360
1377
1317
1300
1254
1310
1293
1266
1292
1217
1290
1228
1207
1232
1203
1152
1187
1172
1175
1174
1121
1146
1120
1165
1099
1110
1087
1079
1030
1067
1084
1076
1059
1048
991
1051
1043
998
1024
992
1039
1015
980
959
992
979
977
977
928
965
921
950
947
930
887
927
914
960
885
957
903
892
904
880
883
862
886
886
872
872
854
875
860
860
840
833
847
859
845
822
872
861
816
861
861
814
809
804
842
807
806
789
783
797
796
777
768
798
788
774
783
771
734
748
749
751
756
730
742
763
750
759
747
734
736
721
742
750
728
709
753
742
716
726
705
706
725
712
719
721
726
708
730
709
714
692
719
697
697
715
705
701
680
707
676
702
679
682
688
698
690
689
678
699
683
666
687
680
652
690
662
673
676
680
671
685
673
662
675
688
670
658
679
655
653
652
647
667
660
662
674
653
637
652
654
642
637
660
653
657
659
622
634
652
650
648
644
652
645
633
666
655
646
640
640
631
639
654
625
632
639
645
622
640
618
632
633
644
631
657
635
644
633
646
616
649
641
639
636
640
625
623
645
638
630
640
637
630
637
628
620
638
623
620
629
632
630
620
613
623
611
631
632
620
621
619
626
621
618
624
636
619
616
626
614
628
628
625
637
623
624
617
620
623
625
624
618
634
614
623
611
624
619
604
622
624
623
619
624
612
618
611
627
612
607
607
619
614
604
613
623
609
626
623
620
605
611
613
593
610
624
602
616
606
615
606
606
622
619
604
617
612
609
611
613
612
612
614
614
614
597
604
605
618
600
615
610
614
614
607
610
620
602
615
626
611
615
608
609
604
610
604
605
606
607
614
605
618
607
611
614
611
613
613
616
612
615
609
609
608
598
606
617
613
603
606
606
605
612
603
611
615
600
603
606
605
609
605
614
613
599
611
611
608
610
612
608
609
609
597
603
605
602
603
605
612
613
602
596
607
597
611
609
598
601
609
604
606
602
606
603
605
595
608
609
595
612
609
619
600
618
613
605
601
598
604
604
600
608
602
610
610
607
607
606
604
596
594
605
609
599
603
607
596
604
598
609
605
600
607
600
599
602
606
595
613
602
604
608
599
598
609
599
610
603
597
611
610
600
600
605
605
602
602
601
597
604
605
599
607
603
600
600
600
598
605
598
601
607
602
604
595
602
600
600
600
609
606
606
599
612
604
602
606
605
604
596
597
602
602
602
601
602
600
599
604
597
600
603
600
602
599
606
594
607
595
601
606
594
596
602
606
607
599
607
602
607
602
590
598
598
604
598
606
604
602
610
595
611
604
593
603
598
592
603
597
607
602
595
602
603
601
603
608
598
608
603
603
607
606
603
605
606
607
595
606
603
607
602
601
605
607
604
595
599
611
594
596
598
598
602
610
603
597
606
598
596
603
606
605
599
602
606
604
605
604
603
602
606
606
598
603
606
601
597
595
601
609
600
610
601
604
608
604
597
604
606
599
602
593
605
594
597
602
603
596
595
597
599
605
598
598
594
602
590
602
592
614
600
598
611
603
600
602
601
602
602
601
609
606
594
595
599
604
607
604
605
598
603
594
597
598
598
607
592
607
601
600
602
609
596
610
600
597
598
599
597
603
597
604
599
604
599
607
597
594
602
594
604
604
600
598
609
597
595
603
606
596
600
600
596
597
601
607
608
602
603
606
600
601
601
607
605
596
596
595
595
609
598
607
598
597
601
596
599
602
600
598
596
594
600
594
604
599
597
598
597
598
595
598
595
595
598
607
600
594
610
598
595
600
606
604
601
604
604
602
595
601
601
608
599
596
606
606
605
