597
595
612
606
617
605
602
605
599
604
600
603
606
594
609
609
607
600
601
609
599
611
604
595
608
605
602
602
606
603
616
599
607
604
598
601
605
600
609
604
604
600
606
599
604
598
604
600
603
606
604
605
599
597
597
597
593
597
586
599
592
601
601
595
602
604
605
602
600
604
602
601
605
597
594
597
603
602
601
597
601
598
596
605
609
598
610
601
597
602
598
605
603
603
605
601
600
603
600
592
604
593
595
601
591
605
598
603
596
594
596
606
604
598
591
600
604
599
603
609
601
591
605
601
605
597
595
596
601
600
602
603
600
598
605
599
603
606
590
596
603
594
598
599
602
606
596
605
592
599
600
605
596
600
603
598
609
598
595
605
597
598
606
602
605
611
599
608
605
597
611
604
604
602
609
597
600
611
602
609
602
598
602
604
606
602
605
599
605
598
596
604
596
593
600
601
600
602
607
601
606
598
608
602
607
606
604
604
601
614
597
606
600
601
603
603
607
611
606
604
600
604
594
610
614
602
608
610
591
605
599
602
600
603
610
608
606
597
605
608
596
611
614
604
607
610
605
605
603
608
604
599
611
602
617
607
604
611
598
594
617
593
598
613
607
612
621
606
597
606
602
602
599
609
606
601
614
610
604
609
607
608
600
610
620
612
615
608
608
610
613
605
607
605
619
604
607
618
617
607
610
601
618
600
609
615
603
619
607
611
613
624
617
628
618
610
612
611
621
619
619
612
631
628
622
622
610
623
627
604
632
637
626
629
631
631
642
642
646
624
643
617
644
638
639
652
659
635
646
647
668
668
644
668
666
672
662
660
653
665
668
695
676
675
678
697
702
708
704
707
725
717
743
716
718
726
750
752
795
773
773
760
776
793
825
799
797
822
822
820
902
840
921
864
899
944
959
979
968
962
1013
1037
1067
1051
1141
1080
1124
1117
1197
1192
1214
1233
1287
1283
1345
1385
1365
1496
1514
1450
1627
1612
1590
1649
1716
1759
1751
1886
1859
1994
2003
2070
2198
2253
2316
2279
2432
2537
2561
2641
2761
2783
2863
2942
3072
3039
3195
3190
3333
3487
3565
3584
3783
3737
3878
4000
4112
4132
4180
4246
4391
4326
4518
4472
4609
4633
4686
4827
4977
4867
4977
4933
4996
4936
5149
5112
5066
5322
5149
5097
5267
5110
5289
5112
5496
5383
5328
5259
5382
5374
5503
5391
5311
5292
5472
5350
5420
5425
5435
5422
5496
5346
5454
5705
5574
5384
5454
5411
5508
5321
5388
5195
5244
5304
5251
5086
5131
5203
5189
5140
5162
4870
5077
5073
5075
4913
4769
4695
4721
4610
4593
4546
4450
4333
4240
4246
4265
4091
4102
4033
3887
3907
3891
3774
3793
3717
3513
3537
3422
3328
3283
3156
3152
3154
3039
3003
2981
2894
2951
2754
2794
2722
2688
2749
2633
2543
2596
2522
2570
2533
2384
2358
2374
2350
2389
2320
2282
2244
2243
2106
2161
2098
2149
2131
2103
2085
2137
2006
2086
1963
2012
1933
1922
1935
1904
1928
1923
1816
1914
1808
1820
1746
1728
1702
1816
1750
1750
1719
1648
1747
1552
1661
1605
1595
1571
1562
1563
1523
1471
1529
1487
1480
1483
1559
1431
1509
1447
1415
1435
1396
1347
1373
1396
1384
1367
1354
1318
1354
1272
1291
1272
1321
1277
1209
1286
1191
1180
1207
1171
1232
1236
1199
1211
1189
1151
1148
1175
1200
1133
1151
1175
1099
1126
1108
1103
1123
1059
1063
1045
1086
1088
1083
1043
1023
1012
1034
991
1004
1020
993
985
974
1029
954
952
974
1020
975
986
926
967
912
964
930
918
938
924
925
923
901
897
899
861
918
916
840
872
883
888
859
856
892
811
849
852
864
852
847
843
879
797
825
831
862
779
823
818
806
786
800
787
813
783
793
780
820
810
797
785
767
787
767
758
765
748
751
783
721
785
761
765
742
727
760
745
739
753
771
730
708
730
718
756
739
726
732
746
724
738
702
725
717
731
742
725
727
734
711
708
731
715
721
712
733
716
723
718
699
682
701
721
709
678
702
704
697
695
698
677
692
709
697
691
692
702
685
673
694
704
684
682
667
685
668
668
677
680
681
650
669
660
673
672
680
660
653
672
659
676
682
666
674
675
672
658
678
665
654
664
648
668
663
646
668
659
666
652
662
664
647
641
650
648
641
654
662
666
649
640
649
657
646
642
639
649
648
640
644
653
648
660
648
638
643
650
641
636
638
629
627
645
636
638
627
646
644
639
629
623
642
637
640
638
621
647
636
637
647
646
636
646
619
629
631
617
637
619
634
630
628
619
622
626
636
631
623
632
636
620
627
637
617
635
623
629
621
627
633
627
636
619
628
619
627
633
625
617
622
614
633
624
632
636
634
621
616
619
626
615
632
622
624
618
630
610
626
625
615
624
631
615
612
617
626
617
620
618
629
625
636
623
623
619
621
607
620
623
611
615
624
613
629
617
608
619
611
615
614
622
617
607
609
634
617
617
612
618
622
621
613
610
613
627
613
615
614
618
614
608
613
617
610
611
622
614
603
612
613
607
607
605
621
612
609
619
604
611
612
617
598
615
605
623
610
602
614
598
619
609
608
617
610
615
621
611
607
613
607
606
615
607
607
620
613
604
603
608
612
598
616
607
605
616
602
605
604
602
605
614
608
608
608
602
605
612
595
595
609
609
615
601
606
606
611
606
613
610
605
600
610
610
610
606
616
596
595
614
605
608
614
611
611
603
614
612
610
603
610
613
607
601
603
598
603
607
609
594
603
604
606
600
607
614
602
614
595
596
594
596
604
612
603
597
605
601
604
612
602
605
607
596
600
612
605
609
599
610
611
602
605
601
600
604
603
600
603
603
605
609
605
606
611
599
609
606
612
599
606
606
595
598
597
602
607
604
603
598
608
600
594
603
602
610
602
602
591
601
612
599
600
600
597
613
609
600
603
597
599
608
602
603
603
609
606
601
598
599
596
604
600
609
606
599
602
605
604
609
611
597
603
604
604
604
612
598
607
603
604
602
598
604
607
601
609
602
606
597
604
596
603
598
599
594
602
601
604
595
604
600
593
598
597
605
600
600
608
601
597
614
600
603
604
597
597
599
597
586
609
603
594
604
595
602
599
594
604
595
601
602
607
602
603
601
590
596
602
594
598
596
603
606
604
597
605
605
600
598
609
600
600
599
600
600
606
601
595
597
600
600
594
601
600
599
600
606
605
597
598
605
596
601
602
603
605
592
609
596
599
609
595
599
600
600
597
601
597
602
611
601
597
