598
591
599
609
612
611
602
607
610
602
600
598
597
605
601
599
605
600
598
600
601
596
593
598
598
606
602
601
604
597
602
597
598
603
605
601
605
604
607
593
600
601
600
588
596
607
595
609
597
599
601
602
606
602
595
601
617
604
607
605
598
611
592
601
599
607
603
602
603
589
602
595
599
598
609
607
611
598
610
603
603
603
601
596
601
592
616
604
595
595
595
600
612
604
601
596
604
604
602
600
597
599
602
601
599
609
605
603
599
606
595
599
603
601
596
603
601
606
598
600
596
603
598
600
599
608
603
600
597
598
601
599
599
589
606
594
589
602
607
604
601
600
602
598
601
610
606
600
610
599
603
607
604
598
608
598
611
599
596
599
605
598
593
603
600
606
605
603
604
595
600
603
594
603
600
596
615
605
596
597
603
603
601
596
598
608
608
605
603
605
610
598
607
609
611
609
606
602
606
606
609
599
603
591
599
611
603
597
596
604
598
606
604
605
600
600
605
600
597
598
596
597
590
611
598
598
612
595
596
595
609
601
603
599
596
605
597
600
597
607
598
598
606
607
601
602
610
605
613
607
619
610
602
605
605
605
604
606
603
605
604
597
596
605
604
618
606
619
607
609
611
616
610
593
611
605
612
609
604
607
607
600
611
615
611
607
606
603
602
621
602
611
617
601
596
609
608
609
598
617
616
609
602
590
612
617
600
609
606
609
607
614
610
615
617
618
613
610
621
625
620
624
604
618
628
609
618
625
621
619
626
631
621
622
621
637
624
626
621
624
630
635
647
648
639
641
652
635
649
637
642
634
663
646
668
648
672
657
663
663
661
663
661
665
674
699
678
701
684
698
690
696
711
716
721
706
709
711
718
709
765
762
741
758
742
789
785
831
800
815
822
816
913
853
844
877
914
916
891
941
927
959
989
966
1030
1007
1028
1081
1077
1092
1173
1113
1159
1188
1205
1216
1275
1289
1379
1281
1400
1503
1434
1496
1506
1603
1601
1680
1722
1766
1761
1834
1959
1975
2058
2097
2186
2207
2277
2287
2426
2526
2551
2620
2550
2653
2822
2811
2878
3015
3026
3094
3256
3197
3317
3357
3327
3443
3647
3751
3645
3730
3820
3848
3854
4063
4006
4000
3920
4022
4124
4198
4217
4172
4177
4312
4206
4248
4177
4291
4284
4341
4360
4522
4432
4402
4258
4252
4402
4189
4221
4270
4207
4210
4206
4258
4361
4207
4328
4266
4143
4161
4164
4185
4043
4087
4134
4022
4053
3912
4069
3860
3954
3887
3923
4014
4023
3743
3846
3862
3777
3799
3704
3613
3609
3696
3539
3496
3539
3631
3412
3364
3352
3229
3200
3126
3153
3126
2997
2976
2943
2906
2920
2875
2794
2866
2792
2647
2596
2555
2580
2486
2383
2430
2363
2374
2410
2195
2252
2268
2199
2221
2192
2134
2126
1979
1990
2071
2017
2011
2073
1966
1998
1883
1863
1870
1886
1796
1773
1831
1784
1824
1766
1691
1829
1747
1705
1689
1654
1644
1652
1652
1585
1552
1612
1603
1590
1558
1542
1477
1475
1552
1493
1484
1536
1477
1497
1400
1411
1450
1401
1385
1374
1410
1338
1372
1325
1280
1319
1345
1303
1262
1255
1281
1283
1285
1227
1214
1262
1166
1229
1128
1251
1222
1201
1199
1202
1206
1133
1163
1151
1178
1159
1136
1126
1150
1051
1105
1070
1074
1075
1042
1064
1029
1043
1035
1068
1035
1044
993
1008
986
1006
961
1018
987
985
974
979
980
981
947
946
956
924
895
938
906
927
922
887
897
906
923
891
849
842
901
890
886
838
871
871
839
855
871
842
818
840
867
837
828
838
846
811
836
795
820
831
821
810
799
788
793
799
786
813
798
791
773
788
764
764
774
774
763
738
751
776
770
740
788
773
757
750
734
752
756
735
758
757
749
758
736
747
738
731
744
725
728
730
736
717
727
740
712
725
710
722
712
725
705
709
695
726
702
686
694
700
679
697
701
696
712
672
684
702
708
671
680
673
689
673
695
697
683
693
705
677
680
675
679
682
678
672
680
672
678
684
685
663
682
650
663
675
654
659
651
656
662
653
652
654
698
645
665
640
661
646
657
640
647
649
636
663
672
662
642
645
664
650
643
679
666
654
645
656
658
669
635
674
648
648
661
639
655
665
623
653
651
641
635
660
638
655
639
658
645
648
653
638
649
643
657
658
633
641
626
628
635
637
652
624
645
647
633
638
631
630
621
633
631
641
632
625
632
632
619
614
638
627
635
623
629
632
637
632
626
647
632
626
643
632
635
622
626
635
628
616
623
637
622
618
640
623
617
621
620
616
633
627
631
626
632
625
619
623
620
607
621
611
617
628
621
614
617
628
624
619
618
614
613
619
631
624
620
611
621
627
622
621
619
611
616
622
638
613
625
612
622
617
614
609
618
611
619
617
617
619
616
614
622
623
614
601
623
592
600
615
605
618
620
613
617
614
611
613
614
605
611
606
611
611
610
607
604
603
617
606
614
617
611
604
604
612
607
618
615
612
615
613
607
599
608
613
601
610
614
614
609
606
612
603
617
610
621
622
606
616
607
610
611
616
620
607
610
606
607
610
615
604
601
604
612
606
613
604
604
611
603
606
609
607
608
607
620
612
608
609
606
609
601
605
601
595
610
615
615
603
605
609
597
607
615
607
610
609
605
610
604
600
610
610
605
601
607
600
606
609
617
602
600
605
606
615
605
604
607
618
604
603
600
599
601
602
594
600
599
613
601
599
603
601
604
600
598
600
600
608
601
609
600
603
615
608
603
602
609
603
605
601
604
602
611
607
603
598
602
593
594
597
592
605
595
606
607
596
600
608
607
603
600
594
601
605
607
612
604
593
600
601
606
609
603
613
602
597
598
606
605
595
607
596
604
586
617
613
601
603
603
610
604
601
597
599
601
597
597
601
593
600
596
605
600
602
606
599
597
603
610
609
610
600
602
603
595
594
604
590
602
610
606
597
608
610
604
599
602
611
595
602
609
592
607
602
595
593
602
600
600
594
609
595
597
603
592
598
599
602
602
599
594
596
595
603
609
594
609
602
603
605
607
607
602
597
595
607
600
603
603
600
603
608
599
601
601
599
596
607
598
600
603
597
599
603
602
602
602
605
600
602
594
600
598
597
601
599
600
598
603
600
596
595
600
604
595
612
599
598
601
601
596
612
608
595
608
609
601
603
604
599
600
606
607
591
605
591
597
602
603
603
602
603
600
604
605
602
603
600
604
608
605
604
599
596
604
600
600
606
601
