599
609
600
602
608
602
608
598
609
598
595
610
596
599
607
606
612
604
603
612
595
599
608
604
607
605
609
614
599
600
612
598
610
598
601
601
602
613
602
598
604
603
600
600
605
597
612
599
598
596
606
604
603
602
601
598
602
598
602
611
610
591
594
599
607
594
603
602
601
601
587
604
598
600
604
600
605
607
596
598
606
603
603
608
602
591
606
600
610
597
607
597
605
597
608
598
596
608
602
602
605
604
604
606
596
603
600
603
601
606
602
600
604
603
601
606
595
604
604
603
609
596
606
602
600
604
609
600
607
603
607
594
602
596
602
601
606
595
606
604
597
603
600
592
596
596
610
602
603
600
597
597
593
603
600
601
603
607
598
604
603
601
601
606
606
597
607
604
599
603
607
602
597
613
595
602
601
603
597
600
605
602
595
609
606
607
596
609
602
602
610
600
607
603
603
607
600
604
612
602
591
596
599
597
600
611
606
606
597
601
596
605
609
606
604
604
605
605
611
609
611
612
594
593
610
604
612
603
608
600
605
599
607
606
613
603
605
612
598
601
612
605
613
607
611
610
605
599
608
599
601
607
599
602
611
602
613
611
607
615
605
604
613
597
602
603
607
602
605
613
610
604
615
606
610
607
627
608
607
609
615
608
604
612
609
612
614
608
604
614
611
601
615
615
622
620
619
612
611
615
613
616
617
610
610
625
606
609
619
612
641
619
611
626
626
621
619
619
623
617
609
621
610
612
606
619
617
640
636
622
620
634
633
627
643
655
639
640
645
638
646
652
660
660
657
647
650
662
663
672
661
671
674
673
675
676
665
677
687
669
694
698
695
722
719
714
728
704
707
745
752
758
722
757
767
759
768
773
761
802
816
830
824
871
853
889
856
838
889
979
937
980
970
930
983
1000
1034
1040
1010
1105
1045
1093
1236
1122
1167
1232
1249
1308
1327
1351
1326
1359
1434
1454
1493
1550
1595
1639
1676
1753
1774
1847
1849
1953
1897
1950
2085
2045
2210
2179
2202
2445
2533
2588
2661
2739
2867
2929
3033
3156
3267
3349
3327
3366
3454
3665
3775
3849
3897
4070
3992
4266
4377
4472
4547
4673
4858
4883
5035
5134
5251
5036
5309
5336
5386
5387
5547
5672
5653
5705
5735
5822
5851
5980
6029
6008
5992
6039
6305
6150
6213
6193
6249
6265
6363
6477
6428
6311
6527
6215
6408
6236
6374
6328
6296
6328
6235
6366
6561
6352
6424
6316
6561
6476
6597
6422
6269
6161
6441
6292
6208
6256
6260
6168
6205
6110
6162
6047
5819
6152
6111
5844
5786
5750
5825
5698
5573
5442
5411
5293
5303
5204
5207
5122
5065
4934
4925
4779
4576
4608
4567
4580
4411
4317
4199
4185
4076
4192
3954
3819
3680
3681
3682
3736
3487
3544
3411
3266
3272
3265
3340
3229
3164
3086
3087
3044
2909
2920
2980
2810
2856
2758
2704
2676
2704
2652
2592
2586
2538
2513
2503
2542
2412
2399
2486
2424
2320
2346
2251
2227
2299
2228
2193
2176
2223
2168
2202
2090
2048
2036
1985
2094
2033
1981
1950
1978
1849
1879
1932
1948
1888
1871
1877
1815
1885
1754
1755
1690
1767
1737
1719
1646
1652
1730
1645
1576
1628
1569
1515
1565
1586
1510
1612
1525
1454
1511
1518
1426
1478
1522
1418
1404
1426
1409
1402
1377
1346
1346
1323
1325
1310
1340
1301
1338
1297
1298
1237
1277
1204
1222
1222
1218
1191
1179
1212
1198
1229
1213
1215
1202
1159
1114
1137
1144
1104
1125
1122
1132
1077
1064
1079
1082
1051
1026
1057
1058
1047
1020
1023
1039
1017
1046
1041
979
976
986
954
954
963
922
961
967
935
944
902
961
936
998
958
928
924
895
921
904
912
947
889
865
874
896
867
861
848
872
834
885
888
870
836
836
854
849
867
838
848
827
827
842
800
811
817
835
804
815
821
768
761
806
822
820
780
781
795
799
782
800
746
761
765
787
745
780
774
751
783
747
730
760
766
736
716
750
779
749
744
779
759
776
723
740
741
723
740
728
774
725
748
737
728
744
689
722
709
706
708
708
730
718
711
739
705
708
709
710
704
708
682
700
705
690
704
708
675
676
692
679
705
708
665
722
686
686
692
701
680
713
707
687
681
670
673
687
691
682
683
684
692
673
680
684
665
675
687
665
678
701
670
677
667
656
678
649
657
664
668
651
641
651
660
674
648
672
666
655
656
675
665
662
653
655
656
659
646
652
652
647
627
654
648
661
659
644
650
647
640
643
642
656
654
656
638
636
663
655
650
637
663
632
627
627
629
639
654
635
645
628
650
648
636
636
640
647
641
639
626
646
625
622
632
621
635
640
628
631
650
639
630
632
630
638
619
632
625
628
637
633
611
628
627
638
628
632
622
613
630
618
639
621
630
628
619
614
625
628
630
629
621
628
623
623
631
622
615
628
621
624
620
624
629
637
619
621
630
624
610
619
609
631
630
620
619
619
623
630
624
635
622
613
615
606
614
634
620
611
634
623
613
617
602
622
602
610
615
618
611
611
606
621
613
615
610
619
630
618
619
613
616
609
615
620
617
624
614
611
614
616
602
625
615
608
616
618
621
607
606
617
618
607
626
604
607
621
604
615
620
617
607
605
616
614
616
621
611
609
611
612
611
619
611
615
605
607
607
607
625
611
612
614
607
618
615
612
605
612
606
609
613
607
608
605
604
615
604
605
617
596
611
604
611
596
602
615
611
606
597
606
611
602
608
605
612
610
606
615
612
616
613
608
619
604
609
600
611
600
618
606
597
602
601
602
611
598
610
609
606
611
609
603
610
602
609
604
605
598
604
603
600
618
603
605
603
602
596
606
602
602
601
609
598
603
595
600
601
607
606
613
598
600
607
605
605
612
610
607
599
605
602
605
597
598
608
602
602
603
611
606
601
608
603
597
602
607
607
594
601
604
598
606
592
598
601
600
606
603
601
612
607
611
597
609
605
607
606
597
594
617
603
606
596
597
606
599
599
602
596
595
609
603
599
601
605
602
604
602
603
599
598
599
601
611
602
598
609
598
610
602
594
596
604
595
611
606
600
599
605
600
608
606
604
603
602
603
609
610
604
603
604
595
603
601
600
604
603
600
596
598
604
604
593
606
591
603
605
595
604
614
592
609
606
604
602
597
598
604
603
603
603
600
603
601
599
595
596
600
604
593
607
600
604
602
599
603
600
602
600
597
597
599
605
608
598
607
597
603
603
596
602
593
600
597
593
594
597
607
601
603
602
597
608
598
608
595
598
601
600
608
607
603
599
596
