605
605
603
595
607
602
595
607
604
597
608
608
598
614
610
599
604
605
603
610
597
595
587
602
600
602
594
605
602
595
608
604
600
604
593
598
611
596
601
602
607
610
599
600
602
598
605
604
598
592
612
600
602
605
600
602
596
603
602
599
597
596
603
601
604
597
591
600
598
598
600
594
609
603
601
602
601
605
598
603
601
600
606
606
598
606
600
605
610
604
603
604
598
608
604
606
597
599
596
602
605
606
609
609
601
595
603
605
596
604
602
605
602
597
595
601
598
602
600
604
602
597
599
598
602
592
604
599
594
604
605
600
605
604
596
604
601
607
607
600
601
598
600
608
596
607
607
593
598
598
606
597
606
600
602
601
605
604
600
600
603
596
604
598
611
597
603
602
606
600
602
602
606
606
606
620
610
604
610
596
599
603
600
604
595
602
603
603
598
592
604
600
596
609
612
604
609
608
611
610
609
602
610
606
606
611
606
604
611
599
608
608
609
601
601
593
608
609
608
615
608
600
599
603
601
597
613
604
600
598
607
596
602
616
608
613
610
609
614
596
601
615
601
607
611
612
610
603
615
596
606
604
603
602
600
602
605
613
607
600
611
611
603
607
609
604
618
603
612
621
610
609
599
605
615
614
606
605
615
604
610
615
604
608
604
611
608
611
609
609
608
614
608
611
608
624
612
621
616
615
610
614
605
617
616
614
622
627
610
615
629
627
631
622
626
622
612
628
626
611
637
621
616
632
623
630
641
636
635
634
644
643
637
628
636
645
638
641
636
644
649
663
660
646
672
666
699
671
688
666
670
669
682
693
687
667
695
691
701
717
734
732
729
718
730
740
726
735
768
770
761
772
801
789
774
788
785
809
813
805
840
850
871
874
881
898
868
911
920
950
954
1021
969
1035
1044
1063
1106
1090
1094
1146
1233
1182
1215
1226
1307
1319
1328
1377
1400
1407
1436
1471
1602
1600
1540
1607
1681
1708
1790
1885
1981
2027
1933
2099
2191
2262
2262
2402
2409
2426
2590
2597
2762
2710
2890
2947
3022
3098
3295
3461
3517
3520
3730
3714
3857
3869
4025
4256
4291
4510
4674
4734
4782
4822
4975
5133
5215
5352
5540
5478
5711
5647
5846
5917
6067
6033
5942
6095
6176
6368
6358
6344
6313
6504
6681
6757
6640
6804
6835
6710
6880
6868
6853
6858
7030
6916
6811
6883
6928
6942
7018
6842
7118
6688
7009
6923
6883
6829
6829
6892
6898
7078
6967
6820
6755
6859
6780
6640
6809
6816
6760
6638
6534
6531
6647
6553
6551
6351
6345
6404
6414
6339
6307
6225
6164
6143
5979
5977
5827
5673
5654
5557
5536
5460
5304
5272
5330
5184
5096
4876
4886
4926
4787
4757
4478
4578
4389
4312
4291
4196
4083
3902
3937
3959
3827
3712
3732
3655
3616
3533
3530
3479
3463
3361
3179
3204
3335
3144
3195
3101
3027
2917
2957
2867
2774
2856
2764
2750
2650
2649
2714
2583
2756
2575
2576
2611
2566
2547
2471
2506
2467
2376
2367
2412
2320
2314
2238
2281
2267
2159
2256
2103
2218
2135
2129
2147
2090
2076
2140
2101
2046
2086
1989
2045
1889
1944
1923
1938
1764
1825
1797
1844
1866
1710
1772
1681
1684
1715
1711
1700
1686
1698
1723
1649
1588
1638
1614
1573
1545
1522
1541
1511
1606
1533
1550
1485
1411
1463
1413
1388
1378
1462
1444
1402
1320
1423
1325
1337
1370
1296
1281
1300
1244
1304
1288
1254
1249
1296
1262
1196
1211
1159
1157
1156
1227
1164
1185
1194
1142
1110
1159
1174
1086
1121
1079
1085
1064
1121
1108
1068
1034
1086
1079
1038
1045
1073
1027
1019
1014
1013
1031
981
1024
1046
1025
990
948
968
991
964
926
939
950
937
944
945
926
946
938
953
918
899
914
914
928
920
881
904
875
889
882
845
873
884
862
879
866
876
889
838
846
811
826
834
832
796
797
829
857
793
825
812
812
780
796
790
820
788
817
796
813
830
781
787
755
765
773
796
775
758
757
757
765
749
771
762
764
734
739
731
746
762
740
738
757
727
747
749
740
734
737
755
739
718
710
717
732
689
721
716
716
732
702
707
726
724
745
738
726
731
723
722
701
707
711
705
687
693
707
712
686
697
694
674
704
687
707
681
695
677
695
679
657
686
696
690
677
692
675
668
680
670
699
671
695
666
693
674
673
673
655
672
668
670
683
670
689
668
660
657
669
677
654
682
651
659
665
678
681
651
636
664
668
666
652
670
656
664
657
648
664
660
668
645
645
649
658
649
648
649
647
665
658
649
639
647
648
662
649
655
640
640
652
638
651
646
643
635
647
646
624
645
641
636
646
629
635
641
648
636
646
639
635
634
638
628
634
643
630
621
632
640
638
631
633
634
652
638
620
625
630
640
643
634
639
627
622
634
629
629
632
631
626
625
637
626
630
633
630
625
624
622
627
621
622
627
631
637
613
631
627
612
636
616
616
625
635
622
613
617
627
616
627
616
622
633
614
617
610
632
620
619
608
627
614
616
622
604
622
615
617
613
619
616
624
608
612
626
612
616
623
606
619
602
606
617
619
618
622
607
612
617
606
621
615
611
625
601
617
622
607
606
616
617
604
606
610
621
593
618
606
613
631
612
610
624
599
616
620
609
617
618
597
613
611
609
621
613
614
618
620
610
612
601
602
610
611
617
616
605
613
613
612
599
616
612
610
609
614
617
603
599
610
606
603
612
608
609
607
601
604
615
606
601
612
613
617
610
608
611
615
603
614
613
605
613
604
610
605
609
616
606
606
608
598
594
606
616
622
600
601
607
602
607
608
603
605
608
607
606
600
596
605
606
607
602
606
606
603
611
601
615
606
606
611
609
603
605
601
592
605
608
598
610
604
600
608
601
611
605
604
603
603
607
611
609
598
599
601
605
600
597
598
607
598
605
608
602
602
602
598
605
605
603
608
602
608
601
601
606
605
603
611
600
604
605
610
597
605
610
594
595
601
606
602
601
596
601
609
606
601
602
599
603
611
594
600
593
608
595
601
606
610
595
596
604
609
606
611
597
595
601
608
596
596
604
601
606
598
596
598
607
602
609
594
610
601
598
596
598
613
598
600
595
604
602
600
603
609
590
602
591
595
601
601
596
592
602
597
596
605
603
603
592
607
597
601
603
605
603
612
600
607
600
604
602
602
605
600
598
606
599
598
604
597
600
596
605
602
601
601
605
604
595
600
615
590
603
594
607
601
594
596
600
595
602
604
587
604
600
595
601
603
601
603
601
602
608
599
611
602
597
601
608
608
606
598
595
605
591
